one heck of a question
Basic
0.8 0.8
575.9999 435.2
Began 693.7651 602 529 0.4201389 0.3699449
Stationary 693.8044 602 529 0.4201389 0.3699449
Stationary 693.8387 602 529 0.4201389 0.3699449
Stationary 693.8728 602 529 0.4201389 0.3699449
Stationary 693.9056 602 529 0.4201389 0.3699449
Stationary 693.9414 602 529 0.4201389 0.3699449
Moved 693.9758 591.6142 529 0.402108 0.3699449
Moved 694.0123 589.049 521.049 0.3976544 0.351675
Moved 694.0455 585.1747 517.3494 0.3909283 0.3431742
Moved 694.0781 578.6309 512.6309 0.3795676 0.3323321
Moved 694.1184 564.6164 496.9397 0.3552369 0.2962769
Moved 694.1564 542.5823 463.8212 0.3169831 0.2201774
Moved 694.1915 509.8362 403.5331 0.2601323 0.08164778
Moved 694.2278 485.4053 351.662 0.2177176 -0.03754118
Moved 694.2623 461.2848 303.5696 0.1758417 -0.1480477
Moved 694.2967 438.7566 251.5132 0.1367302 -0.2676628
Moved 694.328 431.8113 235.5282 0.1246724 -0.304393
Moved 694.3599 427.0613 223.1227 0.1164259 -0.3328983
Moved 694.392 422.3202 209.9604 0.1081947 -0.3631424
Moved 694.4281 418.5 198 0.1015625 -0.390625
Moved 694.4816 415 188.9249 0.09548612 -0.4114777
Moved 694.5151 414 186.0253 0.09374999 -0.4181405
Moved 694.5507 414 183.5836 0.09374999 -0.423751
Moved 694.5834 413 182.5 0.09201392 -0.4262408
Moved 694.6173 411.5 182 0.08940973 -0.4273897
Moved 694.651 404.4154 182 0.07711001 -0.4273897
Moved 694.6845 386.0378 199.6873 0.04520461 -0.386748
Moved 694.7178 364.9328 221.0768 0.008563922 -0.3375993
Moved 694.7545 335.4698 253.3041 -0.04258708 -0.2635477
Moved 694.7916 267.852 341.4745 -0.1599791 -0.06095003
Moved 694.8507 219.152 410.1264 -0.2445278 0.09679788
Moved 694.8839 206.4403 435.2314 -0.2665967 0.1544839
Moved 694.9143 198.0326 454.9347 -0.2811933 0.199758
Moved 694.9448 193.2841 468.4319 -0.2894374 0.2307719
Moved 694.9754 190.5 482.5 -0.2942708 0.2630975
Moved 695.0047 188.7563 495.2184 -0.2972981 0.2923218
Moved 695.0352 189 505.4313 -0.296875 0.315789
Moved 695.0657 189 512.9648 -0.296875 0.3330994
Moved 695.0978 189 519.1121 -0.296875 0.3472244
Moved 695.1294 189 524.4429 -0.296875 0.3594735
Moved 695.179 189 529.7355 -0.296875 0.371635
Moved 695.2098 189 532.1971 -0.296875 0.3772913
Moved 695.2404 189 533 -0.296875 0.3791361
Moved 695.2707 189 534.3702 -0.296875 0.3822846
Stationary 695.3004 189 534 -0.296875 0.3814339
Ended 695.335 189 534 -0.296875 0.3814339
Began 695.8109 421 363 0.1059028 -0.01148897
Stationary 695.8489 421 363 0.1059028 -0.01148897
Stationary 695.8808 421 363 0.1059028 -0.01148897
Stationary 695.9136 421 363 0.1059028 -0.01148897
Stationary 695.9454 421 363 0.1059028 -0.01148897
Stationary 695.9776 421 363 0.1059028 -0.01148897
Stationary 696.0095 421 363 0.1059028 -0.01148897
Stationary 696.0421 421 363 0.1059028 -0.01148897
Moved 696.0754 402.7785 372.2492 0.07426821 0.009763873
Moved 696.1088 372.068 396.2233 0.02095141 0.06485126
Moved 696.1436 332.4832 425.6548 -0.0477722 0.1324789
Moved 696.1774 307.9857 448.2349 -0.09030257 0.1843634
Moved 696.2131 278.3938 473.6061 -0.1416774 0.2426612
Moved 696.2449 258.4078 491.5922 -0.1763753 0.2839894
Moved 696.296 249 497.9395 -0.1927084 0.2985742
Moved 696.3292 247.1856 498 -0.1958583 0.2987133
Stationary 696.362 247 498 -0.1961806 0.2987133
Moved 696.394 232.2059 448.6252 -0.2218647 0.1852601
Moved 696.429 229 388.7778 -0.2274306 0.04774304
Moved 696.4624 229 343.7336 -0.2274306 -0.0557591
Moved 696.4969 244.7679 297.619 -0.2000557 -0.1617212
Moved 696.5323 256.1816 271.6368 -0.1802403 -0.2214227
Moved 696.567 269.3855 247.5833 -0.1573169 -0.2766929
Moved 696.6 281.5742 232.2822 -0.1361558 -0.3118515
Moved 696.6547 302.8618 201.2074 -0.09919834 -0.3832551
Moved 696.6891 309.6096 192.3904 -0.08748327 -0.4035148
Moved 696.7246 313.7693 185.8459 -0.08026157 -0.4185525
Moved 696.7654 323.4249 182.3151 -0.06349843 -0.4266657
Moved 696.7989 358.2166 198.9961 -0.003096163 -0.3883362
Moved 696.8311 386.9934 220.9032 0.04686363 -0.3379982
Moved 696.8646 428.7181 268.1113 0.1193022 -0.2295238
Moved 696.8978 460.8569 308.636 0.1750988 -0.1364062
Moved 696.9311 483.2082 337.7603 0.2139031 -0.06948472
Moved 696.9635 501.8581 366.0732 0.2462814 -0.004427433
Moved 697.0155 513.9587 394.8347 0.2672894 0.06166056
Moved 697.0488 518 406.8673 0.2743056 0.08930908
Moved 697.0824 519 410.8033 0.2760417 0.09835328
Moved 697.1163 520 413.6663 0.2777778 0.1049318
Moved 697.1509 520 416.1328 0.2777778 0.1105993
Moved 697.1849 520 417.3729 0.2777778 0.1134487
Moved 697.2178 520 419.3718 0.2777778 0.1180419
Stationary 697.2503 520 419 0.2777778 0.1171876
Moved 697.2813 520 420 0.2777778 0.1194853
Ended 697.313 520 420 0.2777778 0.1194853
Began 697.7006 530 532 0.2951389 0.3768383
Stationary 697.7444 530 532 0.2951389 0.3768383
Stationary 697.7783 530 532 0.2951389 0.3768383
Stationary 697.8107 530 532 0.2951389 0.3768383
Stationary 697.8484 530 532 0.2951389 0.3768383
Stationary 697.8806 530 532 0.2951389 0.3768383
Stationary 697.9136 530 532 0.2951389 0.3768383
Stationary 697.9441 530 532 0.2951389 0.3768383
Stationary 697.9764 530 532 0.2951389 0.3768383
Moved 698.0095 509.4618 520.0515 0.2594822 0.349383
Moved 698.0441 481.42 494.6307 0.2107986 0.2909712
Moved 698.078 429.8725 441.8724 0.1213063 0.1697437
Moved 698.1113 395.0238 405.6944 0.06080516 0.08661397
Moved 698.1453 370.0393 383.9238 0.01742944 0.03658975
Moved 698.181 343.5243 364.6829 -0.02860371 -0.007622103
Moved 698.2159 325.0439 353.2264 -0.06068759 -0.03394667
Moved 698.2513 308.9316 344.621 -0.08866046 -0.05372006
Moved 698.3073 294.4342 338.2171 -0.1138295 -0.06843498
Moved 698.3394 287.4553 335.2277 -0.1259457 -0.07530402
Moved 698.3713 280.5025 332 -0.1380165 -0.08272059
Moved 698.405 278 330.3799 -0.1423611 -0.08644308
Moved 698.4404 275.5089 330 -0.146686 -0.08731611
Moved 698.4749 273.8185 329 -0.1496207 -0.08961391
Moved 698.5112 272.6255 328 -0.1516919 -0.09191177
Moved 698.5449 271.6299 328 -0.1534203 -0.09191177
Stationary 698.5781 272 328 -0.1527778 -0.09191177
Ended 698.6125 272 328 -0.1527778 -0.09191177
Began 699.3186 75 351 -0.4947917 -0.03906257
Stationary 699.3575 75 351 -0.4947917 -0.03906257
Stationary 699.3892 75 351 -0.4947917 -0.03906257
Stationary 699.424 75 351 -0.4947917 -0.03906257
Stationary 699.4557 75 351 -0.4947917 -0.03906257
Stationary 699.4875 75 351 -0.4947917 -0.03906257
Stationary 699.5194 75 351 -0.4947917 -0.03906257
Stationary 699.5512 75 351 -0.4947917 -0.03906257
Stationary 699.5834 75 351 -0.4947917 -0.03906257
Stationary 699.6178 75 351 -0.4947917 -0.03906257
Stationary 699.649 75 351 -0.4947917 -0.03906257
Stationary 699.6816 75 351 -0.4947917 -0.03906257
Stationary 699.714 75 351 -0.4947917 -0.03906257
Stationary 699.745 75 351 -0.4947917 -0.03906257
Stationary 699.7794 75 351 -0.4947917 -0.03906257
Stationary 699.8111 75 351 -0.4947917 -0.03906257
Stationary 699.8425 75 351 -0.4947917 -0.03906257
Moved 699.8941 92.8558 351 -0.463792 -0.03906257
Moved 699.9294 99.57902 351 -0.4521198 -0.03906257
Moved 699.9627 104.3066 351 -0.4439122 -0.03906257
Moved 699.9958 107.1208 351 -0.4390264 -0.03906257
Moved 700.0302 110.0262 351 -0.4339823 -0.03906257
Moved 700.0663 112.1646 351 -0.4302698 -0.03906257
Ended 700.1047 112 351 -0.4305556 -0.03906257
Began 701.0683 146 566 -0.3715278 0.4549633
Stationary 701.1111 146 566 -0.3715278 0.4549633
Stationary 701.1426 146 566 -0.3715278 0.4549633
Stationary 701.1755 146 566 -0.3715278 0.4549633
Stationary 701.2076 146 566 -0.3715278 0.4549633
Stationary 701.2437 146 566 -0.3715278 0.4549633
Stationary 701.2773 146 566 -0.3715278 0.4549633
Stationary 701.3209 146 566 -0.3715278 0.4549633
Stationary 701.3528 146 566 -0.3715278 0.4549633
Stationary 701.385 146 566 -0.3715278 0.4549633
Stationary 701.4175 146 566 -0.3715278 0.4549633
Stationary 701.4487 146 566 -0.3715278 0.4549633
Stationary 701.4808 146 566 -0.3715278 0.4549633
Stationary 701.5129 146 566 -0.3715278 0.4549633
Stationary 701.5428 146 566 -0.3715278 0.4549633
Moved 701.5732 156.0561 566 -0.3540692 0.4549633
Moved 701.629 239.1563 553.987 -0.209798 0.4273598
Moved 701.6636 313.911 547.8059 -0.08001567 0.413157
Moved 701.6968 355.0969 542.9086 -0.008512401 0.4019039
Moved 701.7308 389.5642 540.2863 0.05132668 0.3958786
Moved 701.7677 418.4475 536.5059 0.1014714 0.3871918
Moved 701.8028 450.0024 534 0.1562542 0.3814339
Moved 701.8387 460 533 0.1736111 0.3791361
Moved 701.8715 463.1643 532 0.1791047 0.3768383
Moved 701.9125 467 530 0.1857639 0.3722427
Moved 701.9461 467 529 0.1857639 0.3699449
Moved 701.9986 416.2287 526.6621 0.09761923 0.3645729
Moved 702.0334 329.0134 527 -0.05379618 0.3653493
Moved 702.0689 296.3676 525.8834 -0.1104729 0.3627836
Moved 702.1024 261.5728 521.9288 -0.1708805 0.3536968
Moved 702.1361 234.6405 519.0915 -0.2176381 0.3471772
Moved 702.1699 216.0956 511.6574 -0.249834 0.3300952
Moved 702.2031 197.0582 491.9048 -0.282885 0.2847078
Moved 702.2361 186.0238 460.7538 -0.302042 0.2131293
Moved 702.2682 179 429 -0.3142361 0.1401655
Moved 702.2996 176 398.2793 -0.3194445 0.06957563
Moved 702.3522 176 359.4589 -0.3194445 -0.01962564
Moved 702.3867 176 338 -0.3194445 -0.06893383
Moved 702.4182 176 332.8334 -0.3194445 -0.08080553
Moved 702.4501 176 329.9724 -0.3194445 -0.08737972
Moved 702.4822 203.1825 339.8893 -0.2722526 -0.06459265
Moved 702.5143 261.3519 383.6815 -0.1712641 0.0360329
Moved 702.5463 303.4792 420.1629 -0.09812643 0.1198596
Moved 702.5786 334.7535 449.7535 -0.04383065 0.1878528
Moved 702.6121 365.696 474.522 0.009888783 0.2447656
Moved 702.6429 379.3481 486.7611 0.0335905 0.2728886
Moved 702.6921 388.8946 494.8947 0.05016431 0.2915778
Moved 702.7225 391.7687 497 0.05515404 0.2964155
Moved 702.7527 394.3366 498 0.05961225 0.2987133
Moved 702.7827 397.2124 499 0.0646048 0.3010111
Moved 702.8127 406.5186 502.0864 0.08076146 0.308103
Moved 702.8477 453.6079 510.0608 0.1625138 0.3264265
Moved 702.8779 476.5693 512 0.2023772 0.3308824
Moved 702.9073 486.6152 513.3736 0.2198181 0.3340386
Moved 702.9373 505.4641 514 0.2525419 0.3354781
Moved 702.9666 521.2527 514 0.2799527 0.3354781
Moved 703.0154 543.2397 514 0.3181244 0.3354781
Moved 703.0466 558.4934 514 0.3446067 0.3354781
Moved 703.0764 562.4338 514 0.3514476 0.3354781
Moved 703.1066 568.3469 514 0.3617134 0.3354781
Moved 703.1462 573.6647 514 0.3709457 0.3354781
Stationary 703.1791 574 514 0.3715278 0.3354781
Moved 703.21 575 504.3945 0.3732639 0.3134066
Moved 703.2429 568.4 494.3428 0.3618056 0.2903099
Moved 703.2755 551.6973 466.6403 0.3328078 0.226655
Moved 703.3062 519.1162 420.9098 0.2762434 0.1215758
Moved 703.3558 457.1052 341.7696 0.1685853 -0.06027201
Moved 703.3867 441.5847 320.377 0.1416401 -0.1094278
Moved 703.4169 427.3635 300.3089 0.1169505 -0.1555402
Moved 703.4522 416.3983 286.3983 0.09791382 -0.1875039
Moved 703.4832 409.4628 277.1942 0.08587286 -0.2086532
Moved 703.5167 404.4751 271.4751 0.07721372 -0.2217943
Moved 703.55 399.3619 263.7238 0.06833665 -0.2396051
Moved 703.5836 395.4897 257.9794 0.06161407 -0.2528048
Moved 703.616 392.5056 252.5056 0.05643331 -0.2653823
Moved 703.6503 390.6388 249.6388 0.05319238 -0.2719697
Ended 703.702 390.6388 249.6388 0.05319238 -0.2719697
PhraseEnd 704.7156
