the quick brown fox jumps over the lazy dog
Basic
0.8 0.8
575.9999 230.4
Began 301.5567 349 353 -0.01909722 0.4904515
Stationary 301.6036 349 353 -0.01909722 0.4904515
Stationary 301.6374 349 353 -0.01909722 0.4904515
Stationary 301.6696 349 353 -0.01909722 0.4904515
Stationary 301.7006 349 353 -0.01909722 0.4904515
Stationary 301.7331 349 353 -0.01909722 0.4904515
Stationary 301.7626 349 353 -0.01909722 0.4904515
Stationary 301.7961 349 353 -0.01909722 0.4904515
Stationary 301.8308 349 353 -0.01909722 0.4904515
Moved 301.8611 354.7523 348.9734 -0.00911057 0.4729748
Moved 301.8908 371.6624 336.5269 0.02024718 0.4189537
Moved 301.9199 380.6363 328.8832 0.03582686 0.3857777
Moved 301.9583 406.3432 297.821 0.08045696 0.2509592
Moved 301.9888 417 284.5 0.09895831 0.1931425
Moved 302.018 422.4896 276.5104 0.1084889 0.1584652
Moved 302.0482 426.1169 268.7662 0.1147863 0.1248532
Moved 302.0799 427 263.0166 0.1163194 0.09989845
Moved 302.1111 427 259.6218 0.1163194 0.08516418
Moved 302.1426 414.5122 257.6125 0.09463922 0.07644323
Moved 302.176 388.2325 257 0.04901484 0.07378473
Moved 302.2064 335.2816 270.6796 -0.04291385 0.1331578
Moved 302.2372 291.7712 285.5496 -0.1184528 0.1976978
Moved 302.2864 256.9404 300.0358 -0.1789229 0.2605721
Moved 302.3164 241.5761 306.6543 -0.205597 0.2892982
Moved 302.3456 232.7282 310.8479 -0.220958 0.3074996
Moved 302.3752 226.4006 313.2997 -0.2319434 0.318141
Moved 302.4052 222.829 315 -0.2381442 0.3255209
Moved 302.4346 220.239 317 -0.2426406 0.3342015
Moved 302.472 219 318 -0.2447917 0.3385417
Moved 302.5016 216.5943 319 -0.2489682 0.342882
Moved 302.5308 217 320.3755 -0.2482639 0.3488524
Ended 302.5602 215.6354 320 -0.2506329 0.3472222
Began 302.7768 74 350 -0.4965278 0.4774306
Stationary 302.8056 74 350 -0.4965278 0.4774306
Stationary 302.8343 74 350 -0.4965278 0.4774306
Stationary 302.8631 74 350 -0.4965278 0.4774306
Stationary 302.8958 74 350 -0.4965278 0.4774306
Stationary 302.9275 74 350 -0.4965278 0.4774306
Stationary 302.9575 74 350 -0.4965278 0.4774306
Moved 302.9875 92.29192 350 -0.464771 0.4774306
Moved 303.0196 109.1093 337.084 -0.4355742 0.4213718
Moved 303.0566 140.5 330 -0.3810764 0.3906251
Moved 303.0894 225.1148 323 -0.2341756 0.3602431
Moved 303.1215 278.5717 323 -0.1413685 0.3602431
Moved 303.1525 318.4554 323 -0.07212599 0.3602431
Moved 303.1873 348.8918 323 -0.01928501 0.3602431
Moved 303.2204 379.3748 323 0.03363677 0.3602431
Moved 303.253 414.7479 323 0.09504848 0.3602431
Moved 303.2886 447.875 319.225 0.1525607 0.3438588
Moved 303.3228 462.5 317.5 0.1779514 0.3363717
Moved 303.3524 478.2339 318 0.2052672 0.3385417
Moved 303.4049 506.9234 318 0.2550753 0.3385417
Moved 303.4373 520.3669 318 0.2784147 0.3385417
Moved 303.4698 525.8669 318 0.2879634 0.3385417
Moved 303.5016 529.7404 318 0.2946881 0.3385417
Moved 303.5389 532 318 0.2986111 0.3385417
Stationary 303.5692 532 318 0.2986111 0.3385417
Moved 303.6027 513.5762 316.5109 0.2666254 0.3320784
Moved 303.64 437.6948 290.606 0.1348867 0.2196439
Moved 303.6703 396.743 279.3302 0.06378993 0.170704
Moved 303.7022 364.3194 266.9277 0.007498936 0.1168739
Moved 303.752 318.4325 241.9614 -0.0721658 0.008513134
Moved 303.7834 303.9003 230.9202 -0.09739537 -0.039409
Moved 303.814 286.6937 218.5781 -0.1272679 -0.09297702
Moved 303.8455 273.7253 207.4835 -0.1497824 -0.1411306
Moved 303.8763 266 200 -0.1631945 -0.1736111
Moved 303.9072 259.6533 193.6532 -0.1742131 -0.201158
Moved 303.9371 254.9028 188.9028 -0.1824604 -0.2217761
Moved 303.9688 252.0792 186.0792 -0.1873625 -0.2340312
Moved 304.0005 250.6429 184.6428 -0.1898561 -0.2402655
Moved 304.0313 250 184 -0.1909722 -0.2430554
Moved 304.0803 250 182.5 -0.1909722 -0.2495659
Moved 304.1115 250 183 -0.1909722 -0.2473959
Moved 304.1421 298.499 202.4996 -0.1067726 -0.162762
Moved 304.175 358.6039 220.5812 -0.00242386 -0.08428309
Moved 304.2075 411.0695 235.0173 0.08866228 -0.02162616
Moved 304.2394 447.3596 243.0061 0.1516659 0.01304733
Moved 304.2717 472.9263 248.4281 0.1960526 0.0365803
Moved 304.3027 491.4932 250.0822 0.2282868 0.04375935
Moved 304.3338 505.0827 250 0.2518798 0.04340278
Moved 304.3717 510.7965 250 0.2617995 0.04340278
Moved 304.4371 517.5 250 0.2734375 0.04340278
Moved 304.4678 520.1833 250 0.2780962 0.04340278
Moved 304.4964 521.5 250 0.280382 0.04340278
Moved 304.5259 522.2449 250 0.2816752 0.04340278
Moved 304.5553 523.1207 250 0.2831957 0.04340278
Moved 304.5848 524.3204 250 0.2852786 0.04340278
Ended 304.6152 524 250 0.2847222 0.04340278
Began 304.8498 374 170 0.02430558 -0.3038193
Stationary 304.8881 374 170 0.02430558 -0.3038193
Stationary 304.9232 374 170 0.02430558 -0.3038193
Stationary 304.9558 374 170 0.02430558 -0.3038193
Stationary 304.9854 374 170 0.02430558 -0.3038193
Stationary 305.0145 374 170 0.02430558 -0.3038193
Stationary 305.0465 374 170 0.02430558 -0.3038193
Stationary 305.0754 374 170 0.02430558 -0.3038193
Stationary 305.1041 374 170 0.02430558 -0.3038193
Moved 305.1392 374 186.092 0.02430558 -0.2339755
Moved 305.171 363.1877 197.5308 0.005534142 -0.1843283
Moved 305.2028 354.3705 208.0369 -0.009773412 -0.1387288
Moved 305.235 343.8867 221.6699 -0.02797451 -0.07955763
Moved 305.2674 330.2344 233.7656 -0.05167644 -0.02705879
Moved 305.2991 317.3311 243.8907 -0.07407789 0.01688706
Moved 305.3307 302.1301 256.296 -0.1004686 0.07072913
Moved 305.3733 282.4334 273.5666 -0.1346642 0.1456883
Moved 305.404 274.5 280.5 -0.1484375 0.1757813
Moved 305.4332 267.4469 287.5531 -0.1606825 0.2063938
Moved 305.4895 258.9824 295.0352 -0.1753777 0.238868
Moved 305.5205 259 296.5762 -0.1753472 0.2455563
Moved 305.5519 259 300.4612 -0.1753472 0.2624185
Moved 305.5825 280.5857 309.3039 -0.137872 0.3007982
Moved 305.6153 372.8899 331.1812 0.02237827 0.3957516
Moved 305.6454 435.959 332 0.1318733 0.3993056
Moved 305.6817 478.0704 327.7672 0.2049834 0.3809339
Moved 305.7135 512.7062 321.5245 0.265115 0.3538389
Moved 305.7436 535.842 318.0176 0.3052812 0.338618
Moved 305.7747 550.5482 315 0.3308129 0.3255209
Moved 305.8278 559 314 0.3454861 0.3211807
Stationary 305.8617 559 314 0.3454861 0.3211807
Moved 305.8935 542.8738 314 0.3174893 0.3211807
Moved 305.9259 505.6755 314 0.2529089 0.3211807
Moved 305.9599 428.5 328 0.1189236 0.3819445
Moved 305.9918 343.8023 332.5389 -0.02812099 0.4016447
Moved 306.026 288.8408 332 -0.1235404 0.3993056
Moved 306.059 245.0908 332 -0.1994951 0.3993056
Moved 306.0912 190.7526 321.9835 -0.2938324 0.3558314
Moved 306.1284 166.7808 321 -0.33545 0.3515625
Moved 306.1806 149.3472 320 -0.3657168 0.3472222
Moved 306.2146 145.8366 320 -0.3718114 0.3472222
Moved 306.2437 142.9646 320 -0.3767976 0.3472222
Moved 306.2739 142 320 -0.3784722 0.3472222
Stationary 306.3057 142 320 -0.3784722 0.3472222
Moved 306.3384 140.7782 320 -0.3805934 0.3472222
Moved 306.372 140 320 -0.3819444 0.3472222
Stationary 306.4045 140 320 -0.3819444 0.3472222
Moved 306.4459 212.326 301.8758 -0.2563785 0.2685583
Moved 306.4796 261.2226 281.7776 -0.1714886 0.1813267
Moved 306.53 316.3555 252.5557 -0.07577177 0.05449508
Moved 306.5604 348.9952 231.8029 -0.01910549 -0.03557775
Moved 306.5902 378.234 213.5106 0.03165625 -0.1149711
Moved 306.6219 396.2197 201.6682 0.06288149 -0.1663706
Moved 306.6528 404.0451 196.97 0.07646725 -0.1867622
Moved 306.6863 416.9807 191.6731 0.09892471 -0.2097522
Moved 306.7177 422.4001 187.7999 0.1083335 -0.2265628
Moved 306.7492 425.4753 185.2623 0.1136724 -0.2375767
Moved 306.7793 427.608 184 0.117375 -0.2430554
Moved 306.8166 430.4772 183 0.1223562 -0.2473959
Moved 306.87 432.1814 180.8186 0.125315 -0.2568636
Moved 306.9015 434.3712 180 0.1291166 -0.2604167
Moved 306.9333 435.0816 178.9185 0.1303499 -0.2651108
Moved 306.9649 436 178 0.1319444 -0.2690972
Moved 306.9962 437 177 0.1336806 -0.2734375
Moved 307.0303 438.4488 177 0.1361958 -0.2734375
Moved 307.0654 439.1069 175.8931 0.1373384 -0.2782418
Moved 307.0982 440.0638 176 0.1389997 -0.2777778
Moved 307.1338 441.1949 175 0.1409634 -0.282118
Moved 307.1671 441 174 0.140625 -0.2864582
Ended 307.2167 441 174 0.140625 -0.2864582
Began 307.4149 310 268 -0.08680557 0.1215278
Stationary 307.4739 310 268 -0.08680557 0.1215278
Stationary 307.5075 310 268 -0.08680557 0.1215278
Stationary 307.5397 310 268 -0.08680557 0.1215278
Stationary 307.5731 310 268 -0.08680557 0.1215278
Moved 307.6034 326.0186 268 -0.05899556 0.1215278
Moved 307.6354 338.4137 268 -0.03747627 0.1215278
Moved 307.6675 352.2821 277.6625 -0.01339913 0.1634656
Moved 307.7023 388.9168 285.075 0.05020276 0.1956381
Moved 307.7338 425.3553 297.2632 0.1134642 0.2485382
Moved 307.7679 452.2423 304.3388 0.1601429 0.2792483
Moved 307.8015 477.8487 311.9546 0.2045985 0.3123029
Moved 307.834 501.8147 315 0.2462061 0.3255209
Moved 307.866 520.5 317.5 0.2786458 0.3363717
Moved 307.8987 538.4979 319 0.3098922 0.342882
Moved 307.931 550.1115 320 0.3300546 0.3472222
Moved 307.9616 553.4284 320 0.3358133 0.3472222
Moved 308.0116 555 320 0.3385417 0.3472222
Stationary 308.0426 555 320 0.3385417 0.3472222
Moved 308.0733 532.8746 311.8746 0.3001295 0.3119558
Moved 308.105 496.7986 302.4996 0.2374975 0.2712657
Moved 308.137 403.7031 272.0929 0.07587343 0.1392922
Moved 308.1754 344.8872 249.8882 -0.02623744 0.04291747
Moved 308.2057 315.5068 239.1949 -0.07724512 -0.003494025
Moved 308.2391 271.8959 220.948 -0.1529586 -0.08269098
Moved 308.2703 254.3403 212.6041 -0.183437 -0.1189056
Moved 308.3009 244.727 208.2423 -0.2001268 -0.1378372
Moved 308.35 235.0277 202.0277 -0.2169658 -0.1648103
Moved 308.3817 231.1448 199.1448 -0.2237069 -0.177323
Moved 308.4126 227.5 196.5 -0.2300347 -0.188802
Moved 308.4431 224.7543 193.7543 -0.2348016 -0.2007192
Moved 308.4767 221.8812 192 -0.2397896 -0.2083332
Moved 308.5084 219.0122 189.0122 -0.2447704 -0.2213011
Moved 308.5399 216.4402 187.4402 -0.2492358 -0.2281241
Moved 308.5718 214.5681 186 -0.2524859 -0.234375
Moved 308.6055 214 183.701 -0.2534722 -0.244353
Moved 308.6357 211.8236 183 -0.2572507 -0.2473959
Ended 308.684 212 182 -0.2569445 -0.251736
Began 308.9195 463 224 0.1788195 -0.06944432
Stationary 308.9623 463 224 0.1788195 -0.06944432
Stationary 308.997 463 224 0.1788195 -0.06944432
Stationary 309.0298 463 224 0.1788195 -0.06944432
Stationary 309.062 463 224 0.1788195 -0.06944432
Moved 309.0931 463 239.6864 0.1788195 -0.001361105
Moved 309.1242 453.1463 251.1343 0.1617123 0.04832573
Moved 309.1617 441.7717 271.4567 0.1419647 0.1365307
Moved 309.1937 435.4157 285.1686 0.13093 0.1960442
Moved 309.2248 431.8353 297.6586 0.1247141 0.2502545
Moved 309.2555 429.3196 305.3607 0.1203466 0.2836837
Moved 309.2859 426.5 313.5 0.1154514 0.3190103
Moved 309.3177 424.5829 321.2515 0.1121231 0.3526538
Moved 309.3516 424 327.9817 0.1111111 0.381865
Moved 309.385 423 332.8558 0.109375 0.4030198
Moved 309.4168 422 335 0.1076389 0.4123264
Stationary 309.4645 422 335 0.1076389 0.4123264
Stationary 309.4935 422 335 0.1076389 0.4123264
Moved 309.5231 439.415 308.0363 0.1378732 0.2952964
Moved 309.5594 458.2059 268.5883 0.1704963 0.124081
Moved 309.5919 483.5224 223.9552 0.2144487 -0.06963889
Moved 309.6239 498.6478 203.2227 0.2407079 -0.1596239
Moved 309.6556 507.9884 191.0155 0.2569244 -0.2126062
Moved 309.6878 513.0791 183.3813 0.2657624 -0.2457406
Moved 309.7205 516.4039 178.5961 0.2715345 -0.2665101
Moved 309.7516 518.5 176.5 0.2751736 -0.2756077
Moved 309.8006 522.1733 172.8268 0.2815508 -0.2915505
Moved 309.834 524.0532 171.9468 0.2848146 -0.2953699
Moved 309.8638 529.9295 172 0.2950165 -0.2951388
Moved 309.894 548.0693 195.9142 0.3265093 -0.1913446
Moved 309.9276 569.7612 224.015 0.3641688 -0.06937928
Moved 309.9631 591.6083 253.7732 0.4020977 0.05977963
Moved 309.9955 604.3597 276.7195 0.4242358 0.1593728
Moved 310.0296 611.2621 291.6552 0.4362189 0.224198
Moved 310.0655 615.0029 301.0057 0.4427133 0.264782
Moved 310.0999 616 311.6068 0.4444444 0.3107932
Moved 310.1518 605.0693 321.429 0.4254676 0.3534246
Moved 310.1864 586.0934 327.1133 0.3925233 0.3780961
Moved 310.2197 555.1454 330.9879 0.3387942 0.3949126
Moved 310.2536 484.6299 324.1917 0.2163714 0.3654155
Moved 310.2867 427.5103 310.7845 0.1172054 0.3072244
Moved 310.3181 389.8524 299.1409 0.05182706 0.2566881
Moved 310.3488 359.9241 289.308 -0.0001318008 0.2140108
Moved 310.3808 328.9386 279.6816 -0.053926 0.1722292
Moved 310.4137 305.1895 273.0421 -0.09515715 0.143412
Moved 310.4447 286.7343 270 -0.1271973 0.1302083
Moved 310.4973 266.5643 266 -0.1622147 0.1128472
Moved 310.5327 249.319 262.8297 -0.1921546 0.0990873
Moved 310.5634 241.6631 262.221 -0.205446 0.09644535
Moved 310.5946 232.6603 261.4151 -0.2210758 0.09294749
Moved 310.6261 223.6704 261 -0.2366833 0.09114584
Moved 310.6574 213.7471 259 -0.2539113 0.08246542
Moved 310.6887 204.7193 256.1798 -0.2695845 0.07022487
Moved 310.7216 195.9419 254.314 -0.2848231 0.06212659
Moved 310.7519 186.3138 252.4379 -0.3015386 0.0539838
Moved 310.7805 175.2641 249.566 -0.320722 0.04151927
Moved 310.8278 163.1879 245.594 -0.3416877 0.02427949
Moved 310.8577 156.4526 243.7263 -0.3533809 0.01617326
Moved 310.8871 152.8629 241.8629 -0.359613 0.008085569
Moved 310.9172 150.5 242 -0.3637153 0.008680689
Moved 310.9466 149.479 241 -0.3654879 0.004340278
Moved 310.9781 149 241 -0.3663194 0.004340278
Ended 311.0103 149 241 -0.3663194 0.004340278
Began 311.2499 472 307 0.1944444 0.2907986
Stationary 311.2818 472 307 0.1944444 0.2907986
Stationary 311.3197 472 307 0.1944444 0.2907986
Stationary 311.3517 472 307 0.1944444 0.2907986
Stationary 311.3822 472 307 0.1944444 0.2907986
Stationary 311.4129 472 307 0.1944444 0.2907986
Stationary 311.4442 472 307 0.1944444 0.2907986
Moved 311.4765 464.9129 297.8881 0.1821406 0.2512504
Moved 311.5121 457.3271 291.327 0.1689706 0.2227736
Moved 311.5437 442.198 279.3984 0.1427048 0.1710002
Moved 311.58 424.3147 268.7513 0.1116575 0.1247886
Moved 311.6108 399.4229 250.6622 0.06844252 0.04627705
Moved 311.6411 374.6536 233.1024 0.0254403 -0.02993743
Moved 311.6721 357.8077 220.5385 -0.003806129 -0.08446853
Moved 311.7041 345.5751 212.4601 -0.02504315 -0.1195309
Moved 311.736 333.9649 203.4824 -0.04519987 -0.1584963
Moved 311.7675 326.1095 197.1095 -0.05883769 -0.1861567
Moved 311.7989 321.5 193.5 -0.06684028 -0.2018229
Moved 311.8288 316.8497 190.9248 -0.07491366 -0.213
Moved 311.8593 314.0564 188.0564 -0.0797632 -0.2254496
Moved 311.9116 309.7476 184.7476 -0.08724377 -0.239811
Moved 311.9412 308.2155 184 -0.08990366 -0.2430554
Moved 311.9718 306 182.3408 -0.09374999 -0.250257
Moved 312.001 303.4726 180.4727 -0.09813783 -0.2583654
Moved 312.0323 301.9859 178.9858 -0.100719 -0.2648184
Moved 312.0688 297.6474 176.6473 -0.1082511 -0.274968
Moved 312.1013 294.7863 175 -0.1132182 -0.282118
Moved 312.131 293.1759 173.1759 -0.1160141 -0.2900353
Moved 312.165 290.3605 173 -0.1209019 -0.2907985
Moved 312.1966 288.924 173 -0.1233958 -0.2907985
Moved 312.2567 281.1939 181.1273 -0.1368161 -0.2555237
Moved 312.2891 277.4513 189.0973 -0.1433137 -0.2209318
Moved 312.3217 270.7282 199.5437 -0.1549858 -0.1755916
Moved 312.3539 264 213.5 -0.1666667 -0.1150175
Moved 312.3864 255.6928 227.5376 -0.1810889 -0.05409016
Moved 312.4228 241.8703 251.8829 -0.2050864 0.05157524
Moved 312.461 231.2216 270.8162 -0.2235736 0.1337507
Moved 312.493 222.6115 285.9808 -0.2385216 0.1995692
Moved 312.5245 215.6679 299.9962 -0.2505765 0.2604
Moved 312.5555 210 312 -0.2604167 0.3125001
Moved 312.6058 205 327.7744 -0.2690972 0.3809655
Moved 312.6375 204 333 -0.2708333 0.4036459
Moved 312.6696 204 334.6387 -0.2708333 0.4107583
Moved 312.7006 204 336 -0.2708333 0.4166667
Moved 312.7341 204 339.0615 -0.2708333 0.4299544
Moved 312.7665 231.3169 343.8634 -0.2234081 0.4507962
Moved 312.7976 257.5 349 -0.1779514 0.4730904
Moved 312.8273 276.6008 349 -0.1447902 0.4730904
Moved 312.8598 286.3847 349 -0.1278044 0.4730904
Moved 312.8929 293.1206 349 -0.1161101 0.4730904
Moved 312.9428 299.4913 349 -0.1050498 0.4730904
Moved 312.9761 301.3734 349 -0.1017824 0.4730904
Moved 313.0131 302 349 -0.1006945 0.4730904
Moved 313.0455 303 349 -0.09895836 0.4730904
Moved 313.0766 304.5 349 -0.09635414 0.4730904
Stationary 313.1123 304.5 349 -0.09635414 0.4730904
Moved 313.1441 305.004 349 -0.09547916 0.4730904
Stationary 313.1803 305.004 349 -0.09547916 0.4730904
Stationary 313.217 305.004 349 -0.09547916 0.4730904
Stationary 313.2533 305.004 349 -0.09547916 0.4730904
Stationary 313.3015 305.004 349 -0.09547916 0.4730904
Stationary 313.3315 305.004 349 -0.09547916 0.4730904
Stationary 313.3632 305 349 -0.09548612 0.4730904
Stationary 313.3939 305 349 -0.09548612 0.4730904
Moved 313.4244 306.5 338.5 -0.09288196 0.4275173
Ended 313.4561 306.5 338.5 -0.09288196 0.4275173
Began 313.6221 389 316 0.05034723 0.3298611
Stationary 313.6647 389 316 0.05034723 0.3298611
Stationary 313.7 389 316 0.05034723 0.3298611
Stationary 313.7321 389 316 0.05034723 0.3298611
Stationary 313.7698 389 316 0.05034723 0.3298611
Stationary 313.802 389 316 0.05034723 0.3298611
Stationary 313.8336 389 316 0.05034723 0.3298611
Moved 313.866 403.032 295.624 0.07470832 0.2414237
Moved 313.899 416.2235 281.7765 0.09761028 0.1813217
Moved 313.9313 428.3103 267.6121 0.1185942 0.1198443
Moved 313.9631 439.3869 255.613 0.1378245 0.06776492
Moved 313.9956 449.4055 246.5945 0.1552178 0.02862189
Moved 314.0277 455.6761 238.3239 0.1661044 -0.007274814
Moved 314.0607 460.4013 233.5986 0.1743079 -0.02778371
Moved 314.1067 465.1775 227.8225 0.1825997 -0.0528537
Moved 314.1376 467.0383 224.9617 0.1858305 -0.06527054
Moved 314.1692 467 221.0859 0.1857639 -0.08209229
Moved 314.2128 459.2407 221 0.1722929 -0.08246528
Moved 314.2461 433.7049 227.5657 0.1279599 -0.0539683
Moved 314.28 382.6935 250.964 0.03939845 0.04758676
Moved 314.3138 350.2816 266.0538 -0.01687221 0.113081
Moved 314.3466 326.2056 276.4229 -0.05867079 0.1580856
Moved 314.3794 308.8991 285.0505 -0.08871683 0.1955316
Moved 314.4122 293.6527 292.6736 -0.1151862 0.2286183
Moved 314.4645 269.5861 303.207 -0.1569687 0.2743358
Moved 314.5008 259.5 306.5 -0.1744792 0.2886285
Moved 314.5339 252.9973 309.0009 -0.1857686 0.2994832
Moved 314.5671 247.2549 311.8726 -0.195738 0.311947
Moved 314.6002 243.2558 313 -0.2026809 0.3168403
Moved 314.6338 238.2755 315.7245 -0.2113273 0.3286657
Moved 314.6666 235.4011 317 -0.2163175 0.3342015
Moved 314.7003 232.5242 318 -0.2213121 0.3385417
Moved 314.7403 229.5682 320 -0.2264441 0.3472222
Moved 314.773 226.695 321 -0.2314324 0.3515625
Moved 314.8241 223.3959 323 -0.2371599 0.3602431
Moved 314.8559 221.83 324 -0.2398786 0.3645835
Moved 314.8867 218.9529 325 -0.2448734 0.3689236
Moved 314.92 217.0925 325.9075 -0.2481034 0.3728626
Moved 314.9509 215.6244 326 -0.250652 0.3732638
Moved 314.9816 213.5 327.5 -0.2543403 0.3797743
Moved 315.0128 211.5 327 -0.2578125 0.3776042
Moved 315.0441 209.939 327 -0.2605226 0.3776042
Stationary 315.075 210 327 -0.2604167 0.3776042
Moved 315.1065 209 328 -0.2621528 0.3819445
Moved 315.1583 209 329.0952 -0.2621528 0.386698
Ended 315.189 209 329 -0.2621528 0.3862849
Began 315.4077 587 249 0.3940972 0.03906263
Stationary 315.4458 587 249 0.3940972 0.03906263
Stationary 315.476 587 249 0.3940972 0.03906263
Stationary 315.5054 587 249 0.3940972 0.03906263
Stationary 315.5354 587 249 0.3940972 0.03906263
Stationary 315.5651 587 249 0.3940972 0.03906263
Stationary 315.5952 587 249 0.3940972 0.03906263
Stationary 315.6252 587 249 0.3940972 0.03906263
Stationary 315.6554 587 249 0.3940972 0.03906263
Stationary 315.686 587 249 0.3940972 0.03906263
Stationary 315.7164 587 249 0.3940972 0.03906263
Moved 315.7498 579.9374 249 0.3818357 0.03906263
Moved 315.7818 551.0552 249 0.331693 0.03906263
Moved 315.8178 471.7625 249 0.1940322 0.03906263
Moved 315.8526 422.4355 259.764 0.1083951 0.08578129
Moved 315.8844 369.2728 261.6753 0.01609855 0.0940768
Moved 315.9357 319.1555 263 -0.07091068 0.0998264
Moved 315.9723 280.3889 264 -0.1382138 0.1041668
Moved 316.0051 255.5013 264 -0.1814213 0.1041668
Moved 316.037 227.3823 265 -0.230239 0.108507
Moved 316.0688 207.8006 265.9111 -0.2642352 0.1124613
Moved 316.1034 181.218 267 -0.3103853 0.1171876
Moved 316.1349 155.9774 268.6278 -0.3542059 0.1242528
Moved 316.1688 133.5747 270.4893 -0.3930995 0.1323321
Moved 316.2041 105.0266 274 -0.4426622 0.1475696
Moved 316.2376 90.53168 274 -0.4678269 0.1475696
Moved 316.2938 79.22726 274 -0.4874527 0.1475696
Moved 316.3256 77.67874 274 -0.4901411 0.1475696
Moved 316.3564 77.48656 274 -0.4904747 0.1475696
Stationary 316.3876 77 274 -0.4913195 0.1475696
Moved 316.4182 77 267.8342 -0.4913195 0.1208082
Moved 316.4504 77 260.9786 -0.4913195 0.09105312
Moved 316.4824 86.51475 247.2279 -0.4748008 0.03137112
Moved 316.5165 97.78374 231.0857 -0.4552366 -0.03869044
Moved 316.5501 119.341 209.6591 -0.4178109 -0.1316881
Moved 316.5825 138.3249 193.5063 -0.3848526 -0.2017953
Moved 316.6358 175.8289 172.7808 -0.3197416 -0.2917501
Moved 316.6676 189.866 166.6536 -0.2953716 -0.3183439
Moved 316.6983 200.1658 161.9585 -0.27749 -0.3387218
Moved 316.734 206.3869 159.3065 -0.2666893 -0.3502322
Moved 316.7658 210.4725 156.5275 -0.2595963 -0.3622939
Moved 316.7966 215.689 156 -0.25054 -0.3645834
Moved 316.8277 221.4334 156 -0.240567 -0.3645834
Moved 316.8601 231.8131 166.0504 -0.2225468 -0.3209618
Moved 316.8929 263.6502 198.6503 -0.1672739 -0.1794692
Moved 316.9247 297.2613 228.3956 -0.1089214 -0.05036633
Moved 316.9758 359.3405 273.9788 -0.001145043 0.1474773
Moved 317.0096 381.1573 289.6838 0.03673136 0.2156414
Moved 317.0426 393.8601 297.2401 0.05878494 0.248438
Moved 317.0771 404.7892 303.5964 0.07775903 0.2760261
Moved 317.1104 409.9236 305 0.08667298 0.2821182
Moved 317.1464 412.3365 307 0.09086192 0.2907986
Moved 317.1778 415.5 308.5 0.0963542 0.297309
Moved 317.2113 417.7271 309 0.1002208 0.2994793
Moved 317.244 419.2947 310.2947 0.1029422 0.3050987
Moved 317.2768 421.374 311.374 0.106552 0.309783
Moved 317.3292 422.1421 311 0.1078855 0.3081597
Moved 317.3647 422 312 0.1076389 0.3125001
Stationary 317.3974 422 312 0.1076389 0.3125001
Stationary 317.4281 422 312 0.1076389 0.3125001
Stationary 317.4607 422 312 0.1076389 0.3125001
Ended 317.4916 422 312 0.1076389 0.3125001
Began 317.7391 265 261 -0.1649306 0.09114584
Stationary 317.7768 265 261 -0.1649306 0.09114584
Stationary 317.8078 265 261 -0.1649306 0.09114584
Stationary 317.8389 265 261 -0.1649306 0.09114584
Moved 317.8697 287.8939 261 -0.1251842 0.09114584
Moved 317.9029 325.6598 271.305 -0.05961847 0.1358725
Moved 317.9351 367.8591 274 0.01364425 0.1475696
Moved 317.968 417.1786 275 0.09926841 0.1519097
Moved 318.0008 484.308 275 0.2158126 0.1519097
Moved 318.0328 514.0007 275 0.2673623 0.1519097
Moved 318.0706 539 275 0.3107639 0.1519097
Moved 318.1046 558.9768 275 0.3454459 0.1519097
Moved 318.1351 573.7826 275 0.3711503 0.1519097
Moved 318.1718 587.398 275 0.3947882 0.1519097
Moved 318.2055 593.0645 275 0.4046259 0.1519097
Moved 318.2376 596.9036 275 0.411291 0.1519097
Moved 318.2688 599.7805 275 0.4162856 0.1519097
Moved 318.3037 601.1335 275 0.4186347 0.1519097
Moved 318.3379 601 276 0.4184028 0.1562499
Moved 318.371 601 278.244 0.4184028 0.1659894
Moved 318.4236 586.4689 280 0.3931753 0.1736113
Moved 318.4579 574.5262 281.2947 0.3724413 0.1792308
Moved 318.4925 550.7311 282 0.3311304 0.1822917
Moved 318.5268 526.0534 282 0.2882872 0.1822917
Moved 318.5651 486.3629 282 0.21938 0.1822917
Moved 318.5982 418.9852 260.3309 0.1024049 0.08824177
Moved 318.6325 396.1727 252.4397 0.06279976 0.05399175
Moved 318.6753 380.09 245.545 0.03487848 0.02406703
Moved 318.7083 363.9035 238.9679 0.006776974 -0.004479621
Moved 318.742 355.2207 235.4069 -0.008297452 -0.01993537
Moved 318.7945 343.2667 231.0889 -0.0290509 -0.03867679
Moved 318.8289 336.7852 229 -0.04030354 -0.04774293
Moved 318.8654 334.2559 228 -0.04469462 -0.05208334
Moved 318.8976 331.5 227 -0.04947916 -0.05642362
Moved 318.9301 329.5069 225.5068 -0.05293943 -0.06290437
Moved 318.9706 328.778 226 -0.0542048 -0.06076403
Ended 319.0056 329 226 -0.05381946 -0.06076403
PhraseEnd 320.1805
