do not say anything
Basic
0.4 0.4
288 217.6
Began 1664.695 307 356 -0.1840278 -0.05514707
Stationary 1664.772 307 356 -0.1840278 -0.05514707
Stationary 1664.846 307 356 -0.1840278 -0.05514707
Stationary 1664.915 307 356 -0.1840278 -0.05514707
Stationary 1664.982 307 356 -0.1840278 -0.05514707
Moved 1665.053 327.8804 375.2337 -0.1115263 0.03324313
Moved 1665.121 379.477 408.2385 0.06762847 0.1849198
Moved 1665.19 417.8415 422.2104 0.2008384 0.2491287
Moved 1665.264 442.0823 428.0275 0.2850081 0.2758615
Moved 1665.335 455.1978 431.1979 0.3305482 0.2904316
Moved 1665.408 459.6241 432 0.3459169 0.2941177
Moved 1665.481 465.3392 433 0.3657611 0.2987132
Moved 1665.551 471.1821 435 0.386049 0.3079045
Moved 1665.618 472.0156 435 0.388943 0.3079045
Ended 1665.686 472 435 0.3888889 0.3079045
Began 1665.894 389 282 0.1006945 -0.3952206
Stationary 1665.972 389 282 0.1006945 -0.3952206
Stationary 1666.065 389 282 0.1006945 -0.3952206
Moved 1666.132 398.9016 298.8525 0.1350752 -0.3177736
Moved 1666.201 418.3454 337.6907 0.2025881 -0.1392889
Moved 1666.269 441.0562 375.1124 0.2814453 0.03268579
Moved 1666.336 462.4624 420.6184 0.3557722 0.2418126
Moved 1666.405 467 445.1514 0.3715278 0.3545559
Moved 1666.474 467 456.7789 0.3715278 0.4079912
Moved 1666.542 446.128 464.624 0.2990556 0.4440443
Moved 1666.612 418.8147 468 0.2042176 0.4595589
Moved 1666.681 393.6455 468 0.1168247 0.4595589
Moved 1666.778 359.1167 468 -0.003067106 0.4595589
Moved 1666.847 336.0963 457.6987 -0.08299902 0.4122185
Moved 1666.913 330.3335 457 -0.1030086 0.4090075
Moved 1666.98 326.8023 456 -0.1152698 0.4044117
Moved 1667.048 326 456 -0.1180556 0.4044117
Ended 1667.113 326 456 -0.1180556 0.4044117
Began 1667.288 290 365 -0.2430555 -0.01378677
Stationary 1667.356 290 365 -0.2430555 -0.01378677
Stationary 1667.421 290 365 -0.2430555 -0.01378677
Moved 1667.488 278.6211 365 -0.2825657 -0.01378677
Moved 1667.555 262.2653 365 -0.3393565 -0.01378677
Moved 1667.625 240.1707 365 -0.4160739 -0.01378677
Moved 1667.699 218.5249 372 -0.491233 0.0183825
Moved 1667.77 207.0499 372 -0.531077 0.0183825
Moved 1667.848 206 372 -0.5347222 0.0183825
Moved 1667.939 214.4115 372 -0.5055158 0.0183825
Moved 1668.012 232.6812 372 -0.4420793 0.0183825
Moved 1668.094 261.3051 374.1017 -0.3426906 0.02804083
Moved 1668.17 303.2518 407.0432 -0.1970425 0.1794263
Moved 1668.243 338.0424 431.0142 -0.07624149 0.2895872
Moved 1668.314 350.8383 437.4192 -0.0318113 0.3190221
Moved 1668.384 357.1487 439 -0.009900331 0.3262869
Moved 1668.455 361.5 440 0.005208403 0.3308824
Moved 1668.525 366.5 441 0.02256945 0.3354779
Moved 1668.604 370.5 442 0.03645838 0.3400736
Moved 1668.713 374 442 0.04861116 0.3400736
Moved 1668.788 375 443 0.05208329 0.3446691
Moved 1668.858 376 443 0.05555556 0.3446691
Ended 1668.926 376 443 0.05555556 0.3446691
Began 1669.568 226 377 -0.4652778 0.0413603
Stationary 1669.646 226 377 -0.4652778 0.0413603
Moved 1669.717 244.0871 369.2687 -0.4024755 0.005830457
Moved 1669.792 302.0557 338.4721 -0.2011954 -0.1356981
Moved 1669.867 340.922 319.539 -0.06624304 -0.2227068
Moved 1669.939 367.2528 308.9368 0.02518326 -0.27143
Moved 1670.015 382.9001 302.0999 0.07951439 -0.30285
Moved 1670.087 390 298.9684 0.1041667 -0.3172408
Moved 1670.159 394.2185 299 0.1188143 -0.3170955
Moved 1670.23 396.0442 299 0.1251534 -0.3170955
Moved 1670.315 397 326.2105 0.1284722 -0.1920472
Moved 1670.387 397 354.8876 0.1284722 -0.06025904
Moved 1670.458 380.9243 414.4542 0.0726539 0.2134846
Moved 1670.528 374.1672 435.6655 0.04919187 0.3109629
Moved 1670.597 365.3678 448.6322 0.01863823 0.3705525
Moved 1670.665 352.9079 455.364 -0.02462536 0.401489
Moved 1670.733 338.5838 461 -0.07436172 0.4273897
Moved 1670.8 334 462 -0.09027779 0.4319854
Stationary 1670.868 334 462 -0.09027779 0.4319854
Moved 1670.938 360.7023 418.5955 0.002438426 0.232516
Moved 1671.052 379.312 386.3759 0.06705567 0.08444822
Moved 1671.127 386.5114 383 0.09205356 0.06893383
Moved 1671.197 427.1381 416.1381 0.2331183 0.2212228
Moved 1671.269 450.3331 437.3331 0.3136567 0.3186266
Moved 1671.342 455.3966 442.3966 0.3312381 0.3418963
Moved 1671.415 456 443 0.3333333 0.3446691
Moved 1671.487 456 422.0941 0.3333333 0.2485939
Moved 1671.56 430.1233 361.493 0.2434835 -0.02990344
Moved 1671.631 425 334.4389 0.2256945 -0.154233
Moved 1671.715 423 319.1268 0.2187499 -0.2246011
Moved 1671.822 420.5 313 0.2100694 -0.2527574
Moved 1671.895 415.6892 325.243 0.1933654 -0.1964935
Moved 1671.965 399.7491 371.0035 0.1380178 0.01380275
Moved 1672.043 390.0093 390.9814 0.1041991 0.105613
Ended 1672.112 388 395 0.09722218 0.124081
PhraseEnd 1673.304
