my favorite place to visit
Basic
0.4 0.4
288 217.6
Began 1635.033 438 252 0.2708334 -0.5330883
Stationary 1635.108 438 252 0.2708334 -0.5330883
Stationary 1635.179 438 252 0.2708334 -0.5330883
Stationary 1635.251 438 252 0.2708334 -0.5330883
Stationary 1635.316 438 252 0.2708334 -0.5330883
Stationary 1635.382 438 252 0.2708334 -0.5330883
Stationary 1635.451 438 252 0.2708334 -0.5330883
Moved 1635.521 420.2539 285.8057 0.2092149 -0.3777309
Moved 1635.59 402.3527 317.8828 0.1470581 -0.2303181
Moved 1635.659 376.2575 356.2375 0.05644963 -0.05405553
Moved 1635.73 361.3705 383.5179 0.004758835 0.07131381
Moved 1635.799 350.197 406.6061 -0.03403835 0.1774176
Moved 1635.871 346 417.6555 -0.04861109 0.2281964
Moved 1635.939 345 424.0541 -0.05208336 0.2576015
Moved 1636.021 345 429 -0.05208336 0.280331
Moved 1636.089 345 431.076 -0.05208336 0.2898712
Stationary 1636.155 345 431 -0.05208336 0.289522
Ended 1636.256 345 431 -0.05208336 0.289522
Began 1636.536 310 321 -0.1736111 -0.2159927
Stationary 1636.616 310 321 -0.1736111 -0.2159927
Stationary 1636.683 310 321 -0.1736111 -0.2159927
Stationary 1636.756 310 321 -0.1736111 -0.2159927
Stationary 1636.824 310 321 -0.1736111 -0.2159927
Stationary 1636.89 310 321 -0.1736111 -0.2159927
Moved 1636.962 292.0298 334.6567 -0.2360075 -0.1532318
Moved 1637.033 268.6133 346.9244 -0.3173149 -0.09685461
Moved 1637.103 246.1232 355.2922 -0.3954054 -0.05839952
Moved 1637.174 232.9554 361.0223 -0.4411273 -0.03206646
Moved 1637.243 226.5 364.5 -0.4635417 -0.01608456
Moved 1637.335 223.5 365 -0.4739583 -0.01378677
Moved 1637.403 221.7823 366 -0.4799226 -0.009191178
Moved 1637.47 221 367 -0.4826389 -0.004595448
Stationary 1637.544 221 367 -0.4826389 -0.004595448
Moved 1637.611 236.6284 354.6736 -0.4283735 -0.06124231
Moved 1637.719 300.6594 317.1362 -0.2060439 -0.233749
Moved 1637.793 326.2359 303.5094 -0.1172364 -0.2963721
Moved 1637.869 340.2192 297 -0.06868318 -0.3262866
Moved 1637.939 346.3435 295 -0.0474184 -0.335478
Moved 1638.008 351.5 293 -0.02951391 -0.3446691
Moved 1638.073 354 293 -0.02083331 -0.3446691
Moved 1638.139 358.2778 293 -0.005979762 -0.3446691
Moved 1638.205 365.7539 312.2618 0.01997888 -0.2561499
Moved 1638.271 378.6847 343.3694 0.06487743 -0.1131922
Moved 1638.336 382 360.65 0.07638887 -0.03377774
Moved 1638.435 382 378.0161 0.07638887 0.04602966
Moved 1638.505 373.3201 389.3598 0.04625038 0.09816093
Moved 1638.575 363 403.5 0.01041666 0.1631434
Moved 1638.644 355.1699 410.915 -0.01677118 0.1972199
Moved 1638.716 350.9442 417.0558 -0.03144361 0.2254402
Moved 1638.786 348.5529 419 -0.03974706 0.2343752
Moved 1638.854 348 422.2032 -0.04166671 0.2490956
Moved 1638.927 347 423.1133 -0.0451389 0.2532782
Moved 1638.999 346 424.8494 -0.04861109 0.2612563
Moved 1639.067 346 426.019 -0.04861109 0.2666318
Stationary 1639.169 346 426 -0.04861109 0.2665441
Stationary 1639.237 346 426 -0.04861109 0.2665441
Ended 1639.303 346 426 -0.04861109 0.2665441
Backspace 1640.364
Began 1641.602 461 271 0.3506945 -0.4457721
Stationary 1641.673 461 271 0.3506945 -0.4457721
Stationary 1641.747 461 271 0.3506945 -0.4457721
Stationary 1641.813 461 271 0.3506945 -0.4457721
Stationary 1641.886 461 271 0.3506945 -0.4457721
Stationary 1641.957 461 271 0.3506945 -0.4457721
Moved 1642.024 451.3625 280.6375 0.3172311 -0.4014823
Moved 1642.092 435.7319 299.0242 0.262958 -0.3169845
Moved 1642.159 422.0121 319.9757 0.21532 -0.2206999
Moved 1642.239 403.558 359.605 0.1512431 -0.03858006
Moved 1642.311 393.8787 389.6063 0.1176344 0.09929377
Moved 1642.377 390 405.925 0.1041667 0.1742881
Moved 1642.444 386.3237 415.6763 0.09140164 0.2191009
Moved 1642.515 382.8944 422.1056 0.07949457 0.248647
Moved 1642.609 376.6803 429.3197 0.05791768 0.2818
Ended 1642.682 374 430 0.04861116 0.2849265
Began 1642.893 321 347 -0.1354167 -0.09650722
Stationary 1642.963 321 347 -0.1354167 -0.09650722
Stationary 1643.034 321 347 -0.1354167 -0.09650722
Moved 1643.102 298.9387 357.7653 -0.2120184 -0.04703438
Moved 1643.171 271.8578 365.4285 -0.3060494 -0.01181771
Moved 1643.242 246.0392 369 -0.3956972 0.004595589
Moved 1643.313 234.0436 370.9782 -0.4373486 0.01368663
Moved 1643.38 228 371 -0.4583334 0.01378677
Moved 1643.453 227 372 -0.4618056 0.0183825
Moved 1643.521 245.9588 358.0824 -0.3959763 -0.04557722
Moved 1643.601 289.9782 327.413 -0.2431311 -0.186521
Moved 1643.669 317.1112 308.9258 -0.1489194 -0.2714804
Moved 1643.737 329.7665 300.2335 -0.1049773 -0.3114271
Moved 1643.806 343.7493 299 -0.05642615 -0.3170955
Moved 1643.878 372.8408 321.534 0.04458607 -0.2135386
Moved 1643.948 414.0349 366.2073 0.1876211 -0.008238204
Moved 1644.013 438.7108 395.7108 0.2733013 0.1273473
Moved 1644.083 448 411.7352 0.3055556 0.2009888
Moved 1644.154 449 418.0999 0.3090277 0.2302385
Moved 1644.221 428.2715 427.9457 0.2370538 0.2754857
Moved 1644.328 369.3676 436 0.03252641 0.3125
Moved 1644.396 327.4566 438 -0.1129978 0.3216912
Moved 1644.479 308.7874 438 -0.1778216 0.3216912
Moved 1644.545 307 438 -0.1840278 0.3216912
Moved 1644.611 314.774 438.7774 -0.1570348 0.3252638
Moved 1644.681 343.9579 444.1368 -0.05570167 0.3498937
Moved 1644.748 380.9199 447 0.07263869 0.3630516
Moved 1644.82 403.4199 447 0.1507636 0.3630516
Moved 1644.885 411.5141 447 0.1788683 0.3630516
Moved 1644.951 416.2457 447 0.1952974 0.3630516
Moved 1645.061 419.1863 447 0.205508 0.3630516
Stationary 1645.133 419 447 0.2048612 0.3630516
Stationary 1645.199 419 447 0.2048612 0.3630516
Moved 1645.267 419 439.6676 0.2048612 0.3293548
Stationary 1645.332 419 439.6676 0.2048612 0.3293548
Moved 1645.399 419 438.9992 0.2048612 0.3262832
Moved 1645.472 419 437.9721 0.2048612 0.321563
Moved 1645.541 419 435.5 0.2048612 0.3102022
Moved 1645.612 389.7782 427.3113 0.1033965 0.2725703
Moved 1645.681 351.5808 411.6323 -0.02923332 0.2005162
Moved 1645.785 324.0871 400 -0.1246975 0.1470589
Moved 1645.856 316.9193 398 -0.1495859 0.1378677
Moved 1645.923 314.5126 398 -0.1579423 0.1378677
Moved 1645.998 312.7849 398 -0.1639415 0.1378677
Moved 1646.068 310.8874 405.7881 -0.1705299 0.1736588
Moved 1646.139 310 410.765 -0.1736111 0.1965304
Moved 1646.212 302.4298 417.7851 -0.1998965 0.2287919
Moved 1646.286 290.1217 424 -0.2426329 0.257353
Moved 1646.357 287.3257 428 -0.2523412 0.2757353
Moved 1646.43 287 429 -0.2534723 0.280331
Moved 1646.534 286 431 -0.2569445 0.289522
Ended 1646.608 286 431 -0.2569445 0.289522
Backspace 1647.607
Began 1650.922 468 276 0.375 -0.4227943
Stationary 1651.001 468 276 0.375 -0.4227943
Stationary 1651.068 468 276 0.375 -0.4227943
Stationary 1651.141 468 276 0.375 -0.4227943
Stationary 1651.209 468 276 0.375 -0.4227943
Stationary 1651.276 468 276 0.375 -0.4227943
Moved 1651.344 437.358 295.7136 0.268604 -0.3321984
Moved 1651.415 403.4171 329.3467 0.1507539 -0.1776346
Moved 1651.485 384.6984 351.4022 0.08575828 -0.07627656
Moved 1651.551 369.709 373.8731 0.03371179 0.02699039
Moved 1651.617 365.2713 386.4574 0.0183031 0.0848226
Moved 1651.684 365 396.9109 0.01736105 0.1328626
Moved 1651.749 365 403.1445 0.01736105 0.1615099
Moved 1651.813 365 408.6443 0.01736105 0.1867846
Moved 1651.879 365 412.5 0.01736105 0.2045037
Moved 1651.943 373.8138 414.2591 0.04796446 0.2125879
Ended 1652.046 374 415 0.04861116 0.2159927
Began 1652.256 337 318 -0.07986113 -0.2297794
Stationary 1652.33 337 318 -0.07986113 -0.2297794
Stationary 1652.402 337 318 -0.07986113 -0.2297794
Moved 1652.471 320.141 327.9295 -0.1383993 -0.1841475
Moved 1652.541 301.3789 334.3105 -0.2035455 -0.1548229
Moved 1652.615 265.2998 343.45 -0.3288201 -0.1128216
Moved 1652.685 230.892 350.277 -0.4482918 -0.08144772
Moved 1652.754 218.9907 351 -0.4896156 -0.07812515
Moved 1652.82 215.5 352 -0.5017362 -0.07352942
Moved 1652.885 216 354.0758 -0.5 -0.06398973
Moved 1652.96 245.7478 333.1801 -0.396709 -0.1600177
Moved 1653.028 284.9681 301.8255 -0.2605273 -0.3041109
Moved 1653.1 312.0999 286.3 -0.1663196 -0.3754596
Moved 1653.167 334.2783 283 -0.08931153 -0.390625
Moved 1653.234 361.779 300.0566 0.006176978 -0.31224
Moved 1653.302 418.2824 375.0432 0.2023694 0.03236743
Moved 1653.373 438.5077 409.2693 0.2725962 0.1896567
Moved 1653.448 451.0869 431.2608 0.316274 0.2907206
Moved 1653.519 451 442.283 0.3159723 0.3413739
Moved 1653.589 429.2819 449.6796 0.240562 0.3753657
Moved 1653.696 376.9882 453 0.0589867 0.390625
Moved 1653.768 339.0147 453 -0.07286572 0.390625
Moved 1653.84 315.9969 443.6594 -0.1527886 0.3476994
Moved 1653.919 307.8569 443.8569 -0.1810524 0.3486071
Moved 1653.988 305.5696 444 -0.1889943 0.3492649
Stationary 1654.056 306 444 -0.1875 0.3492649
Moved 1654.124 325.4607 452.1152 -0.1199281 0.3865587
Moved 1654.191 354.1136 456.2784 -0.02043881 0.4056912
Moved 1654.257 374.5486 457 0.05051613 0.4090075
Moved 1654.328 393.0657 457 0.1148114 0.4090075
Moved 1654.438 413.1008 457 0.1843777 0.4090075
Moved 1654.51 418.86 457 0.2043748 0.4090075
Moved 1654.576 420.3586 457 0.2095786 0.4090075
Moved 1654.647 408.4298 446.8761 0.1681592 0.3624822
Moved 1654.717 380.6328 443.7266 0.07164165 0.3480082
Moved 1654.784 358.4365 441.3591 -0.00542894 0.3371284
Moved 1654.85 338.9021 441 -0.07325672 0.3354779
Moved 1654.916 320.5966 441 -0.1368173 0.3354779
Moved 1654.982 310.0621 441 -0.1733954 0.3354779
Moved 1655.048 304.6739 441 -0.1921046 0.3354779
Moved 1655.149 298.6271 441 -0.2131003 0.3354779
Moved 1655.215 297.8137 441 -0.2159247 0.3354779
Moved 1655.28 296.7761 441 -0.2195273 0.3354779
Moved 1655.348 295.8934 441 -0.2225924 0.3354779
Stationary 1655.413 295.8934 441 -0.2225924 0.3354779
Moved 1655.478 294.9541 441 -0.2258538 0.3354779
Moved 1655.546 293 441 -0.2326389 0.3354779
Stationary 1655.618 293 441 -0.2326389 0.3354779
Ended 1655.683 293 441 -0.2326389 0.3354779
Began 1655.903 614 472 0.8819444 0.4779413
Stationary 1655.981 614 472 0.8819444 0.4779413
Moved 1656.074 598.6549 464.3275 0.8286629 0.4426814
Moved 1656.145 589.5295 458.5295 0.7969774 0.4160362
Moved 1656.221 580.7276 450.7276 0.7664153 0.3801821
Moved 1656.291 563.7726 435.8181 0.7075437 0.311664
Moved 1656.362 521.5512 397.4134 0.5609418 0.1351719
Moved 1656.43 508.8067 387 0.51669 0.08731625
Moved 1656.5 501.5376 380.5376 0.49145 0.05761778
Moved 1656.577 492.7758 373.7758 0.4610271 0.026543
Moved 1656.647 482.9751 364.9503 0.4269969 -0.01401523
Moved 1656.718 470.3577 359.1788 0.3831863 -0.04053831
Moved 1656.806 430.1682 359 0.2436395 -0.04136016
Moved 1656.876 376.479 376.6713 0.05721882 0.03984999
Moved 1656.949 319.4246 386 -0.140887 0.08272059
Moved 1657.018 284.4647 386 -0.2622754 0.08272059
Moved 1657.093 261.0187 386 -0.3436849 0.08272059
Moved 1657.164 244.8572 378.5002 -0.3998013 0.04825494
Moved 1657.234 234.5 373.5 -0.4357639 0.02527574
Moved 1657.31 230.9762 371 -0.4479995 0.01378677
Moved 1657.381 231 365.0719 -0.4479167 -0.01345635
Moved 1657.452 246 342.5 -0.3958333 -0.1171874
Moved 1657.56 276.8867 307.1133 -0.2885878 -0.2798103
Moved 1657.631 295.3152 290.6848 -0.2246001 -0.3553088
Moved 1657.705 303.5 284.5 -0.1961806 -0.3837315
Moved 1657.778 309.5 280.5 -0.1753473 -0.402114
Moved 1657.85 311.5161 281 -0.1683471 -0.3998162
Moved 1657.921 312.9314 295.6571 -0.1634325 -0.3324582
Moved 1657.996 313 336.6409 -0.1631945 -0.1441137
Moved 1658.073 313 369.597 -0.1631945 0.007339506
Moved 1658.143 313 391.301 -0.1631945 0.1070817
Moved 1658.215 313 401.93 -0.1631945 0.1559284
Moved 1658.321 313 408.0964 -0.1631945 0.1842666
Moved 1658.391 313 411.5 -0.1631945 0.1999082
Moved 1658.462 306 412 -0.1875 0.202206
Moved 1658.539 303.5 413.5 -0.1961806 0.2090993
Moved 1658.609 302 413 -0.2013889 0.2068015
Moved 1658.681 296.8182 413 -0.2193812 0.2068015
Moved 1658.752 293.0259 413 -0.232549 0.2068015
Moved 1658.819 290.8281 414 -0.2401802 0.2113971
Stationary 1658.886 290.8281 414 -0.2401802 0.2113971
Ended 1658.956 291 414 -0.2395833 0.2113971
Began 1659.118 371 427 0.03819451 0.2711398
Stationary 1659.183 371 427 0.03819451 0.2711398
Stationary 1659.248 371 427 0.03819451 0.2711398
Stationary 1659.315 371 427 0.03819451 0.2711398
Stationary 1659.38 371 427 0.03819451 0.2711398
Stationary 1659.449 371 427 0.03819451 0.2711398
Stationary 1659.522 371 427 0.03819451 0.2711398
Moved 1659.595 387.7079 427 0.09620786 0.2711398
Moved 1659.666 428.7677 427 0.2387767 0.2711398
Moved 1659.771 450.5869 427 0.3145377 0.2711398
Moved 1659.842 456.0247 427 0.3334192 0.2711398
Moved 1659.91 459.3723 427 0.3450428 0.2711398
Moved 1659.989 462.2494 427 0.3550327 0.2711398
Moved 1660.057 463.1668 427 0.3582181 0.2711398
Moved 1660.123 464.0486 427 0.3612798 0.2711398
Ended 1660.189 464 427 0.3611112 0.2711398
Began 1660.4 378 282 0.06249995 -0.3952206
Stationary 1660.479 378 282 0.06249995 -0.3952206
Stationary 1660.545 378 282 0.06249995 -0.3952206
Stationary 1660.611 378 282 0.06249995 -0.3952206
Moved 1660.699 384.5562 303.8098 0.08526444 -0.2949916
Moved 1660.77 397.5361 338.8403 0.1303338 -0.1340063
Moved 1660.839 412.4531 374.3906 0.1821289 0.02936883
Moved 1660.908 437.0062 419.0123 0.2673826 0.2344318
Moved 1660.977 443 434.4572 0.2881944 0.3054099
Moved 1661.044 443 441 0.2881944 0.3354779
Moved 1661.11 423.0253 442 0.218838 0.3400736
Moved 1661.182 389.3419 433.2479 0.1018816 0.2998526
Moved 1661.249 339.6393 411.8196 -0.07069707 0.201377
Moved 1661.318 295.1184 385.4122 -0.2252834 0.08001945
Moved 1661.408 271.8274 371.6091 -0.306155 0.01658608
Moved 1661.474 267 367.5 -0.3229167 -0.002297654
Moved 1661.54 276.6628 375.5155 -0.2893652 0.03453816
Moved 1661.607 342.2191 418.0106 -0.06173931 0.2298283
Moved 1661.674 391.9895 441.5979 0.1110746 0.3382258
Moved 1661.739 411.0123 450.0082 0.1771261 0.3768761
Moved 1661.805 419.7351 453 0.2074134 0.390625
Moved 1661.871 423.0333 455.0333 0.2188656 0.3999692
Stationary 1661.936 423 455 0.2187499 0.3998162
Moved 1662.003 402.8646 455 0.1488353 0.3998162
Moved 1662.107 363.4263 455 0.01189694 0.3998162
Moved 1662.184 343.3702 455 -0.05774231 0.3998162
Moved 1662.251 336.0641 455 -0.08311078 0.3998162
Moved 1662.318 332.6527 455 -0.09495587 0.3998162
Ended 1662.385 333 455 -0.09374999 0.3998162
PhraseEnd 1663.602
