yes you are very smart
Basic
0.4 0.4
288 217.6
Began 1761.808 402 445 0.1458333 0.3538603
Stationary 1761.893 402 445 0.1458333 0.3538603
Moved 1761.966 393.2669 445 0.1155102 0.3538603
Moved 1762.043 372.1223 430.3741 0.04209146 0.2866459
Moved 1762.146 343.1682 425 -0.05844385 0.2619486
Moved 1762.266 291.7155 420 -0.2370989 0.2389706
Moved 1762.341 280.8414 418 -0.2748564 0.2297794
Moved 1762.411 276.0305 417 -0.2915608 0.2251838
Moved 1762.481 275 415.5 -0.2951389 0.2182904
Moved 1762.551 273.4314 415 -0.3005854 0.2159927
Moved 1762.62 269.6029 405.8086 -0.3138789 0.1737527
Moved 1762.688 267.8771 391.6313 -0.3198712 0.1086
Moved 1762.756 267 381.0746 -0.3229167 0.06008556
Moved 1762.823 267 375.6635 -0.3229167 0.03521835
Moved 1762.892 267 372 -0.3229167 0.0183825
Ended 1762.959 267 371 -0.3229167 0.01378677
Began 1763.233 351 454 -0.03124997 0.3952207
Stationary 1763.304 351 454 -0.03124997 0.3952207
Stationary 1763.379 351 454 -0.03124997 0.3952207
Moved 1763.45 387.2096 454 0.09447768 0.3952207
Moved 1763.524 459.1029 444.6996 0.3441073 0.3524798
Moved 1763.595 480.6741 441.3315 0.4190073 0.3370013
Moved 1763.666 497.6749 439 0.4780379 0.3262869
Moved 1763.74 501 439 0.4895833 0.3262869
Moved 1763.817 485.5 439 0.4357639 0.3262869
Moved 1763.901 451.5 448.5 0.3177084 0.3699448
Moved 1763.979 425.3648 452 0.2269612 0.3860295
Moved 1764.054 412.6272 455 0.1827334 0.3998162
Moved 1764.131 407 456 0.1631944 0.4044117
Moved 1764.203 404 457 0.1527777 0.4090075
Moved 1764.276 403 458 0.1493056 0.4136029
Moved 1764.351 402 458 0.1458333 0.4136029
Moved 1764.424 401 458 0.1423611 0.4136029
Ended 1764.498 401 459 0.1423611 0.4181986
Began 1764.803 211 379 -0.5173611 0.05055162
Stationary 1764.879 211 379 -0.5173611 0.05055162
Stationary 1764.949 211 379 -0.5173611 0.05055162
Moved 1765.025 250.668 411.3344 -0.3796252 0.1991469
Moved 1765.109 283.1416 434.1416 -0.2668695 0.3039597
Moved 1765.186 295.4115 443.4115 -0.2242656 0.3465602
Moved 1765.263 305.4522 450.2261 -0.189402 0.3778775
Moved 1765.34 314.3814 456.3814 -0.1583978 0.4061646
Moved 1765.418 321 460.2385 -0.1354167 0.42389
Moved 1765.503 323 461 -0.1284722 0.4273897
Stationary 1765.581 323 461 -0.1284722 0.4273897
Moved 1765.656 295.8995 449.9665 -0.2225713 0.3766844
Moved 1765.73 283.127 448 -0.2669203 0.3676471
Moved 1765.801 278.6977 448 -0.2822996 0.3676471
Moved 1765.872 277 448 -0.2881944 0.3676471
Moved 1765.945 276 448 -0.2916667 0.3676471
Stationary 1766.021 276 448 -0.2916667 0.3676471
Ended 1766.093 276 448 -0.2916667 0.3676471
Began 1766.601 312 283 -0.1666667 -0.390625
Stationary 1766.682 312 283 -0.1666667 -0.390625
Stationary 1766.753 312 283 -0.1666667 -0.390625
Moved 1766.825 304.329 306.6838 -0.193302 -0.2817841
Moved 1766.904 297.2703 335.1892 -0.2178116 -0.1507849
Moved 1766.981 291.0276 357.9448 -0.2394875 -0.04620945
Moved 1767.058 289 371.6748 -0.2465278 0.01688803
Moved 1767.143 289 381.9886 -0.2465278 0.06428607
Moved 1767.217 289 387.8224 -0.2465278 0.09109589
Moved 1767.292 302.8526 396.2351 -0.1984283 0.129757
Moved 1767.368 330 406.5 -0.1041666 0.1769302
Moved 1767.441 350.5671 412.189 -0.0327532 0.2030746
Moved 1767.514 370.9832 417.9916 0.03813625 0.229741
Moved 1767.587 382.156 421 0.07693053 0.2435661
Moved 1767.659 387 423.0184 0.09375007 0.2528421
Moved 1767.761 390.3729 424.3729 0.1054615 0.2590668
Moved 1767.845 392.0133 425.0133 0.1111573 0.2620098
Stationary 1767.918 392 425 0.1111111 0.2619486
Ended 1767.99 392 425 0.1111111 0.2619486
Began 1768.569 270 385 -0.3125 0.07812501
Stationary 1768.652 270 385 -0.3125 0.07812501
Stationary 1768.724 270 385 -0.3125 0.07812501
Moved 1768.802 299.2045 385 -0.2110954 0.07812501
Moved 1768.883 364.5256 364.2372 0.01571387 -0.01729236
Moved 1768.96 404.1087 341.6685 0.1531552 -0.1210087
Moved 1769.037 424.1501 331.4249 0.2227436 -0.1680838
Moved 1769.113 430.7281 327 0.2455837 -0.1884191
Moved 1769.196 431 321.6266 0.2465278 -0.2131131
Moved 1769.272 388.9617 321 0.1005614 -0.2159927
Moved 1769.348 347 331 -0.0451389 -0.1700368
Moved 1769.423 295.8867 352.8453 -0.2226155 -0.0696446
Moved 1769.499 275.5301 362.235 -0.2932983 -0.0264935
Moved 1769.596 262.1079 371.8921 -0.3399031 0.01788644
Moved 1769.669 262 381.8704 -0.3402778 0.06374276
Moved 1769.739 283.4254 400.9503 -0.2658839 0.1514262
Moved 1769.813 300.8421 418.5614 -0.2054094 0.2323594
Moved 1769.887 315.899 429.8989 -0.1531287 0.2844619
Moved 1769.959 325.7693 433.8847 -0.1188564 0.302779
Moved 1770.032 334.7186 438.7186 -0.08778252 0.3249938
Moved 1770.108 340 441 -0.06944448 0.3354779
Moved 1770.186 342 442 -0.06250002 0.3400736
Moved 1770.261 343 442 -0.05902775 0.3400736
Ended 1770.378 343 442 -0.05902775 0.3400736
PhraseEnd 1771.71
