are you talking to me
Basic
0.8 0.8
575.9999 230.4
Began 346.9055 210 316 -0.2604167 0.3298611
Stationary 346.9471 210 316 -0.2604167 0.3298611
Stationary 346.9814 210 316 -0.2604167 0.3298611
Stationary 347.0168 210 316 -0.2604167 0.3298611
Stationary 347.0594 210 316 -0.2604167 0.3298611
Stationary 347.0971 210 316 -0.2604167 0.3298611
Stationary 347.1298 210 316 -0.2604167 0.3298611
Stationary 347.1642 210 316 -0.2604167 0.3298611
Moved 347.1984 226.3216 316 -0.2320806 0.3298611
Moved 347.2331 244.3612 316 -0.2007618 0.3298611
Moved 347.2683 257.4283 316 -0.1780758 0.3298611
Moved 347.303 289.5752 325.3938 -0.1222652 0.3706328
Moved 347.339 312.4751 333.2036 -0.08250852 0.4045297
Moved 347.3864 334.1283 340.0321 -0.04491609 0.4341673
Moved 347.4223 341.8035 343 -0.03159114 0.4470487
Moved 347.4572 347.8876 345 -0.02102848 0.4557292
Moved 347.4916 349.2756 346.2756 -0.01861874 0.4612658
Moved 347.5302 351.5 347 -0.01475696 0.4644099
Moved 347.5673 352.0086 348.0087 -0.01387391 0.4687877
Moved 347.6034 353 349.2185 -0.01215279 0.4740387
Moved 347.6388 354.1011 349 -0.0102412 0.4730904
Stationary 347.6735 354 349 -0.01041666 0.4730904
Stationary 347.7079 354 349 -0.01041666 0.4730904
Moved 347.7634 317.628 349 -0.07356256 0.4730904
Moved 347.7978 302.6534 349 -0.09956006 0.4730904
Moved 347.8311 288.4378 349 -0.1242399 0.4730904
Moved 347.8672 275.0783 342 -0.1474335 0.4427085
Moved 347.9039 260.5315 341 -0.1726883 0.4383681
Moved 347.9393 251.9272 340 -0.1876264 0.4340278
Moved 347.9744 245.2048 339 -0.1992973 0.4296877
Moved 348.0103 238.24 339 -0.2113889 0.4296877
Moved 348.0449 235.2981 339 -0.2164964 0.4296877
Moved 348.0793 232.4301 339 -0.2214756 0.4296877
Moved 348.1377 228.0329 339 -0.2291096 0.4296877
Moved 348.1752 226.6261 339 -0.231552 0.4296877
Moved 348.2077 224.6266 339 -0.2350233 0.4296877
Moved 348.2408 224 339 -0.2361111 0.4296877
Stationary 348.2734 224 339 -0.2361111 0.4296877
Moved 348.3057 222.625 339 -0.2384984 0.4296877
Stationary 348.3376 222.625 339 -0.2384984 0.4296877
Moved 348.3736 221.9367 339 -0.2396932 0.4296877
Stationary 348.411 221.9367 339 -0.2396932 0.4296877
Stationary 348.4551 221.9367 339 -0.2396932 0.4296877
Stationary 348.5068 221.9367 339 -0.2396932 0.4296877
Stationary 348.5417 221.9367 339 -0.2396932 0.4296877
Stationary 348.5759 222 339 -0.2395833 0.4296877
Ended 348.6081 222 339 -0.2395833 0.4296877
Backspace 349.4881
Began 350.7523 205 219 -0.2690972 -0.09114584
Stationary 350.795 205 219 -0.2690972 -0.09114584
Stationary 350.8292 205 219 -0.2690972 -0.09114584
Stationary 350.8627 205 219 -0.2690972 -0.09114584
Stationary 350.896 205 219 -0.2690972 -0.09114584
Stationary 350.9317 205 219 -0.2690972 -0.09114584
Stationary 350.9659 205 219 -0.2690972 -0.09114584
Stationary 350.9995 205 219 -0.2690972 -0.09114584
Stationary 351.0333 205 219 -0.2690972 -0.09114584
Moved 351.0669 221.0673 227.8678 -0.2412025 -0.052657
Moved 351.1049 253.1689 249.3556 -0.1854707 0.04060587
Moved 351.1445 282.2913 270.8609 -0.1349109 0.1339449
Moved 351.1821 302.8034 281.9017 -0.09929971 0.1818649
Moved 351.2317 310.8322 286.4161 -0.08536067 0.2014589
Moved 351.2701 319.1679 290.7227 -0.07088904 0.2201504
Moved 351.3064 324.328 294.164 -0.0619305 0.235087
Moved 351.3409 329.0964 297 -0.05365208 0.247396
Moved 351.3775 332 300.4058 -0.04861113 0.2621779
Moved 351.411 332 300.9586 -0.04861113 0.2645771
Moved 351.4456 319.2321 303.824 -0.07077768 0.2770138
Moved 351.481 301.1638 306 -0.1021462 0.2864584
Moved 351.516 273.8212 307.7398 -0.149616 0.2940095
Moved 351.5551 255.5 308 -0.1814236 0.2951389
Moved 351.6115 236.2238 310 -0.2148893 0.3038195
Moved 351.6446 230.3453 311.8273 -0.225095 0.3117506
Moved 351.6791 224.6044 312 -0.2350619 0.3125001
Moved 351.7137 219 313 -0.2447917 0.3168403
Moved 351.7502 215.6042 313 -0.2506872 0.3168403
Moved 351.7844 213.5 314 -0.2543403 0.3211807
Moved 351.8184 213 315.5 -0.2552083 0.327691
Moved 351.8521 212 315 -0.2569445 0.3255209
Moved 351.8866 212 316.272 -0.2569445 0.3310416
Stationary 351.9211 212 316 -0.2569445 0.3298611
Ended 351.9761 212 316 -0.2569445 0.3298611
Began 352.413 366 360 0.01041666 0.5208334
Stationary 352.4553 366 360 0.01041666 0.5208334
Stationary 352.4878 366 360 0.01041666 0.5208334
Stationary 352.5212 366 360 0.01041666 0.5208334
Stationary 352.555 366 360 0.01041666 0.5208334
Moved 352.5892 377.2491 360 0.02994642 0.5208334
Moved 352.6252 402.8115 344.5942 0.07432558 0.4539681
Moved 352.669 431.3235 335.2029 0.1238255 0.4132072
Moved 352.7032 481.7558 323.5407 0.2113816 0.36259
Moved 352.7366 513.9161 317.7964 0.2672155 0.3376581
Moved 352.7711 537.7825 313.715 0.3086502 0.3199436
Moved 352.8081 565.7873 311 0.3572696 0.3081597
Moved 352.8423 572.6339 311 0.3691561 0.3081597
Moved 352.8919 576 311 0.375 0.3081597
Stationary 352.9257 576 311 0.375 0.3081597
Moved 352.9647 559.4426 311 0.3462546 0.3081597
Moved 353.0045 538.5382 311 0.3099622 0.3081597
Moved 353.0409 498.0872 320.7913 0.2397346 0.3506565
Moved 353.0784 476 321 0.2013889 0.3515625
Moved 353.1177 451.9391 323 0.1596166 0.3602431
Moved 353.1518 440.0126 323 0.1389107 0.3602431
Moved 353.1854 432.9417 323 0.126635 0.3602431
Moved 353.2178 429.0653 323 0.119905 0.3602431
Moved 353.2713 424.3283 324 0.1116811 0.3645835
Moved 353.3045 422.9117 324 0.1092218 0.3645835
Stationary 353.3372 423 324 0.109375 0.3645835
Moved 353.3699 422 324 0.1076389 0.3645835
Stationary 353.4027 422 324 0.1076389 0.3645835
Ended 353.4344 422 325.5 0.1076389 0.3710938
Began 353.8763 319 328 -0.07118054 0.3819445
Stationary 353.9169 319 328 -0.07118054 0.3819445
Stationary 353.9494 319 328 -0.07118054 0.3819445
Stationary 353.9843 319 328 -0.07118054 0.3819445
Stationary 354.0175 319 328 -0.07118054 0.3819445
Stationary 354.0501 319 328 -0.07118054 0.3819445
Stationary 354.0816 319 328 -0.07118054 0.3819445
Stationary 354.1134 319 328 -0.07118054 0.3819445
Stationary 354.1454 319 328 -0.07118054 0.3819445
Stationary 354.1792 319 328 -0.07118054 0.3819445
Stationary 354.2113 319 328 -0.07118054 0.3819445
Stationary 354.2434 319 328 -0.07118054 0.3819445
Moved 354.2766 296.5396 320.5397 -0.1101742 0.3495646
Moved 354.311 269.7646 313.2549 -0.1566587 0.3179466
Moved 354.3452 215.7547 294.2903 -0.2504258 0.2356349
Moved 354.3794 151.9956 280.6652 -0.3611188 0.1764984
Moved 354.4125 132.778 276.3556 -0.3944827 0.1577934
Moved 354.466 111.6284 274 -0.4312007 0.1475696
Moved 354.499 101.1812 271.5453 -0.4493381 0.1369155
Moved 354.5359 94 271 -0.4618056 0.1345486
Moved 354.5697 90.68349 270 -0.4675634 0.1302083
Moved 354.6026 90 270 -0.46875 0.1302083
Stationary 354.6348 90 270 -0.46875 0.1302083
Stationary 354.6664 90 270 -0.46875 0.1302083
Moved 354.698 105.2803 270 -0.4422217 0.1302083
Moved 354.7304 221.9898 270 -0.2396011 0.1302083
Moved 354.7645 287.0551 270 -0.1266405 0.1302083
Moved 354.8173 406.9546 278 0.08151837 0.1649306
Moved 354.8501 469.3828 274.5432 0.1899006 0.1499273
Moved 354.8849 536.8538 262.6021 0.3070379 0.09809919
Moved 354.9221 564.0182 258.6647 0.3541982 0.08100987
Moved 354.9592 581.0327 258 0.3837374 0.07812501
Moved 354.9943 592.2795 258 0.4032632 0.07812501
Moved 355.0286 595.0055 256.9945 0.4079956 0.07376102
Moved 355.062 596 257 0.4097223 0.07378473
Stationary 355.0988 596 257 0.4097223 0.07378473
Moved 355.1331 552.2607 257 0.333786 0.07378473
Moved 355.1881 507.7672 257 0.2565403 0.07378473
Moved 355.2249 484.0707 257 0.2154006 0.07378473
Moved 355.2593 474.4274 257 0.1986586 0.07378473
Moved 355.2929 469.5503 257 0.1901914 0.07378473
Moved 355.3266 466.7758 257 0.1853747 0.07378473
Moved 355.3609 465.8365 257 0.1837439 0.07378473
Moved 355.3929 466 267.9514 0.1840278 0.1213167
Moved 355.4267 466 275.0198 0.1840278 0.1519956
Moved 355.459 466 285.5383 0.1840278 0.1976486
Moved 355.4924 466 292.5006 0.1840278 0.2278673
Moved 355.5513 473.6477 300.0925 0.1973051 0.2608184
Moved 355.5855 475 301.9966 0.1996528 0.2690824
Moved 355.6193 477.8686 302.8686 0.204633 0.2728672
Moved 355.6562 479.3708 303 0.207241 0.2734375
Stationary 355.6914 479 303 0.2065972 0.2734375
Stationary 355.7254 479 303 0.2065972 0.2734375
Moved 355.7604 468.7662 284.6494 0.1888303 0.1937907
Moved 355.7956 452.4359 265.0085 0.1604789 0.1085438
Moved 355.8301 437.447 241.8257 0.1344565 0.007923975
Moved 355.8645 428.4875 227.1459 0.1189019 -0.05579035
Moved 355.9203 418.7742 208.1614 0.1020386 -0.1381883
Moved 355.957 417 202.0387 0.09895831 -0.1647626
Moved 355.9937 415 198.5422 0.09548612 -0.1799381
Moved 356.0291 414 196 0.09374999 -0.1909722
Moved 356.0666 413 195 0.09201392 -0.1953125
Moved 356.1023 407.728 195 0.08286104 -0.1953125
Moved 356.1377 400.9699 208.0402 0.07112831 -0.1387146
Moved 356.1755 388.0471 224.2705 0.0486929 -0.06827024
Moved 356.212 379.5408 233.4592 0.03392503 -0.02838877
Moved 356.2483 369.7891 241.2109 0.016995 0.005255805
Moved 356.3093 350.5612 250.4796 -0.01638688 0.04548457
Moved 356.3446 342.1272 253.4364 -0.03102921 0.05831772
Moved 356.3848 338.6963 255.3037 -0.03698561 0.06642237
Moved 356.4215 335.771 256 -0.04206431 0.06944445
Moved 356.4599 335 257.1705 -0.04340276 0.07452475
Moved 356.4982 333.5 257 -0.04600696 0.07378473
Moved 356.534 334 258.5 -0.0451389 0.08029515
Moved 356.5744 334 258 -0.0451389 0.07812501
Ended 356.6111 334 259 -0.0451389 0.08246542
Began 356.902 311 350 -0.08506946 0.4774306
Stationary 356.9467 311 350 -0.08506946 0.4774306
Stationary 356.9882 311 350 -0.08506946 0.4774306
Stationary 357.0232 311 350 -0.08506946 0.4774306
Stationary 357.057 311 350 -0.08506946 0.4774306
Stationary 357.0922 311 350 -0.08506946 0.4774306
Moved 357.1253 327.9271 350 -0.05568218 0.4774306
Moved 357.162 362.6032 335.5587 0.004519373 0.4147514
Moved 357.2079 400.5891 325.6822 0.07046707 0.3718845
Moved 357.2431 434.1542 319.9692 0.1287399 0.3470885
Moved 357.2802 461.8917 313.913 0.1768953 0.3208028
Moved 357.3163 497.2772 305.1445 0.2383285 0.2827454
Moved 357.3523 510.6025 301.6795 0.2614628 0.2677062
Moved 357.3862 519.5684 298.7158 0.2770284 0.254843
Moved 357.4226 528.5914 296.4086 0.2926934 0.244829
Moved 357.4766 532.5553 295.4447 0.2995752 0.2406456
Moved 357.5146 536.5 293.5 0.3064236 0.2322049
Moved 357.5504 537.1515 294 0.3075547 0.234375
Moved 357.5871 538.5 293 0.3098958 0.2300348
Moved 357.6208 539.2495 293 0.311197 0.2300348
Moved 357.661 539 291.8133 0.3107639 0.2248841
Ended 357.6943 539 292 0.3107639 0.2256946
Began 357.8559 479 162 0.2065972 -0.3385416
Stationary 357.9001 479 162 0.2065972 -0.3385416
Stationary 357.9352 479 162 0.2065972 -0.3385416
Stationary 357.9685 479 162 0.2065972 -0.3385416
Stationary 358.0114 479 162 0.2065972 -0.3385416
Stationary 358.0445 479 162 0.2065972 -0.3385416
Stationary 358.0765 479 162 0.2065972 -0.3385416
Stationary 358.1084 479 162 0.2065972 -0.3385416
Stationary 358.1406 479 162 0.2065972 -0.3385416
Stationary 358.1803 479 162 0.2065972 -0.3385416
Stationary 358.2147 479 162 0.2065972 -0.3385416
Moved 358.2493 439.5111 183.2095 0.1380402 -0.2464867
Moved 358.287 384.1533 213.7695 0.04193277 -0.1138475
Moved 358.3293 327.6088 245.9783 -0.05623479 0.02594749
Moved 358.3799 294.0326 264.7804 -0.1145267 0.1075538
Moved 358.4135 281.5069 273.2958 -0.1362727 0.1445132
Moved 358.4476 271.9876 282.0124 -0.1527993 0.1823456
Moved 358.4831 262.3751 289.6249 -0.1694876 0.2153858
Moved 358.5242 258.2502 292.7498 -0.176649 0.2289489
Moved 358.5623 253.8607 296 -0.1842697 0.2430556
Moved 358.5974 250.9901 299.0099 -0.1892533 0.2561195
Moved 358.6322 249.3241 300 -0.1921456 0.2604167
Moved 358.6663 247.5581 301 -0.1952116 0.2647568
Moved 358.6995 246.6261 302.374 -0.1968298 0.2707205
Moved 358.757 246 303 -0.1979167 0.2734375
Ended 358.7917 246 303 -0.1979167 0.2734375
PhraseEnd 360.0708
