a problem with the engine
Basic
0.6 0.6
432 326.4
Began 1133.751 203 351 -0.3634259 -0.05208343
Stationary 1133.803 203 351 -0.3634259 -0.05208343
Stationary 1133.856 203 351 -0.3634259 -0.05208343
Stationary 1133.911 203 351 -0.3634259 -0.05208343
Stationary 1133.961 203 351 -0.3634259 -0.05208343
Stationary 1134.012 203 351 -0.3634259 -0.05208343
Stationary 1134.065 203 351 -0.3634259 -0.05208343
Stationary 1134.118 203 351 -0.3634259 -0.05208343
Stationary 1134.169 203 351 -0.3634259 -0.05208343
Stationary 1134.218 203 351 -0.3634259 -0.05208343
Stationary 1134.273 203 351 -0.3634259 -0.05208343
Stationary 1134.322 203 351 -0.3634259 -0.05208343
Stationary 1134.374 203 351 -0.3634259 -0.05208343
Ended 1134.426 203 351 -0.3634259 -0.05208343
Began 1135.513 582 446 0.513889 0.2389706
Stationary 1135.572 582 446 0.513889 0.2389706
Stationary 1135.622 582 446 0.513889 0.2389706
Stationary 1135.674 582 446 0.513889 0.2389706
Stationary 1135.727 582 446 0.513889 0.2389706
Moved 1135.777 572.5178 453.375 0.4919394 0.2615657
Moved 1135.831 562.2932 459.8535 0.4682712 0.2814137
Moved 1135.886 555.3387 463.8306 0.4521731 0.2935988
Moved 1135.94 544.8561 467 0.4279077 0.3033088
Moved 1135.996 534.5 467 0.4039352 0.3033088
Moved 1136.05 512.9031 470.2742 0.3539423 0.3133402
Moved 1136.103 482.2839 475.5432 0.2830647 0.3294829
Moved 1136.153 391.8471 497.0255 0.07372011 0.3952988
Moved 1136.224 354.1541 501.4066 -0.01353219 0.4087211
Moved 1136.28 338.6924 501 -0.04932304 0.4074755
Moved 1136.331 335 501 -0.05787035 0.4074755
Moved 1136.384 333.3017 502 -0.06180157 0.4105393
Moved 1136.434 333 503.5 -0.06249999 0.4151348
Moved 1136.486 333 504.0848 -0.06249999 0.4169264
Moved 1136.539 371.2553 513.3759 0.02605399 0.445392
Moved 1136.59 434.3663 515 0.1721442 0.4503677
Moved 1136.641 472.9711 506.0032 0.2615072 0.4228041
Moved 1136.692 500.3283 499 0.3248341 0.4013481
Moved 1136.768 506 494.592 0.337963 0.3878434
Moved 1136.817 463.075 439.7488 0.2385994 0.2198185
Moved 1136.865 403.975 358.36 0.101794 -0.02953427
Moved 1136.913 383.1828 309.7311 0.05366385 -0.1785198
Moved 1136.962 378.0895 288.3578 0.04187375 -0.2440017
Moved 1137.01 378 269.0441 0.04166663 -0.3031738
Moved 1137.062 389.0447 251.6368 0.06723315 -0.3565048
Moved 1137.113 401.748 248.126 0.096639 -0.3672611
Moved 1137.161 413.5318 248 0.1239163 -0.3676471
Moved 1137.209 429.7497 248 0.1614576 -0.3676471
Moved 1137.286 486.8177 289.8785 0.2935594 -0.2393429
Moved 1137.335 532.1064 316.5532 0.3983946 -0.1576187
Moved 1137.383 566.2228 339.1671 0.4773675 -0.08833624
Moved 1137.438 571.9902 344.9902 0.490718 -0.07049579
Moved 1137.49 574 356.9292 0.4953703 -0.0339178
Moved 1137.539 523.7358 394.7441 0.3790182 0.08193676
Moved 1137.589 440.6858 439.1746 0.1867727 0.2180594
Moved 1137.639 388.4006 457.8767 0.06574223 0.2753576
Moved 1137.688 347.2859 469.8142 -0.02943069 0.3119309
Moved 1137.737 311.5003 478.7 -0.1122678 0.3391543
Moved 1137.813 294.1354 482 -0.1524644 0.3492648
Moved 1137.861 292.7013 482 -0.155784 0.3492648
Moved 1137.911 292 482 -0.1574074 0.3492648
Moved 1137.96 306.3064 447.4485 -0.1242908 0.2434085
Moved 1138.012 363.2798 378.8922 0.007592142 0.03337084
Moved 1138.066 397.1378 342.006 0.08596699 -0.07963844
Moved 1138.117 423.5786 313.3056 0.1471728 -0.1675686
Moved 1138.168 437.5 298.5 0.1793981 -0.2129289
Moved 1138.217 446.605 286.395 0.2004746 -0.2500154
Moved 1138.268 454.1018 277.7964 0.2178281 -0.2763589
Moved 1138.348 458.5 272.5 0.2280092 -0.2925858
Ended 1138.399 461 268.7292 0.2337964 -0.3041384
Began 1138.709 207 468 -0.3541667 0.3063726
Stationary 1138.766 207 468 -0.3541667 0.3063726
Stationary 1138.814 207 468 -0.3541667 0.3063726
Moved 1138.862 227.5541 468 -0.3065877 0.3063726
Moved 1138.911 293.4745 477.6768 -0.1539943 0.3360195
Moved 1138.964 372.1518 479 0.02812922 0.3400736
Moved 1139.014 408.8271 479 0.1130258 0.3400736
Moved 1139.066 426.796 479 0.1546204 0.3400736
Moved 1139.119 447.2821 479 0.2020418 0.3400736
Moved 1139.17 453 479 0.2152778 0.3400736
Moved 1139.219 454.374 479 0.2184583 0.3400736
Moved 1139.271 434.5 479 0.1724537 0.3400736
Moved 1139.322 349.1837 479 -0.02503782 0.3400736
Moved 1139.372 330.817 479 -0.06755313 0.3400736
Moved 1139.421 325.6746 479 -0.07945692 0.3400736
Moved 1139.503 324 473.6478 -0.08333336 0.323676
Moved 1139.553 342.5982 440.5626 -0.04028201 0.2223118
Moved 1139.602 363.5307 408.7509 0.008172889 0.1248497
Moved 1139.65 380.7101 381.7573 0.04794012 0.04214857
Moved 1139.702 391.6964 367.3036 0.07337123 -0.002133332
Moved 1139.753 394.9065 360.0935 0.08080214 -0.02422333
Moved 1139.805 396 355.7872 0.08333336 -0.03741657
Moved 1139.857 398 352 0.08796295 -0.04901961
Moved 1139.907 399 350 0.09027779 -0.05514706
Moved 1139.957 399 348.8235 0.09027779 -0.05875139
Moved 1140.038 401.0283 347 0.09497284 -0.06433815
Moved 1140.088 401 346 0.09490739 -0.06740196
Moved 1140.141 402.3112 345 0.09794275 -0.07046569
Stationary 1140.192 402 345 0.09722222 -0.07046569
Ended 1140.241 402 344 0.09722222 -0.07352941
Began 1140.411 351 471 -0.02083332 0.3155637
Stationary 1140.489 351 471 -0.02083332 0.3155637
Stationary 1140.538 351 471 -0.02083332 0.3155637
Moved 1140.59 371.5389 432.6476 0.02671033 0.1980626
Moved 1140.642 403.6302 382.0547 0.1009957 0.04305989
Moved 1140.693 419.1746 356.738 0.1369783 -0.03450356
Moved 1140.744 424 346.2236 0.1481481 -0.066717
Moved 1140.801 427 338.2411 0.1550926 -0.09117296
Moved 1140.851 427 334.9479 0.1550926 -0.1012625
Moved 1140.903 399.8192 343.8582 0.09217401 -0.07396399
Moved 1140.956 349.5185 377.9507 -0.02426282 0.03048616
Moved 1141.007 305.292 413.281 -0.1266389 0.1387287
Moved 1141.06 270.1615 442.8385 -0.2079595 0.2292847
Moved 1141.112 260.0687 449.4657 -0.2313225 0.2495886
Moved 1141.162 252.7945 455.2055 -0.248161 0.2671737
Moved 1141.214 249.5 457.5 -0.255787 0.2742034
Moved 1141.27 248 459.5 -0.2592593 0.2803309
Ended 1141.354 247 459 -0.2615741 0.2787991
Began 1141.75 288 492 -0.1666667 0.379902
Stationary 1141.811 288 492 -0.1666667 0.379902
Moved 1141.86 293.4656 484.9727 -0.1540147 0.3583724
Moved 1141.914 324.5857 441.1541 -0.08197764 0.224124
Moved 1141.97 366 385.5 0.01388888 0.0536152
Moved 1142.022 393.7612 345.4866 0.07815092 -0.06897496
Moved 1142.075 411.9772 311.0456 0.1203176 -0.1744927
Moved 1142.129 418.4943 296.5171 0.1354035 -0.2190039
Moved 1142.181 425.2191 284.5618 0.1509701 -0.2556316
Moved 1142.231 427 280.8079 0.1550926 -0.2671326
Moved 1142.283 430.4979 278 0.1631897 -0.2757353
Moved 1142.335 450.8681 317.0289 0.2103429 -0.1561615
Moved 1142.385 475.6308 386.6808 0.2676639 0.05723295
Moved 1142.439 492.5735 452.8675 0.3068832 0.2600107
Moved 1142.491 495 464.8843 0.3125 0.2968271
Moved 1142.542 495 470.8301 0.3125 0.3150434
Moved 1142.595 495 474.2795 0.3125 0.3256112
Moved 1142.675 485.5623 475 0.2906535 0.3278186
Moved 1142.728 481.5 475 0.28125 0.3278186
Moved 1142.782 478.9315 475 0.2753045 0.3278186
Moved 1142.841 477.8553 476 0.2728132 0.3308824
Moved 1142.895 476.9162 476 0.2706394 0.3308824
Moved 1142.946 475.8506 476 0.2681726 0.3308824
Stationary 1143.004 475.8506 476 0.2681726 0.3308824
Moved 1143.053 474.9105 476 0.2659965 0.3308824
Stationary 1143.103 474.9105 476 0.2659965 0.3308824
Stationary 1143.162 474.9105 476 0.2659965 0.3308824
Stationary 1143.251 475 476 0.2662037 0.3308824
Ended 1143.299 475 476 0.2662037 0.3308824
Backspace 1144.426
Began 1145.583 215 350 -0.3356481 -0.05514706
Stationary 1145.661 215 350 -0.3356481 -0.05514706
Stationary 1145.715 215 350 -0.3356481 -0.05514706
Stationary 1145.765 215 350 -0.3356481 -0.05514706
Ended 1145.815 215 350 -0.3356481 -0.05514706
Began 1146.738 616 500 0.5925925 0.4044118
Stationary 1146.795 616 500 0.5925925 0.4044118
Stationary 1146.847 616 500 0.5925925 0.4044118
Stationary 1146.896 616 500 0.5925925 0.4044118
Moved 1146.945 599.8776 500 0.5552722 0.4044118
Moved 1146.997 590.1182 500 0.532681 0.4044118
Moved 1147.048 574.252 500 0.4959537 0.4044118
Moved 1147.099 555.2218 505.2895 0.4519024 0.4206174
Moved 1147.153 478.1284 521.9714 0.2734454 0.4717262
Moved 1147.205 418.6234 529.4611 0.1357022 0.4946724
Moved 1147.257 366.1359 531 0.01420349 0.4993872
Moved 1147.309 335.1497 518.7166 -0.05752394 0.4617541
Moved 1147.369 319.2297 515 -0.09437566 0.4503677
Moved 1147.418 315.1426 514 -0.1038365 0.447304
Moved 1147.468 313 513 -0.1087963 0.4442402
Moved 1147.517 310.9844 513 -0.113462 0.4442402
Moved 1147.566 319.5365 513 -0.09366557 0.4442402
Moved 1147.615 394.9052 511.8547 0.08079906 0.4407314
Moved 1147.694 471.111 499.9815 0.2572013 0.4043551
Moved 1147.743 482.9765 496.0117 0.2846678 0.3921928
Moved 1147.793 487.2961 493.7039 0.2946669 0.3851221
Moved 1147.842 488 487.7501 0.2962963 0.3668816
Moved 1147.891 431.3438 427.3751 0.1651477 0.181909
Moved 1147.941 387.0027 378.1852 0.0625062 0.03120478
Moved 1148.001 347.5756 321.836 -0.02876028 -0.1414337
Moved 1148.056 329.7377 285.8961 -0.0700516 -0.2515438
Moved 1148.108 324.6253 267.1266 -0.0818858 -0.3090482
Moved 1148.161 323 253.8829 -0.08564815 -0.3496234
Moved 1148.245 396.788 258.9152 0.08515745 -0.3342058
Moved 1148.296 472.3999 284.7199 0.2601849 -0.2551472
Moved 1148.347 534.0453 320.0453 0.4028826 -0.1469201
Moved 1148.401 541.7201 330.1602 0.4206484 -0.1159306
Moved 1148.454 492.9594 394.4061 0.3077762 0.08090118
Moved 1148.515 390.1192 460.6632 0.06972045 0.2838947
Moved 1148.568 340.355 476.0717 -0.04547442 0.331102
Moved 1148.617 300.6653 481 -0.1373488 0.3462009
Moved 1148.667 278.3762 481 -0.1889441 0.3462009
Moved 1148.718 269.9395 482 -0.2084733 0.3492648
Moved 1148.801 268 483 -0.212963 0.3523284
Moved 1148.856 314.553 409.6959 -0.1052015 0.1277447
Moved 1148.906 365.1185 358.8815 0.01184841 -0.02793649
Moved 1148.957 398.1263 322.8105 0.0882553 -0.138448
Moved 1149.008 430.8163 271.3674 0.1639267 -0.2960558
Moved 1149.06 442.5 248 0.1909722 -0.3676471
Moved 1149.11 450.584 229.248 0.2096853 -0.4250979
Moved 1149.162 454 217.3563 0.2175926 -0.4615308
Moved 1149.211 455 215.5 0.2199073 -0.4672182
Moved 1149.262 456 212.5 0.2222222 -0.4764093
Ended 1149.341 457 210.5 0.2245371 -0.4825368
Began 1149.779 240 479 -0.2777777 0.3400736
Stationary 1149.84 240 479 -0.2777777 0.3400736
Stationary 1149.905 240 479 -0.2777777 0.3400736
Stationary 1149.954 240 479 -0.2777777 0.3400736
Stationary 1150.003 240 479 -0.2777777 0.3400736
Moved 1150.054 328.386 479 -0.07318065 0.3400736
Moved 1150.107 397.3018 479 0.08634666 0.3400736
Moved 1150.159 452.2541 479 0.213551 0.3400736
Moved 1150.21 465.9309 479 0.2452104 0.3400736
Moved 1150.268 470.8566 479 0.2566126 0.3400736
Moved 1150.318 472.5 479 0.2604167 0.3400736
Moved 1150.368 472 479 0.2592593 0.3400736
Stationary 1150.417 472 479 0.2592593 0.3400736
Moved 1150.466 399.3272 472.905 0.09103516 0.3214003
Moved 1150.515 356.808 472 -0.007388791 0.3186275
Moved 1150.565 337.7614 472 -0.0514783 0.3186275
Moved 1150.614 331.5897 471 -0.06576454 0.3155637
Moved 1150.663 330 471 -0.06944443 0.3155637
Moved 1150.713 341.5196 446.0907 -0.0427787 0.2392485
Moved 1150.792 375.9173 387.1654 0.03684561 0.05871754
Moved 1150.841 382.25 376.7499 0.05150467 0.02680741
Moved 1150.891 385.5 370.5 0.05902777 0.007659314
Moved 1150.941 387 366.4345 0.06250004 -0.004796234
Moved 1150.995 388 362.9 0.06481478 -0.01562502
Moved 1151.05 389 360.9105 0.06712963 -0.0217204
Moved 1151.101 390 359.8868 0.06944448 -0.0248564
Moved 1151.157 391 357.8754 0.07175922 -0.0310191
Ended 1151.216 391 358 0.07175922 -0.03063726
Began 1151.531 327 497 -0.07638887 0.3952206
Stationary 1151.607 327 497 -0.07638887 0.3952206
Stationary 1151.657 327 497 -0.07638887 0.3952206
Moved 1151.708 372.5341 445.5824 0.02901405 0.2376911
Moved 1151.759 409.0589 389.8676 0.1135622 0.06699618
Moved 1151.814 422.9155 365.4742 0.1456377 -0.007738413
Moved 1151.864 427 351.2576 0.1550926 -0.05129403
Moved 1151.917 428 344.9552 0.1574074 -0.07060295
Moved 1151.968 417.2033 342 0.1324151 -0.07965678
Moved 1152.023 362.6579 372.3228 0.006152491 0.01324383
Moved 1152.08 304.3569 419.4594 -0.1288035 0.1576573
Moved 1152.132 277.3108 442.2669 -0.1914103 0.2275335
Moved 1152.184 261.8418 455.4388 -0.2272181 0.2678884
Moved 1152.237 250.8786 463.1214 -0.2525957 0.2914259
Moved 1152.309 246.5 466 -0.2627315 0.300245
Moved 1152.36 244.7511 468.249 -0.26678 0.3071353
Ended 1152.412 245 468 -0.2662037 0.3063726
Began 1152.591 278 480 -0.1898148 0.3431373
Stationary 1152.639 278 480 -0.1898148 0.3431373
Moved 1152.687 309 440 -0.1180555 0.2205883
Moved 1152.739 349.5349 380.6221 -0.02422482 0.03867075
Moved 1152.791 372.718 335.564 0.02943983 -0.09937483
Moved 1152.842 388.5657 302.8685 0.06612439 -0.1995449
Moved 1152.893 404.076 269.848 0.1020278 -0.3007109
Moved 1152.948 419.2566 240.5723 0.1371681 -0.3904035
Moved 1153.002 427.8374 223.1626 0.157031 -0.443742
Moved 1153.052 430 219.2203 0.162037 -0.45582
Moved 1153.114 431 215.5 0.1643519 -0.4672182
Moved 1153.171 432.948 213 0.1688612 -0.4748775
Moved 1153.22 433 212 0.1689814 -0.4779411
Moved 1153.269 433 211 0.1689814 -0.481005
Moved 1153.318 433 210 0.1689814 -0.4840686
Moved 1153.37 425.4215 210 0.1514386 -0.4840686
Moved 1153.422 388.8875 265.298 0.06686906 -0.3146508
Moved 1153.476 368.3503 296.9095 0.01932939 -0.2178016
Moved 1153.531 342.3607 339.4589 -0.04083162 -0.08744222
Moved 1153.582 335.1059 354.6824 -0.05762533 -0.04080137
Moved 1153.667 366.1968 395.3115 0.01434445 0.08367497
Moved 1153.72 450.1656 442.0307 0.2087168 0.2268098
Moved 1153.771 477.377 459.1885 0.2717061 0.2793767
Moved 1153.824 481 462.1535 0.2800926 0.2884605
Moved 1153.877 482 463.0243 0.2824074 0.2911284
Moved 1153.928 455.243 408.1753 0.22047 0.1230861
Moved 1153.99 425.8338 341.335 0.152393 -0.08169408
Moved 1154.044 417.4456 311.1189 0.1329758 -0.1742681
Moved 1154.099 415 286.8612 0.1273148 -0.2485871
Moved 1154.154 414.3329 277.6657 0.1257705 -0.2767595
Moved 1154.235 405.8239 273 0.1060737 -0.291054
Moved 1154.287 359.6983 327.2899 -0.0006984671 -0.1247247
Moved 1154.339 311.5 399.5 -0.1122685 0.0965074
Moved 1154.391 287.8669 425.6552 -0.1669747 0.1766398
Moved 1154.447 267.4764 446.5236 -0.2141749 0.2405746
Moved 1154.499 259.6094 454.3906 -0.2323855 0.264677
Moved 1154.554 256.0708 458.9292 -0.2405768 0.2785822
Moved 1154.608 255 460 -0.2430556 0.2818628
Ended 1154.671 255 460 -0.2430556 0.2818628
PhraseEnd 1155.812
