my favorite place to visit
Basic
0.4 0.4
288 115.2
Began 520.605 470 175 0.3819445 -0.5642359
Stationary 520.6523 470 175 0.3819445 -0.5642359
Stationary 520.6943 470 175 0.3819445 -0.5642359
Stationary 520.7279 470 175 0.3819445 -0.5642359
Stationary 520.7614 470 175 0.3819445 -0.5642359
Stationary 520.8002 470 175 0.3819445 -0.5642359
Stationary 520.8404 470 175 0.3819445 -0.5642359
Stationary 520.8779 470 175 0.3819445 -0.5642359
Stationary 520.9116 470 175 0.3819445 -0.5642359
Stationary 520.945 470 175 0.3819445 -0.5642359
Stationary 520.9787 470 175 0.3819445 -0.5642359
Moved 521.015 456.2255 175 0.3341164 -0.5642359
Moved 521.0507 443.9381 193.7964 0.2914517 -0.4010731
Moved 521.0857 429.1007 206.8993 0.2399331 -0.2873326
Moved 521.1219 415.4365 218.4696 0.1924877 -0.1868955
Moved 521.1582 396.8757 235.0994 0.1280408 -0.04254024
Moved 521.1979 386.3791 244.7157 0.09159417 0.04093488
Moved 521.2648 369.1824 259.8176 0.03188342 0.1720278
Moved 521.3033 365.3747 263.6253 0.01866207 0.2050808
Moved 521.3401 362 267.9316 0.006944388 0.2424619
Moved 521.376 360.6322 269.3678 0.00219509 0.2549288
Moved 521.4106 358.6816 272.3184 -0.004577637 0.2805413
Moved 521.4464 358 274.5 -0.006944462 0.2994795
Moved 521.4819 356.8358 275.1642 -0.010987 0.3052455
Moved 521.5171 357 276.0188 -0.01041666 0.3126632
Stationary 521.5516 357 276 -0.01041666 0.3124998
Moved 521.5869 357 277.1865 -0.01041666 0.3227994
Stationary 521.642 357 277.1865 -0.01041666 0.3227994
Moved 521.6775 357 278.0896 -0.01041666 0.3306392
Stationary 521.7131 357 278.0896 -0.01041666 0.3306392
Stationary 521.7473 357 278 -0.01041666 0.3298611
Ended 521.7823 357 278 -0.01041666 0.3298611
Began 521.9745 329 233 -0.1076389 -0.0607639
Stationary 522.0189 329 233 -0.1076389 -0.0607639
Stationary 522.0525 329 233 -0.1076389 -0.0607639
Stationary 522.0856 329 233 -0.1076389 -0.0607639
Stationary 522.119 329 233 -0.1076389 -0.0607639
Stationary 522.152 329 233 -0.1076389 -0.0607639
Stationary 522.1852 329 233 -0.1076389 -0.0607639
Stationary 522.2311 329 233 -0.1076389 -0.0607639
Stationary 522.2641 329 233 -0.1076389 -0.0607639
Stationary 522.3012 329 233 -0.1076389 -0.0607639
Moved 522.3374 317.7244 242.7585 -0.1467902 0.02394597
Moved 522.3748 304.7946 246 -0.1916853 0.05208334
Moved 522.4106 296.1682 248 -0.2216384 0.06944445
Moved 522.4457 290.0419 250.479 -0.2429101 0.09096385
Moved 522.4834 276.6393 251 -0.2894469 0.09548585
Moved 522.52 267.3891 251 -0.3215655 0.09548585
Moved 522.5549 256.219 251 -0.3603507 0.09548585
Moved 522.612 245.4116 251 -0.3978765 0.09548585
Moved 522.6479 238.2514 251 -0.4227381 0.09548585
Moved 522.686 234.5041 251 -0.4357496 0.09548585
Moved 522.7226 231.3821 251 -0.4465898 0.09548585
Moved 522.7587 227.4308 251 -0.4603099 0.09548585
Moved 522.7948 225.7841 251 -0.4660274 0.09548585
Moved 522.8314 222.2587 251 -0.4782686 0.09548585
Moved 522.8666 220.8273 251 -0.4832386 0.09548585
Moved 522.9028 218.5 251 -0.4913195 0.09548585
Moved 522.9401 215.5182 244 -0.501673 0.03472222
Moved 522.9965 213.545 244 -0.5085242 0.03472222
Moved 523.0314 212 242.2345 -0.513889 0.01939694
Moved 523.0665 211 242 -0.5173611 0.01736138
Moved 523.1035 210 242 -0.5208334 0.01736138
Moved 523.1398 209 240.993 -0.5243056 0.008620157
Moved 523.1748 207.6266 241 -0.5290744 0.008680556
Moved 523.2112 206.8274 241 -0.5318492 0.008680556
Moved 523.2463 206 239.8291 -0.5347222 -0.001483493
Stationary 523.2798 206 239.8291 -0.5347222 -0.001483493
Moved 523.3136 204.8825 240 -0.5386025 0
Moved 523.37 203.8831 238.8832 -0.5420725 -0.00969463
Stationary 523.4052 203.8831 238.8832 -0.5420725 -0.00969463
Stationary 523.4406 204 239 -0.5416667 -0.008680291
Ended 523.4816 204 239 -0.5416667 -0.008680291
Backspace 524.7308
Began 525.9689 458 198 0.3402779 -0.3645834
Stationary 526.0089 458 198 0.3402779 -0.3645834
Stationary 526.0457 458 198 0.3402779 -0.3645834
Stationary 526.0817 458 198 0.3402779 -0.3645834
Stationary 526.1169 458 198 0.3402779 -0.3645834
Stationary 526.1526 458 198 0.3402779 -0.3645834
Stationary 526.1871 458 198 0.3402779 -0.3645834
Stationary 526.2213 458 198 0.3402779 -0.3645834
Stationary 526.2554 458 198 0.3402779 -0.3645834
Stationary 526.2897 458 198 0.3402779 -0.3645834
Stationary 526.3249 458 198 0.3402779 -0.3645834
Moved 526.3596 446.3539 198 0.29984 -0.3645834
Moved 526.3942 438.9052 211.0947 0.2739765 -0.2509136
Moved 526.4313 432.3542 218.6459 0.2512299 -0.1853657
Moved 526.4685 423.6234 228.5649 0.2209146 -0.0992624
Moved 526.5055 418.9382 234.1237 0.2046464 -0.05100992
Moved 526.5418 412.7509 240.2491 0.1831627 0.002162722
Moved 526.5986 400.9152 250.7233 0.1420665 0.09308392
Moved 526.6335 397.7773 255.4454 0.1311711 0.134075
Moved 526.6693 392.8036 259.1964 0.1139015 0.1666353
Moved 526.7057 391 262.0729 0.1076388 0.1916048
Moved 526.741 388.0591 264 0.09742752 0.2083336
Moved 526.7769 386 266 0.09027779 0.2256945
Moved 526.8132 384.6945 267.3055 0.08574472 0.237027
Moved 526.8483 382.5 268 0.078125 0.2430556
Moved 526.8821 381.4038 269 0.0743188 0.2517361
Stationary 526.9169 381 269 0.0729166 0.2517361
Moved 526.9719 380 269 0.06944448 0.2517361
Moved 527.0069 379 269 0.06597222 0.2517361
Moved 527.0415 378 269 0.06249995 0.2517361
Stationary 527.0753 378 269 0.06249995 0.2517361
Stationary 527.1085 378 269 0.06249995 0.2517361
Ended 527.1467 378 269 0.06249995 0.2517361
Began 527.2709 345 217 -0.05208336 -0.1996525
Stationary 527.3148 345 217 -0.05208336 -0.1996525
Stationary 527.3495 345 217 -0.05208336 -0.1996525
Stationary 527.3871 345 217 -0.05208336 -0.1996525
Stationary 527.4222 345 217 -0.05208336 -0.1996525
Stationary 527.4561 345 217 -0.05208336 -0.1996525
Stationary 527.489 345 217 -0.05208336 -0.1996525
Stationary 527.5313 345 217 -0.05208336 -0.1996525
Stationary 527.566 345 217 -0.05208336 -0.1996525
Stationary 527.5999 345 217 -0.05208336 -0.1996525
Stationary 527.6335 345 217 -0.05208336 -0.1996525
Stationary 527.6714 345 217 -0.05208336 -0.1996525
Moved 527.707 332.9462 224.1256 -0.09393685 -0.1377985
Moved 527.7432 318.9958 227 -0.1423756 -0.1128472
Moved 527.7784 310.4012 229 -0.172218 -0.09548585
Moved 527.8125 303.537 230.821 -0.1960523 -0.07967844
Moved 527.8466 294.0803 233.6399 -0.228888 -0.05520901
Moved 527.9028 277.9134 237 -0.2850229 -0.0260414
Moved 527.9387 272.1687 238 -0.3049698 -0.01736111
Moved 527.9769 262.5589 239 -0.3383373 -0.008680291
Moved 528.0139 257.8536 239 -0.354675 -0.008680291
Moved 528.0528 249.9357 240.0321 -0.3821676 0.0002789498
Moved 528.0896 245.1042 240 -0.3989438 0
Moved 528.1265 242.2348 240 -0.4089068 0
Moved 528.168 239.5 240 -0.4184028 0
Moved 528.21 239 240 -0.4201389 0
Stationary 528.2476 239 240 -0.4201389 0
Stationary 528.3023 239 240 -0.4201389 0
Stationary 528.3402 239 240 -0.4201389 0
Moved 528.3754 247.4552 232.6017 -0.3907805 -0.06422149
Moved 528.4116 255.1156 227.8844 -0.3641818 -0.1051699
Moved 528.4523 270.1038 220.2642 -0.3121397 -0.1713178
Moved 528.4887 279.572 217.1069 -0.2792638 -0.1987246
Moved 528.5253 289.525 214.2375 -0.2447049 -0.2236324
Moved 528.5637 302.2062 209.9313 -0.2006728 -0.2610133
Moved 528.6017 308.7055 208.4315 -0.1781058 -0.274032
Moved 528.6403 320.6549 205.115 -0.1366149 -0.3028213
Moved 528.7065 333.4295 204 -0.09225875 -0.3124998
Moved 528.7478 345.3644 203 -0.05081803 -0.3211806
Moved 528.7849 354.1776 203 -0.02021685 -0.3211806
Moved 528.8232 370.3282 213.5313 0.03586173 -0.2297635
Moved 528.861 382.4333 219.1733 0.07789329 -0.1807867
Moved 528.8989 402.5723 231.9434 0.1478204 -0.06993613
Moved 528.9359 414.1988 240.359 0.1881902 0.003116396
Moved 528.9743 434.057 251.0286 0.2571425 0.09573407
Moved 529.0109 445.1891 258.189 0.2957954 0.1578909
Moved 529.0491 451.2412 261.1206 0.3168097 0.1833386
Moved 529.1069 456.7616 264.7616 0.3359778 0.2149444
Moved 529.1442 457 266.2722 0.3368056 0.2280575
Moved 529.1813 457 269.4456 0.3368056 0.2556038
Moved 529.2214 442.3221 273.6695 0.2858408 0.2922702
Moved 529.2592 432.2102 275 0.2507298 0.3038195
Moved 529.2955 417.3604 277 0.1991682 0.3211806
Moved 529.3353 395.7762 280.4448 0.1242229 0.351083
Moved 529.3718 382.1684 281 0.07697359 0.3559028
Moved 529.4118 362.6988 281 0.009370894 0.3559028
Moved 529.4513 350.869 281 -0.03170468 0.3559028
Moved 529.5051 342.4333 281 -0.0609953 0.3559028
Moved 529.5394 337.1448 281 -0.0793583 0.3559028
Moved 529.5798 334.5 281 -0.08854166 0.3559028
Moved 529.6191 332 281 -0.09722225 0.3559028
Moved 529.6573 331 281 -0.1006945 0.3559028
Stationary 529.6978 331 281 -0.1006945 0.3559028
Stationary 529.7355 331 281 -0.1006945 0.3559028
Stationary 529.7733 331 281 -0.1006945 0.3559028
Moved 529.807 338.3152 282.045 -0.07529438 0.3649746
Moved 529.8427 344.2148 283.1074 -0.05480975 0.3741964
Moved 529.8984 370.2746 284 0.03567577 0.3819447
Moved 529.9361 383.8637 284 0.08286014 0.3819447
Moved 529.9744 402.0264 284 0.145925 0.3819447
Moved 530.0116 411.0897 284 0.1773946 0.3819447
Moved 530.0494 421.0999 277 0.2121525 0.3211806
Moved 530.0875 425.4169 276 0.227142 0.3124998
Moved 530.1257 430.5747 274.7126 0.2450509 0.3013251
Moved 530.1628 434.2516 275 0.2578181 0.3038195
Moved 530.1985 436.1153 274 0.2642892 0.2951392
Moved 530.2387 438 273 0.2708334 0.2864584
Stationary 530.2994 438 273 0.2708334 0.2864584
Moved 530.3383 438 272 0.2708334 0.2777781
Moved 530.3774 420.4771 272 0.2099899 0.2777781
Moved 530.4166 410.0048 270.5012 0.1736277 0.2647676
Moved 530.4557 390.5734 271 0.1061575 0.2690972
Moved 530.4966 376.7135 270 0.05803288 0.2604167
Moved 530.5393 368.0871 270 0.02808034 0.2604167
Moved 530.5779 358.5567 270 -0.005011559 0.2604167
Moved 530.6151 351.9926 270 -0.02780333 0.2604167
Moved 530.653 344.3747 270 -0.05425453 0.2604167
Moved 530.7138 334.5657 270 -0.08831353 0.2604167
Moved 530.7505 329.9171 270 -0.1044546 0.2604167
Moved 530.7888 320.2278 279.7027 -0.1380979 0.3446415
Moved 530.8262 315.2018 277.8991 -0.1555494 0.3289853
Moved 530.863 310.2298 278 -0.1728133 0.3298611
Moved 530.8995 304.9211 279 -0.1912461 0.338542
Moved 530.9363 301.3748 279 -0.2035596 0.338542
Moved 530.9767 297.0726 280 -0.2184979 0.3472225
Moved 531.0135 293.4172 280 -0.2311903 0.3472225
Moved 531.0522 286.5079 281 -0.2551809 0.3559028
Moved 531.1116 279.5067 282 -0.2794906 0.3645834
Moved 531.1501 276.9514 283 -0.2883632 0.3732639
Moved 531.1888 275 283 -0.2951389 0.3732639
Moved 531.2252 274 283 -0.2986111 0.3732639
Moved 531.2675 273 283 -0.3020833 0.3732639
Moved 531.3057 272 283 -0.3055556 0.3732639
Moved 531.3441 272 284.5 -0.3055556 0.386285
Ended 531.3851 272 284.5 -0.3055556 0.386285
Began 532.0111 574 302 0.7430556 0.5381945
Stationary 532.0604 574 302 0.7430556 0.5381945
Stationary 532.1003 574 302 0.7430556 0.5381945
Stationary 532.1382 574 302 0.7430556 0.5381945
Stationary 532.1736 574 302 0.7430556 0.5381945
Moved 532.2077 561.5655 296.9791 0.6998802 0.4946108
Moved 532.2435 557.6519 292.8259 0.6862912 0.4585584
Moved 532.2842 549.9031 289.4515 0.6593859 0.4292669
Moved 532.3223 545.1785 286.5892 0.6429808 0.4044207
Moved 532.3594 536.1583 281.5792 0.6116608 0.3609303
Moved 532.3945 525.799 275.3995 0.5756909 0.3072874
Moved 532.4308 518.5024 269.6683 0.5503558 0.2575374
Moved 532.4708 508.7245 262.7245 0.5164047 0.1972617
Moved 532.5207 498.1092 255.5546 0.4795458 0.1350226
Moved 532.5577 493.5 251.5 0.4635416 0.09982666
Moved 532.5933 489.7498 247.7498 0.4505202 0.06727219
Moved 532.6296 485.755 243.755 0.4366492 0.03259553
Moved 532.6657 482.5753 241.5753 0.4256086 0.0136749
Moved 532.7017 481.0263 241 0.4202302 0.008680556
Moved 532.7389 479.158 239.1581 0.4137431 -0.00730806
Moved 532.7756 476.9272 236.9271 0.4059971 -0.02667427
Moved 532.8117 474.335 236.335 0.3969964 -0.03181458
Moved 532.852 468.0667 235 0.3752317 -0.04340278
Moved 532.9089 453.1831 234 0.3235523 -0.05208307
Moved 532.9474 429.0409 234 0.2397254 -0.05208307
Moved 532.9849 410.9597 234 0.1769434 -0.05208307
Moved 533.0251 381.9097 234 0.07607549 -0.05208307
Moved 533.0677 354.4321 234 -0.01933306 -0.05208307
Moved 533.113 331 234 -0.1006945 -0.05208307
Moved 533.1498 317.8156 234 -0.1464735 -0.05208307
Moved 533.1857 305.5846 234 -0.1889423 -0.05208307
Moved 533.2237 292.1825 234 -0.2354775 -0.05208307
Moved 533.2611 285.0887 234 -0.2601089 -0.05208307
Moved 533.322 273.6161 234 -0.2999441 -0.05208307
Moved 533.3618 267.3583 241 -0.3216726 0.008680556
Moved 533.4014 264.5 242 -0.3315973 0.01736138
Moved 533.4385 261.6214 242 -0.3415923 0.01736138
Moved 533.4805 258.6166 242 -0.3520257 0.01736138
Moved 533.5193 257.3094 242 -0.3565646 0.01736138
Moved 533.5538 256.5 242 -0.359375 0.01736138
Moved 533.5889 255.9821 242 -0.3611732 0.01736138
Stationary 533.6274 256 242 -0.3611111 0.01736138
Stationary 533.6617 256 242 -0.3611111 0.01736138
Stationary 533.7146 256 242 -0.3611111 0.01736138
Moved 533.7479 265.0334 237.8662 -0.329745 -0.01852248
Moved 533.7836 275.5592 228.8306 -0.2931971 -0.09695689
Moved 533.8221 290.1009 222.6331 -0.2427051 -0.1507545
Moved 533.8606 300.96 217.52 -0.2050001 -0.1951385
Moved 533.8993 315.5508 211.8623 -0.1543374 -0.2442508
Moved 533.9367 326.2289 207.8855 -0.1172606 -0.2787718
Moved 533.9729 339.7185 204.6407 -0.07042185 -0.3069383
Moved 534.0107 344.9478 203.0521 -0.05226456 -0.3207279
Moved 534.0488 351.2345 202 -0.0304357 -0.3298611
Moved 534.1083 354.0933 202 -0.02050951 -0.3298611
Moved 534.1446 355.5 202 -0.01562499 -0.3298611
Moved 534.1812 355 209.5291 -0.01736112 -0.2645048
Moved 534.2205 355 222 -0.01736112 -0.1562497
Moved 534.2596 342.6277 231.7445 -0.06032043 -0.07166228
Moved 534.2961 336.5241 243.9518 -0.08151361 0.03430393
Moved 534.3365 332.6426 252.0723 -0.09499103 0.104794
Moved 534.3723 327.6635 259.6729 -0.1122794 0.1707721
Moved 534.4083 324.7879 263.4243 -0.1222643 0.2033356
Moved 534.4449 322.9209 266.0791 -0.1287468 0.2263811
Moved 534.5046 320 271.4396 -0.1388889 0.2729133
Moved 534.5405 316.2302 273 -0.1519786 0.2864584
Moved 534.5798 313.6602 274 -0.1609022 0.2951392
Moved 534.6161 311.7883 275 -0.1674017 0.3038195
Moved 534.6517 308.5 276.5 -0.1788195 0.3168406
Moved 534.6878 306.9538 276 -0.1841882 0.3124998
Moved 534.723 305.5 276 -0.1892361 0.3124998
Moved 534.7606 303.6282 276 -0.1957355 0.3124998
Moved 534.7968 303 276 -0.1979167 0.3124998
Moved 534.8321 301.5 276 -0.203125 0.3124998
Moved 534.8896 301 276 -0.2048611 0.3124998
Moved 534.9266 300 276 -0.2083334 0.3124998
Moved 534.9657 299 276 -0.2118056 0.3124998
Stationary 535.0008 299 276 -0.2118056 0.3124998
Moved 535.039 297.8932 276 -0.2156487 0.3124998
Stationary 535.075 297.8932 276 -0.2156487 0.3124998
Stationary 535.1099 298 276 -0.2152778 0.3124998
Ended 535.1438 298 276 -0.2152778 0.3124998
Began 535.5012 359 267 -0.003472194 0.2343753
Stationary 535.5455 359 267 -0.003472194 0.2343753
Stationary 535.5825 359 267 -0.003472194 0.2343753
Stationary 535.6193 359 267 -0.003472194 0.2343753
Stationary 535.6549 359 267 -0.003472194 0.2343753
Stationary 535.6913 359 267 -0.003472194 0.2343753
Stationary 535.7278 359 267 -0.003472194 0.2343753
Stationary 535.7645 359 267 -0.003472194 0.2343753
Stationary 535.8004 359 267 -0.003472194 0.2343753
Stationary 535.8351 359 267 -0.003472194 0.2343753
Stationary 535.87 359 267 -0.003472194 0.2343753
Stationary 535.9043 359 267 -0.003472194 0.2343753
Stationary 535.9428 359 267 -0.003472194 0.2343753
Stationary 535.978 359 267 -0.003472194 0.2343753
Stationary 536.0116 359 267 -0.003472194 0.2343753
Stationary 536.0479 359 267 -0.003472194 0.2343753
Moved 536.1026 373.4758 267 0.04679114 0.2343753
Moved 536.1399 391 267 0.1076388 0.2343753
Moved 536.1763 400.9356 267 0.1421377 0.2343753
Moved 536.2125 410.3012 267 0.174657 0.2343753
Moved 536.2507 421.1492 267 0.2123237 0.2343753
Moved 536.2889 425.8015 267 0.2284774 0.2343753
Moved 536.3264 434.4085 267 0.2583629 0.2343753
Moved 536.3624 439.1069 267 0.2746769 0.2343753
Moved 536.4022 446.0828 267 0.2988985 0.2343753
Moved 536.4395 448.9001 267 0.308681 0.2343753
Moved 536.4992 454.2976 267 0.3274223 0.2343753
Moved 536.5381 457.1569 267 0.3373504 0.2343753
Moved 536.58 460.4615 267 0.3488246 0.2343753
Moved 536.6154 462.0344 267 0.354286 0.2343753
Moved 536.6505 463 267 0.3576389 0.2343753
Moved 536.6862 464.5 267 0.3628471 0.2343753
Moved 536.721 465 267 0.3645833 0.2343753
Moved 536.7579 466.1627 267 0.3686206 0.2343753
Moved 536.7927 467.1206 267 0.3719465 0.2343753
Stationary 536.8279 467 267 0.3715278 0.2343753
Ended 536.8851 467 267 0.3715278 0.2343753
Began 537.1899 368 206 0.02777785 -0.2951389
Stationary 537.2389 368 206 0.02777785 -0.2951389
Stationary 537.2803 368 206 0.02777785 -0.2951389
Stationary 537.3175 368 206 0.02777785 -0.2951389
Stationary 537.3522 368 206 0.02777785 -0.2951389
Stationary 537.387 368 206 0.02777785 -0.2951389
Stationary 537.4249 368 206 0.02777785 -0.2951389
Stationary 537.4592 368 206 0.02777785 -0.2951389
Stationary 537.4935 368 206 0.02777785 -0.2951389
Stationary 537.5274 368 206 0.02777785 -0.2951389
Stationary 537.5712 368 206 0.02777785 -0.2951389
Stationary 537.6056 368 206 0.02777785 -0.2951389
Stationary 537.6402 368 206 0.02777785 -0.2951389
Stationary 537.6762 368 206 0.02777785 -0.2951389
Stationary 537.7122 368 206 0.02777785 -0.2951389
Moved 537.7484 382.7051 215.8035 0.07883728 -0.2100394
Moved 537.7874 397.5188 226.3458 0.1302737 -0.1185258
Moved 537.8242 406.1184 234.0789 0.1601332 -0.05139855
Moved 537.8609 411.3696 238.3696 0.1783666 -0.01415226
Moved 537.8978 416 245.7802 0.1944445 0.05017493
Moved 537.9564 420.5 253 0.2100694 0.1128472
Moved 537.9967 421.1435 254.1436 0.2123039 0.1227739
Moved 538.035 421 257 0.2118056 0.1475695
Moved 538.072 421 260.3174 0.2118056 0.1763662
Moved 538.1091 421 262.5 0.2118056 0.1953125
Moved 538.1467 410.613 264.1935 0.1757395 0.2100129
Moved 538.1835 397.746 265 0.1310626 0.2170139
Moved 538.2214 373.7556 265 0.04776254 0.2170139
Moved 538.2577 357.4385 265 -0.008893983 0.2170139
Moved 538.2944 336.5536 265 -0.08141109 0.2170139
Moved 538.3524 312.3888 254.8778 -0.1653166 0.1291476
Moved 538.3902 293.1412 250.5353 -0.2321486 0.09145234
Moved 538.4276 285.981 247.9937 -0.2570103 0.06938961
Moved 538.4655 277.6878 246 -0.2858061 0.05208334
Moved 538.5037 273.8165 243.8165 -0.2992484 0.03312959
Moved 538.541 270.5 243 -0.3107639 0.02604167
Moved 538.5811 268.5 242 -0.3177083 0.01736138
Moved 538.6213 266.8467 241 -0.323449 0.008680556
Stationary 538.6579 266.8467 241 -0.323449 0.008680556
Moved 538.6938 265.7736 239.7737 -0.327175 -0.001964569
Moved 538.7497 264.8766 240 -0.3302896 0
Stationary 538.7886 265 240 -0.3298611 0
Stationary 538.8236 265 240 -0.3298611 0
Stationary 538.8596 265 240 -0.3298611 0
Stationary 538.8956 265 240 -0.3298611 0
Moved 538.9306 274.0003 248.0002 -0.2986102 0.06944683
Moved 538.967 279 251.5 -0.2812501 0.09982666
Moved 539.0034 301.0121 261.5766 -0.2048193 0.1872969
Moved 539.0383 326.2819 266.7282 -0.1170769 0.2320157
Moved 539.0731 350 269.5 -0.03472224 0.2560764
Moved 539.1337 387.9425 270 0.09702251 0.2604167
Moved 539.1703 406.1799 271 0.1603468 0.2690972
Moved 539.2064 413.5586 272 0.1859672 0.2777781
Moved 539.2422 420.4594 272 0.2099285 0.2777781
Moved 539.2764 425.5934 273 0.227755 0.2864584
Moved 539.3107 430.5 274 0.2447917 0.2951392
Moved 539.3445 432.4374 274 0.2515189 0.2951392
Moved 539.3787 434 275.3083 0.2569445 0.3064961
Moved 539.4125 436.8604 275 0.2668764 0.3038195
Moved 539.4481 438 276 0.2708334 0.3124998
Moved 539.5057 439 276 0.2743055 0.3124998
Moved 539.5416 439 277.5 0.2743055 0.3255209
Moved 539.5772 427.6039 278 0.2347359 0.3298611
Moved 539.6172 412.5 279 0.1822917 0.338542
Moved 539.6558 400.6371 280 0.141101 0.3472225
Moved 539.6944 380.3784 280 0.07075847 0.3472225
Moved 539.742 366.0678 280 0.0210689 0.3472225
Moved 539.7806 357.1887 280 -0.009761527 0.3472225
Moved 539.8215 347.286 280 -0.04414581 0.3472225
Moved 539.858 342.8489 280 -0.05955242 0.3472225
Moved 539.9179 335.1759 280 -0.0861948 0.3472225
Moved 539.9586 331.1636 280 -0.1001263 0.3472225
Moved 539.9981 329.7946 280 -0.1048799 0.3472225
Moved 540.038 326.5 281 -0.1163194 0.3559028
Moved 540.076 325.5 281 -0.1197917 0.3559028
Moved 540.1165 326 281 -0.1180556 0.3559028
Stationary 540.1606 326 281 -0.1180556 0.3559028
Ended 540.1965 326 281 -0.1180556 0.3559028
PhraseEnd 541.5641
