do not say anything
Basic
0.4 0.4
288 115.2
Began 543.0117 300 205 -0.2083334 -0.3038192
Stationary 543.0553 300 205 -0.2083334 -0.3038192
Stationary 543.0917 300 205 -0.2083334 -0.3038192
Stationary 543.1277 300 205 -0.2083334 -0.3038192
Stationary 543.1658 300 205 -0.2083334 -0.3038192
Stationary 543.2021 300 205 -0.2083334 -0.3038192
Stationary 543.2374 300 205 -0.2083334 -0.3038192
Stationary 543.2769 300 205 -0.2083334 -0.3038192
Stationary 543.313 300 205 -0.2083334 -0.3038192
Stationary 543.3508 300 205 -0.2083334 -0.3038192
Stationary 543.3898 300 205 -0.2083334 -0.3038192
Stationary 543.4305 300 205 -0.2083334 -0.3038192
Stationary 543.4727 300 205 -0.2083334 -0.3038192
Stationary 543.507 300 205 -0.2083334 -0.3038192
Stationary 543.5418 300 205 -0.2083334 -0.3038192
Moved 543.5944 310.1854 217.1854 -0.1729674 -0.1980429
Moved 543.6331 313.0608 222.1216 -0.1629835 -0.1551946
Moved 543.671 325.0892 233.0892 -0.121218 -0.05998956
Moved 543.7094 335.6631 239.8652 -0.0845033 -0.001169841
Moved 543.748 360.6219 252.6951 0.002159178 0.1102005
Moved 543.7856 380.9124 259.2281 0.07261262 0.1669105
Moved 543.8232 405.5724 265.0818 0.1582374 0.2177239
Moved 543.8611 420.7695 267.9539 0.2110052 0.2426556
Moved 543.9048 436.678 270.9195 0.2662432 0.2683987
Moved 543.9414 444.2895 272 0.2926718 0.2777781
Moved 543.9999 454.5 274 0.3281251 0.2951392
Moved 544.0375 459.4828 275 0.3454265 0.3038195
Moved 544.0764 463.7022 275 0.3600772 0.3038195
Moved 544.113 466.5 276 0.3697917 0.3124998
Moved 544.1487 468 277 0.375 0.3211806
Moved 544.1855 470.0409 277 0.3820863 0.3211806
Moved 544.2236 471 277 0.3854166 0.3211806
Moved 544.2598 472.3704 277 0.3901752 0.3211806
Ended 544.2957 472 277 0.3888889 0.3211806
Began 544.5278 423 187 0.2187499 -0.4600692
Stationary 544.5651 423 187 0.2187499 -0.4600692
Stationary 544.5999 423 187 0.2187499 -0.4600692
Stationary 544.6337 423 187 0.2187499 -0.4600692
Stationary 544.6685 423 187 0.2187499 -0.4600692
Stationary 544.7035 423 187 0.2187499 -0.4600692
Stationary 544.7388 423 187 0.2187499 -0.4600692
Stationary 544.7732 423 187 0.2187499 -0.4600692
Stationary 544.8079 423 187 0.2187499 -0.4600692
Stationary 544.8423 423 187 0.2187499 -0.4600692
Moved 544.8857 423 199.4139 0.2187499 -0.3523093
Moved 544.9329 433 210.5 0.2534721 -0.2560764
Moved 544.9719 438.2064 219.6191 0.27155 -0.1769172
Moved 545.0104 444.5 230.5 0.2934029 -0.08246528
Moved 545.0483 446.3858 236.7716 0.2999508 -0.02802399
Moved 545.0839 447 242.3909 0.3020833 0.02075407
Moved 545.119 447 246.257 0.3020833 0.05431388
Moved 545.1529 447 249.1404 0.3020833 0.07934386
Moved 545.189 447 250.6677 0.3020833 0.09260178
Moved 545.2248 437.0245 254.9755 0.2674462 0.1299954
Moved 545.2847 421.6212 259.3447 0.2139625 0.1679227
Moved 545.3204 413.351 260.2164 0.1852465 0.1754893
Moved 545.3595 399.5 260 0.1371528 0.1736111
Moved 545.3965 393.8651 260 0.1175872 0.1736111
Moved 545.4347 387.1401 260 0.09423658 0.1736111
Moved 545.4772 378.5296 261 0.06433905 0.1822917
Moved 545.517 373.6263 262.1868 0.04731372 0.192594
Moved 545.5552 372 262 0.04166663 0.1909725
Moved 545.5939 367.6386 263 0.02652303 0.1996528
Moved 545.6318 365.5 263 0.01909718 0.1996528
Moved 545.6909 361.5 264 0.005208403 0.2083336
Moved 545.7283 359.8497 264 -0.0005217642 0.2083336
Moved 545.7655 357.749 264 -0.007816033 0.2083336
Moved 545.8026 356.6277 265 -0.01170956 0.2170139
Moved 545.8397 355.7782 265 -0.01465894 0.2170139
Moved 545.8754 354.7513 265 -0.01822472 0.2170139
Moved 545.9119 353.7571 266 -0.02167657 0.2256945
Stationary 545.9502 354 266 -0.02083331 0.2256945
Moved 545.9866 353 266 -0.02430558 0.2256945
Stationary 546.0241 353 266 -0.02430558 0.2256945
Moved 546.0821 351.7885 266 -0.02851211 0.2256945
Stationary 546.1192 351.7885 266 -0.02851211 0.2256945
Stationary 546.1555 351.7885 266 -0.02851211 0.2256945
Stationary 546.1941 351.7885 266 -0.02851211 0.2256945
Stationary 546.2429 351.7885 266 -0.02851211 0.2256945
Stationary 546.2788 351.7885 266 -0.02851211 0.2256945
Stationary 546.3142 352 266 -0.02777778 0.2256945
Moved 546.3505 352 267 -0.02777778 0.2343753
Ended 546.3851 352 267 -0.02777778 0.2343753
Began 546.5482 261 210 -0.34375 -0.2604167
Stationary 546.5919 261 210 -0.34375 -0.2604167
Stationary 546.6434 261 210 -0.34375 -0.2604167
Stationary 546.6779 261 210 -0.34375 -0.2604167
Stationary 546.7126 261 210 -0.34375 -0.2604167
Stationary 546.7552 261 210 -0.34375 -0.2604167
Stationary 546.7908 261 210 -0.34375 -0.2604167
Moved 546.8279 249.214 217 -0.3846737 -0.1996525
Moved 546.8636 244.6887 218.6556 -0.4003866 -0.1852809
Moved 546.9003 236.1872 221 -0.4299056 -0.1649306
Moved 546.937 228.5819 222 -0.4563128 -0.1562497
Moved 546.9745 221.4317 222.7842 -0.4811398 -0.1494429
Moved 547.0228 215.2408 223 -0.502636 -0.1475695
Moved 547.0605 212.354 223 -0.5126597 -0.1475695
Moved 547.0979 209.6271 224.3729 -0.5221281 -0.1356514
Moved 547.1349 208.8567 224 -0.524803 -0.1388886
Moved 547.171 209 225 -0.5243056 -0.1302083
Moved 547.2064 209 227.3304 -0.5243056 -0.1099788
Moved 547.2421 209 229.0774 -0.5243056 -0.09481431
Moved 547.2784 209 230.0326 -0.5243056 -0.08652264
Moved 547.313 209 234.3376 -0.5243056 -0.04915238
Moved 547.3492 220.6517 238.7678 -0.4838482 -0.01069599
Moved 547.4088 243.0724 248.229 -0.4059985 0.07143207
Moved 547.4477 255.4178 252.1045 -0.3631325 0.1050737
Moved 547.4862 277.176 258.4352 -0.2875833 0.1600276
Moved 547.5258 292.4821 262.5928 -0.234437 0.1961184
Moved 547.5729 308.206 265.3015 -0.1798404 0.2196312
Moved 547.6094 324.4485 267.6121 -0.1234429 0.2396886
Moved 547.6473 333.4263 269 -0.09226979 0.2517361
Moved 547.6841 342.904 272.452 -0.05936117 0.2817017
Moved 547.7213 349.6313 274.3156 -0.03600248 0.2978786
Moved 547.7593 355.5 275 -0.01562499 0.3038195
Moved 547.8211 361.9676 276 0.006832033 0.3124998
Moved 547.8621 364.8546 276 0.01685605 0.3124998
Moved 547.9016 368.8348 277 0.03067657 0.3211806
Moved 547.9402 371 277 0.03819451 0.3211806
Moved 547.9789 374 278 0.04861116 0.3298611
Moved 548.0157 375.5173 278 0.05387947 0.3298611
Moved 548.0586 377 278 0.05902782 0.3298611
Moved 548.0925 378.2542 278 0.06338254 0.3298611
Moved 548.1326 379 279 0.06597222 0.338542
Moved 548.1691 380 279 0.06944448 0.338542
Stationary 548.2292 380 279 0.06944448 0.338542
Ended 548.2658 380 279 0.06944448 0.338542
Began 548.5535 211 228 -0.5173611 -0.1041667
Stationary 548.6097 211 228 -0.5173611 -0.1041667
Stationary 548.6471 211 228 -0.5173611 -0.1041667
Stationary 548.6845 211 228 -0.5173611 -0.1041667
Stationary 548.721 211 228 -0.5173611 -0.1041667
Stationary 548.7599 211 228 -0.5173611 -0.1041667
Stationary 548.7948 211 228 -0.5173611 -0.1041667
Stationary 548.8347 211 228 -0.5173611 -0.1041667
Stationary 548.8727 211 228 -0.5173611 -0.1041667
Stationary 548.9113 211 228 -0.5173611 -0.1041667
Moved 548.9493 223.3558 228 -0.474459 -0.1041667
Moved 548.9879 231.5 228 -0.4461806 -0.1041667
Moved 549.039 248.1721 228 -0.3882914 -0.1041667
Moved 549.078 263.5 228 -0.3350694 -0.1041667
Moved 549.1204 290.5702 228 -0.2410758 -0.1041667
Moved 549.16 328.4507 228 -0.1095463 -0.1041667
Moved 549.2002 346.6502 223.3497 -0.04635341 -0.1445336
Moved 549.24 368.0139 215.7944 0.02782613 -0.2101175
Moved 549.2789 381.3326 212.5334 0.07407144 -0.2384247
Moved 549.3202 395.2788 208.2404 0.1224958 -0.2756914
Moved 549.3602 403.7379 205.2622 0.1518676 -0.3015431
Moved 549.3992 408.6057 204 0.16877 -0.3124998
Moved 549.4603 413.9899 201.0101 0.1874648 -0.3384537
Moved 549.5012 417.2864 199 0.198911 -0.3559026
Moved 549.5441 419.1961 198 0.205542 -0.3645834
Stationary 549.5827 419.1961 198 0.205542 -0.3645834
Stationary 549.621 419 198 0.2048612 -0.3645834
Moved 549.6575 419 206.8475 0.2048612 -0.2877818
Moved 549.6941 412.1929 212.5527 0.1812252 -0.2382575
Moved 549.7406 401.543 224.457 0.1442465 -0.1349216
Moved 549.7946 390 236.5 0.1041667 -0.03038168
Moved 549.8362 382.3563 245.6437 0.07762596 0.04899052
Moved 549.902 373.5457 253.4543 0.04703373 0.1167912
Moved 549.9424 364 258.5 0.01388892 0.1605903
Moved 549.9811 357.194 262.403 -0.009742976 0.1944701
Moved 550.0222 343.5964 267.7018 -0.05695686 0.2404671
Moved 550.0623 334.3203 272.4532 -0.08916579 0.281712
Moved 550.1003 324 276.5 -0.125 0.3168406
Moved 550.137 320.9021 278 -0.1357565 0.3298611
Moved 550.1751 318.8081 279 -0.1430273 0.338542
Moved 550.2115 319 280.5 -0.1423611 0.3515625
Moved 550.2518 319 282.1139 -0.1423611 0.365572
Stationary 550.311 319 282 -0.1423611 0.3645834
Stationary 550.3454 319 282 -0.1423611 0.3645834
Moved 550.3826 328.7018 282 -0.1086744 0.3645834
Moved 550.4216 337.967 274.3444 -0.07650353 0.2981284
Moved 550.4614 343.3828 271.8086 -0.05769849 0.2761163
Moved 550.5018 351.4976 266.5024 -0.02952233 0.2300562
Moved 550.5404 358.7206 261.2794 -0.004442186 0.1847169
Moved 550.5828 365.6243 255.3757 0.01952887 0.1334702
Moved 550.6231 371.6172 248.7656 0.04033744 0.07609077
Moved 550.6627 375.485 244.0299 0.05376757 0.0349821
Moved 550.722 380.9133 239 0.07261559 -0.008680291
Moved 550.7605 383 235.7844 0.07986113 -0.03659355
Moved 550.7985 385.5 234.5 0.08854166 -0.0477428
Moved 550.8391 387 234 0.09375007 -0.05208307
Moved 550.8788 388.5 233 0.09895831 -0.0607639
Moved 550.9156 390.8591 232 0.1071495 -0.06944445
Moved 550.952 393.5 232 0.1163195 -0.06944445
Moved 550.9887 397.773 232 0.1311564 -0.06944445
Moved 551.0283 403.1385 236.5541 0.1497865 -0.02991253
Moved 551.0665 414.6283 247.7522 0.1896816 0.06729338
Moved 551.1288 429.7156 258.2385 0.2420681 0.1583205
Moved 551.1672 437.3746 264.1249 0.268662 0.2094174
Moved 551.2083 444.4245 271.4245 0.2931407 0.2727821
Moved 551.2478 446.9956 274.9957 0.3020682 0.3037819
Moved 551.2864 450 280.2979 0.3125 0.3498086
Moved 551.325 451 282.1665 0.3159723 0.366029
Moved 551.3628 451 283 0.3159723 0.3732639
Stationary 551.4006 451 283 0.3159723 0.3732639
Stationary 551.4372 451 283 0.3159723 0.3732639
Moved 551.4769 441.3825 283 0.282578 0.3732639
Moved 551.5416 424.7793 260.0391 0.2249281 0.1739502
Moved 551.5792 415.9505 248.4258 0.1942726 0.07314073
Moved 551.6188 407.3249 235.4874 0.1643227 -0.03917138
Moved 551.659 403 230 0.1493056 -0.0868053
Moved 551.6996 401 223.3567 0.1423611 -0.1444729
Moved 551.739 400 219.5 0.138889 -0.1779514
Moved 551.7807 397.6043 214.6042 0.1305704 -0.220449
Moved 551.8185 397.1849 209.1849 0.1291142 -0.2674916
Moved 551.8558 397 206.3174 0.1284722 -0.2923838
Moved 551.8923 397 203.8373 0.1284722 -0.3139123
Moved 551.9506 393.5 203 0.1163195 -0.3211806
Moved 551.9887 389.5 203 0.1024306 -0.3211806
Moved 552.0267 385.4911 203 0.08851082 -0.3211806
Moved 552.0692 378.8748 215.0626 0.06553739 -0.2164701
Moved 552.11 372.965 221.035 0.04501745 -0.1646264
Moved 552.1488 369.0944 224.9056 0.0315778 -0.1310274
Moved 552.1879 363.791 229.209 0.01316339 -0.09367201
Moved 552.2281 361.2737 230.7263 0.004422367 -0.08050045
Moved 552.2715 358 234.0271 -0.006944462 -0.0518481
Moved 552.3118 355.6271 236.3729 -0.01518369 -0.0314853
Moved 552.3757 353.8356 237 -0.02140425 -0.0260414
Moved 552.413 354 238 -0.02083331 -0.01736111
Ended 552.4519 354 238 -0.02083331 -0.01736111
PhraseEnd 554.0999
