an offer you cannot refuse
Basic
0.4 0.4
288 217.6
Began 1610.648 246 350 -0.3958333 -0.08272059
Stationary 1610.727 246 350 -0.3958333 -0.08272059
Stationary 1610.798 246 350 -0.3958333 -0.08272059
Stationary 1610.861 246 350 -0.3958333 -0.08272059
Stationary 1610.925 246 350 -0.3958333 -0.08272059
Moved 1610.991 283.8312 336.525 -0.264475 -0.1446459
Moved 1611.057 331.1238 304.7667 -0.1002646 -0.290594
Moved 1611.123 360.2485 278.501 0.0008627773 -0.4113003
Moved 1611.189 370.4782 270.5219 0.03638253 -0.4479695
Moved 1611.254 376.875 266.1251 0.0585936 -0.4681753
Moved 1611.318 380.3047 264 0.07050231 -0.4779411
Moved 1611.393 383.3729 262 0.0811559 -0.4871323
Moved 1611.461 387.2296 261 0.09454712 -0.491728
Moved 1611.531 391.954 260 0.1109514 -0.4963236
Moved 1611.598 395 260 0.1215278 -0.4963236
Ended 1611.673 396 260 0.125 -0.4963236
Began 1611.784 505 445 0.5034723 0.3538603
Stationary 1611.914 505 445 0.5034723 0.3538603
Moved 1611.994 494.104 445 0.4656389 0.3538603
Moved 1612.065 485.6054 436 0.4361299 0.3125
Moved 1612.134 474.9302 430.4651 0.3990634 0.2870642
Moved 1612.204 458.8812 424.7203 0.3433375 0.2606631
Moved 1612.273 364.2506 357.3442 0.014759 -0.04896936
Moved 1612.341 340.8385 337.8384 -0.0665331 -0.13861
Moved 1612.408 332.7612 331.7612 -0.0945793 -0.1665388
Moved 1612.471 328.3633 329 -0.1098497 -0.1792278
Moved 1612.538 323.63 326.6299 -0.1262848 -0.1901198
Moved 1612.627 317.9925 327 -0.1458595 -0.1884191
Moved 1612.693 316.5 327 -0.1510417 -0.1884191
Moved 1612.761 314.8359 327 -0.1568198 -0.1884191
Stationary 1612.833 315 327 -0.15625 -0.1884191
Moved 1612.903 314 327 -0.1597222 -0.1884191
Moved 1612.978 313 337.9954 -0.1631945 -0.1378888
Moved 1613.048 308.615 347.7701 -0.1784203 -0.09296839
Moved 1613.128 295.4691 370.8848 -0.2240656 0.01325748
Moved 1613.2 280.3239 400.0142 -0.2766533 0.1471243
Moved 1613.275 268.823 431.7082 -0.3165869 0.2927766
Moved 1613.382 266 458.6769 -0.326389 0.4167136
Moved 1613.454 274.4189 466.4054 -0.2971567 0.4522308
Moved 1613.522 296.6817 475 -0.2198553 0.491728
Moved 1613.594 313.5054 478 -0.1614396 0.5055147
Moved 1613.662 319 478 -0.1423611 0.5055147
Moved 1613.735 322.5 478 -0.1302084 0.5055147
Ended 1613.8 322.5 478 -0.1302084 0.5055147
Began 1614.073 342 439 -0.06250002 0.3262869
Stationary 1614.158 342 439 -0.06250002 0.3262869
Moved 1614.225 383.7052 439 0.08230954 0.3262869
Moved 1614.296 410.2011 439 0.1743093 0.3262869
Moved 1614.364 444.001 439 0.2916701 0.3262869
Moved 1614.431 462.7898 439 0.3569089 0.3262869
Moved 1614.521 479.1898 439 0.4138534 0.3262869
Moved 1614.588 480 439 0.4166667 0.3262869
Moved 1614.651 469.1387 439 0.378954 0.3262869
Moved 1614.715 428.8437 439 0.2390406 0.3262869
Moved 1614.779 405.4158 439 0.1576939 0.3262869
Moved 1614.845 395.8279 439 0.1244022 0.3262869
Moved 1614.91 390.5 439 0.1059029 0.3262869
Moved 1614.972 387.5957 439 0.09581834 0.3262869
Ended 1615.036 388 439 0.09722218 0.3262869
Began 1615.257 319 278 -0.1423611 -0.413603
Stationary 1615.361 319 278 -0.1423611 -0.413603
Moved 1615.427 313.6597 293.2887 -0.1609037 -0.3433424
Moved 1615.494 280.0274 333.1116 -0.2776827 -0.1603329
Moved 1615.564 251.3587 362.6412 -0.3772267 -0.02462668
Moved 1615.633 244.2704 371.4592 -0.401839 0.01589719
Moved 1615.699 241 376.5384 -0.4131945 0.03923893
Moved 1615.762 241 379.0914 -0.4131945 0.05097151
Moved 1615.826 270.5373 379 -0.3106343 0.05055162
Moved 1615.89 294.7385 366.5654 -0.2266026 -0.006592975
Moved 1615.961 326.3071 350.2158 -0.1169892 -0.08172905
Moved 1616.047 368.5428 333.8643 0.0296624 -0.1568734
Moved 1616.119 406.9212 320.7697 0.1629208 -0.2170508
Moved 1616.199 421.1165 315.9418 0.21221 -0.2392382
Moved 1616.265 428.3282 315 0.2372505 -0.2435662
Moved 1616.33 433.5963 313 0.2555427 -0.2527574
Moved 1616.395 436.0156 312 0.263943 -0.2573528
Moved 1616.458 438.1566 312 0.2713771 -0.2573528
Moved 1616.522 440.3734 311 0.2790743 -0.2619486
Moved 1616.586 441.0037 311 0.2812627 -0.2619486
Moved 1616.649 443.248 311 0.2890556 -0.2619486
Moved 1616.746 460.8863 344.8294 0.3502995 -0.1064825
Moved 1616.81 472.4608 371.6129 0.3904892 0.01660361
Moved 1616.875 484.095 401.19 0.4308854 0.1525276
Moved 1616.943 486 423.7002 0.4375001 0.2559751
Moved 1617.009 477.0952 438.9048 0.4065806 0.3258493
Moved 1617.086 440.7093 453.9402 0.2802405 0.3949458
Moved 1617.155 367.0324 461.8306 0.02441824 0.431207
Moved 1617.225 333.9961 463 -0.09029135 0.4365809
Moved 1617.297 327.1626 463 -0.1140186 0.4365809
Moved 1617.363 323.91 463 -0.1253125 0.4365809
Moved 1617.466 323 463 -0.1284722 0.4365809
Stationary 1617.536 323 463 -0.1284722 0.4365809
Stationary 1617.604 323 463 -0.1284722 0.4365809
Ended 1617.672 323 463 -0.1284722 0.4365809
Began 1618.1 374 445 0.04861116 0.3538603
Stationary 1618.172 374 445 0.04861116 0.3538603
Moved 1618.238 352.581 445 -0.02576053 0.3538603
Moved 1618.306 328.1292 445 -0.1106624 0.3538603
Moved 1618.375 314.5432 445 -0.1578361 0.3538603
Moved 1618.44 311.5 445 -0.1684028 0.3538603
Moved 1618.508 310.5 445 -0.171875 0.3538603
Moved 1618.576 311 445 -0.1701389 0.3538603
Moved 1618.642 320.3078 428.2306 -0.1378202 0.276795
Moved 1618.708 330.5632 401.7473 -0.1022112 0.1550888
Moved 1618.779 335 383.9619 -0.08680553 0.07335425
Moved 1618.848 337 372.8499 -0.07986113 0.02228835
Moved 1618.915 339 363.0898 -0.07291667 -0.02256534
Moved 1619.004 347.4454 362 -0.04359245 -0.02757339
Moved 1619.081 376.2404 391.2404 0.05639016 0.1068035
Moved 1619.149 391.7482 406.4964 0.1102369 0.1769135
Moved 1619.217 398.5 414.5 0.1336806 0.2136949
Moved 1619.284 399 417.3708 0.1354167 0.2268878
Moved 1619.351 388.0408 417 0.0973639 0.2251838
Moved 1619.425 345 391.5 -0.05208336 0.1079965
Moved 1619.502 301.3883 365.6942 -0.2035129 -0.01059658
Moved 1619.581 286.0797 359.5399 -0.2566677 -0.0388792
Moved 1619.646 279.7466 359 -0.2786576 -0.04136016
Moved 1619.745 279 367.8442 -0.2812501 -0.0007158168
Moved 1619.81 288.3121 384.2484 -0.2489163 0.07467081
Moved 1619.874 297.5268 406.0536 -0.2169208 0.174879
Moved 1619.943 304.8396 423.6791 -0.1915293 0.2558784
Moved 1620.011 307 430.2447 -0.1840278 0.2860509
Moved 1620.079 307 433 -0.1840278 0.2987132
Ended 1620.143 307 433 -0.1840278 0.2987132
PhraseEnd 1621.297
