the quick brown fox jumps over the lazy dog
Basic
0.4 0.4
288 217.6
Began 1674.734 323 483 -0.1284722 0.5284926
Stationary 1674.811 323 483 -0.1284722 0.5284926
Stationary 1674.884 323 483 -0.1284722 0.5284926
Stationary 1674.957 323 483 -0.1284722 0.5284926
Moved 1675.029 331.7136 467.7152 -0.09821662 0.4582503
Moved 1675.102 359.5374 431.0782 -0.001606196 0.2898817
Moved 1675.173 378.399 402.4681 0.0638853 0.158401
Moved 1675.246 384.988 391.012 0.08676381 0.1057539
Moved 1675.314 386 386 0.09027779 0.08272059
Moved 1675.384 381.5525 385 0.07483512 0.07812501
Moved 1675.459 352.2286 403.0629 -0.02698399 0.1611345
Moved 1675.533 311.2127 434.7873 -0.1694003 0.3069269
Moved 1675.604 293.1987 452.8013 -0.2319489 0.3897119
Moved 1675.673 285.2559 460.7441 -0.2595282 0.4262139
Moved 1675.741 283 463.1375 -0.2673611 0.4372129
Ended 1675.837 283 464 -0.2673611 0.4411766
Began 1675.995 192 436 -0.5833333 0.3125
Stationary 1676.084 192 436 -0.5833333 0.3125
Moved 1676.181 226.0444 436 -0.4651235 0.3125
Moved 1676.254 302.8044 432.0308 -0.198596 0.2942594
Moved 1676.323 354.6863 424.7015 -0.01845039 0.260577
Moved 1676.394 389.3702 422 0.1019798 0.2481619
Moved 1676.465 402.1155 421 0.1462343 0.2435661
Moved 1676.538 410.7131 421 0.1760872 0.2435661
Moved 1676.609 429.0994 421 0.2399285 0.2435661
Moved 1676.677 439.9155 421 0.2774844 0.2435661
Moved 1676.748 444 421 0.2916667 0.2435661
Stationary 1676.816 444 421 0.2916667 0.2435661
Moved 1676.904 364.5901 366.3251 0.01593799 -0.007696994
Moved 1676.978 335.2677 342.1785 -0.08587614 -0.1186652
Moved 1677.054 323.2237 331.2236 -0.1276956 -0.1690091
Moved 1677.132 314.3856 323.3856 -0.1583833 -0.2050293
Moved 1677.205 308.6512 317.6512 -0.1782944 -0.231382
Moved 1677.281 308 317 -0.1805556 -0.2343749
Moved 1677.35 343.8814 325.9661 -0.05596735 -0.1931704
Moved 1677.433 388.7619 338.1524 0.09986789 -0.1371673
Moved 1677.504 423.8607 348.9721 0.2217384 -0.08744451
Moved 1677.574 448.6718 356 0.3078881 -0.05514707
Moved 1677.682 461.5 359 0.3524305 -0.04136016
Ended 1677.754 463 360 0.3576389 -0.03676471
Began 1678.209 358 280 -0.006944462 -0.4044116
Stationary 1678.294 358 280 -0.006944462 -0.4044116
Stationary 1678.369 358 280 -0.006944462 -0.4044116
Moved 1678.447 358 290.1917 -0.006944462 -0.3575747
Moved 1678.52 347.0718 302.8564 -0.04488968 -0.299373
Moved 1678.593 341.9397 316.1206 -0.06270938 -0.2384162
Moved 1678.666 332.1556 332.7666 -0.09668195 -0.1619181
Moved 1678.736 324.5 347.5 -0.1232639 -0.09420957
Moved 1678.806 315.5038 368.9849 -0.1545008 0.004526167
Moved 1678.877 312 383.7162 -0.1666667 0.07222527
Moved 1678.958 312 397.199 -0.1666667 0.1341867
Moved 1679.041 337.1998 405.2999 -0.07916749 0.171415
Moved 1679.113 396.1302 414.113 0.125452 0.2119166
Moved 1679.184 439.555 416.6507 0.2762327 0.2235786
Moved 1679.258 480.1469 419.7156 0.4171767 0.2376639
Moved 1679.328 491.5464 421 0.4567585 0.2435661
Moved 1679.4 492 422 0.4583334 0.2481619
Moved 1679.475 438.7794 435.3052 0.2735394 0.309307
Moved 1679.548 373.3985 447 0.04652262 0.3630516
Moved 1679.62 338.7766 448 -0.0736922 0.3676471
Moved 1679.696 315.2866 448 -0.1552549 0.3676471
Moved 1679.804 295.3739 437.3739 -0.2243961 0.3188139
Moved 1679.88 283.0683 432.5341 -0.2671241 0.2965722
Moved 1679.949 278.8011 428.8011 -0.2819405 0.2794171
Moved 1680.023 285.9855 413.0083 -0.2569949 0.2068396
Moved 1680.097 306.1842 381.9789 -0.1868604 0.06424147
Moved 1680.17 337.4903 348.2581 -0.07815883 -0.09072543
Moved 1680.241 361.5391 331.2305 0.005344152 -0.1689776
Moved 1680.312 374.524 320.738 0.05043045 -0.2171965
Moved 1680.38 380 316 0.06944448 -0.2389706
Moved 1680.45 385.8203 312 0.08965374 -0.2573528
Moved 1680.554 390.2393 309 0.1049975 -0.2711396
Moved 1680.623 391 308 0.1076388 -0.2757353
Moved 1680.692 392 306 0.1111111 -0.2849265
Moved 1680.76 393 306 0.1145834 -0.2849265
Moved 1680.828 394 305 0.1180555 -0.2895219
Ended 1680.895 394 305 0.1180555 -0.2895219
Began 1681.079 314 400 -0.1597222 0.1470589
Stationary 1681.164 314 400 -0.1597222 0.1470589
Moved 1681.234 296.1628 400 -0.2216568 0.1470589
Moved 1681.307 270.0047 400 -0.3124836 0.1470589
Moved 1681.381 249.5258 400 -0.3835909 0.1470589
Moved 1681.455 228.3278 400 -0.4571951 0.1470589
Moved 1681.538 211.5 390 -0.5156251 0.1011029
Moved 1681.607 209.5 389 -0.5225694 0.0965075
Moved 1681.677 207.9686 389 -0.5278869 0.0965075
Stationary 1681.747 207.9686 389 -0.5278869 0.0965075
Moved 1681.813 206.8983 389 -0.5316031 0.0965075
Stationary 1681.88 206.8983 389 -0.5316031 0.0965075
Ended 1681.948 207 389 -0.5312501 0.0965075
Backspace 1683.255
Began 1684.638 312 437 -0.1666667 0.3170957
Stationary 1684.714 312 437 -0.1666667 0.3170957
Stationary 1684.78 312 437 -0.1666667 0.3170957
Stationary 1684.848 312 437 -0.1666667 0.3170957
Stationary 1684.916 312 437 -0.1666667 0.3170957
Stationary 1684.987 312 437 -0.1666667 0.3170957
Stationary 1685.056 312 437 -0.1666667 0.3170957
Stationary 1685.124 312 437 -0.1666667 0.3170957
Stationary 1685.192 312 437 -0.1666667 0.3170957
Stationary 1685.26 312 437 -0.1666667 0.3170957
Stationary 1685.328 312 437 -0.1666667 0.3170957
Moved 1685.399 344.5 419.5 -0.05381942 0.2366729
Moved 1685.469 378.1335 395.7199 0.06296352 0.1273894
Moved 1685.546 400.5234 379.4766 0.1407063 0.05274198
Moved 1685.641 413.3533 371.6467 0.1852545 0.01675844
Moved 1685.718 418.6516 366.3484 0.2036514 -0.007589706
Moved 1685.791 419 362 0.2048612 -0.02757339
Moved 1685.867 387.784 371.2159 0.09647235 0.01477915
Moved 1685.939 348.7487 397.2513 -0.03906697 0.1344269
Moved 1686.01 325.1639 419.8361 -0.1209585 0.2382171
Moved 1686.087 317 428 -0.1493056 0.2757353
Moved 1686.156 313.7574 431.2427 -0.1605647 0.2906373
Moved 1686.229 311.7266 433.2734 -0.167616 0.2999699
Moved 1686.298 311 434 -0.1701389 0.3033089
Ended 1686.407 311 434 -0.1701389 0.3033089
Began 1686.744 225 471 -0.46875 0.4733456
Stationary 1686.821 225 471 -0.46875 0.4733456
Stationary 1686.887 225 471 -0.46875 0.4733456
Moved 1686.956 261.5864 471 -0.3417141 0.4733456
Moved 1687.027 294.391 471 -0.2278092 0.4733456
Moved 1687.101 346.8388 461.2322 -0.04569858 0.428457
Moved 1687.171 401.7441 453.4512 0.1449448 0.3926984
Moved 1687.24 425.6924 450 0.2280987 0.3768383
Moved 1687.313 439.5 448 0.2760417 0.3676471
Moved 1687.394 441 446 0.2812501 0.3584559
Moved 1687.458 424.0152 428.2413 0.222275 0.2768441
Moved 1687.521 358.7154 366.668 -0.004460365 -0.006121187
Moved 1687.585 333.2439 329.4065 -0.09290301 -0.1773599
Moved 1687.66 325.6814 311.7254 -0.1191619 -0.258615
Moved 1687.733 322 295.0129 -0.1319444 -0.3354185
Moved 1687.806 320 288.7039 -0.1388889 -0.3644122
Moved 1687.877 327.4879 288 -0.1128893 -0.3676471
Moved 1688 417.006 326.503 0.1979374 -0.1907032
Moved 1688.073 433.96 334.98 0.2568056 -0.1517462
Moved 1688.147 446.6982 341 0.3010352 -0.1240809
Moved 1688.218 451.6801 344 0.3183338 -0.1102941
Moved 1688.292 454.4094 345 0.3278104 -0.1056985
Ended 1688.362 455 345 0.329861 -0.1056985
Began 1688.927 384 255 0.08333341 -0.5193014
Stationary 1689.004 384 255 0.08333341 -0.5193014
Stationary 1689.071 384 255 0.08333341 -0.5193014
Stationary 1689.138 384 255 0.08333341 -0.5193014
Moved 1689.209 384 268.3171 0.08333341 -0.4581013
Moved 1689.282 373.6303 288.4788 0.04732743 -0.3654468
Moved 1689.35 360.8277 311.3447 0.002873838 -0.2603646
Moved 1689.418 345.1587 341.6827 -0.05153247 -0.1209436
Moved 1689.486 335.5 360 -0.08506946 -0.03676471
Moved 1689.554 325.5527 385.3419 -0.1196087 0.07969639
Moved 1689.622 324 399.743 -0.125 0.145878
Moved 1689.689 324 411.1818 -0.125 0.198446
Moved 1689.756 336.2041 422.8027 -0.08262455 0.2518508
Moved 1689.821 351.5003 431.7501 -0.02951279 0.2929693
Moved 1689.911 411.0552 441.4365 0.1772751 0.3374838
Moved 1689.977 449.1843 444 0.3096678 0.3492649
Moved 1690.048 480.2708 446 0.4176068 0.3584559
Moved 1690.12 486 446 0.4375001 0.3584559
Moved 1690.2 470.49 451.2886 0.3836457 0.38276
Moved 1690.269 432.85 458.0333 0.2529512 0.4137562
Moved 1690.339 371.6198 464 0.04034654 0.4411766
Moved 1690.408 339.1237 464 -0.07248722 0.4411766
Moved 1690.482 312 464 -0.1666667 0.4411766
Moved 1690.558 293.1368 455 -0.2321638 0.3998162
Moved 1690.668 273.4309 446.7155 -0.3005873 0.3617439
Moved 1690.745 266.5 443.5 -0.3246528 0.3469669
Moved 1690.817 263.7508 443 -0.3341986 0.3446691
Moved 1690.89 280.5301 417.2579 -0.2759373 0.2263691
Moved 1690.964 309.5 384.5 -0.1753473 0.07582735
Moved 1691.034 338.5 353.5 -0.07465281 -0.06663603
Moved 1691.103 358.0776 335.9224 -0.006674976 -0.1474152
Moved 1691.173 367.9057 329.0943 0.02745032 -0.1787945
Moved 1691.242 379.1428 320.9286 0.06646812 -0.2163208
Moved 1691.311 382.0428 318.9572 0.07653743 -0.2253803
Moved 1691.416 387.0715 316 0.09399833 -0.2389706
Ended 1691.49 388 315 0.09722218 -0.2435662
Began 1691.696 324 381 -0.125 0.05974266
Stationary 1691.767 324 381 -0.125 0.05974266
Stationary 1691.835 324 381 -0.125 0.05974266
Moved 1691.904 357.9774 397.9887 -0.007023066 0.1378158
Moved 1691.976 392.1071 409.7296 0.111483 0.1917721
Moved 1692.046 426.2413 419.5603 0.2300045 0.23695
Moved 1692.119 453.4326 426.2865 0.3244185 0.2678608
Moved 1692.194 472.5437 432.5436 0.3907768 0.296616
Moved 1692.267 476 433 0.4027778 0.2987132
Moved 1692.341 477 434 0.4062501 0.3033089
Moved 1692.428 458.9633 422.778 0.3436226 0.2517372
Moved 1692.502 384.5493 370.9637 0.0852406 0.01362029
Moved 1692.575 363.5361 351.152 0.01227796 -0.0774263
Moved 1692.648 343.6397 337.2133 -0.05680643 -0.1414832
Moved 1692.724 324.2183 327.4061 -0.1242422 -0.186553
Moved 1692.806 304.6273 320.5424 -0.1922663 -0.2180955
Moved 1692.879 289.3698 315 -0.2452439 -0.2435662
Moved 1692.953 278.0901 309.545 -0.2844093 -0.2686348
Moved 1693.026 272.74 307 -0.3029861 -0.2803309
Moved 1693.096 270 304.5 -0.3125 -0.2918198
Moved 1693.215 264.9568 302 -0.330011 -0.3033088
Moved 1693.29 263.0592 299 -0.3365999 -0.3170955
Moved 1693.36 262 296.627 -0.3402778 -0.3280009
Moved 1693.432 261 295.462 -0.34375 -0.3333549
Ended 1693.501 261 295 -0.34375 -0.335478
Began 1693.681 422 361 0.2152778 -0.03216912
Stationary 1693.753 422 361 0.2152778 -0.03216912
Moved 1693.821 422 367.0208 0.2152778 -0.004499941
Moved 1693.894 411.475 396.0999 0.1787327 0.1291358
Moved 1693.966 409 423 0.1701389 0.2527574
Moved 1694.04 407 445.9925 0.1631944 0.3584215
Moved 1694.118 405.8192 454.1808 0.1590945 0.3960515
Moved 1694.193 404.847 454 0.1557189 0.3952207
Moved 1694.271 404 386.7483 0.1527777 0.08615936
Moved 1694.349 419.1665 336.1675 0.2054392 -0.1462892
Moved 1694.439 431.3857 304.2286 0.2478671 -0.2930671
Moved 1694.51 437.1723 293.8278 0.2679593 -0.3408651
Moved 1694.588 443.9466 289 0.2914813 -0.3630514
Moved 1694.663 476.7653 335.5306 0.4054351 -0.149216
Moved 1694.736 503.9901 403.9704 0.4999657 0.1653053
Moved 1694.81 506 418.8192 0.5069445 0.233544
Moved 1694.882 506 426.6167 0.5069445 0.2693783
Moved 1694.959 487.5 430.5 0.4427083 0.2872243
Moved 1695.037 419.5866 415.8622 0.206898 0.219955
Moved 1695.112 360.9177 394.9753 0.003186614 0.1239677
Moved 1695.222 300.4567 376.8641 -0.2067477 0.04073592
Moved 1695.3 284.0118 372.0059 -0.263848 0.0184097
Moved 1695.371 276.2747 370 -0.2907129 0.009191178
Moved 1695.441 270.9133 368 -0.309329 0
Moved 1695.513 265.873 365.873 -0.32683 -0.009774882
Moved 1695.581 262.97 366 -0.3369098 -0.009191178
Moved 1695.65 261.8693 364.8693 -0.3407316 -0.0143873
Stationary 1695.718 262 365 -0.3402778 -0.01378677
Ended 1695.786 262 365 -0.3402778 -0.01378677
Began 1695.965 438 438 0.2708334 0.3216912
Stationary 1696.05 438 438 0.2708334 0.3216912
Stationary 1696.118 438 438 0.2708334 0.3216912
Moved 1696.186 427.0627 431.4387 0.2328564 0.291538
Moved 1696.256 409.7585 414.678 0.1727726 0.2145128
Moved 1696.352 378.6467 373.3083 0.0647454 0.02439485
Moved 1696.423 358.4335 340.2446 -0.005439371 -0.1275523
Moved 1696.498 349.663 322.3259 -0.0358925 -0.2098992
Moved 1696.568 346 313.4552 -0.04861109 -0.2506655
Moved 1696.638 342.4009 305.4009 -0.06110803 -0.2876798
Moved 1696.707 338.6674 298.6674 -0.07407137 -0.318624
Moved 1696.779 333.8627 286.7255 -0.0907544 -0.3735043
Moved 1696.85 330.5 280.5 -0.1024306 -0.402114
Moved 1696.922 328.3016 280 -0.110064 -0.4044116
Moved 1696.994 317.9739 313.5912 -0.1459238 -0.2500403
Moved 1697.095 294.5141 391.7006 -0.2273815 0.108918
Moved 1697.176 283.8934 425.2664 -0.2642589 0.263173
Moved 1697.247 275.1957 445.6086 -0.2944593 0.3566572
Moved 1697.318 270.3973 458.6027 -0.3111206 0.4163728
Moved 1697.391 269 462 -0.3159722 0.4319854
Moved 1697.467 269 465.3017 -0.3159722 0.4471586
Moved 1697.543 282.8394 466 -0.2679188 0.4503676
Moved 1697.618 293.2205 466 -0.2318733 0.4503676
Moved 1697.688 300.0198 466 -0.2082646 0.4503676
Moved 1697.765 307.8477 466 -0.1810844 0.4503676
Moved 1697.876 314 457.5 -0.1597222 0.4113052
Moved 1697.955 317 457 -0.1493056 0.4090075
Ended 1698.027 318 456 -0.1458333 0.4044117
Began 1698.144 352 441 -0.02777778 0.3354779
Stationary 1698.226 352 441 -0.02777778 0.3354779
Moved 1698.295 356.6544 427.3403 -0.0116165 0.2727037
Moved 1698.404 375.7682 389.8478 0.0547506 0.1004035
Moved 1698.481 382.2287 378.7713 0.07718296 0.04950047
Moved 1698.555 387.3924 369.6077 0.09511232 0.007388172
Moved 1698.629 388 363.2385 0.09722218 -0.02188206
Moved 1698.705 383.8487 363 0.08280784 -0.02297794
Moved 1698.774 355.4894 391.5106 -0.01566187 0.1080451
Moved 1698.843 332.5982 413.4017 -0.09514503 0.2086476
Moved 1698.911 312.9965 428.0035 -0.1632065 0.2757513
Moved 1698.987 300.6763 435 -0.2059852 0.3079045
Moved 1699.061 297 438.9861 -0.21875 0.3262229
Moved 1699.157 293.7786 441.2214 -0.2299354 0.3364955
Moved 1699.234 291.7513 442 -0.2369747 0.3400736
Moved 1699.306 291 443.5 -0.2395833 0.3469669
Moved 1699.378 289.9847 443 -0.2431086 0.3446691
Stationary 1699.456 289.9847 443 -0.2431086 0.3446691
Stationary 1699.528 290 443 -0.2430555 0.3446691
Stationary 1699.602 290 443 -0.2430555 0.3446691
Stationary 1699.673 290 443 -0.2430555 0.3446691
Ended 1699.745 290 443 -0.2430555 0.3446691
Began 1699.959 550 334 0.6597223 -0.1562499
Stationary 1700.037 550 334 0.6597223 -0.1562499
Moved 1700.109 484.4627 345.6431 0.4321623 -0.102743
Moved 1700.203 407.4531 359.5684 0.1647677 -0.03874835
Moved 1700.275 338.4691 365 -0.07476009 -0.01378677
Moved 1700.347 271.9568 367 -0.3057054 -0.004595448
Moved 1700.417 230.0016 368 -0.4513834 0
Moved 1700.491 218.8417 368 -0.4901329 0
Moved 1700.565 217 368 -0.4965278 0
Moved 1700.636 216 368 -0.5 0
Stationary 1700.716 216 368 -0.5 0
Moved 1700.788 227.3346 346.9961 -0.4606437 -0.09652545
Moved 1700.861 242.3621 323.2758 -0.408465 -0.2055338
Moved 1700.955 256.5 301 -0.359375 -0.3079046
Moved 1701.028 260.5974 294.4025 -0.3451478 -0.3382236
Moved 1701.103 263.5 293 -0.3350694 -0.3446691
Moved 1701.176 275.3713 307.495 -0.2938497 -0.278056
Moved 1701.252 312.6109 369.3774 -0.1645455 0.006330154
Moved 1701.324 343.3152 427.8588 -0.05793318 0.2750863
Moved 1701.396 350.7139 442.7139 -0.03224351 0.3433541
Moved 1701.468 352 446.3605 -0.02777778 0.3601125
Moved 1701.541 353 448.0567 -0.02430558 0.3679078
Moved 1701.617 354.1492 448 -0.02031527 0.3676471
Moved 1701.723 354 449 -0.02083331 0.3722427
Ended 1701.796 354 449 -0.02083331 0.3722427
Began 1701.964 312 367 -0.1666667 -0.004595448
Stationary 1702.036 312 367 -0.1666667 -0.004595448
Moved 1702.107 322.9579 367 -0.1286183 -0.004595448
Moved 1702.181 361.3377 391.1688 0.004644692 0.1064744
Moved 1702.271 436.3048 426.1016 0.2649473 0.2670111
Moved 1702.345 460.8395 435.2798 0.3501371 0.3091905
Moved 1702.417 478.1517 441 0.4102489 0.3354779
Moved 1702.522 490.3729 445 0.4526838 0.3538603
Moved 1702.598 491 445 0.4548611 0.3538603
Moved 1702.67 469.2425 431.9967 0.3793143 0.2941025
Moved 1702.744 406.8038 396.3165 0.1625133 0.1301308
Moved 1702.817 378.9765 383.6588 0.06589071 0.0719616
Moved 1702.89 367.834 376.834 0.02720148 0.04059764
Moved 1702.963 360.0342 373.0342 0.0001186133 0.02313502
Moved 1703.033 356.6514 372 -0.01162723 0.0183825
Moved 1703.103 354 370 -0.02083331 0.009191178
Moved 1703.172 352.6003 370 -0.02569325 0.009191178
Moved 1703.278 345.3747 368 -0.05078242 0
Moved 1703.349 339.6248 367 -0.07074714 -0.004595448
Moved 1703.417 337.8591 365.8591 -0.07687815 -0.009838413
Moved 1703.487 336.8446 366 -0.08040071 -0.009191178
Ended 1703.557 337 366 -0.07986113 -0.009191178
PhraseEnd 1705.28
