you must be getting old
Basic
0.4 0.4
288 217.6
Began 1622.518 348 459 -0.04166671 0.4181986
Stationary 1622.592 348 459 -0.04166671 0.4181986
Stationary 1622.657 348 459 -0.04166671 0.4181986
Stationary 1622.723 348 459 -0.04166671 0.4181986
Stationary 1622.793 348 459 -0.04166671 0.4181986
Stationary 1622.86 348 459 -0.04166671 0.4181986
Moved 1622.928 378.1155 459 0.06290094 0.4181986
Moved 1622.995 450.6451 459 0.3147401 0.4181986
Moved 1623.062 481.9453 459 0.4234213 0.4181986
Moved 1623.13 501.4177 459 0.4910336 0.4181986
Moved 1623.198 507.6392 459 0.5126362 0.4181986
Moved 1623.267 509 459 0.5173612 0.4181986
Moved 1623.335 493.1914 452 0.4624702 0.3860295
Moved 1623.402 458.9914 450 0.34372 0.3768383
Moved 1623.479 426.3416 450 0.2303529 0.3768383
Moved 1623.55 409.3017 450 0.1711865 0.3768383
Moved 1623.653 390.7512 450 0.106775 0.3768383
Moved 1623.726 383.5926 450 0.08191869 0.3768383
Moved 1623.793 381.7993 450 0.0756918 0.3768383
Ended 1623.861 382 450 0.07638887 0.3768383
Began 1624.082 437 272 0.2673611 -0.4411764
Stationary 1624.17 437 272 0.2673611 -0.4411764
Moved 1624.237 437 306.1554 0.2673611 -0.2842124
Moved 1624.306 444 357.8558 0.2916667 -0.04661883
Moved 1624.376 435.1176 396.0757 0.2608249 0.1290242
Moved 1624.449 424.8406 423.2391 0.225141 0.253856
Moved 1624.521 415.1964 438.6072 0.1916541 0.3244819
Moved 1624.596 406.686 447.657 0.1621042 0.3660707
Moved 1624.669 394.037 451 0.1181841 0.3814338
Moved 1624.738 373.1415 451 0.04563034 0.3814338
Moved 1624.809 326.8711 421.9284 -0.1150309 0.2478328
Moved 1624.878 274.7596 390.6077 -0.2959737 0.1038956
Moved 1624.95 255.8413 377.4207 -0.361662 0.04329345
Moved 1625.02 246.6038 369.6038 -0.3937368 0.007370501
Moved 1625.09 242.6276 366.6276 -0.407543 -0.006306873
Moved 1625.156 242 367 -0.4097223 -0.004595448
Moved 1625.221 262.8699 385.8699 -0.3372572 0.08212286
Moved 1625.335 303.1337 418.1003 -0.1974523 0.2302403
Moved 1625.408 326.6027 436.4018 -0.115963 0.3143465
Moved 1625.477 338.0361 448.0361 -0.07626355 0.3678129
Moved 1625.545 341 451 -0.06597222 0.3814338
Moved 1625.618 343 454.1929 -0.05902775 0.3961071
Moved 1625.694 344 454 -0.05555556 0.3952207
Ended 1625.762 344 454 -0.05555556 0.3952207
Began 1625.972 351 272 -0.03124997 -0.4411764
Stationary 1626.05 351 272 -0.03124997 -0.4411764
Stationary 1626.117 351 272 -0.03124997 -0.4411764
Moved 1626.185 351 289.2522 -0.03124997 -0.3618924
Moved 1626.27 339.7985 314.5037 -0.07014402 -0.2458469
Moved 1626.335 326.44 347.6 -0.1165279 -0.09374984
Moved 1626.409 308.9632 383.7158 -0.1772111 0.07222316
Moved 1626.487 294.019 406.4715 -0.2291007 0.1767991
Moved 1626.556 278.2907 425.7093 -0.2837129 0.2652083
Moved 1626.627 268.9149 441.1702 -0.3162677 0.33626
Moved 1626.698 265 450.8315 -0.3298611 0.3806595
Moved 1626.769 264 454.1174 -0.3333333 0.39576
Moved 1626.842 264 455 -0.3333333 0.3998162
Moved 1626.914 264 456 -0.3333333 0.4044117
Moved 1627.01 264 457 -0.3333333 0.4090075
Stationary 1627.079 264 457 -0.3333333 0.4090075
Stationary 1627.146 264 457 -0.3333333 0.4090075
Stationary 1627.212 264 457 -0.3333333 0.4090075
Ended 1627.279 264 457 -0.3333333 0.4090075
Began 1628.049 350 350 -0.03472224 -0.08272059
Stationary 1628.127 350 350 -0.03472224 -0.08272059
Stationary 1628.194 350 350 -0.03472224 -0.08272059
Moved 1628.261 336 360.5 -0.08333334 -0.03446691
Moved 1628.342 318.9643 371.3572 -0.1424852 0.01542835
Moved 1628.41 305.8291 382.1139 -0.1880933 0.06486164
Moved 1628.478 291.7767 398.4465 -0.2368864 0.1399199
Moved 1628.548 285.3426 408.6574 -0.259227 0.1868447
Moved 1628.618 284 416.4771 -0.2638889 0.2227806
Moved 1628.688 292.5447 423 -0.2342197 0.2527574
Moved 1628.767 315.7863 436.8931 -0.15352 0.3166045
Moved 1628.833 338.407 445.8517 -0.07497579 0.3577746
Moved 1628.904 364.3511 454.5878 0.01510814 0.3979218
Moved 1628.975 390.2147 461.4049 0.1049122 0.4292506
Moved 1629.044 404.2068 462 0.1534957 0.4319854
Moved 1629.114 413.9989 462 0.1874961 0.4319854
Moved 1629.183 422.678 455.288 0.2176319 0.4011396
Moved 1629.262 428 404.9855 0.2361111 0.16997
Moved 1629.335 405.4106 342.2318 0.1576756 -0.1184203
Moved 1629.405 397.8074 320.2296 0.1312757 -0.219533
Moved 1629.522 390 297.3705 0.1041667 -0.3245839
Moved 1629.593 386.9654 291.9654 0.09362996 -0.3494236
Moved 1629.661 383.0977 289 0.08020014 -0.3630514
Moved 1629.73 374.3763 298.6237 0.0499177 -0.3188247
Moved 1629.799 361.0768 324.3848 0.003739 -0.2004375
Moved 1629.869 355.161 344.517 -0.01680203 -0.1079181
Moved 1629.943 351 358.6783 -0.03124997 -0.04283835
Moved 1630.015 349.1667 365.8333 -0.03761567 -0.009957202
Moved 1630.085 349 368 -0.03819443 0
Moved 1630.153 348 370 -0.04166671 0.009191178
Moved 1630.267 348 371.1859 -0.04166671 0.01464115
Moved 1630.336 348 372 -0.04166671 0.0183825
Moved 1630.405 348 373.3011 -0.04166671 0.02436203
Stationary 1630.473 348 373 -0.04166671 0.02297794
Stationary 1630.541 348 373 -0.04166671 0.02297794
Ended 1630.608 348 373 -0.04166671 0.02297794
Began 1630.872 493 464 0.4618056 0.4411766
Stationary 1630.94 493 464 0.4618056 0.4411766
Stationary 1631.007 493 464 0.4618056 0.4411766
Stationary 1631.073 493 464 0.4618056 0.4411766
Moved 1631.142 493 452.2322 0.4618056 0.3870968
Moved 1631.214 503.5 440 0.4982638 0.3308824
Moved 1631.283 506 423.4379 0.5069445 0.2547699
Moved 1631.356 511 404.7374 0.5243056 0.1688299
Moved 1631.428 514.9269 392.1462 0.5379406 0.1109662
Moved 1631.499 516 387.3527 0.5416666 0.08893701
Moved 1631.597 516 380.6375 0.5416666 0.05807681
Moved 1631.665 500.9075 378 0.4892621 0.04595589
Moved 1631.742 457.9193 378 0.3399976 0.04595589
Moved 1631.814 402.92 385 0.1490276 0.07812501
Moved 1631.885 372.7288 386 0.04419714 0.08272059
Moved 1631.959 356.0999 386 -0.01354218 0.08272059
Moved 1632.032 343.887 386 -0.05594805 0.08272059
Moved 1632.103 338.5 386 -0.07465281 0.08272059
Moved 1632.172 336.9081 386 -0.08018009 0.08272059
Moved 1632.241 334.7515 386 -0.08766831 0.08272059
Moved 1632.345 332 386 -0.09722225 0.08272059
Ended 1632.414 323 386 -0.1284722 0.08272059
PhraseEnd 1634.03
