question that must be answered
Basic
0.6 0.6
432 172.8
Began 916.9015 186 288 -0.4027778 0.2777778
Stationary 916.9691 186 288 -0.4027778 0.2777778
Stationary 917.0317 186 288 -0.4027778 0.2777778
Moved 917.0919 199.3172 288 -0.3719508 0.2777778
Moved 917.1546 252.9807 278.0096 -0.2477299 0.2199632
Moved 917.2153 340.4331 279 -0.04529372 0.2256946
Moved 917.2767 422.2017 279 0.1439853 0.2256946
Moved 917.3389 445.3409 286 0.1975483 0.2662037
Moved 917.3994 450 286 0.2083333 0.2662037
Stationary 917.4598 450 286 0.2083333 0.2662037
Moved 917.5186 418.0235 287.8538 0.1343137 0.2769315
Moved 917.5782 306.3675 302.5264 -0.1241493 0.3618424
Moved 917.642 275.9787 306 -0.1944937 0.3819445
Moved 917.7239 264.1766 306 -0.2218135 0.3819445
Moved 917.7849 261.9376 306 -0.2269963 0.3819445
Moved 917.8455 256.0024 295.0024 -0.2407351 0.3183013
Moved 917.9083 248.402 280.103 -0.2583287 0.2320774
Moved 917.9694 238.7211 253.1632 -0.2807383 0.07617615
Moved 918.03 232.4835 235.967 -0.2951771 -0.02333906
Moved 918.0924 230 228.7625 -0.3009259 -0.06503211
Moved 918.15 243.5549 233.2439 -0.2695489 -0.03909782
Moved 918.2091 318.286 277.3378 -0.09656021 0.2160756
Moved 918.2673 347.106 293.553 -0.02984713 0.3099136
Moved 918.3605 367.2393 301.0798 0.01675765 0.3534711
Moved 918.4218 389.7173 305 0.06879002 0.3761576
Moved 918.4838 438.1756 306 0.180962 0.3819445
Moved 918.5485 479.686 306 0.2770508 0.3819445
Moved 918.6168 515.9478 306 0.3609901 0.3819445
Moved 918.6774 529.798 299 0.393051 0.3414354
Moved 918.7393 533 298 0.4004629 0.3356482
Moved 918.7983 533 294.2924 0.4004629 0.3141923
Moved 918.8571 507.43 274.025 0.3412732 0.1969043
Moved 918.9169 458.7581 223.7581 0.2286067 -0.09399273
Moved 919.0099 424.549 178.0979 0.1494189 -0.3582296
Moved 919.0692 417.9709 169.9709 0.134192 -0.4052607
Moved 919.128 413.6024 164.6024 0.1240795 -0.4363284
Moved 919.1856 411.8699 162.8699 0.1200692 -0.4463549
Moved 919.2432 409.6787 161 0.1149971 -0.4571758
Moved 919.3013 408.8641 160 0.1131114 -0.4629628
Moved 919.3601 409 158.8606 0.113426 -0.4695569
Ended 919.4163 409 159 0.113426 -0.4687499
Began 919.6708 330 298 -0.06944443 0.3356482
Stationary 919.7324 330 298 -0.06944443 0.3356482
Moved 919.7979 336.7049 298 -0.05392378 0.3356482
Moved 919.8571 362.8965 279.5776 0.006704728 0.2290373
Moved 919.9214 385.6128 262.2904 0.05928884 0.1289956
Moved 919.9815 401.2793 247.7207 0.0955539 0.04468017
Moved 920.0421 407.0064 238.9937 0.1088112 -0.005823771
Moved 920.1026 407 232.5 0.1087963 -0.04340278
Moved 920.163 385.9586 229 0.06008943 -0.06365723
Moved 920.2264 312.5066 229 -0.1099384 -0.06365723
Moved 920.2999 226.1015 246 -0.3099503 0.03472222
Moved 920.3617 201.5832 249.1389 -0.3667056 0.05288725
Moved 920.4194 185.2569 250 -0.4044978 0.05787037
Moved 920.476 178.3435 250 -0.4205011 0.05787037
Moved 920.5325 172.4342 250 -0.43418 0.05787037
Moved 920.5887 170 250 -0.4398148 0.05787037
Moved 920.6446 169 250 -0.4421296 0.05787037
Moved 920.7004 168 250 -0.4444444 0.05787037
Stationary 920.7564 168 250 -0.4444444 0.05787037
Stationary 920.8115 168 250 -0.4444444 0.05787037
Stationary 920.8983 168 250 -0.4444444 0.05787037
Stationary 920.9547 168 250 -0.4444444 0.05787037
Stationary 921.0099 168 250 -0.4444444 0.05787037
Moved 921.0659 175.5651 252 -0.4269327 0.06944445
Moved 921.1244 187.7815 259.8907 -0.3986539 0.1151085
Moved 921.182 215.0603 272.0302 -0.3355087 0.1853597
Moved 921.2401 262.6506 285.4952 -0.2253457 0.2632824
Moved 921.3021 314.1529 293.9059 -0.1061275 0.3119554
Moved 921.3643 343.4113 296.2822 -0.03839979 0.3257073
Moved 921.4232 360.0767 297 0.0001774232 0.3298613
Moved 921.5107 376.6232 299 0.03847966 0.3414354
Moved 921.5676 382.7285 299 0.05261213 0.3414354
Moved 921.6238 386.5 300 0.06134262 0.3472222
Moved 921.6811 390.1997 300 0.06990661 0.3472222
Moved 921.738 393.5 300 0.07754634 0.3472222
Moved 921.7957 395.3217 300 0.08176307 0.3472222
Moved 921.8604 397.1867 300 0.08608032 0.3472222
Stationary 921.9188 397.1867 300 0.08608032 0.3472222
Moved 921.9757 398.1037 300 0.08820295 0.3472222
Ended 922.035 398 300 0.08796295 0.3472222
Backspace 923.5143
Began 924.5496 151 278 -0.4837963 0.2199074
Stationary 924.6124 151 278 -0.4837963 0.2199074
Stationary 924.6694 151 278 -0.4837963 0.2199074
Stationary 924.7256 151 278 -0.4837963 0.2199074
Stationary 924.7826 151 278 -0.4837963 0.2199074
Stationary 924.8491 151 278 -0.4837963 0.2199074
Stationary 924.9122 151 278 -0.4837963 0.2199074
Stationary 924.9716 151 278 -0.4837963 0.2199074
Moved 925.0299 160.5726 278 -0.4616374 0.2199074
Moved 925.0901 173.5819 291.8607 -0.4315234 0.3001198
Moved 925.1511 222.4596 301.5747 -0.3183805 0.3563351
Moved 925.2109 324.3156 314.0263 -0.08260275 0.428393
Moved 925.2701 395.8671 314 0.0830258 0.4282409
Moved 925.3482 418.4078 314 0.1352033 0.4282409
Moved 925.4094 421 314 0.1412037 0.4282409
Moved 925.4705 403.1648 314 0.09991854 0.4282409
Moved 925.5347 353.1336 306 -0.01589442 0.3819445
Moved 925.5981 302.1544 302.5154 -0.1339019 0.3617792
Moved 925.6612 273.122 298.7805 -0.2011065 0.3401652
Moved 925.7217 259.6836 293.6837 -0.2322138 0.3106693
Moved 925.7832 251.9539 284.9078 -0.2501068 0.259883
Moved 925.8438 234.4014 249.2041 -0.2907376 0.05326448
Moved 925.9044 227.8339 231.6678 -0.30594 -0.04821848
Moved 925.9976 226 223.5 -0.3101852 -0.09548612
Moved 926.0552 251.3552 237.6776 -0.2514925 -0.01343974
Moved 926.1134 309.0471 269.2984 -0.1179466 0.1695509
Moved 926.174 348.4343 285.5737 -0.02677237 0.2637369
Moved 926.2326 371.6175 293.7235 0.02689222 0.3109001
Moved 926.2916 392.1081 297.0216 0.07432441 0.3299862
Moved 926.3514 427.8482 300 0.1570561 0.3472222
Moved 926.4113 465.7857 301 0.2448743 0.3530091
Moved 926.4702 497.5 301 0.318287 0.3530091
Moved 926.5292 515.5377 301 0.3600409 0.3530091
Moved 926.6191 521.5 292.5 0.3738426 0.3038196
Moved 926.6771 521 287.0589 0.3726852 0.2723318
Moved 926.7349 508.3268 275.5511 0.343349 0.2057358
Moved 926.8114 477.6355 232.4532 0.2723043 -0.04367334
Moved 926.8693 453.7047 206.8809 0.2169089 -0.1916615
Moved 926.9285 438.3224 189.3225 0.1813019 -0.2932725
Moved 926.9865 430.5872 180.5873 0.1633964 -0.3438236
Moved 927.0472 424.6662 173.6663 0.1496903 -0.3838757
Moved 927.1072 421 170.2627 0.1412037 -0.4035724
Moved 927.1691 417.766 167.766 0.1337174 -0.4180209
Ended 927.2646 417 167 0.1319444 -0.4224537
Began 927.4768 340 308 -0.04629632 0.3935185
Stationary 927.5349 340 308 -0.04629632 0.3935185
Stationary 927.5911 340 308 -0.04629632 0.3935185
Moved 927.6488 374.9784 286.6172 0.03467232 0.2697757
Moved 927.7096 397.9752 271.0248 0.08790553 0.1795419
Moved 927.7708 407.7151 262.5698 0.1104516 0.1306124
Moved 927.8306 409 252.8274 0.113426 0.0742326
Moved 927.8895 394.0453 244.2181 0.07880855 0.02441071
Moved 927.953 295.0526 236 -0.1503412 -0.02314815
Moved 928.0111 255.727 235.4545 -0.2413727 -0.02630499
Moved 928.0787 211.178 232.6356 -0.3444955 -0.04261794
Moved 928.1348 192 232 -0.3888888 -0.0462963
Moved 928.1912 173.8157 231 -0.4309821 -0.05208334
Moved 928.2466 167.6172 231 -0.4453306 -0.05208334
Moved 928.3015 167 231 -0.4467593 -0.05208334
Moved 928.3571 187.8074 252.4614 -0.398594 0.07211491
Moved 928.4122 243.417 279.7501 -0.2698681 0.2300356
Moved 928.4674 299.4903 294.7961 -0.1400687 0.3171073
Moved 928.5233 321.2177 299.6089 -0.08977374 0.3449589
Moved 928.5784 329.341 301.6705 -0.07096995 0.3568893
Moved 928.6701 338.1598 302 -0.05055597 0.3587963
Moved 928.7269 339.3126 302 -0.04788751 0.3587963
Ended 928.7892 340.4627 302 -0.04522512 0.3587963
Began 929.2012 478 140 0.2731481 -0.5787037
Stationary 929.2786 478 140 0.2731481 -0.5787037
Moved 929.336 469.4241 148.5759 0.2532965 -0.5290745
Moved 929.3939 456.2361 165.2731 0.2227689 -0.4324475
Moved 929.4528 437.4608 195.8087 0.1793076 -0.2557366
Moved 929.512 420.8731 229.2539 0.1409099 -0.06218804
Moved 929.5754 405.6376 251.1499 0.1056426 0.0645249
Moved 929.6356 387.5 264.5 0.06365737 0.1417824
Moved 929.7014 354.9476 271 -0.01169528 0.1793981
Moved 929.7641 286.3947 257.1672 -0.1703827 0.09934761
Moved 929.828 224.5052 232.0021 -0.3136455 -0.04628429
Moved 929.908 200.3852 218.6926 -0.3694787 -0.1233066
Moved 929.9765 192.2177 214.2177 -0.388385 -0.1492034
Moved 930.0381 190 214 -0.3935185 -0.1504628
Stationary 930.0978 190 214 -0.3935185 -0.1504628
Moved 930.1594 229.309 238.9495 -0.3025254 -0.006079321
Moved 930.2216 270.7742 260.8871 -0.2065412 0.1208743
Moved 930.2837 298.5105 274.4042 -0.1423367 0.1990986
Moved 930.3423 320.4098 286.1366 -0.09164402 0.2669942
Moved 930.3991 333.8725 293.8725 -0.06048023 0.3117622
Moved 930.4585 340.2816 297 -0.04564449 0.3298613
Moved 930.5558 345 300 -0.03472224 0.3472222
Ended 930.6179 345 300 -0.03472224 0.3472222
Began 930.8759 377 157 0.03935188 -0.4803239
Stationary 930.9518 377 157 0.03935188 -0.4803239
Stationary 931.0098 377 157 0.03935188 -0.4803239
Moved 931.0687 360.2271 183.9661 0.0005258123 -0.3242705
Moved 931.1324 321.6863 230.9451 -0.08868908 -0.05240123
Moved 931.1974 270.2362 285.7637 -0.2077865 0.2648366
Moved 931.2593 252.6008 302.3992 -0.2486094 0.3611065
Moved 931.3201 246.4422 307.5577 -0.2628652 0.3909594
Moved 931.3881 244 310.5 -0.2685185 0.4079861
Moved 931.4484 241.6513 312.3487 -0.2739553 0.4186846
Stationary 931.5081 242 312 -0.2731481 0.4166669
Ended 931.5652 242 312 -0.2731481 0.4166669
Began 931.8586 141 254 -0.5069445 0.0810187
Stationary 931.9194 141 254 -0.5069445 0.0810187
Stationary 931.9798 141 254 -0.5069445 0.0810187
Moved 932.0385 194.0767 237.2822 -0.3840817 -0.01572786
Moved 932.099 285.0862 214.2285 -0.1734116 -0.1491404
Moved 932.1594 359.731 183.6433 -0.0006227195 -0.3261383
Moved 932.2214 392.5221 174.2955 0.07528266 -0.380234
Moved 932.2858 414.7303 170 0.1266906 -0.4050924
Moved 932.3456 417.5 169 0.1331019 -0.4108795
Moved 932.4174 418 168 0.1342593 -0.4166667
Moved 932.4821 381.9919 180.3842 0.05090703 -0.3449993
Moved 932.5467 328.4446 194.2478 -0.07304479 -0.2647695
Moved 932.6111 264.1121 218.968 -0.2219627 -0.1217129
Moved 932.6745 238.8783 232.7478 -0.2803743 -0.04196874
Moved 932.736 228.7735 240.2264 -0.3037649 0.001310596
Moved 932.7958 225 246.9568 -0.3125 0.04025919
Moved 932.855 221 256.8292 -0.3217593 0.09739134
Moved 932.9146 215.8189 271.5433 -0.3337526 0.1825421
Moved 932.9739 213.3194 284.6806 -0.3395385 0.2585683
Moved 933.0663 213 295.1778 -0.3402778 0.319316
Moved 933.1259 244.2551 304.2158 -0.2679279 0.371619
Moved 933.1862 280.3878 310.3411 -0.1842874 0.4070667
Moved 933.2453 307.9598 313 -0.1204634 0.4224537
Moved 933.3101 322.154 314 -0.08760641 0.4282409
Moved 933.3775 327 314 -0.07638887 0.4282409
Stationary 933.442 327 314 -0.07638887 0.4282409
Moved 933.5027 292.938 314 -0.1552361 0.4282409
Moved 933.5667 271.6049 305.2016 -0.2046184 0.3773243
Moved 933.6299 259 304 -0.2337963 0.3703706
Moved 933.732 255 303 -0.2430556 0.3645834
Moved 933.8038 255 302.3461 -0.2430556 0.360799
Moved 933.8706 270.4192 288.5809 -0.2073631 0.2811391
Moved 933.9349 283.3716 274.6284 -0.1773806 0.2003959
Moved 934.0009 289 267.4036 -0.1643519 0.1585855
Moved 934.0673 292 261.6711 -0.1574074 0.1254113
Ended 934.1274 293 262 -0.1550926 0.127315
PhraseEnd 935.2105
