all work and no play
Basic
0.6 0.6
432 326.4
Began 1218.376 207 331 -0.3541667 -0.1133578
Stationary 1218.449 207 331 -0.3541667 -0.1133578
Stationary 1218.505 207 331 -0.3541667 -0.1133578
Stationary 1218.563 207 331 -0.3541667 -0.1133578
Moved 1218.618 217.4596 331 -0.3299546 -0.1133578
Moved 1218.675 219.7593 331 -0.3246313 -0.1133578
Moved 1218.73 230.7157 331 -0.2992692 -0.1133578
Moved 1218.783 313.804 362.2531 -0.106935 -0.01760707
Moved 1218.84 426.8537 384.4528 0.154754 0.05040697
Moved 1218.893 490.078 387 0.3011066 0.05821083
Moved 1218.946 518.8024 379.3992 0.367598 0.03492412
Moved 1218.999 528.8057 378 0.3907539 0.03063726
Moved 1219.052 536.3071 376 0.4081181 0.02450971
Moved 1219.107 539.6107 376 0.4157654 0.02450971
Moved 1219.16 542.5 375 0.4224537 0.02144608
Moved 1219.211 544.0953 373.9047 0.4261465 0.01809045
Moved 1219.263 545 374 0.4282407 0.01838245
Ended 1219.313 545 374 0.4282407 0.01838245
Began 1219.95 232 519 -0.2962963 0.4626227
Stationary 1220.006 232 519 -0.2962963 0.4626227
Stationary 1220.059 232 519 -0.2962963 0.4626227
Stationary 1220.112 232 519 -0.2962963 0.4626227
Stationary 1220.164 232 519 -0.2962963 0.4626227
Moved 1220.217 254.9097 519 -0.2432645 0.4626227
Moved 1220.271 310.8943 528 -0.1136705 0.4901961
Moved 1220.324 389.4767 528 0.06823301 0.4901961
Moved 1220.381 441.5878 508.2807 0.1888607 0.4297817
Moved 1220.441 478.025 498.195 0.273206 0.3988818
Moved 1220.5 493 494 0.3078704 0.3860295
Moved 1220.557 497.9426 492 0.3193115 0.379902
Moved 1220.62 498 489.8708 0.3194444 0.3733788
Moved 1220.679 453.2978 486.9532 0.2159671 0.36444
Moved 1220.737 364.5852 475.9585 0.0106139 0.3307552
Moved 1220.819 309.1158 467.3719 -0.1177875 0.3044484
Moved 1220.873 294.4976 467 -0.151626 0.3033088
Moved 1220.934 275.9241 467 -0.1946202 0.3033088
Moved 1220.992 265.5374 465.2687 -0.2186634 0.2980048
Moved 1221.047 263 465 -0.2245371 0.2971814
Moved 1221.104 284.5757 449.9313 -0.1745933 0.2510151
Moved 1221.159 348.3865 421.0821 -0.02688309 0.162629
Moved 1221.215 410.7617 394.7461 0.117504 0.08194274
Moved 1221.275 453.0111 381.1413 0.2153034 0.04026133
Moved 1221.328 485.9 376 0.2914351 0.02450971
Moved 1221.418 497.5474 373 0.3183968 0.01531863
Moved 1221.472 499.8471 372 0.3237202 0.012255
Moved 1221.539 502.5 372 0.3298611 0.012255
Moved 1221.592 503 371 0.3310186 0.009191177
Moved 1221.644 504.3213 371 0.334077 0.009191177
Ended 1221.701 504 371 0.3333333 0.009191177
Began 1222.051 167 399 -0.4467593 0.09497554
Stationary 1222.117 167 399 -0.4467593 0.09497554
Moved 1222.171 232.8135 353.4456 -0.2944132 -0.04459082
Moved 1222.23 317.3736 291.4741 -0.09867231 -0.2344543
Moved 1222.288 365.2296 262.7838 0.0121057 -0.3223535
Moved 1222.346 404.5891 244.137 0.1032156 -0.3794824
Moved 1222.4 418.6794 237.6603 0.135832 -0.3993251
Moved 1222.46 423.6375 236 0.1473089 -0.4044118
Moved 1222.516 425 236 0.150463 -0.4044118
Moved 1222.574 395.294 262.2158 0.08169919 -0.3240939
Moved 1222.631 350.9598 299.0402 -0.0209263 -0.211274
Moved 1222.692 293.9008 347.1993 -0.1530074 -0.0637277
Moved 1222.751 270.4472 368.5529 -0.2072982 0.001693894
Moved 1222.807 259.4081 378.5919 -0.2328517 0.03245073
Moved 1222.864 256 383.0299 -0.2407407 0.04604751
Moved 1222.919 254 385.3348 -0.2453704 0.05310905
Moved 1223 253 387 -0.2476852 0.05821083
Stationary 1223.053 253 387 -0.2476852 0.05821083
Moved 1223.106 253 388.4049 -0.2476852 0.06251513
Stationary 1223.16 253 388 -0.2476852 0.06127456
Stationary 1223.214 253 388 -0.2476852 0.06127456
Ended 1223.266 253 388 -0.2476852 0.06127456
Began 1223.588 393 236 0.07638891 -0.4044118
Stationary 1223.651 393 236 0.07638891 -0.4044118
Stationary 1223.71 393 236 0.07638891 -0.4044118
Moved 1223.765 403.1013 248.6266 0.09977151 -0.3657273
Moved 1223.82 431.2889 283.2722 0.1650206 -0.2595827
Moved 1223.88 470.3297 370.7656 0.2553928 0.008473116
Moved 1223.934 489.9454 426.8363 0.3007996 0.1802583
Moved 1223.991 516.2299 503.6898 0.3616433 0.4157164
Moved 1224.049 523 543.442 0.3773148 0.5375062
Moved 1224.109 524 552.217 0.3796296 0.5643903
Moved 1224.166 524 554.5 0.3796296 0.5713849
Moved 1224.22 524 557 0.3796296 0.5790441
Moved 1224.275 524 558 0.3796296 0.5821079
Moved 1224.33 524 559 0.3796296 0.5851717
Moved 1224.382 524 560 0.3796296 0.5882353
Stationary 1224.439 524 560 0.3796296 0.5882353
Ended 1224.519 524 560 0.3796296 0.5882353
Began 1224.911 585 529 0.5208333 0.4932599
Stationary 1224.97 585 529 0.5208333 0.4932599
Stationary 1225.023 585 529 0.5208333 0.4932599
Moved 1225.078 585 500.2723 0.5208333 0.4052461
Moved 1225.138 573.4954 453.7292 0.4942022 0.2626507
Moved 1225.193 567.3671 427.4684 0.4800165 0.1821951
Moved 1225.247 563.9456 415.8911 0.4720962 0.146725
Moved 1225.303 561.6265 410.6265 0.4667279 0.1305957
Moved 1225.361 551.4894 402.1631 0.4432625 0.1046666
Moved 1225.425 459.2388 407.0846 0.2297194 0.1197445
Moved 1225.482 350.6212 414 -0.0217101 0.1409314
Moved 1225.539 278.1203 408.2916 -0.1895364 0.1234425
Moved 1225.598 230.6774 400.9539 -0.2993579 0.1009617
Moved 1225.653 211.6092 397.6523 -0.3434972 0.09084646
Moved 1225.707 200.5354 396.2677 -0.3691309 0.08660453
Moved 1225.761 194.9714 396 -0.3820106 0.08578432
Moved 1225.815 191.7987 396 -0.3893548 0.08578432
Stationary 1225.87 192 396 -0.3888888 0.08578432
Moved 1225.922 235.2916 431.6369 -0.2886767 0.194966
Moved 1226.014 321 482 -0.09027779 0.3492648
Moved 1226.067 335.1057 488.7019 -0.05762567 0.3697975
Moved 1226.124 345.4434 492 -0.03369579 0.379902
Moved 1226.181 350.8534 494 -0.02117261 0.3860295
Moved 1226.238 353.076 494 -0.01602779 0.3860295
Moved 1226.292 355.0496 494 -0.01145919 0.3860295
Moved 1226.346 357.2492 495.2492 -0.006367663 0.3898567
Moved 1226.403 359.3788 495 -0.001437912 0.3890932
Moved 1226.46 362.5 495 0.005787015 0.3890932
Moved 1226.521 365.374 495 0.01243969 0.3890932
Moved 1226.608 370.5 495 0.02430558 0.3890932
Moved 1226.664 374.5 495 0.03356477 0.3890932
Ended 1226.719 375 495 0.03472219 0.3890932
PhraseEnd 1228.416
