watch out for low flying objects
Basic
0.6 0.6
432 326.4
Began 1065.014 241 451 -0.275463 0.2542892
Stationary 1065.067 241 451 -0.275463 0.2542892
Stationary 1065.114 241 451 -0.275463 0.2542892
Stationary 1065.159 241 451 -0.275463 0.2542892
Stationary 1065.216 241 451 -0.275463 0.2542892
Stationary 1065.265 241 451 -0.275463 0.2542892
Stationary 1065.308 241 451 -0.275463 0.2542892
Stationary 1065.351 241 451 -0.275463 0.2542892
Stationary 1065.395 241 451 -0.275463 0.2542892
Stationary 1065.438 241 451 -0.275463 0.2542892
Stationary 1065.487 241 451 -0.275463 0.2542892
Moved 1065.532 221.9426 433.954 -0.3195774 0.2020651
Moved 1065.576 201.9599 413.96 -0.3658335 0.1408087
Moved 1065.637 181.5077 391.7615 -0.4131766 0.07279887
Moved 1065.687 174.5814 384.5814 -0.4292096 0.05080092
Moved 1065.738 172 380.988 -0.4351852 0.03979187
Moved 1065.785 171 381 -0.4375 0.03982843
Moved 1065.835 189.7088 394.7198 -0.3941925 0.0818621
Moved 1065.884 291.7635 454.871 -0.1579549 0.2661489
Moved 1065.934 313.8021 465.9505 -0.1069397 0.3000935
Moved 1065.991 327.3785 473.6893 -0.07551263 0.3238029
Moved 1066.039 329.0865 474 -0.07155906 0.324755
Moved 1066.085 330 474 -0.06944443 0.324755
Moved 1066.158 304.7094 407.037 -0.1279875 0.1195989
Moved 1066.204 288.6064 349.729 -0.1652629 -0.05597732
Moved 1066.25 283.3329 314.6631 -0.1774701 -0.1634094
Moved 1066.297 280.0272 295.0817 -0.1851222 -0.2234018
Moved 1066.342 280 286.449 -0.1851852 -0.24985
Moved 1066.387 280 283.8945 -0.1851852 -0.2576763
Moved 1066.434 280 281.96 -0.1851852 -0.2636028
Moved 1066.481 280 281 -0.1851852 -0.2665441
Moved 1066.526 307.7828 295.9857 -0.120873 -0.220632
Moved 1066.572 334.4699 315.0437 -0.05909741 -0.1622435
Moved 1066.646 373.7035 349.7034 0.031721 -0.05605558
Moved 1066.692 388.7784 360.8523 0.06661673 -0.02189861
Moved 1066.737 403.8607 371.4304 0.1015295 0.01050968
Moved 1066.784 414 377.5 0.125 0.02910539
Moved 1066.836 418.9273 381 0.1364058 0.03982843
Moved 1066.88 420.7977 382 0.1407354 0.04289216
Moved 1066.925 422 383.7316 0.1435185 0.0481973
Moved 1066.98 423.2991 384 0.1465256 0.04901971
Ended 1067.028 424.5 384 0.1493056 0.04901971
Began 1067.263 531 471 0.3958333 0.3155637
Stationary 1067.309 531 471 0.3958333 0.3155637
Stationary 1067.355 531 471 0.3958333 0.3155637
Moved 1067.402 523.1431 471 0.377646 0.3155637
Moved 1067.451 492.161 479.6049 0.3059282 0.3419268
Moved 1067.498 461.1553 486.6056 0.2341558 0.3633751
Moved 1067.544 435.4185 489 0.1745797 0.3707108
Moved 1067.591 416.3364 489 0.1304084 0.3707108
Moved 1067.64 400.2844 489 0.09325096 0.3707108
Moved 1067.685 393.0291 489 0.07645626 0.3707108
Moved 1067.739 389.5812 489 0.0684749 0.3707108
Moved 1067.786 386.5 489 0.06134262 0.3707108
Moved 1067.837 380.7307 489 0.0479878 0.3707108
Moved 1067.885 366.7059 489 0.01552294 0.3707108
Moved 1067.933 354.1331 480.711 -0.01358087 0.3453155
Moved 1067.982 347.3045 481 -0.02938772 0.3462009
Moved 1068.031 343.9995 481 -0.03703808 0.3462009
Moved 1068.08 341.6266 481 -0.04253104 0.3462009
Moved 1068.131 339.7538 481 -0.04686609 0.3462009
Moved 1068.177 338.9183 481 -0.04880021 0.3462009
Moved 1068.253 337.8555 481 -0.05126049 0.3462009
Moved 1068.301 336.9483 481 -0.05336036 0.3462009
Stationary 1068.353 336.9483 481 -0.05336036 0.3462009
Stationary 1068.402 337 481 -0.05324075 0.3462009
Stationary 1068.453 337 481 -0.05324075 0.3462009
Ended 1068.498 337 481 -0.05324075 0.3462009
Began 1068.701 314 364 -0.1064815 -0.01225481
Stationary 1068.756 314 364 -0.1064815 -0.01225481
Stationary 1068.802 314 364 -0.1064815 -0.01225481
Stationary 1068.849 314 364 -0.1064815 -0.01225481
Moved 1068.896 332.993 370.3887 -0.06251633 0.007318422
Moved 1068.957 358.9977 386.5986 -0.002320111 0.05698111
Moved 1069.004 388.5138 409.0118 0.06600419 0.1256491
Moved 1069.051 421.3218 433.4575 0.1419487 0.2005437
Moved 1069.098 451.1703 454.9545 0.2110424 0.2664046
Moved 1069.145 476.6709 468.3354 0.2700714 0.3074003
Moved 1069.193 499.0609 480.0305 0.3219003 0.3432305
Moved 1069.241 515.9441 488.6294 0.3609818 0.3695753
Moved 1069.288 520.2642 490 0.370982 0.3737745
Moved 1069.335 521 491.5 0.3726852 0.3783702
Moved 1069.381 521 493.5731 0.3726852 0.3847216
Moved 1069.455 488.3186 498.7424 0.2970339 0.4005587
Moved 1069.502 441.342 503.7105 0.1882917 0.4157798
Moved 1069.549 393.8084 509 0.07826011 0.4319853
Moved 1069.596 363.3131 510.9652 0.00766933 0.4380061
Moved 1069.644 337.4548 514 -0.05218804 0.447304
Moved 1069.692 319.3077 514 -0.09419521 0.447304
Moved 1069.738 308.3848 514 -0.1194797 0.447304
Moved 1069.785 298.3135 514 -0.1427929 0.447304
Moved 1069.834 292.7715 514 -0.1556216 0.447304
Moved 1069.88 289.5 514 -0.1631944 0.447304
Moved 1069.95 288.8666 514 -0.1646606 0.447304
Moved 1070 286.91 514 -0.1691898 0.447304
Stationary 1070.049 287 514 -0.1689815 0.447304
Moved 1070.099 286 514 -0.1712963 0.447304
Stationary 1070.154 286 514 -0.1712963 0.447304
Stationary 1070.212 286 514 -0.1712963 0.447304
Stationary 1070.262 286 514 -0.1712963 0.447304
Stationary 1070.31 286 514 -0.1712963 0.447304
Stationary 1070.358 286 514 -0.1712963 0.447304
Ended 1070.408 286 514 -0.1712963 0.447304
Began 1070.661 572 291 0.4907407 -0.2359069
Stationary 1070.72 572 291 0.4907407 -0.2359069
Stationary 1070.767 572 291 0.4907407 -0.2359069
Stationary 1070.816 572 291 0.4907407 -0.2359069
Stationary 1070.892 572 291 0.4907407 -0.2359069
Moved 1070.964 537.4696 345.0608 0.4108093 -0.07027934
Moved 1071.022 517.0084 392.9747 0.3634454 0.07651554
Moved 1071.081 506.2731 421.1806 0.3385952 0.1629308
Moved 1071.17 502 446.0089 0.3287037 0.2389979
Moved 1071.24 502 452 0.3287037 0.257353
Moved 1071.288 502 456.6889 0.3287037 0.2717185
Moved 1071.334 500.2396 459 0.3246287 0.2787991
Moved 1071.379 492.0296 462.9902 0.305624 0.2910239
Moved 1071.426 463.3599 468.2933 0.239259 0.3072713
Moved 1071.471 417.7812 473.2682 0.1337528 0.322513
Moved 1071.516 362.197 480.1339 0.005085667 0.3435474
Moved 1071.559 322.6359 485.3738 -0.08649106 0.359601
Moved 1071.603 276.8462 492 -0.1924856 0.379902
Moved 1071.673 233.8025 494 -0.2921239 0.3860295
Moved 1071.717 217.5 495 -0.3298611 0.3890932
Moved 1071.762 208.1705 495 -0.3514571 0.3890932
Moved 1071.817 203 495 -0.3634259 0.3890932
Moved 1071.865 199.4852 488 -0.3715622 0.3676471
Moved 1071.911 197.5 488 -0.3761574 0.3676471
Moved 1071.956 197 487 -0.3773148 0.3645834
Moved 1072.005 195.6578 487 -0.3804217 0.3645834
Moved 1072.053 195 487 -0.3819444 0.3645834
Moved 1072.099 195 485.5 -0.3819444 0.3599878
Moved 1072.174 193.9203 486 -0.3844438 0.3615196
Stationary 1072.224 193.9203 486 -0.3844438 0.3615196
Stationary 1072.276 193.9203 486 -0.3844438 0.3615196
Stationary 1072.321 194 486 -0.3842593 0.3615196
Ended 1072.368 194 486 -0.3842593 0.3615196
Began 1072.647 335 373 -0.05787035 0.01531863
Stationary 1072.702 335 373 -0.05787035 0.01531863
Stationary 1072.747 335 373 -0.05787035 0.01531863
Stationary 1072.792 335 373 -0.05787035 0.01531863
Moved 1072.852 367.4947 373 0.01734893 0.01531863
Moved 1072.897 413.5962 373 0.1240652 0.01531863
Moved 1072.942 459.4082 373 0.2301116 0.01531863
Moved 1072.987 484.7317 373 0.2887307 0.01531863
Moved 1073.038 514.9348 373 0.3586453 0.01531863
Moved 1073.09 536.3647 373 0.4082516 0.01531863
Moved 1073.142 542.5411 373 0.4225488 0.01531863
Moved 1073.191 545.5 373 0.4293981 0.01531863
Moved 1073.239 546.1073 373 0.4308039 0.01531863
Stationary 1073.287 546 373 0.4305556 0.01531863
Moved 1073.359 483.4764 439.4706 0.285825 0.2189664
Moved 1073.406 452.3755 464.083 0.2138322 0.294372
Moved 1073.46 415.0314 483.9843 0.1273874 0.3553441
Moved 1073.511 394.1515 493.9243 0.07905433 0.3857974
Moved 1073.564 382.2016 498 0.05139251 0.3982843
Moved 1073.62 375 502 0.03472219 0.4105393
Moved 1073.673 375 505.0427 0.03472219 0.4198613
Moved 1073.718 388.6519 508 0.06632397 0.4289215
Moved 1073.767 417.027 511 0.1320069 0.4381127
Moved 1073.812 441.5533 511 0.1887809 0.4381127
Moved 1073.888 456.0606 511 0.2223625 0.4381127
Moved 1073.937 462.7621 503.2379 0.2378753 0.4143319
Moved 1073.984 465.7333 493.8666 0.2447531 0.3856209
Moved 1074.033 466 455.6472 0.2453704 0.268527
Moved 1074.083 444.9537 403.1635 0.196652 0.1077312
Moved 1074.133 428.1771 347.7083 0.1578173 -0.06216807
Moved 1074.181 414.9802 301.9207 0.1272689 -0.202449
Moved 1074.229 410.0241 279.1445 0.1157965 -0.2722289
Moved 1074.276 404.7078 260.8312 0.1034902 -0.3283358
Moved 1074.323 401.7619 251.5238 0.09667108 -0.356851
Moved 1074.396 398.6012 244 0.08935461 -0.379902
Moved 1074.442 395.5881 243 0.08237998 -0.3829657
Moved 1074.496 374.766 277.3511 0.03418048 -0.2777233
Moved 1074.546 355.6911 311.2797 -0.009974391 -0.1737755
Moved 1074.592 345.0755 336.849 -0.03454745 -0.09543821
Moved 1074.641 340.756 348.244 -0.04454643 -0.0605269
Moved 1074.688 340 353.6229 -0.04629632 -0.0440476
Moved 1074.733 340 356.3718 -0.04629632 -0.03562554
Moved 1074.78 340 358.3724 -0.04629632 -0.0294963
Moved 1074.826 340 359.249 -0.04629632 -0.02681078
Moved 1074.899 340 360 -0.04629632 -0.0245098
Stationary 1074.945 340 360 -0.04629632 -0.0245098
Moved 1074.989 340 361.1495 -0.04629632 -0.02098803
Stationary 1075.037 340 361.1495 -0.04629632 -0.02098803
Stationary 1075.082 340 361.1495 -0.04629632 -0.02098803
Stationary 1075.127 340 361.1495 -0.04629632 -0.02098803
Stationary 1075.172 340 361.1495 -0.04629632 -0.02098803
Stationary 1075.216 340 361.1495 -0.04629632 -0.02098803
Stationary 1075.261 340 361 -0.04629632 -0.02144608
Stationary 1075.306 340 361 -0.04629632 -0.02144608
Ended 1075.377 340 361 -0.04629632 -0.02144608
Began 1075.591 515 461 0.3587963 0.2849264
Stationary 1075.645 515 461 0.3587963 0.2849264
Stationary 1075.694 515 461 0.3587963 0.2849264
Stationary 1075.744 515 461 0.3587963 0.2849264
Moved 1075.789 506.4168 446.6355 0.3389278 0.2409176
Moved 1075.837 494.7811 417.3433 0.3119933 0.1511742
Moved 1075.89 476.5826 379.9709 0.269867 0.03667551
Moved 1075.937 465.6608 352.7621 0.2445853 -0.0466846
Moved 1075.988 454.7549 325.3464 0.2193401 -0.1306787
Moved 1076.034 444.2191 295.6573 0.1949517 -0.221638
Moved 1076.081 438.3518 279.3795 0.1813699 -0.2715089
Moved 1076.13 437 268.3823 0.1782407 -0.3052011
Moved 1076.177 436 260.978 0.1759259 -0.327886
Moved 1076.226 435 256.6743 0.1736111 -0.3410714
Moved 1076.279 433 252.459 0.1689814 -0.353986
Moved 1076.326 427.4284 247.8568 0.1560843 -0.3680857
Moved 1076.371 419.6528 241.3264 0.1380853 -0.3880931
Moved 1076.414 408.3855 234.257 0.1120034 -0.4097519
Moved 1076.483 394.5 228.5 0.07986108 -0.4273897
Moved 1076.527 387.8354 225.4177 0.06443371 -0.436833
Moved 1076.57 381.1142 223 0.04887541 -0.4442402
Moved 1076.62 377.1805 222 0.03976981 -0.4473039
Moved 1076.671 373 221 0.0300926 -0.4503677
Moved 1076.719 370.5 221 0.02430558 -0.4503677
Moved 1076.766 377.6816 241.8577 0.04092972 -0.3864655
Moved 1076.811 416.682 324.7051 0.1312084 -0.1326438
Moved 1076.858 443.1541 393.6162 0.1924862 0.07848109
Moved 1076.904 449.3685 408.7369 0.2068714 0.1248069
Moved 1076.975 451 413.7851 0.2106482 0.140273
Moved 1077.023 451 419.5 0.2106482 0.1577819
Moved 1077.07 431.5 427.5 0.1655093 0.1822917
Moved 1077.118 390.6332 437.8185 0.07091025 0.2139048
Moved 1077.166 351.2813 442.7465 -0.02018213 0.2290028
Moved 1077.215 313.5381 449.1027 -0.1075508 0.2484763
Moved 1077.263 285.8481 454.0217 -0.171648 0.263547
Moved 1077.311 265.0188 456.3271 -0.2198639 0.27061
Moved 1077.357 252.731 457 -0.2483079 0.2726716
Moved 1077.403 247.5 458.5 -0.2604167 0.2772671
Moved 1077.482 244.5 458 -0.2673611 0.2757353
Moved 1077.53 244 447.2426 -0.2685185 0.2427777
Moved 1077.578 244 397.0895 -0.2685185 0.08912218
Moved 1077.626 263.3919 351.3602 -0.2236298 -0.05097988
Moved 1077.678 270.7602 323.6784 -0.2065736 -0.1357892
Moved 1077.729 277.1435 301.5695 -0.1917975 -0.2035248
Moved 1077.794 280.8789 292.1211 -0.1831508 -0.2324722
Moved 1077.844 282.8414 289.1586 -0.1786079 -0.2415483
Moved 1077.893 287.1449 288 -0.1686461 -0.2450981
Moved 1077.941 297.4478 299.9852 -0.1447967 -0.2083785
Moved 1078.017 326.7732 366.0618 -0.07691388 -0.005938026
Moved 1078.066 337.6882 413.8174 -0.05164767 0.1403719
Moved 1078.115 341 434.9611 -0.04398147 0.2051505
Moved 1078.167 343 445.9138 -0.03935183 0.2387066
Moved 1078.22 343 451.1265 -0.03935183 0.2546767
Moved 1078.266 343 453.6208 -0.03935183 0.2623186
Moved 1078.313 336.5238 454 -0.05434309 0.2634804
Moved 1078.361 315.6298 439.3499 -0.1027087 0.2185966
Moved 1078.41 266.485 403.9042 -0.2164699 0.1100006
Moved 1078.458 235.5 377 -0.2881945 0.02757353
Moved 1078.534 216.6739 356.6739 -0.3317734 -0.0347
Moved 1078.582 213.5 352.5 -0.3391204 -0.04748775
Moved 1078.63 212 350.5 -0.3425926 -0.0536152
Moved 1078.68 211 348.6266 -0.3449074 -0.05935473
Moved 1078.726 210 347.6803 -0.3472222 -0.06225399
Moved 1078.772 209 346.8032 -0.349537 -0.06494111
Stationary 1078.818 209 347 -0.349537 -0.06433815
Ended 1078.872 209 347 -0.349537 -0.06433815
PhraseEnd 1080.089
