the five boxing wizards jump quickly
Basic
0.4 0.4
288 115.2
Began 437.1405 359 304 -0.003472194 0.5555559
Stationary 437.22 359 304 -0.003472194 0.5555559
Stationary 437.2519 359 304 -0.003472194 0.5555559
Stationary 437.2825 359 304 -0.003472194 0.5555559
Stationary 437.3122 359 304 -0.003472194 0.5555559
Stationary 437.3408 359 304 -0.003472194 0.5555559
Stationary 437.3688 359 304 -0.003472194 0.5555559
Moved 437.3985 359 293.5 -0.003472194 0.4644098
Moved 437.4296 359 292 -0.003472194 0.4513892
Moved 437.4663 359 289.5467 -0.003472194 0.4300931
Moved 437.4979 359 288.0405 -0.003472194 0.4170188
Moved 437.5284 359 286.6099 -0.003472194 0.4045998
Moved 437.5593 359 284.6492 -0.003472194 0.3875796
Moved 437.59 359 282.7982 -0.003472194 0.3715118
Moved 437.6205 359 279.8666 -0.003472194 0.3460638
Moved 437.6507 359 273.9849 -0.003472194 0.2950075
Moved 437.6804 359 267.3526 -0.003472194 0.2374358
Moved 437.7098 369.8111 262.1888 0.03406644 0.1926115
Moved 437.7401 377.5559 252.4441 0.06095812 0.1080216
Moved 437.791 384.58 244.84 0.0853473 0.04201386
Moved 437.8247 388.155 241.845 0.09776056 0.01601537
Moved 437.8587 392.4716 237.5284 0.1127486 -0.02145423
Moved 437.8912 395.3326 236 0.1226828 -0.03472222
Moved 437.9265 395 234.5 0.1215278 -0.0477428
Moved 437.9594 395 235 0.1215278 -0.04340278
Moved 437.9906 386.7603 235 0.09291769 -0.04340278
Moved 438.0222 378.5193 235 0.06430299 -0.04340278
Moved 438.0544 365.9894 247.0043 0.02079651 0.06080098
Moved 438.0883 343.4669 256.6132 -0.05740665 0.1442123
Moved 438.1415 324.8738 265.6757 -0.1219659 0.2228798
Moved 438.1747 311.1657 271.5005 -0.1695635 0.2734423
Moved 438.2127 295.1039 279.9481 -0.2253337 0.3467714
Moved 438.2428 290.0072 281 -0.2430304 0.3559028
Moved 438.2776 286.1316 283 -0.2564877 0.3732639
Moved 438.3093 282.2589 284.7411 -0.2699345 0.3883778
Moved 438.3407 280.3869 285 -0.2764345 0.390625
Moved 438.3717 279 286 -0.2812501 0.3993056
Moved 438.4034 276.9443 286 -0.2883879 0.3993056
Stationary 438.4344 276.9443 286 -0.2883879 0.3993056
Moved 438.4829 274.6803 287 -0.2962489 0.4079864
Stationary 438.5136 274.6803 287 -0.2962489 0.4079864
Moved 438.5438 273.8931 287 -0.2989823 0.4079864
Stationary 438.5738 273.8931 287 -0.2989823 0.4079864
Stationary 438.6039 273.8931 287 -0.2989823 0.4079864
Stationary 438.6338 274 287 -0.2986111 0.4079864
Ended 438.6633 274 287 -0.2986111 0.4079864
Began 438.8622 320 232 -0.1388889 -0.06944445
Stationary 438.9078 320 232 -0.1388889 -0.06944445
Stationary 438.9364 320 232 -0.1388889 -0.06944445
Stationary 438.9644 320 232 -0.1388889 -0.06944445
Stationary 438.9926 320 232 -0.1388889 -0.06944445
Stationary 439.0204 320 232 -0.1388889 -0.06944445
Stationary 439.048 320 232 -0.1388889 -0.06944445
Stationary 439.0767 320 232 -0.1388889 -0.06944445
Moved 439.1072 332.8955 243.5819 -0.0941129 0.03109296
Moved 439.1397 345.5664 247.9398 -0.05011663 0.06892205
Moved 439.1719 362.0823 255.5411 0.007230192 0.134906
Moved 439.2158 385.9415 267.4708 0.0900747 0.2384618
Moved 439.2476 401.1067 275.0533 0.1427315 0.3042825
Moved 439.2799 415.4923 281.7969 0.1926817 0.3628209
Moved 439.3095 422.8886 286.5924 0.2183634 0.404448
Moved 439.3419 432.5492 291.2746 0.2519068 0.4450921
Moved 439.3743 436.1432 292 0.2643862 0.4513892
Moved 439.4059 439.0155 292 0.2743593 0.4513892
Moved 439.4366 440 292 0.2777778 0.4513892
Stationary 439.4694 440 292 0.2777778 0.4513892
Moved 439.4978 440 279.7302 0.2777778 0.3448805
Moved 439.5448 417.6656 259.1319 0.2002279 0.1660755
Moved 439.5744 404.4846 243.3558 0.1544605 0.02913051
Moved 439.6039 394.9615 229.9486 0.1213941 -0.0872514
Moved 439.6328 387.6412 220.9618 0.09597645 -0.1652622
Moved 439.6616 380.6579 213.6578 0.07172883 -0.2286644
Moved 439.6943 377.6753 208.6753 0.06137237 -0.2719156
Moved 439.7262 373.8036 203.8036 0.04792929 -0.314205
Moved 439.7635 371.266 200.266 0.03911794 -0.344913
Moved 439.796 368 195.9575 0.02777785 -0.3823132
Moved 439.8286 366 194.0845 0.02083331 -0.3985723
Moved 439.8801 363.1439 193 0.01091614 -0.4079861
Moved 439.914 361.2753 193 0.004428179 -0.4079861
Moved 439.9445 358.4047 193 -0.005539134 -0.4079861
Moved 439.9758 353.8005 193 -0.02152614 -0.4079861
Moved 440.0087 341.9468 208.0399 -0.0626848 -0.277431
Moved 440.0403 328.4734 219.5266 -0.1094673 -0.1777204
Moved 440.0709 314.9677 230.2742 -0.156362 -0.08442561
Moved 440.1029 293.4366 244.1381 -0.231123 0.03592094
Moved 440.1344 280.6798 252.16 -0.2754174 0.1055559
Moved 440.1671 270.183 258.9085 -0.3118648 0.1641364
Moved 440.2185 262.0724 266.9277 -0.3400265 0.2337472
Moved 440.2502 259.6651 270.3349 -0.3483851 0.2633238
Moved 440.2809 258 273.2054 -0.3541667 0.2882412
Moved 440.3152 255.5 275.5 -0.3628472 0.3081597
Moved 440.3486 255 276.6138 -0.3645834 0.3178279
Moved 440.3809 254 277.9233 -0.3680556 0.3291957
Moved 440.4118 254 278.5 -0.3680556 0.3342014
Moved 440.4422 254 278 -0.3680556 0.3298611
Stationary 440.4757 254 278 -0.3680556 0.3298611
Ended 440.5054 254 278 -0.3680556 0.3298611
Began 440.9378 358 178 -0.006944462 -0.5381945
Stationary 440.9807 358 178 -0.006944462 -0.5381945
Stationary 441.0112 358 178 -0.006944462 -0.5381945
Stationary 441.0416 358 178 -0.006944462 -0.5381945
Stationary 441.0695 358 178 -0.006944462 -0.5381945
Stationary 441.0974 358 178 -0.006944462 -0.5381945
Stationary 441.1254 358 178 -0.006944462 -0.5381945
Stationary 441.1537 358 178 -0.006944462 -0.5381945
Stationary 441.1811 358 178 -0.006944462 -0.5381945
Stationary 441.2094 358 178 -0.006944462 -0.5381945
Stationary 441.2422 358 178 -0.006944462 -0.5381945
Stationary 441.2705 358 178 -0.006944462 -0.5381945
Moved 441.3001 358 187.677 -0.006944462 -0.4541928
Moved 441.3308 370.1811 197.3448 0.03535092 -0.3702702
Moved 441.3761 393.8905 218.8905 0.1176755 -0.1832422
Moved 441.4089 412.7854 233.1017 0.1832825 -0.05988122
Moved 441.4405 432.5 246.5 0.251736 0.05642388
Moved 441.4714 446.1353 254.2813 0.2990809 0.1239692
Moved 441.5036 460.0582 263.7054 0.3474243 0.2057764
Moved 441.5341 467.4525 269.4525 0.373099 0.2556642
Moved 441.5648 471.1013 271 0.3857685 0.2690972
Moved 441.5961 473 273.7307 0.3923612 0.2928011
Moved 441.6266 473 274.5 0.3923612 0.2994795
Moved 441.6563 473 275 0.3923612 0.3038195
Moved 441.7054 456 275 0.3333333 0.3038195
Moved 441.7348 431.4603 265.5601 0.2481259 0.2218758
Moved 441.7644 412.5303 259.7424 0.1823969 0.1713756
Moved 441.7961 369.472 240.2574 0.0328888 0.002235042
Moved 441.8278 348.8329 230.9164 -0.03877483 -0.07885113
Moved 441.8589 328.6384 219.8192 -0.1088946 -0.1751805
Moved 441.8896 315.9202 211.4601 -0.1530547 -0.2477424
Moved 441.9216 307.7045 206.8523 -0.1815816 -0.2877405
Moved 441.9521 303.315 204.3149 -0.196823 -0.3097662
Moved 441.9816 300.4449 202 -0.2067885 -0.3298611
Moved 442.0312 297 200 -0.21875 -0.3472222
Moved 442.0624 296 198.6345 -0.2222222 -0.3590751
Moved 442.0941 295 199 -0.2256945 -0.3559026
Moved 442.1293 294 197.9476 -0.2291667 -0.3650379
Moved 442.1594 292.6276 198 -0.2339319 -0.3645834
Stationary 442.1887 293 198 -0.2326389 -0.3645834
Stationary 442.2178 293 198 -0.2326389 -0.3645834
Moved 442.2466 311.5874 219.5874 -0.1680994 -0.1771924
Moved 442.2779 333.8609 238.2887 -0.09076074 -0.01485507
Moved 442.3081 365.2387 258.6065 0.01819 0.1615146
Moved 442.3588 403.6961 278.848 0.1517226 0.3372225
Moved 442.4125 425.209 288.403 0.2264202 0.4201654
Moved 442.4432 431.5389 291.2695 0.2483991 0.4450473
Moved 442.4751 437.283 293.1415 0.2683437 0.4612976
Moved 442.5062 440.356 293.678 0.2790141 0.4659553
Moved 442.5363 442.1077 294 0.2850962 0.4687501
Moved 442.5655 444 294 0.2916667 0.4687501
Moved 442.5946 445 294 0.295139 0.4687501
Moved 442.6237 446 294 0.2986111 0.4687501
Moved 442.6526 446 285.4471 0.2986111 0.3945068
Moved 442.7011 429.8849 266.2987 0.2426561 0.2282874
Moved 442.7338 417.5534 246.2855 0.1998383 0.05456183
Moved 442.7644 407.136 230.1814 0.1636668 -0.08523094
Moved 442.7954 398.7349 214.4698 0.1344961 -0.2216159
Moved 442.8277 396.2184 208.4368 0.1257582 -0.2739862
Moved 442.8608 394 204.3495 0.1180555 -0.3094663
Moved 442.8924 391.5 201.5 0.109375 -0.3342012
Moved 442.9271 389.603 201 0.1027881 -0.338542
Moved 442.959 387.0305 201 0.09385571 -0.338542
Moved 442.9897 382.3207 201 0.07750243 -0.338542
Moved 443.0428 370.6377 211.3623 0.03693655 -0.2485911
Moved 443.0731 363.7581 217.2418 0.01304909 -0.1975536
Moved 443.1033 358.0206 224.9794 -0.006872938 -0.1303874
Moved 443.1329 355.5775 227.8451 -0.0153561 -0.1055114
Moved 443.1618 352.0559 231.9441 -0.02758354 -0.06992976
Moved 443.1913 350 235.5837 -0.03472224 -0.03833559
Moved 443.2215 347.3378 238.6622 -0.0439661 -0.01161258
Moved 443.2552 346 240.5 -0.04861109 0.004340278
Moved 443.2914 343.8425 242.1575 -0.05610257 0.01872831
Moved 443.3237 344 243.1318 -0.05555556 0.02718608
Moved 443.3752 343 244.3518 -0.05902775 0.0377761
Stationary 443.4088 343 244 -0.05902775 0.03472222
Moved 443.4399 343 245.0291 -0.05902775 0.04365524
Moved 443.4701 341.5 245 -0.06423608 0.04340278
Stationary 443.4998 341.5 245 -0.06423608 0.04340278
Stationary 443.5286 341.5 245 -0.06423608 0.04340278
Stationary 443.5569 341.5 245 -0.06423608 0.04340278
Stationary 443.5851 341.5 245 -0.06423608 0.04340278
Stationary 443.6143 341.5 245 -0.06423608 0.04340278
Stationary 443.6425 341.5 245 -0.06423608 0.04340278
Stationary 443.6893 341.5 245 -0.06423608 0.04340278
Stationary 443.7188 341.5 245 -0.06423608 0.04340278
Moved 443.7491 342 245 -0.06250002 0.04340278
Ended 443.7885 342 245 -0.06250002 0.04340278
Began 444.0459 259 272 -0.3506944 0.2777781
Stationary 444.0932 259 272 -0.3506944 0.2777781
Stationary 444.1244 259 272 -0.3506944 0.2777781
Stationary 444.1559 259 272 -0.3506944 0.2777781
Stationary 444.1866 259 272 -0.3506944 0.2777781
Stationary 444.2182 259 272 -0.3506944 0.2777781
Stationary 444.2498 259 272 -0.3506944 0.2777781
Stationary 444.283 259 272 -0.3506944 0.2777781
Moved 444.3152 281.7081 272 -0.2718469 0.2777781
Moved 444.3473 301.5 272 -0.203125 0.2777781
Moved 444.3779 333.8028 281.4002 -0.09096243 0.3593771
Moved 444.4178 403.8287 293.5543 0.1521832 0.4648813
Moved 444.4502 427.8054 296.2579 0.2354352 0.4883502
Moved 444.4825 442.5242 297 0.2865424 0.494792
Moved 444.5152 449.2686 297 0.3099602 0.494792
Moved 444.5467 456 297 0.3333332 0.494792
Moved 444.5779 459.3742 297 0.3450494 0.494792
Moved 444.6079 460.941 297 0.3504896 0.494792
Moved 444.6387 462.3729 297 0.3554614 0.494792
Stationary 444.6683 462.3729 297 0.3554614 0.494792
Stationary 444.6965 462 297 0.3541667 0.494792
Stationary 444.7459 462 297 0.3541667 0.494792
Moved 444.7767 451.3832 287.5629 0.317303 0.4128721
Moved 444.8072 441.0537 284.7634 0.2814366 0.3885714
Moved 444.8448 418.4597 273.2299 0.2029851 0.2884539
Moved 444.8765 400.2638 265.6319 0.1398049 0.2224991
Moved 444.9085 383.0278 257.0167 0.07995769 0.1477144
Moved 444.9401 368.6025 251.2008 0.02986968 0.09722922
Moved 444.9736 352.9577 241.7747 -0.02445228 0.01540529
Moved 445.0094 339.8929 235.4464 -0.06981641 -0.03952768
Moved 445.0412 327.5347 230.8448 -0.1127268 -0.0794718
Moved 445.0906 318 226.5 -0.1458333 -0.1171872
Moved 445.1214 314.6046 226 -0.1576229 -0.1215281
Moved 445.1519 312.0444 225 -0.1665124 -0.1302083
Moved 445.182 309.1866 223.1866 -0.1764353 -0.1459493
Moved 445.2127 304.6358 221.3179 -0.1922367 -0.1621713
Moved 445.2434 299.3344 219.4448 -0.2106444 -0.1784306
Moved 445.2734 292.7497 216.9165 -0.233508 -0.2003776
Moved 445.3043 284.1359 214.0453 -0.2634171 -0.2253013
Moved 445.3362 275.5316 211.1772 -0.293293 -0.2501973
Moved 445.3674 268.5 209 -0.3177083 -0.269097
Moved 445.4193 261.613 206.3065 -0.3416215 -0.2924779
Moved 445.4515 258.426 205.426 -0.3526876 -0.3001213
Moved 445.4825 255.5593 205 -0.3626414 -0.3038192
Moved 445.5153 253.5 205 -0.3697917 -0.3038192
Moved 445.5529 250.8519 204 -0.3789863 -0.3124998
Moved 445.5844 249.6282 204 -0.3832355 -0.3124998
Moved 445.6145 248.8011 204 -0.3861074 -0.3124998
Moved 445.6454 248 203.4574 -0.3888889 -0.3172101
Stationary 445.6758 248 203 -0.3888889 -0.3211806
Moved 445.7057 246.6261 203 -0.3936596 -0.3211806
Moved 445.7542 245.8273 203 -0.396433 -0.3211806
Stationary 445.7856 246 203 -0.3958333 -0.3211806
Moved 445.8193 244.5 203 -0.4010417 -0.3211806
Moved 445.8549 245 203 -0.3993056 -0.3211806
Stationary 445.892 245 203 -0.3993056 -0.3211806
Stationary 445.9225 245 203 -0.3993056 -0.3211806
Stationary 445.9518 245 203 -0.3993056 -0.3211806
Stationary 445.9814 245 203 -0.3993056 -0.3211806
Moved 446.0119 244 210.1868 -0.4027778 -0.2587954
Moved 446.0437 244 211.4581 -0.4027778 -0.2477593
Moved 446.0953 243 217.7311 -0.40625 -0.1933064
Moved 446.1286 242 223.4872 -0.4097223 -0.1433404
Moved 446.1632 242 228.3662 -0.4097223 -0.1009878
Moved 446.1978 242 238 -0.4097223 -0.01736111
Moved 446.2347 242 242.8403 -0.4097223 0.02465566
Moved 446.2688 242 246.9771 -0.4097223 0.06056468
Moved 446.3013 247.8903 251.683 -0.3892698 0.1014148
Moved 446.3338 258.4657 261.4657 -0.3525498 0.1863342
Moved 446.3656 270.7836 270.2702 -0.309779 0.2627622
Moved 446.4053 285.5 277.5 -0.2586806 0.3255209
Moved 446.4536 305.3822 285.8455 -0.1896452 0.3979646
Moved 446.4858 313 288.5 -0.1631945 0.4210067
Moved 446.5172 321.8636 290.2878 -0.1324181 0.4365267
Moved 446.5487 329.601 292.601 -0.105552 0.4566061
Moved 446.5798 332.4777 293 -0.09556369 0.4600695
Moved 446.6124 335.0153 293 -0.08675248 0.4600695
Moved 446.6426 336.3723 293 -0.08204051 0.4600695
Moved 446.6744 337 293 -0.07986113 0.4600695
Moved 446.7073 338.1841 293 -0.07574968 0.4600695
Moved 446.7395 338 283.9893 -0.07638887 0.381852
Moved 446.7918 338 272.6707 -0.07638887 0.2836
Moved 446.8236 326.0173 265.026 -0.1179954 0.2172399
Moved 446.8609 316.3961 252.0941 -0.1514025 0.1049837
Moved 446.8925 312.8267 245.6533 -0.1637963 0.0490737
Moved 446.9238 310.2303 242.2302 -0.1728115 0.01935959
Moved 446.9567 307.4499 238.8998 -0.1824656 -0.009550784
Moved 446.9903 305.5 236.5 -0.1892361 -0.03038168
Moved 447.0215 302.6992 236 -0.1989611 -0.03472222
Moved 447.0577 298.6914 233.6914 -0.2128771 -0.05476211
Moved 447.0964 293.8204 234 -0.2297903 -0.05208307
Moved 447.1467 286.5046 234 -0.2551922 -0.05208307
Moved 447.1835 279.0769 234 -0.280983 -0.05208307
Moved 447.2154 275.6679 234 -0.2928197 -0.05208307
Moved 447.2465 271.7913 234 -0.3062803 -0.05208307
Moved 447.2777 269.2935 234 -0.314953 -0.05208307
Moved 447.3076 267.8597 234 -0.3199317 -0.05208307
Moved 447.3379 265.5468 234 -0.3279625 -0.05208307
Moved 447.3678 264.6282 234 -0.3311522 -0.05208307
Stationary 447.4 264.6282 234 -0.3311522 -0.05208307
Moved 447.4291 263.8272 234 -0.3339334 -0.05208307
Moved 447.4835 262.5 234 -0.3385417 -0.05208307
Moved 447.5186 263 234 -0.3368056 -0.05208307
Stationary 447.5528 263 234 -0.3368056 -0.05208307
Stationary 447.5852 263 234 -0.3368056 -0.05208307
Stationary 447.6176 263 234 -0.3368056 -0.05208307
Ended 447.6476 263 234 -0.3368056 -0.05208307
Began 448.2176 372 240 0.04166663 0
Stationary 448.2554 372 240 0.04166663 0
Stationary 448.2875 372 240 0.04166663 0
Stationary 448.3191 372 240 0.04166663 0
Stationary 448.3493 372 240 0.04166663 0
Stationary 448.3793 372 240 0.04166663 0
Stationary 448.4102 372 240 0.04166663 0
Stationary 448.4412 372 240 0.04166663 0
Stationary 448.4737 372 240 0.04166663 0
Stationary 448.5087 372 240 0.04166663 0
Moved 448.5457 363 240 0.01041666 0
Moved 448.5782 361 249.201 0.003472269 0.07987023
Moved 448.6109 361 253.6301 0.003472269 0.1183174
Moved 448.6426 361 258.2225 0.003472269 0.1581817
Moved 448.6745 361 261.0226 0.003472269 0.1824885
Moved 448.7066 361 263.8943 0.003472269 0.2074157
Moved 448.7383 361 265.3287 0.003472269 0.2198673
Moved 448.7722 361 267.5 0.003472269 0.2387156
Moved 448.803 361 269.2075 0.003472269 0.2535375
Moved 448.8571 361 271 0.003472269 0.2690972
Moved 448.8895 361 272.2472 0.003472269 0.2799238
Stationary 448.9228 361 272 0.003472269 0.2777781
Moved 448.9554 361 273 0.003472269 0.2864584
Moved 448.9886 361 274 0.003472269 0.2951392
Stationary 449.0206 361 274 0.003472269 0.2951392
Moved 449.0516 361 275.467 0.003472269 0.3078734
Stationary 449.0905 361 275 0.003472269 0.3038195
Stationary 449.124 361 275 0.003472269 0.3038195
Stationary 449.1541 361 275 0.003472269 0.3038195
Moved 449.204 369.1281 275 0.03169477 0.3038195
Moved 449.2354 380.1544 275 0.06998063 0.3038195
Moved 449.2669 396.4089 262.2955 0.1264197 0.1935376
Moved 449.2988 410.1164 252.6627 0.1740153 0.1099197
Moved 449.3289 419.0514 243.9486 0.2050394 0.03427612
Moved 449.3599 428.6656 235.3344 0.2384224 -0.04050043
Moved 449.3898 435.186 228.7209 0.2610625 -0.09790845
Moved 449.4229 439.7206 223.5588 0.2768076 -0.1427184
Moved 449.4592 444.9241 217.0759 0.2948752 -0.1989937
Moved 449.4917 447.788 212.212 0.3048194 -0.241215
Moved 449.5463 450 207.2717 0.3125 -0.2840996
Moved 449.5812 452 200.9652 0.3194444 -0.3388437
Moved 449.6146 453 197.0914 0.3229167 -0.3724703
Moved 449.6511 453 194.6587 0.3229167 -0.3935878
Moved 449.6842 454 192.5 0.326389 -0.4123262
Moved 449.7175 455.1913 190.8087 0.3305254 -0.4270077
Moved 449.7506 456.112 191 0.3337224 -0.4253473
Moved 449.7884 458.0284 191 0.3403765 -0.4253473
Moved 449.8228 462.7932 198.8966 0.3569208 -0.3568003
Moved 449.8564 472.7611 208.7611 0.3915316 -0.271171
Moved 449.9084 491.7498 227.9373 0.4574646 -0.1047113
Moved 449.9409 503.2422 238.2422 0.4973686 -0.01525879
Moved 449.9738 512.1405 246.427 0.5282657 0.05578995
Moved 450.0099 523.7653 256.8435 0.5686294 0.146211
Moved 450.0421 528.5789 261.7895 0.5853436 0.1891446
Moved 450.0775 532.5 265.5 0.5989583 0.2213542
Moved 450.1096 534.1693 269.1693 0.6047544 0.2532053
Moved 450.1417 536.0426 272.0426 0.6112591 0.2781476
Moved 450.1727 536 275.9161 0.6111111 0.311772
Moved 450.2128 536 283.7934 0.6111111 0.380151
Moved 450.2654 510.9852 292.2029 0.524254 0.4531509
Moved 450.3038 487.1448 295 0.4414749 0.4774306
Moved 450.3353 464.7264 295 0.3636333 0.4774306
Moved 450.3668 445.4379 295 0.2966594 0.4774306
Moved 450.3987 427.2965 295 0.2336684 0.4774306
Moved 450.4338 411.5491 285.2997 0.1789898 0.3932272
Moved 450.4662 395.8446 285 0.1244605 0.390625
Moved 450.5029 376 281.5 0.05555556 0.3602431
Moved 450.5338 365.5832 279.9166 0.01938596 0.3464985
Moved 450.5654 353.1816 278 -0.02367496 0.3298611
Moved 450.632 330 272.5 -0.1041666 0.2821181
Moved 450.6662 320.2157 268.804 -0.1381398 0.2500341
Moved 450.6992 311.7845 264.9282 -0.1674151 0.2163906
Moved 450.7303 305.1024 262.0511 -0.1906168 0.1914162
Moved 450.7694 297.1289 259 -0.2183023 0.1649308
Moved 450.8023 292.3813 257 -0.2347871 0.1475695
Moved 450.833 289.3172 256.3172 -0.2454264 0.1416426
Moved 450.8636 286.8479 256 -0.2540003 0.1388889
Moved 450.8955 283.9167 255 -0.264178 0.1302086
Moved 450.9279 281.0434 254 -0.2741548 0.1215281
Moved 450.9803 276.6451 251.6451 -0.2894266 0.1010863
Moved 451.0123 274.7281 252 -0.296083 0.1041667
Moved 451.0429 272.8575 249.8575 -0.302578 0.08556923
Moved 451.0736 272 249.2401 -0.3055556 0.08020931
Moved 451.1056 271 249 -0.3090279 0.07812527
Moved 451.1372 270 248 -0.3125 0.06944445
Moved 451.1714 268.6266 246.6266 -0.3172689 0.05752246
Moved 451.2053 268.1983 246 -0.3187558 0.05208334
Moved 451.2456 266.9632 243.9631 -0.3230444 0.03440221
Stationary 451.2792 266.9632 243.9631 -0.3230444 0.03440221
Moved 451.3282 265.9008 242.9008 -0.3267336 0.02518045
Moved 451.363 266 241.7303 -0.326389 0.01502037
Moved 451.3941 264.953 242 -0.3300242 0.01736138
Stationary 451.4269 265 242 -0.3298611 0.01736138
Stationary 451.4562 265 242 -0.3298611 0.01736138
Moved 451.4841 265 240.8503 -0.3298611 0.00738144
Stationary 451.5183 265 241 -0.3298611 0.008680556
Stationary 451.5502 265 241 -0.3298611 0.008680556
Stationary 451.5809 265 241 -0.3298611 0.008680556
Ended 451.6115 265 241 -0.3298611 0.008680556
Backspace 453.0811
Began 454.5609 330 314 -0.1041666 0.6423614
Stationary 454.5979 330 314 -0.1041666 0.6423614
Stationary 454.6285 330 314 -0.1041666 0.6423614
Stationary 454.6588 330 314 -0.1041666 0.6423614
Stationary 454.6886 330 314 -0.1041666 0.6423614
Stationary 454.7187 330 314 -0.1041666 0.6423614
Stationary 454.7513 330 314 -0.1041666 0.6423614
Stationary 454.781 330 314 -0.1041666 0.6423614
Stationary 454.8103 330 314 -0.1041666 0.6423614
Stationary 454.8391 330 314 -0.1041666 0.6423614
Stationary 454.8691 330 314 -0.1041666 0.6423614
Stationary 454.8983 330 314 -0.1041666 0.6423614
Stationary 454.9413 330 314 -0.1041666 0.6423614
Stationary 454.9791 330 314 -0.1041666 0.6423614
Stationary 455.0097 330 314 -0.1041666 0.6423614
Stationary 455.0417 330 314 -0.1041666 0.6423614
Moved 455.0728 340.1679 304.8489 -0.06886155 0.5629243
Moved 455.1054 351.6554 293.2757 -0.02897434 0.4624627
Moved 455.1379 361.552 282.06 0.005388856 0.3651042
Moved 455.1724 383.4212 260.7717 0.08132368 0.1803099
Moved 455.2052 391.3688 251.6312 0.1089196 0.1009658
Moved 455.2362 396.331 245.6691 0.1261492 0.04921066
Moved 455.2877 401.5 240.5 0.1440972 0.004340278
Moved 455.322 403.3944 236.6056 0.150675 -0.02946536
Moved 455.354 403 235 0.1493056 -0.04340278
Moved 455.3854 403 233.9274 0.1493056 -0.05271356
Stationary 455.423 403 234 0.1493056 -0.05208307
Moved 455.4581 392.0762 234 0.1113758 -0.05208307
Moved 455.4905 380.9277 244.0361 0.07266566 0.03503588
Moved 455.523 362.6954 253.6523 0.009358973 0.1185099
Moved 455.5579 352 259 -0.02777778 0.1649308
Moved 455.5914 340.1369 264.4316 -0.06896921 0.2120797
Moved 455.6458 326.5 269.5 -0.1163194 0.2560764
Moved 455.6788 317.1591 273.4205 -0.1487532 0.2901083
Moved 455.7118 312.1624 275.4188 -0.1661029 0.3074551
Moved 455.743 308.7064 276 -0.1781027 0.3124998
Moved 455.7751 305.8293 277 -0.1880925 0.3211806
Moved 455.8061 303.5 278 -0.1961806 0.3298611
Moved 455.8365 301.4162 279 -0.2034159 0.338542
Moved 455.8709 299.7705 279 -0.2091303 0.338542
Moved 455.9012 298.5 280 -0.2135417 0.3472225
Moved 455.9337 297.8334 280 -0.2158562 0.3472225
Moved 455.9817 295.7513 280 -0.2230858 0.3472225
Stationary 456.0124 295.7513 280 -0.2230858 0.3472225
Moved 456.0423 294.8272 280 -0.2262944 0.3472225
Moved 456.0739 293.7508 280 -0.2300319 0.3472225
Moved 456.1045 292.8133 280 -0.2332872 0.3472225
Moved 456.1361 291.7771 280 -0.2368851 0.3472225
Moved 456.1662 290.7655 280 -0.2403977 0.3472225
Stationary 456.1963 290.7655 280 -0.2403977 0.3472225
Moved 456.2257 289.8132 280 -0.2437043 0.3472225
Moved 456.2596 288.8263 280 -0.2471309 0.3472225
Stationary 456.3117 289 280 -0.2465278 0.3472225
Ended 456.3416 289 280 -0.2465278 0.3472225
Began 456.5756 317 213 -0.1493056 -0.234375
Stationary 456.6158 317 213 -0.1493056 -0.234375
Stationary 456.6478 317 213 -0.1493056 -0.234375
Stationary 456.6787 317 213 -0.1493056 -0.234375
Stationary 456.7088 317 213 -0.1493056 -0.234375
Stationary 456.7389 317 213 -0.1493056 -0.234375
Stationary 456.7709 317 213 -0.1493056 -0.234375
Stationary 456.8013 317 213 -0.1493056 -0.234375
Stationary 456.8316 317 213 -0.1493056 -0.234375
Moved 456.8624 317 222 -0.1493056 -0.1562497
Moved 456.8994 321.5067 224.6438 -0.1336572 -0.1333004
Moved 456.9328 327.1928 227.1927 -0.1139139 -0.1111738
Moved 456.9659 333.1386 233.1385 -0.09326883 -0.05956121
Moved 456.9985 344.6977 241.7582 -0.05313292 0.01526223
Moved 457.0301 356 249.5 -0.01388892 0.08246555
Moved 457.0786 391.8618 267.3447 0.1106314 0.2373677
Moved 457.1101 409.4254 275.2127 0.1716159 0.3056659
Moved 457.1428 421.5578 282.2789 0.2137424 0.3670041
Moved 457.1822 432.5 288 0.251736 0.4166667
Moved 457.2169 439.8223 290.8223 0.2771607 0.4411656
Moved 457.2505 442 292.2687 0.2847222 0.4537212
Moved 457.2827 444.5 292 0.2934029 0.4513892
Moved 457.3205 445 292 0.295139 0.4513892
Stationary 457.3518 445 292 0.295139 0.4513892
Stationary 457.3839 445 292 0.295139 0.4513892
Moved 457.4349 427.8776 271.1021 0.235686 0.2699834
Moved 457.4666 416.6804 258.6804 0.196807 0.1621559
Moved 457.4979 404.4032 244.754 0.1541778 0.04126761
Moved 457.531 394.4359 234.4359 0.119569 -0.0482991
Moved 457.5659 387.2204 228.2205 0.09451539 -0.102253
Moved 457.6009 379.2824 221.6412 0.06695271 -0.159364
Moved 457.6342 375.7709 217.7709 0.05475998 -0.1929609
Moved 457.667 371.9028 213.9028 0.04132912 -0.2265382
Moved 457.6992 369.3284 213 0.03239021 -0.234375
Moved 457.735 367.895 211.895 0.02741307 -0.2439669
Moved 457.7884 362.8573 211 0.009921045 -0.2517361
Moved 457.8206 360.1742 211 0.0006046891 -0.2517361
Moved 457.8568 356.601 219.399 -0.01180217 -0.178828
Moved 457.8918 347.9937 233.0094 -0.04168839 -0.06068204
Moved 457.9288 342.4663 241.5337 -0.06088086 0.0133133
Moved 457.9611 335.2249 249.7751 -0.08602486 0.08485398
Moved 457.995 327.4783 258.7825 -0.1129225 0.1630423
Moved 458.0298 318.5012 265.4988 -0.1440931 0.2213444
Moved 458.062 313.883 270.234 -0.1601285 0.262448
Moved 458.095 309.009 272.991 -0.1770521 0.2863805
Moved 458.149 304.0656 276.9344 -0.1942166 0.320611
Moved 458.1884 298.7423 281.2577 -0.2127003 0.35814
Moved 458.2209 295.8704 283.1296 -0.2226724 0.3743893
Moved 458.2526 294.2976 284 -0.2281333 0.3819447
Moved 458.2846 291.5 285 -0.2378472 0.390625
Moved 458.319 289.551 286 -0.2446147 0.3993056
Moved 458.3508 287.682 287.318 -0.2511042 0.4107465
Moved 458.382 287 287 -0.2534723 0.4079864
Moved 458.4149 284.9138 288 -0.2607159 0.4166667
Stationary 458.4469 285 288 -0.2604167 0.4166667
Moved 458.4978 283.9274 288 -0.264141 0.4166667
Stationary 458.5291 283.9274 288 -0.264141 0.4166667
Moved 458.5633 282.8752 288 -0.2677944 0.4166667
Stationary 458.5976 283 288 -0.2673611 0.4166667
Stationary 458.6283 283 288 -0.2673611 0.4166667
Stationary 458.659 283 288 -0.2673611 0.4166667
Stationary 458.6898 283 288 -0.2673611 0.4166667
Ended 458.7238 283 288 -0.2673611 0.4166667
Began 459.4518 363 201 0.01041666 -0.338542
Stationary 459.4938 363 201 0.01041666 -0.338542
Stationary 459.5255 363 201 0.01041666 -0.338542
Stationary 459.5567 363 201 0.01041666 -0.338542
Stationary 459.5873 363 201 0.01041666 -0.338542
Stationary 459.625 363 201 0.01041666 -0.338542
Stationary 459.656 363 201 0.01041666 -0.338542
Stationary 459.6867 363 201 0.01041666 -0.338542
Stationary 459.7178 363 201 0.01041666 -0.338542
Stationary 459.7496 363 201 0.01041666 -0.338542
Stationary 459.782 363 201 0.01041666 -0.338542
Moved 459.814 373.4964 201 0.04686236 -0.338542
Moved 459.8477 383.2399 206.6699 0.08069426 -0.2893236
Moved 459.881 396.7861 218.1024 0.1277296 -0.1900832
Moved 459.9132 415.8069 232.3551 0.1937738 -0.0663617
Moved 459.9484 432.5166 245.4133 0.2517939 0.04699071
Moved 459.9872 448.2258 256.8172 0.3063397 0.1459827
Moved 460.0382 459.0264 264.6843 0.3438416 0.2142732
Moved 460.0741 464.4386 269.2193 0.3626341 0.2536398
Moved 460.1104 470.5 274.5 0.3836806 0.2994795
Moved 460.1447 474.101 277.101 0.3961842 0.3220577
Moved 460.1794 476 279.9739 0.4027778 0.3469955
Moved 460.2117 478.8455 281.8455 0.4126581 0.3632424
Moved 460.2428 480 283.2843 0.4166667 0.3757318
Moved 460.2729 482.2514 285.2514 0.424484 0.3928071
Moved 460.3027 483.1278 286 0.427527 0.3993056
Moved 460.3348 483 287 0.4270834 0.4079864
Moved 460.3887 483 288 0.4270834 0.4166667
Moved 460.422 483 289 0.4270834 0.4253475
Stationary 460.4592 483 289 0.4270834 0.4253475
Moved 460.4929 459.4694 289 0.3453799 0.4253475
Moved 460.528 443.0993 282.139 0.2885394 0.3657905
Moved 460.5607 427.5 277 0.234375 0.3211806
Moved 460.5984 408.3243 272.2355 0.1677929 0.2798224
Moved 460.6349 379.2017 261.9436 0.06667257 0.1904824
Moved 460.6688 360.5 256 0.001736134 0.1388889
Moved 460.7027 343.2585 247.7528 -0.0581304 0.06729868
Moved 460.763 314.546 233.2729 -0.1578264 -0.05839454
Moved 460.7998 304.7959 227.3979 -0.1916808 -0.1093928
Moved 460.8354 293.5921 221.592 -0.230583 -0.1597913
Moved 460.8755 288.4258 218.4258 -0.2485215 -0.1872762
Moved 460.912 284.5 217 -0.2621528 -0.1996525
Moved 460.9449 284 216 -0.2638889 -0.2083334
Moved 460.9774 282.9138 216 -0.2676603 -0.2083334
Stationary 461.009 283 216 -0.2673611 -0.2083334
Stationary 461.0411 283 216 -0.2673611 -0.2083334
Moved 461.0792 289.9586 224.9468 -0.2431992 -0.1306701
Moved 461.1419 327.5075 249.9486 -0.1128212 0.08635972
Moved 461.1747 350.037 259.7639 -0.03459357 0.1715618
Moved 461.2083 373.8946 270.5112 0.04824504 0.2648539
Moved 461.2403 391.8731 276.0885 0.1106705 0.313268
Moved 461.2826 416.0547 285.0328 0.1946344 0.3909103
Moved 461.3165 428.5393 288.7697 0.2379836 0.4233477
Moved 461.3489 435.9507 290 0.2637178 0.4340278
Moved 461.3802 440.2886 291 0.2787799 0.4427084
Moved 461.4132 443.5 291 0.2899306 0.4427084
Moved 461.4453 445 291 0.295139 0.4427084
Moved 461.5005 446 281.1082 0.2986111 0.3568419
Moved 461.5351 446 273.8477 0.2986111 0.293817
Moved 461.5703 428.91 251.0925 0.2392708 0.09628932
Moved 461.6047 420.5759 235.1517 0.2103329 -0.04208539
Moved 461.6375 413.9669 220.9174 0.1873852 -0.1656479
Moved 461.6699 409 211 0.1701389 -0.2517361
Moved 461.7052 406.5887 203.1775 0.1617664 -0.3196399
Moved 461.7403 404 196.277 0.1527777 -0.3795401
Moved 461.7741 403 193.5 0.1493056 -0.4036459
Moved 461.8064 402 191.8356 0.1458333 -0.4180943
Moved 461.8627 396.1932 192 0.1256709 -0.4166664
Moved 461.8958 392.6668 192 0.1134265 -0.4166664
Moved 461.9294 383.9965 201.6691 0.08332103 -0.3327338
Moved 461.9646 375.2365 208.5726 0.05290434 -0.272807
Moved 462.0012 364.811 216.0945 0.01670495 -0.2075132
Moved 462.0358 356.9994 222.0004 -0.01041889 -0.1562468
Moved 462.0694 351.2529 225.8735 -0.03037184 -0.1226256
Moved 462.1039 345.2499 229.7501 -0.05121574 -0.08897438
Moved 462.1371 341.7013 233.2987 -0.06353707 -0.05817069
Moved 462.1729 336.3944 236.6056 -0.08196377 -0.02946536
Moved 462.2295 333.5 239.5 -0.09201392 -0.004340278
Moved 462.2647 331.5 241.5 -0.09895831 0.0130211
Moved 462.2986 331 242.7415 -0.1006945 0.02379762
Moved 462.3308 331 243.5 -0.1006945 0.03038195
Moved 462.3655 331 244 -0.1006945 0.03472222
Moved 462.4004 330 245 -0.1041666 0.04340278
Stationary 462.4332 330 245 -0.1041666 0.04340278
Stationary 462.4699 330 245 -0.1041666 0.04340278
Stationary 462.5015 330 245 -0.1041666 0.04340278
Stationary 462.5329 330 245 -0.1041666 0.04340278
Stationary 462.5867 330 245 -0.1041666 0.04340278
Stationary 462.6331 330 245 -0.1041666 0.04340278
Stationary 462.6646 330 245 -0.1041666 0.04340278
Stationary 462.6962 330 245 -0.1041666 0.04340278
Ended 462.7284 330 245 -0.1041666 0.04340278
Began 463.0065 264 261 -0.3333333 0.1822917
Stationary 463.0462 264 261 -0.3333333 0.1822917
Stationary 463.078 264 261 -0.3333333 0.1822917
Stationary 463.1099 264 261 -0.3333333 0.1822917
Stationary 463.1421 264 261 -0.3333333 0.1822917
Stationary 463.1774 264 261 -0.3333333 0.1822917
Stationary 463.2095 264 261 -0.3333333 0.1822917
Stationary 463.2405 264 261 -0.3333333 0.1822917
Stationary 463.2733 264 261 -0.3333333 0.1822917
Stationary 463.311 264 261 -0.3333333 0.1822917
Stationary 463.3428 264 261 -0.3333333 0.1822917
Stationary 463.3759 264 261 -0.3333333 0.1822917
Stationary 463.4073 264 261 -0.3333333 0.1822917
Moved 463.4379 273.1572 261 -0.3015376 0.1822917
Moved 463.4727 276.6611 261 -0.2893712 0.1822917
Moved 463.5098 292.4355 272.5766 -0.2345991 0.2827833
Moved 463.541 308.407 277.469 -0.1791423 0.3252517
Moved 463.5735 327.0218 282.2888 -0.1145076 0.3670907
Moved 463.605 345.9419 287.157 -0.04881278 0.4093488
Moved 463.6553 377.2559 292.4651 0.05991623 0.4554267
Moved 463.6866 391.8838 294.9807 0.1107074 0.4772626
Moved 463.7173 404.4049 296 0.1541838 0.4861112
Moved 463.748 413.4514 298 0.1855952 0.5034723
Moved 463.7788 420 298 0.2083333 0.5034723
Moved 463.8225 426.6068 298.6068 0.2312735 0.5087395
Moved 463.8571 430.4838 299 0.2447353 0.5121531
Moved 463.8902 434.3568 299 0.2581834 0.5121531
Moved 463.9263 440.6609 299 0.2800724 0.5121531
Moved 463.9595 443.2007 299 0.2888915 0.5121531
Moved 464.0121 447.1024 299 0.3024391 0.5121531
Moved 464.0453 450.4514 299 0.3140675 0.5121531
Moved 464.0788 451 299 0.3159723 0.5121531
Moved 464.1134 452 299 0.3194444 0.5121531
Moved 464.1526 453 299 0.3229167 0.5121531
Moved 464.1888 454.5 299 0.3281251 0.5121531
Moved 464.2222 454 299 0.326389 0.5121531
Moved 464.2551 455.5 299 0.3315972 0.5121531
Moved 464.2891 455 299 0.329861 0.5121531
Stationary 464.323 455 299 0.329861 0.5121531
Moved 464.3751 455 294.6495 0.329861 0.4743884
Moved 464.4098 455 290.755 0.329861 0.4405817
Moved 464.4459 445.5795 288.6542 0.2971511 0.4223461
Moved 464.4829 439.3361 283.3361 0.2754726 0.3761816
Moved 464.518 425.9712 277.5884 0.2290665 0.3262883
Moved 464.5522 410.5591 269.8236 0.1755524 0.2588855
Moved 464.5847 384.8755 256.9502 0.08637309 0.1471371
Moved 464.6174 368.5154 248.2062 0.02956748 0.07123418
Moved 464.6494 353.9073 239.4537 -0.02115503 -0.004741881
Moved 464.6839 341.1026 233.0513 -0.065616 -0.06031885
Moved 464.7355 323.5197 224.7599 -0.1266679 -0.1322924
Moved 464.7672 312.0292 220.0146 -0.1665652 -0.1734837
Moved 464.8026 297.6373 215.5458 -0.2165372 -0.2122763
Moved 464.8336 288.0052 212.6685 -0.2499818 -0.237253
Moved 464.8644 280.406 209.802 -0.2763681 -0.2621354
Moved 464.8948 274.4558 209 -0.2970284 -0.269097
Moved 464.9246 267.7347 207.3673 -0.3203656 -0.2832696
Moved 464.9555 260.9754 205.4877 -0.3438353 -0.2995862
Moved 464.9857 256.6097 205 -0.3589939 -0.3038192
Moved 465.0198 251.1505 204 -0.3779497 -0.3124998
Moved 465.0781 243.3292 202 -0.4051071 -0.3298611
Moved 465.1156 242 202 -0.4097223 -0.3298611
Moved 465.1477 239.9655 201 -0.4167865 -0.338542
Stationary 465.1821 239.9655 201 -0.4167865 -0.338542
Stationary 465.2136 240 201 -0.4166666 -0.338542
Stationary 465.2474 240 201 -0.4166666 -0.338542
Moved 465.2833 244.4576 212.2736 -0.401189 -0.2406809
Moved 465.322 264.8894 229.1909 -0.330245 -0.09382884
Moved 465.3554 289.1526 244.307 -0.2459977 0.03738748
Moved 465.3889 313.9935 257.3304 -0.1597447 0.1504379
Moved 465.4491 343.9067 274.344 -0.05587958 0.298125
Moved 465.4855 353.93 280.2867 -0.02107628 0.3497108
Moved 465.5251 360.9504 285 0.003299862 0.390625
Moved 465.5589 362 286 0.006944388 0.3993056
Moved 465.5924 362 288 0.006944388 0.4166667
Moved 465.6284 362 290.1161 0.006944388 0.4350361
Moved 465.6612 354.1126 291 -0.02044246 0.4427084
Moved 465.6933 346.8643 291 -0.04561015 0.4427084
Moved 465.7248 338.2314 291 -0.0755854 0.4427084
Moved 465.7596 331.4128 291 -0.09926119 0.4427084
Moved 465.813 323.4751 291 -0.1268227 0.4427084
Moved 465.8494 315.8293 291 -0.1533704 0.4427084
Moved 465.8825 312.2946 291 -0.1656436 0.4427084
Moved 465.9149 308.0605 280.7119 -0.1803453 0.3534018
Moved 465.9489 304.6509 282.6509 -0.1921844 0.3702334
Moved 465.9849 299.5 280.5 -0.2100694 0.3515625
Moved 466.0197 297.8856 279.8856 -0.215675 0.3462291
Moved 466.0531 295.5 280 -0.2239584 0.3472225
Moved 466.0888 294.7309 280 -0.2266289 0.3472225
Moved 466.1227 292.6278 279 -0.2339311 0.338542
Moved 466.1759 292 279 -0.2361111 0.338542
Moved 466.2112 290.5 279 -0.2413195 0.338542
Stationary 466.2498 290.5 279 -0.2413195 0.338542
Stationary 466.2821 290.5 279 -0.2413195 0.338542
Moved 466.315 289.9108 279 -0.2433653 0.338542
Stationary 466.349 290 279 -0.2430555 0.338542
Stationary 466.3808 290 279 -0.2430555 0.338542
Moved 466.4173 289 278 -0.2465278 0.3298611
Moved 466.4511 287.9468 277 -0.2501848 0.3211806
Moved 466.4854 288 276.076 -0.25 0.3131596
Moved 466.5394 285.5 275 -0.2586806 0.3038195
Moved 466.5703 286 273.5 -0.2569445 0.2907986
Moved 466.6042 284.8881 273 -0.2608051 0.2864584
Stationary 466.6368 284.8881 273 -0.2608051 0.2864584
Moved 466.6666 285 271.8962 -0.2604167 0.2768774
Stationary 466.6998 285 271.8962 -0.2604167 0.2768774
Moved 466.7297 285 270.9642 -0.2604167 0.268787
Stationary 466.7594 285 270.9642 -0.2604167 0.268787
Stationary 466.7908 285 270.9642 -0.2604167 0.268787
Moved 466.8227 285 269.9383 -0.2604167 0.259881
Moved 466.8789 284 268 -0.2638889 0.2430556
Moved 466.9128 282.1858 265.1858 -0.2701882 0.2186267
Moved 466.945 279.3174 262.3174 -0.280148 0.1937276
Moved 466.9813 277.4444 257.8887 -0.2866515 0.1552842
Moved 467.0186 273.5 253.5 -0.3003472 0.1171875
Moved 467.0492 271.6147 249.6147 -0.3068932 0.08346134
Moved 467.0846 270.5 247.5 -0.3107639 0.06510417
Moved 467.1198 270 246.1781 -0.3125 0.05362935
Moved 467.1518 268.751 244.7511 -0.3168367 0.04124218
Stationary 467.1852 269 245 -0.3159722 0.04340278
Ended 467.2368 269 245 -0.3159722 0.04340278
Began 467.9899 444 264 0.2916667 0.2083336
Stationary 468.0317 444 264 0.2916667 0.2083336
Stationary 468.0658 444 264 0.2916667 0.2083336
Stationary 468.0979 444 264 0.2916667 0.2083336
Stationary 468.1286 444 264 0.2916667 0.2083336
Stationary 468.1603 444 264 0.2916667 0.2083336
Stationary 468.1906 444 264 0.2916667 0.2083336
Stationary 468.2205 444 264 0.2916667 0.2083336
Stationary 468.2557 444 264 0.2916667 0.2083336
Stationary 468.2865 444 264 0.2916667 0.2083336
Stationary 468.3202 444 264 0.2916667 0.2083336
Stationary 468.3535 444 264 0.2916667 0.2083336
Moved 468.3954 430.1033 264 0.2434143 0.2083336
Moved 468.4269 423 264 0.2187499 0.2083336
Moved 468.4615 413 276 0.1840278 0.3124998
Moved 468.494 404.8369 279.7754 0.1556836 0.3452725
Moved 468.5302 399.49 284.255 0.1371181 0.3841578
Moved 468.5637 395.21 287.79 0.122257 0.4148439
Moved 468.5965 391.3339 290.6661 0.1087983 0.43981
Moved 468.6302 386.0262 293 0.09036883 0.4600695
Moved 468.6625 383.6526 294 0.0821273 0.4687501
Moved 468.6934 382.626 294 0.07856265 0.4687501
Moved 468.743 382 294 0.07638887 0.4687501
Stationary 468.7746 382 294 0.07638887 0.4687501
Stationary 468.8081 382 294 0.07638887 0.4687501
Stationary 468.8383 382 294 0.07638887 0.4687501
Moved 468.8685 382 281.6483 0.07638887 0.36153
Moved 468.9023 393.0302 268.9396 0.1146881 0.2512121
Moved 468.934 397.2264 252.8678 0.1292585 0.1116999
Moved 468.9715 405 234.5 0.15625 -0.0477428
Moved 469.0052 409.2123 223.5753 0.1708762 -0.1425751
Moved 469.0372 412.9685 214.0944 0.1839185 -0.2248754
Moved 469.0961 423 196.5 0.2187499 -0.3776039
Moved 469.1301 427.2536 191.7463 0.2335194 -0.4188687
Moved 469.1635 431.1291 187.8708 0.2469762 -0.4525098
Moved 469.2012 436.4258 185 0.2653675 -0.4774306
Moved 469.2344 440.8511 184 0.280733 -0.4861109
Moved 469.267 446.6074 184 0.3007201 -0.4861109
Moved 469.2989 453.3586 184 0.3241616 -0.4861109
Moved 469.3308 459.5034 194.3356 0.3454978 -0.3963926
Moved 469.3678 466.1775 202.2662 0.3686719 -0.3275501
Moved 469.4003 476.1538 212.1538 0.4033121 -0.2417202
Moved 469.4521 486.0146 227.691 0.4375507 -0.1068486
Moved 469.4844 491.4433 235.4432 0.4564002 -0.03955524
Moved 469.5176 495.0907 243.1814 0.469065 0.02761603
Moved 469.5499 499.4775 251.2163 0.484297 0.09736406
Moved 469.5853 503 258.9708 0.4965279 0.1646776
Moved 469.6186 504.8402 261.8402 0.5029175 0.1895852
Moved 469.6551 506.5 264.5 0.5086805 0.2126736
Moved 469.6886 507.5 266.5 0.5121528 0.230035
Moved 469.7213 508.1274 268 0.5143315 0.2430556
Moved 469.7531 508 269 0.513889 0.2517361
Ended 469.8027 508 270 0.513889 0.2604167
Began 470.3622 233 259 -0.4409722 0.1649308
Stationary 470.4024 233 259 -0.4409722 0.1649308
Stationary 470.4374 233 259 -0.4409722 0.1649308
Stationary 470.4733 233 259 -0.4409722 0.1649308
Stationary 470.5052 233 259 -0.4409722 0.1649308
Stationary 470.5381 233 259 -0.4409722 0.1649308
Stationary 470.5732 233 259 -0.4409722 0.1649308
Stationary 470.6056 233 259 -0.4409722 0.1649308
Stationary 470.6372 233 259 -0.4409722 0.1649308
Moved 470.671 244.1522 259 -0.4022494 0.1649308
Moved 470.7054 252.1606 259 -0.3744425 0.1649308
Moved 470.7427 271.1874 259 -0.3083771 0.1649308
Moved 470.7758 289.4953 265.4112 -0.2448079 0.2205833
Moved 470.8091 303.5 268.5 -0.1961806 0.2473959
Moved 470.8433 326.8426 272.6317 -0.11513 0.2832609
Moved 470.8952 365.3997 276.0667 0.01874909 0.3130789
Moved 470.9292 381.9574 277 0.07624105 0.3211806
Moved 470.9647 398.6272 277 0.1341222 0.3211806
Moved 470.9972 411.5661 277 0.1790489 0.3211806
Moved 471.0372 424.6925 278 0.2246267 0.3298611
Moved 471.0788 438.1949 278 0.27151 0.3298611
Moved 471.1147 444.9401 279 0.294931 0.338542
Moved 471.1504 449.9802 279 0.3124313 0.338542
Moved 471.1826 452.8579 280 0.3224232 0.3472225
Moved 471.2179 455 280 0.329861 0.3472225
Moved 471.269 456 280 0.3333333 0.3472225
Stationary 471.3023 456 280 0.3333333 0.3472225
Moved 471.3385 429.8864 266.9432 0.2426612 0.2338826
Moved 471.3711 412.9174 257.5097 0.183741 0.151994
Moved 471.4047 394.4273 244.9515 0.1195392 0.04298237
Moved 471.4369 379.832 234.4656 0.06886125 -0.04804214
Moved 471.469 365.5 224 0.01909718 -0.1388886
Moved 471.5013 355.9633 217.9756 -0.01401626 -0.1911842
Moved 471.5363 346.3334 211.2223 -0.04745349 -0.2498063
Moved 471.5705 332.4125 200.6084 -0.09578981 -0.341941
Moved 471.6283 322.6329 194.8164 -0.1297469 -0.3922187
Moved 471.6619 316.5097 190.5096 -0.1510081 -0.4296038
Moved 471.6939 313.9974 188.9973 -0.1597314 -0.4427317
Moved 471.727 311.5 189 -0.1684028 -0.4427081
Moved 471.76 312 189 -0.1666667 -0.4427081
Stationary 471.794 312 189 -0.1666667 -0.4427081
Stationary 471.8249 312 189 -0.1666667 -0.4427081
Moved 471.8564 325.3943 200.2366 -0.1201587 -0.3451684
Moved 471.8933 364.1163 215.4968 0.0142929 -0.2127012
Moved 471.9257 389.1523 222.8304 0.1012231 -0.1490413
Moved 471.9784 420.7792 231.4448 0.211039 -0.07426368
Moved 472.0092 437.4695 237.1879 0.2689913 -0.02441062
Moved 472.0416 450.9601 240.592 0.3158339 0.005139245
Moved 472.0726 461.8625 243.4657 0.3536894 0.03008419
Moved 472.1035 475.38 246.345 0.4006249 0.05507814
Moved 472.1401 490.7486 251.2495 0.4539883 0.09765202
Moved 472.1728 500.401 253 0.4875035 0.1128472
Moved 472.2045 507.1515 254 0.5109427 0.1215281
Moved 472.2364 509.9451 255 0.5206429 0.1302086
Moved 472.2678 511.4633 255 0.5259145 0.1302086
Moved 472.326 511 256 0.5243056 0.1388889
Moved 472.3594 493.8249 258.835 0.46467 0.1634987
Moved 472.3963 476.4736 261 0.4044223 0.1822917
Moved 472.4315 447.2699 264.91 0.3030207 0.2162332
Moved 472.463 432.5 266 0.251736 0.2256945
Moved 472.4986 412.8092 269.3651 0.1833652 0.2549058
Moved 472.5332 398.8007 271.2399 0.1347247 0.2711794
Moved 472.5713 380 273 0.06944448 0.2864584
Moved 472.6046 372.8869 275.0566 0.04474625 0.3043106
Moved 472.6406 366.1455 275.9272 0.02133846 0.3118685
Moved 472.6947 358.7402 277 -0.004374385 0.3211806
Moved 472.7267 356.7811 278.2189 -0.01117684 0.3317616
Moved 472.7596 355.6271 278 -0.01518369 0.3298611
Moved 472.7935 355.0396 279 -0.01722343 0.338542
Moved 472.8267 354.5 279 -0.01909725 0.338542
Moved 472.8611 355 280.0643 -0.01736112 0.3477807
Ended 472.8979 355 280 -0.01736112 0.3472225
PhraseEnd 474.2975
