the world is a stage
Basic
0.6 0.6
432 172.8
Began 906.5984 366 260 0.01388888 0.1157407
Stationary 906.6621 366 260 0.01388888 0.1157407
Stationary 906.718 366 260 0.01388888 0.1157407
Stationary 906.7739 366 260 0.01388888 0.1157407
Stationary 906.8337 366 260 0.01388888 0.1157407
Moved 906.9068 390.8499 248.5751 0.07141193 0.04962427
Moved 906.9692 413.4394 236.7803 0.1237023 -0.0186325
Moved 907.0308 439.1017 226.2994 0.1831059 -0.07928566
Moved 907.0931 455.3963 220 0.2208248 -0.1157407
Moved 907.1578 459 218 0.2291666 -0.1273148
Moved 907.2159 448.9625 218 0.2059317 -0.1273148
Moved 907.2766 392.9176 250.2681 0.07619809 0.05942168
Moved 907.3372 326.2595 287.3378 -0.07810309 0.2739458
Moved 907.3978 296.3401 305.7733 -0.1473608 0.3806323
Moved 907.4595 279.7417 315.6292 -0.1857832 0.4376687
Moved 907.546 271.1359 320.8641 -0.2057039 0.4679634
Moved 907.606 269.1305 321 -0.2103461 0.46875
Moved 907.671 266.6271 322 -0.2161409 0.4745372
Moved 907.7311 265.7982 322 -0.2180597 0.4745372
Stationary 907.7953 266 322 -0.2175926 0.4745372
Ended 907.8571 266 322 -0.2175926 0.4745372
Began 908.2118 216 300 -0.3333333 0.3472222
Stationary 908.2792 216 300 -0.3333333 0.3472222
Stationary 908.3364 216 300 -0.3333333 0.3472222
Moved 908.3948 229.5806 300 -0.3018968 0.3472222
Moved 908.4524 335.5979 300 -0.05648628 0.3472222
Moved 908.5091 426.301 311.1738 0.1534746 0.4118852
Moved 908.5658 487.8361 313 0.2959168 0.4224537
Moved 908.6254 514.863 313 0.3584792 0.4224537
Moved 908.6836 519.6938 313 0.3696617 0.4224537
Moved 908.7464 510.0469 313 0.3473309 0.4224537
Moved 908.8073 470.9382 315.8062 0.2568015 0.438693
Moved 908.8655 404.1911 317 0.1022942 0.4456021
Moved 908.9248 317 317 -0.09953702 0.4456021
Moved 908.9819 282.1855 318 -0.1801263 0.4513889
Moved 909.0393 272.3383 318 -0.2029206 0.4513889
Stationary 909.0953 272 318 -0.2037037 0.4513889
Moved 909.1788 373.0786 318 0.03027449 0.4513889
Moved 909.2346 443.5006 299.2999 0.1932885 0.3431705
Moved 909.2907 507.4111 281.2524 0.3412293 0.2387291
Moved 909.3473 537.1841 272.704 0.4101485 0.1892591
Moved 909.4058 551.0592 264.9704 0.4422667 0.1445046
Moved 909.4685 553 260.7766 0.4467593 0.1202347
Moved 909.5315 528.3174 248.6261 0.3896238 0.04991956
Moved 909.5931 443.2162 236.8289 0.1926301 -0.01835152
Moved 909.6568 371.3457 229.0576 0.02626329 -0.06332397
Moved 909.72 324.1057 229 -0.08308867 -0.06365723
Moved 909.8118 290.0699 229 -0.1618753 -0.06365723
Moved 909.8695 276 229 -0.1944444 -0.06365723
Moved 909.9257 267.6904 229 -0.2136796 -0.06365723
Moved 909.9833 261.6077 229 -0.22776 -0.06365723
Moved 910.0399 258.626 229 -0.234662 -0.06365723
Moved 910.0947 257.8715 236.8993 -0.2364085 -0.01794374
Moved 910.1546 257 237 -0.2384259 -0.01736093
Moved 910.2189 257 239.5 -0.2384259 -0.002893519
Stationary 910.2747 257 239.5 -0.2384259 -0.002893519
Ended 910.3339 257 240 -0.2384259 0
Began 910.6144 496 311 0.3148148 0.4108796
Stationary 910.6965 496 311 0.3148148 0.4108796
Moved 910.7552 485.6123 311 0.2907693 0.4108796
Moved 910.8147 471.7568 301.8784 0.2586963 0.3580929
Moved 910.8762 450.2078 297.4415 0.2088142 0.3324163
Moved 910.9377 419.2391 287.413 0.1371276 0.274381
Moved 911.0002 367.7777 274.6172 0.01800398 0.2003313
Moved 911.0593 303.3051 258.7196 -0.1312381 0.1083311
Moved 911.1187 267.9926 250.1985 -0.21298 0.05901902
Moved 911.1823 251.6747 247 -0.250753 0.04050944
Moved 911.2413 241.0492 245 -0.275349 0.02893519
Moved 911.3037 232.6758 242.6758 -0.2947321 0.01548485
Moved 911.3661 225.9433 242 -0.3103164 0.01157425
Moved 911.4253 221.5157 241 -0.3205656 0.005787037
Moved 911.4872 219.5 241 -0.3252315 0.005787037
Ended 911.5454 220 241 -0.3240741 0.005787037
Began 911.7289 123 224 -0.548611 -0.09259242
Stationary 911.7982 123 224 -0.548611 -0.09259242
Stationary 911.8534 123 224 -0.548611 -0.09259242
Ended 911.9281 123 224 -0.548611 -0.09259242
Began 912.639 238 236 -0.2824074 -0.02314815
Stationary 912.7079 238 236 -0.2824074 -0.02314815
Stationary 912.772 238 236 -0.2824074 -0.02314815
Moved 912.8317 333.7083 282.7719 -0.06086037 0.2475227
Moved 912.8926 402.676 309.2897 0.09878695 0.4009819
Moved 912.9515 419.8253 314 0.1384844 0.4282409
Moved 913.0121 422 314 0.1435185 0.4282409
Moved 913.0739 406.9993 314 0.1087947 0.4282409
Moved 913.1337 359.1966 314 -0.001859715 0.4282409
Moved 913.1968 277.0397 285.6799 -0.1920378 0.2643511
Moved 913.2554 227.9529 271.4823 -0.3056647 0.1821894
Moved 913.3189 198.3278 259.1639 -0.3742412 0.1109023
Moved 913.3797 183.7149 253.3574 -0.4080674 0.07730008
Moved 913.4394 176.9785 250 -0.4236609 0.05787037
Moved 913.4965 176 250 -0.4259259 0.05787037
Moved 913.5544 175 250 -0.4282407 0.05787037
Moved 913.6532 199.6107 262.354 -0.3712714 0.1293636
Moved 913.7153 246.2945 275.1849 -0.2632073 0.2036165
Moved 913.7742 282.9077 276 -0.1784545 0.2083332
Moved 913.8362 323.3091 264.1341 -0.08493274 0.1396651
Moved 913.9004 357.0937 257 -0.006727626 0.09837963
Moved 913.9629 370.4279 254 0.02413879 0.0810187
Stationary 914.024 370 254 0.02314816 0.0810187
Moved 914.0878 341.457 268.9644 -0.04292354 0.1676178
Moved 914.1487 282.1937 301.8709 -0.1801073 0.3580495
Moved 914.2105 256.8597 315.7602 -0.2387506 0.4384271
Moved 914.3094 243 323.0325 -0.2708333 0.4805124
Ended 914.3773 242 323 -0.2731481 0.4803241
PhraseEnd 915.9235
