question that must be answered
Basic
0.6 0.6
432 326.4
Began 1188.138 151 405 -0.4837963 0.1133579
Stationary 1188.201 151 405 -0.4837963 0.1133579
Stationary 1188.252 151 405 -0.4837963 0.1133579
Stationary 1188.305 151 405 -0.4837963 0.1133579
Stationary 1188.356 151 405 -0.4837963 0.1133579
Moved 1188.407 151 418.5 -0.4837963 0.1547181
Moved 1188.46 151 415 -0.4837963 0.1439951
Moved 1188.511 151 416 -0.4837963 0.1470588
Moved 1188.562 151 417 -0.4837963 0.1501226
Moved 1188.62 151 418 -0.4837963 0.1531863
Stationary 1188.669 151 418 -0.4837963 0.1531863
Moved 1188.719 151 419.0349 -0.4837963 0.1563568
Moved 1188.776 151 421.1697 -0.4837963 0.1628975
Moved 1188.831 151 425.7094 -0.4837963 0.1768056
Moved 1188.888 159.912 431.456 -0.4631668 0.1944118
Moved 1188.945 180.434 441.717 -0.415662 0.2258486
Moved 1189 280.6352 477.327 -0.1837149 0.3349481
Moved 1189.057 319.2059 483 -0.09443085 0.3523284
Moved 1189.11 333.5641 484 -0.06119416 0.3553922
Moved 1189.194 387.0879 485 0.06270339 0.3584559
Moved 1189.246 404.4187 485 0.1028211 0.3584559
Moved 1189.298 417.4178 485 0.1329115 0.3584559
Moved 1189.359 419 485 0.1365741 0.3584559
Moved 1189.41 366.6355 485.5261 0.01535992 0.3600676
Moved 1189.465 324.5 486 -0.08217593 0.3615196
Moved 1189.52 308.7538 486 -0.1186255 0.3615196
Moved 1189.574 299.5 472.5 -0.1400463 0.3201594
Moved 1189.63 280.1267 433.4436 -0.1848918 0.2005013
Moved 1189.687 272.7136 394.9953 -0.2020518 0.08270624
Moved 1189.772 270 360.934 -0.2083333 -0.02164841
Moved 1189.824 270 351.1049 -0.2083333 -0.05176208
Moved 1189.877 270 349 -0.2083333 -0.05821069
Moved 1189.932 323.6342 397.6342 -0.08418014 0.09079096
Moved 1189.989 350.6668 422.6667 -0.0216047 0.1674839
Moved 1190.043 362.6475 433.6475 0.00612855 0.201126
Moved 1190.097 368.2597 439.2597 0.01911968 0.2183202
Moved 1190.149 375.0092 445.0092 0.03474344 0.2359349
Moved 1190.201 381.6273 449.3137 0.05006323 0.2491227
Moved 1190.253 391.2647 455.7549 0.07237206 0.268857
Moved 1190.336 411.7587 469.7587 0.1198119 0.3117608
Moved 1190.388 418.7567 473.8784 0.1360109 0.3243823
Moved 1190.44 423.6186 476 0.1472653 0.3308824
Moved 1190.496 426.1197 477 0.1530549 0.3339461
Moved 1190.55 445.5031 478 0.1979238 0.3370098
Moved 1190.603 457.8072 478 0.2264055 0.3370098
Moved 1190.655 467.9974 478 0.249994 0.3370098
Moved 1190.707 473.882 478 0.2636158 0.3370098
Moved 1190.759 483.7537 478 0.2864669 0.3370098
Moved 1190.81 495.6916 478 0.314101 0.3370098
Moved 1190.891 500.4331 478 0.3250767 0.3370098
Moved 1190.947 501 466.6548 0.3263889 0.3022514
Moved 1191.001 461.9602 418.806 0.2360189 0.1556555
Moved 1191.057 436.1607 380.2143 0.1762979 0.03742134
Moved 1191.112 427.5015 355.7537 0.1562535 -0.03751924
Moved 1191.166 422 330.0428 0.1435185 -0.1162903
Moved 1191.218 420 315.1241 0.1388889 -0.1619973
Moved 1191.274 418 300.2899 0.1342593 -0.2074451
Moved 1191.329 418 292.9067 0.1342593 -0.2300652
Moved 1191.383 418 288.9101 0.1342593 -0.2423097
Moved 1191.474 418 283.8927 0.1342593 -0.2576816
Moved 1191.527 418 282.3403 0.1342593 -0.2624379
Moved 1191.582 418 281 0.1342593 -0.2665441
Ended 1191.634 418 281 0.1342593 -0.2665441
Began 1192.134 322 474 -0.08796295 0.324755
Stationary 1192.196 322 474 -0.08796295 0.324755
Stationary 1192.247 322 474 -0.08796295 0.324755
Moved 1192.303 340.7091 448.506 -0.04465486 0.2466485
Moved 1192.36 368.5124 410.3595 0.0197046 0.1297779
Moved 1192.414 383.4145 391.114 0.05420029 0.07081491
Moved 1192.468 396.8506 371.2241 0.08530239 0.009877635
Moved 1192.524 402.2035 363.7965 0.09769329 -0.01287834
Moved 1192.579 405.705 356.5899 0.1057987 -0.0349574
Moved 1192.632 406 353.5325 0.1064815 -0.04432445
Moved 1192.688 383 353 0.05324075 -0.04595589
Moved 1192.755 274.6241 373 -0.1976294 0.01531863
Moved 1192.809 214.0536 373 -0.3378387 0.01531863
Moved 1192.862 190.0784 364 -0.3933369 -0.01225481
Moved 1192.918 183.9742 364 -0.4074671 -0.01225481
Moved 1192.975 189.9415 372.6976 -0.393654 0.01439207
Moved 1193.029 218.7425 394.1998 -0.3269849 0.0802689
Moved 1193.085 312.2453 442.9141 -0.1105432 0.2295161
Moved 1193.142 343.8983 458.9237 -0.03727242 0.2785653
Moved 1193.198 355.5675 463.2838 -0.01026039 0.2919233
Moved 1193.253 360.6551 466 0.001516441 0.300245
Moved 1193.334 363.8209 467.8209 0.008844634 0.3058237
Stationary 1193.383 364 468 0.009259283 0.3063726
Moved 1193.432 365 468 0.01157403 0.3063726
Moved 1193.491 365 469 0.01157403 0.3094364
Stationary 1193.545 365 469 0.01157403 0.3094364
Stationary 1193.597 365 469 0.01157403 0.3094364
Stationary 1193.648 365 469 0.01157403 0.3094364
Stationary 1193.7 365 469 0.01157403 0.3094364
Stationary 1193.756 365 469 0.01157403 0.3094364
Stationary 1193.809 365 469 0.01157403 0.3094364
Ended 1193.903 365 469 0.01157403 0.3094364
Began 1194.176 489 230 0.2986111 -0.422794
Stationary 1194.237 489 230 0.2986111 -0.422794
Stationary 1194.29 489 230 0.2986111 -0.422794
Stationary 1194.34 489 230 0.2986111 -0.422794
Stationary 1194.391 489 230 0.2986111 -0.422794
Moved 1194.442 477.7125 242.6984 0.2724828 -0.3838897
Moved 1194.496 464.5713 283.2862 0.2420631 -0.2595398
Moved 1194.557 451.8653 331.9713 0.2126512 -0.110382
Moved 1194.609 440.5502 362.6246 0.1864587 -0.01646874
Moved 1194.664 427.4621 394.3447 0.1561624 0.08071283
Moved 1194.719 418.8656 408.1343 0.1362631 0.1229607
Moved 1194.772 413 418.8653 0.1226852 0.1558373
Moved 1194.824 410 425.2328 0.1157407 0.1753455
Moved 1194.878 406.6769 431.6462 0.1080483 0.1949946
Moved 1194.94 403.6213 437.3787 0.1009753 0.2125572
Moved 1195.021 396.8017 442.1983 0.08518914 0.2273232
Moved 1195.075 379.6081 442 0.04538914 0.2267157
Moved 1195.129 302.7113 408.3879 -0.1326128 0.1237376
Moved 1195.184 271.5262 394.3007 -0.2048006 0.08057801
Moved 1195.239 245.085 379.7233 -0.2660069 0.03591706
Moved 1195.294 235.9994 374.9994 -0.2870385 0.02144421
Moved 1195.35 232.8493 374 -0.2943303 0.01838245
Moved 1195.403 232 372.2903 -0.2962963 0.01314425
Moved 1195.46 261.0962 366.9904 -0.2289439 -0.003093177
Moved 1195.515 315.0478 364 -0.1040561 -0.01225481
Moved 1195.601 354.998 363 -0.01157865 -0.01531863
Moved 1195.656 367.9955 363 0.01850804 -0.01531863
Moved 1195.717 381.477 363 0.04971524 -0.01531863
Moved 1195.776 389.1399 363 0.06745349 -0.01531863
Moved 1195.83 392.0079 363 0.07409234 -0.01531863
Moved 1195.882 395.249 363 0.08159479 -0.01531863
Moved 1195.936 396.5 370 0.08449078 0.006127451
Moved 1195.99 398.027 370 0.08802553 0.006127451
Moved 1196.044 399.0982 370 0.09050518 0.006127451
Moved 1196.096 400.0774 370 0.09277174 0.006127451
Moved 1196.176 401.0056 370 0.09492029 0.006127451
Stationary 1196.229 401 370 0.09490739 0.006127451
Stationary 1196.304 401 370 0.09490739 0.006127451
Stationary 1196.357 401 370 0.09490739 0.006127451
Stationary 1196.408 401 370 0.09490739 0.006127451
Stationary 1196.462 401 370 0.09490739 0.006127451
Moved 1196.514 402.0315 370 0.09729524 0.006127451
Stationary 1196.57 402.0315 370 0.09729524 0.006127451
Stationary 1196.622 402.0315 370 0.09729524 0.006127451
Stationary 1196.673 402.0315 370 0.09729524 0.006127451
Stationary 1196.757 402.0315 370 0.09729524 0.006127451
Stationary 1196.808 402.0315 370 0.09729524 0.006127451
Stationary 1196.86 402.0315 370 0.09729524 0.006127451
Stationary 1196.909 402.0315 370 0.09729524 0.006127451
Stationary 1196.957 402.0315 370 0.09729524 0.006127451
Stationary 1197.005 402.0315 370 0.09729524 0.006127451
Moved 1197.054 403.0145 370 0.09957054 0.006127451
Stationary 1197.105 403.0145 370 0.09957054 0.006127451
Stationary 1197.153 403.0145 370 0.09957054 0.006127451
Stationary 1197.201 403.0145 370 0.09957054 0.006127451
Stationary 1197.277 403.0145 370 0.09957054 0.006127451
Stationary 1197.326 403.0145 370 0.09957054 0.006127451
Stationary 1197.373 403.0145 370 0.09957054 0.006127451
Stationary 1197.421 403.0145 370 0.09957054 0.006127451
Stationary 1197.469 403.0145 370 0.09957054 0.006127451
Moved 1197.517 404.0167 370 0.1018906 0.006127451
Stationary 1197.565 404.0167 370 0.1018906 0.006127451
Stationary 1197.618 404.0167 370 0.1018906 0.006127451
Stationary 1197.666 404.0167 370 0.1018906 0.006127451
Stationary 1197.713 404.0167 370 0.1018906 0.006127451
Stationary 1197.789 404.0167 370 0.1018906 0.006127451
Stationary 1197.837 404.0167 370 0.1018906 0.006127451
Stationary 1197.885 404 370 0.1018518 0.006127451
Ended 1197.934 404 370 0.1018518 0.006127451
Backspace 1198.865
Began 1199.991 150 487 -0.4861112 0.3645834
Stationary 1200.059 150 487 -0.4861112 0.3645834
Stationary 1200.114 150 487 -0.4861112 0.3645834
Stationary 1200.169 150 487 -0.4861112 0.3645834
Stationary 1200.222 150 487 -0.4861112 0.3645834
Stationary 1200.278 150 487 -0.4861112 0.3645834
Stationary 1200.333 150 487 -0.4861112 0.3645834
Moved 1200.386 184.3326 487 -0.4066374 0.3645834
Moved 1200.441 281.8633 487 -0.1808719 0.3645834
Moved 1200.495 378.1237 487 0.04195303 0.3645834
Moved 1200.551 410.4922 487 0.1168801 0.3645834
Moved 1200.604 423.4563 487 0.1468896 0.3645834
Moved 1200.658 426.0989 479.3075 0.1530068 0.3410156
Moved 1200.71 428.1645 480 0.1577881 0.3431373
Moved 1200.762 428 478.5 0.1574074 0.3385417
Moved 1200.816 414.5487 477 0.1262701 0.3339461
Moved 1200.895 386.878 476 0.06221761 0.3308824
Moved 1200.951 347.6856 476 -0.02850553 0.3308824
Moved 1201.01 314.4375 476 -0.1054688 0.3308824
Moved 1201.064 299.2217 476 -0.1406905 0.3308824
Moved 1201.119 287.4669 474.1168 -0.1679007 0.3251126
Moved 1201.177 262.8804 464.5043 -0.2248138 0.2956628
Moved 1201.232 242.903 445.903 -0.2710578 0.2386735
Moved 1201.286 227.0234 414.3956 -0.3078163 0.1421435
Moved 1201.343 217.3147 377.8318 -0.3302901 0.03012208
Moved 1201.4 215 357.1633 -0.3356481 -0.03320058
Moved 1201.483 213 347.5 -0.3402778 -0.06280638
Moved 1201.538 213 344.5 -0.3402778 -0.07199755
Moved 1201.592 213 345 -0.3402778 -0.07046569
Moved 1201.648 292 411 -0.1574074 0.1317402
Moved 1201.705 329.2501 447.3335 -0.07118037 0.2430561
Moved 1201.769 342.3548 461.3549 -0.04084533 0.2860137
Moved 1201.825 348.5488 466.7744 -0.02650748 0.3026176
Moved 1201.882 358.3191 472.1064 -0.003891041 0.3189535
Moved 1201.941 414.6458 484.7743 0.1264949 0.3577644
Moved 1202.002 486.6308 488 0.2931268 0.3676471
Moved 1202.09 520 489 0.3703704 0.3707108
Moved 1202.145 524.8477 489 0.3815918 0.3707108
Moved 1202.199 531 489 0.3958333 0.3707108
Moved 1202.252 538.5911 489 0.4134054 0.3707108
Moved 1202.31 542.109 480.891 0.4215486 0.3458671
Moved 1202.366 518.6824 449.2189 0.3673203 0.2488323
Moved 1202.42 475.6642 394.5802 0.2677412 0.08143444
Moved 1202.471 440.2274 343.3574 0.1857117 -0.0754981
Moved 1202.528 412.8658 298.1545 0.1223746 -0.2139875
Moved 1202.586 404.8749 283.8749 0.103877 -0.2577362
Moved 1202.671 400 274.0551 0.09259263 -0.2878214
Moved 1202.727 398 270.3232 0.08796295 -0.2992547
Moved 1202.784 398 267.9641 0.08796295 -0.3064826
Ended 1202.837 398 268 0.08796295 -0.3063726
Began 1202.999 502 264 0.3287037 -0.3186274
Stationary 1203.054 502 264 0.3287037 -0.3186274
Stationary 1203.106 502 264 0.3287037 -0.3186274
Moved 1203.161 470.8397 313.1272 0.2565735 -0.1681151
Moved 1203.214 455.8538 348.2924 0.2218838 -0.06037852
Moved 1203.268 445.3891 368.2219 0.1976599 0.0006797267
Moved 1203.32 431.0774 397.8452 0.1645311 0.09143741
Moved 1203.372 421.8167 415.7749 0.1430943 0.1463692
Moved 1203.424 416.4485 423.1031 0.1306677 0.1688208
Moved 1203.483 409.7295 431.2706 0.1151144 0.1938437
Moved 1203.553 397.5804 439.2797 0.08699159 0.2183815
Moved 1203.609 366.0901 440 0.01409749 0.2205883
Moved 1203.666 313.0758 418.6147 -0.1086208 0.1550697
Moved 1203.721 290.8294 408.4147 -0.1601171 0.1238197
Moved 1203.776 286.5 407 -0.1701389 0.1194853
Moved 1203.829 283 403.7413 -0.1782407 0.1095015
Moved 1203.882 280.9312 404 -0.1830296 0.1102942
Moved 1203.934 279.7347 403 -0.1857993 0.1072304
Moved 1203.986 278.8605 403 -0.187823 0.1072304
Stationary 1204.036 278.8605 403 -0.187823 0.1072304
Moved 1204.12 279 402 -0.1875 0.1041667
Ended 1204.178 279 402 -0.1875 0.1041667
Backspace 1205.014
Began 1206.127 156 470 -0.4722222 0.3125
Stationary 1206.189 156 470 -0.4722222 0.3125
Stationary 1206.246 156 470 -0.4722222 0.3125
Stationary 1206.301 156 470 -0.4722222 0.3125
Stationary 1206.354 156 470 -0.4722222 0.3125
Stationary 1206.407 156 470 -0.4722222 0.3125
Stationary 1206.462 156 470 -0.4722222 0.3125
Moved 1206.518 186.4573 481.8902 -0.4017193 0.3489283
Moved 1206.575 327.6086 503 -0.07498016 0.413603
Moved 1206.632 404.469 505 0.1029375 0.4197304
Moved 1206.687 418 505 0.1342593 0.4197304
Moved 1206.74 425.0526 497 0.1505847 0.3952206
Moved 1206.797 426 496 0.1527777 0.3921568
Stationary 1206.851 426 496 0.1527777 0.3921568
Moved 1206.907 368.2004 495 0.01898239 0.3890932
Moved 1206.96 302.8514 494 -0.1322885 0.3860295
Moved 1207.012 288.1298 493.1298 -0.1663662 0.3833634
Moved 1207.067 279.6061 485.4748 -0.186097 0.3599105
Moved 1207.156 246.2954 408.7385 -0.2632051 0.1248115
Moved 1207.213 237.8328 373.3313 -0.2827944 0.01633364
Moved 1207.269 234.8654 360.5963 -0.2896634 -0.02268286
Moved 1207.322 235 356.5646 -0.2893518 -0.03503482
Moved 1207.374 299.0212 395.4169 -0.1411547 0.08399805
Moved 1207.427 339.1499 429.1499 -0.04826416 0.1873465
Moved 1207.481 348.519 439.0379 -0.02657652 0.2176406
Moved 1207.537 355.2515 446.2515 -0.01099184 0.2397412
Moved 1207.591 359.1953 451.1953 -0.001862645 0.2548876
Moved 1207.647 368.8031 455.9344 0.02037744 0.2694068
Moved 1207.73 418.4045 467.6007 0.1351956 0.3051493
Moved 1207.781 481 472 0.2800926 0.3186275
Moved 1207.84 513.7679 472 0.3559441 0.3186275
Moved 1207.902 528.451 472 0.3899328 0.3186275
Moved 1207.963 537.2134 472 0.4102162 0.3186275
Moved 1208.019 540.374 472 0.4175323 0.3186275
Moved 1208.075 517.8963 430.601 0.3655006 0.1917922
Moved 1208.13 455.8695 347.7524 0.2219201 -0.06203287
Moved 1208.183 417.6694 282.4518 0.133494 -0.262096
Moved 1208.239 408 266.5 0.1111111 -0.3109681
Moved 1208.327 401 250.9611 0.09490739 -0.3585752
Moved 1208.383 398.5535 246.5535 0.08924416 -0.3720789
Moved 1208.438 399 244.6261 0.09027779 -0.3779838
Ended 1208.493 398 244 0.08796295 -0.379902
Began 1208.736 313 454 -0.1087963 0.2634804
Stationary 1208.797 313 454 -0.1087963 0.2634804
Stationary 1208.849 313 454 -0.1087963 0.2634804
Moved 1208.904 348.9265 410.6104 -0.02563322 0.1305464
Moved 1208.959 366 380.5 0.01388888 0.03829657
Moved 1209.016 378.8484 355.2274 0.0436307 -0.03913179
Moved 1209.083 384.2783 345.7217 0.05619963 -0.06825447
Moved 1209.137 386 338.8977 0.06018519 -0.08916145
Moved 1209.189 386 334.9644 0.06018519 -0.101212
Moved 1209.242 319.9725 338.3274 -0.09265626 -0.09090863
Moved 1209.295 267.4261 350.5956 -0.2142915 -0.05332227
Moved 1209.349 219.7725 358.4611 -0.3246006 -0.0292246
Moved 1209.407 201.5 361.5 -0.3668981 -0.01991412
Moved 1209.463 193 366.1488 -0.3865741 -0.005671558
Moved 1209.517 199.5359 378.902 -0.3714445 0.03340067
Moved 1209.598 286.2722 439.1815 -0.1706663 0.2180804
Moved 1209.65 318.2899 456.145 -0.09655128 0.2700519
Moved 1209.702 341.3454 466.4485 -0.04318187 0.3016192
Moved 1209.765 347.8502 469.8502 -0.02812465 0.312041
Moved 1209.817 350.0737 471.0737 -0.02297749 0.3157896
Moved 1209.869 352.0251 471 -0.01846045 0.3155637
Moved 1209.92 353.0955 471 -0.01598269 0.3155637
Moved 1209.972 353 472.374 -0.01620372 0.3197732
Stationary 1210.023 353 472.374 -0.01620372 0.3197732
Ended 1210.077 353 472 -0.01620372 0.3186275
Began 1210.549 453 255 0.2152778 -0.3462009
Stationary 1210.612 453 255 0.2152778 -0.3462009
Stationary 1210.665 453 255 0.2152778 -0.3462009
Moved 1210.721 453 305.1771 0.2152778 -0.1924722
Moved 1210.776 447.1199 355.4001 0.2016666 -0.03860268
Moved 1210.827 434.5755 386.132 0.1726285 0.05555148
Moved 1210.878 410.8455 427.4472 0.1176979 0.1821299
Moved 1210.93 394.3942 452.6058 0.0796162 0.259209
Moved 1210.99 389.8956 458.1044 0.06920277 0.2760553
Moved 1211.045 384.4805 461.5195 0.05666773 0.2865182
Moved 1211.101 343.7457 450.8057 -0.03762563 0.2536941
Moved 1211.158 277.6925 419.7414 -0.1905266 0.1585215
Moved 1211.212 244.8229 395.8229 -0.2666137 0.08524162
Moved 1211.272 232.2397 383.2397 -0.2957415 0.04669021
Moved 1211.333 226.228 369.456 -0.3096574 0.004460765
Moved 1211.392 224 357 -0.3148148 -0.03370098
Moved 1211.476 224 352.5 -0.3148148 -0.04748775
Moved 1211.532 265.6701 382.6701 -0.2183561 0.04494518
Moved 1211.587 297.0461 413.046 -0.1457268 0.1380087
Moved 1211.646 317.4867 432.4867 -0.09841045 0.1975695
Moved 1211.703 327.1269 443.127 -0.07609506 0.2301684
Moved 1211.765 330.6631 447.6631 -0.06790961 0.2440659
Moved 1211.822 333.2986 450 -0.06180893 0.2512255
Moved 1211.875 333 451 -0.06249999 0.2542892
Moved 1211.928 333 452.1368 -0.06249999 0.2577722
Moved 1211.98 334.0772 452 -0.06000638 0.257353
Moved 1212.061 334 453 -0.06018519 0.2604167
Stationary 1212.114 334 453 -0.06018519 0.2604167
Stationary 1212.167 334 453 -0.06018519 0.2604167
Stationary 1212.218 334 453 -0.06018519 0.2604167
Ended 1212.27 334 453 -0.06018519 0.2604167
Began 1212.471 368 258 0.01851857 -0.3370098
Stationary 1212.534 368 258 0.01851857 -0.3370098
Stationary 1212.592 368 258 0.01851857 -0.3370098
Moved 1212.644 368 271.2274 0.01851857 -0.2964846
Moved 1212.699 339.0938 336.5508 -0.0483941 -0.09635168
Moved 1212.755 311.912 398.1937 -0.1113149 0.09250539
Moved 1212.814 298.7599 429.0669 -0.1417596 0.1870922
Moved 1212.869 285.6994 458.6013 -0.1719922 0.2775774
Moved 1212.922 279.755 469.4901 -0.1857524 0.3109377
Moved 1212.977 275.1404 479.8596 -0.1964342 0.3427072
Moved 1213.03 273 484.8019 -0.2013889 0.3578489
Moved 1213.088 270 490 -0.2083333 0.3737745
Moved 1213.143 268 492.9755 -0.212963 0.3828905
Moved 1213.198 267 494.2712 -0.2152778 0.3868605
Moved 1213.256 265.3279 494 -0.2191483 0.3860295
Moved 1213.313 265 494 -0.2199074 0.3860295
Ended 1213.395 265 494 -0.2199074 0.3860295
Began 1213.547 176 398 -0.4259259 0.09191177
Stationary 1213.606 176 398 -0.4259259 0.09191177
Moved 1213.659 186.0759 398 -0.402602 0.09191177
Moved 1213.735 278.6852 341.564 -0.1882287 -0.08099286
Moved 1213.788 335.9471 309.3686 -0.05567799 -0.1796305
Moved 1213.842 361.5291 292.7354 0.003539721 -0.23059
Moved 1213.894 380.5556 281.7222 0.04758239 -0.2643314
Moved 1213.945 399 271.5 0.09027779 -0.2956494
Moved 1213.998 402.3581 267.6419 0.09805112 -0.3074696
Moved 1214.049 406.0974 264.9026 0.106707 -0.3158622
Stationary 1214.103 406 265 0.1064815 -0.3155637
Moved 1214.154 394.5763 265 0.08003771 -0.3155637
Moved 1214.206 348.442 292.1589 -0.02675474 -0.2323563
Moved 1214.276 269.3505 342.4872 -0.2098369 -0.07816428
Moved 1214.327 242.1245 359.9585 -0.2728601 -0.02463696
Moved 1214.378 236.7368 365.2632 -0.2853315 -0.008384855
Moved 1214.43 234 369.5 -0.2916667 0.004595588
Moved 1214.482 232 379.9495 -0.2962963 0.03661006
Moved 1214.535 231 404.9724 -0.2986111 0.1132733
Moved 1214.589 226.3126 449.8117 -0.3094616 0.2506487
Moved 1214.641 224 469.9036 -0.3148148 0.3122046
Moved 1214.693 224 479.8369 -0.3148148 0.3426374
Moved 1214.745 224 486.6519 -0.3148148 0.3635169
Moved 1214.828 238 491 -0.2824074 0.3768382
Moved 1214.891 259.4316 494 -0.2327972 0.3860295
Moved 1214.947 284.8758 495 -0.1738987 0.3890932
Moved 1215.004 300.1776 495 -0.1384777 0.3890932
Moved 1215.057 308.7175 495 -0.1187096 0.3890932
Moved 1215.109 316.759 495 -0.1000949 0.3890932
Moved 1215.161 321.068 495 -0.09012038 0.3890932
Moved 1215.215 325.0005 495 -0.08101726 0.3890932
Moved 1215.268 327.1516 495 -0.07603809 0.3890932
Moved 1215.323 329.375 495 -0.07089113 0.3890932
Moved 1215.412 330 495 -0.06944443 0.3890932
Stationary 1215.471 330 495 -0.06944443 0.3890932
Moved 1215.523 307.6802 495 -0.1211106 0.3890932
Moved 1215.58 297.129 487 -0.1455347 0.3645834
Moved 1215.633 284.6466 484.8233 -0.1744292 0.3579146
Moved 1215.687 274.5728 482.8576 -0.1977481 0.3518921
Moved 1215.74 260.218 479.109 -0.2309768 0.3404075
Moved 1215.797 251.3633 477.1816 -0.2514739 0.3345025
Moved 1215.853 247.4517 472.9033 -0.2605285 0.321395
Moved 1215.908 245 438.4915 -0.2662037 0.2159667
Moved 1215.993 252.768 392.392 -0.2482222 0.07473034
Moved 1216.046 257 374.0139 -0.2384259 0.0184248
Moved 1216.099 259 368.6271 -0.2337963 0.001921373
Ended 1216.151 260 363.5 -0.2314815 -0.01378686
PhraseEnd 1217.315
