love means many things
Basic
0.8 0.8
575.9999 230.4
Began 335.8177 556 276 0.3402778 0.1562499
Stationary 335.8673 556 276 0.3402778 0.1562499
Stationary 335.9034 556 276 0.3402778 0.1562499
Stationary 335.9392 556 276 0.3402778 0.1562499
Stationary 335.9714 556 276 0.3402778 0.1562499
Stationary 336.0061 556 276 0.3402778 0.1562499
Stationary 336.038 556 276 0.3402778 0.1562499
Stationary 336.0703 556 276 0.3402778 0.1562499
Stationary 336.1019 556 276 0.3402778 0.1562499
Stationary 336.1332 556 276 0.3402778 0.1562499
Stationary 336.1647 556 276 0.3402778 0.1562499
Moved 336.1969 556 288.3712 0.3402778 0.2099444
Moved 336.2322 556 308.4454 0.3402778 0.2970724
Moved 336.2664 556 323.3011 0.3402778 0.3615503
Moved 336.3138 540.0673 340.8991 0.3126168 0.4379303
Moved 336.3468 532.4636 349.5364 0.2994161 0.4754184
Moved 336.3799 527.441 354.559 0.2906963 0.4972178
Moved 336.4136 516.6479 358 0.2719583 0.5121529
Moved 336.4472 510 358 0.2604167 0.5121529
Moved 336.482 502.8901 358 0.2480731 0.5121529
Moved 336.5167 492.3188 346.2391 0.2297203 0.4611074
Moved 336.5505 479.8416 338.6312 0.2080585 0.4280868
Moved 336.5833 455.3467 319.1784 0.1655325 0.3436563
Moved 336.6178 426.2446 292.2446 0.115008 0.2267564
Moved 336.6724 381.3865 239.4832 0.03712938 -0.002243254
Moved 336.7077 359.4858 208.5829 -0.0008927286 -0.136359
Moved 336.7421 352.4483 197.6724 -0.01311064 -0.1837137
Moved 336.7773 347.3538 191.3538 -0.02195522 -0.2111382
Moved 336.8122 344.5 186.5 -0.02690971 -0.2322048
Moved 336.8461 341 183.4813 -0.03298611 -0.2453067
Moved 336.8806 338.5986 181.5986 -0.03715515 -0.2534782
Moved 336.9209 334.4544 182 -0.04434999 -0.251736
Moved 336.9565 328.3029 195.5562 -0.05502973 -0.1928987
Moved 336.9903 318.683 219.9509 -0.07173088 -0.08701842
Moved 337.0446 288.7594 285.4812 -0.1236816 0.1974011
Moved 337.0765 274.319 311.6982 -0.1487518 0.3111903
Moved 337.1089 260.9496 329.2606 -0.1719626 0.3874156
Moved 337.1405 253.5481 340.2692 -0.1848124 0.4351963
Moved 337.1748 245.7516 348.8726 -0.1983478 0.4725373
Moved 337.2124 237.1394 354.9303 -0.2132997 0.4988296
Moved 337.2462 232 357.5 -0.2222222 0.5099827
Moved 337.2805 229.6834 359.3165 -0.2262441 0.5178669
Moved 337.3145 227.9057 359 -0.2293305 0.5164932
Moved 337.3459 225.971 360 -0.2326892 0.5208334
Moved 337.4011 225 361 -0.234375 0.5251737
Stationary 337.4352 225 361 -0.234375 0.5251737
Stationary 337.4681 225 361 -0.234375 0.5251737
Ended 337.5019 225 361 -0.234375 0.5251737
Began 337.666 557 178 0.3420139 -0.2690972
Stationary 337.6992 557 178 0.3420139 -0.2690972
Stationary 337.7308 557 178 0.3420139 -0.2690972
Stationary 337.7628 557 178 0.3420139 -0.2690972
Stationary 337.7942 557 178 0.3420139 -0.2690972
Moved 337.8276 543.0007 178 0.3177096 -0.2690972
Moved 337.8637 525.6761 190.162 0.2876322 -0.2163108
Moved 337.897 502.5125 202.2786 0.2474176 -0.1637215
Moved 337.9369 437.7463 242.6372 0.1349762 0.01144621
Moved 337.9718 400.7819 264.8773 0.07080183 0.1079742
Moved 338.0048 375.4126 280.0583 0.02675802 0.1738641
Moved 338.0377 354.049 294.3061 -0.01033157 0.2357037
Moved 338.0709 332.6227 305.1509 -0.04752997 0.2827729
Moved 338.1055 299.7579 318.2968 -0.1045869 0.33983
Moved 338.1384 284.3541 324.8229 -0.1313297 0.3681551
Moved 338.1718 270.5712 328.5715 -0.1552584 0.3844252
Moved 338.2047 261.5462 329 -0.1709267 0.3862849
Moved 338.2365 253.9225 329 -0.1841623 0.3862849
Moved 338.2892 234.2229 329 -0.218363 0.3862849
Moved 338.3221 220.511 318.4044 -0.2421685 0.3402967
Moved 338.3544 203.4471 309.8269 -0.2717933 0.3030682
Moved 338.3868 180.6618 301.3309 -0.3113511 0.266193
Moved 338.4194 154.7766 287.3604 -0.3562906 0.2055574
Moved 338.4518 131.5517 274.7758 -0.3966117 0.1509367
Moved 338.4843 110.2602 266.1301 -0.4335761 0.1134118
Moved 338.5167 101.3526 259.5289 -0.4490406 0.08476099
Moved 338.5512 97.5 258 -0.4557292 0.07812501
Moved 338.5839 98 258 -0.4548612 0.07812501
Stationary 338.6363 98 258 -0.4548612 0.07812501
Moved 338.6765 165.9096 252.1147 -0.3369624 0.0525815
Moved 338.7112 214.0175 243.7456 -0.2534418 0.0162571
Moved 338.746 261.0185 233.2454 -0.1718429 -0.02931701
Moved 338.7803 309.9225 224.6796 -0.08694001 -0.06649495
Moved 338.8144 342 218.5 -0.03125001 -0.09331598
Moved 338.8518 373.9717 213.1714 0.02425648 -0.1164436
Moved 338.888 399.4638 208.756 0.0685136 -0.1356076
Moved 338.9233 410.8256 205.7936 0.08823895 -0.1484654
Moved 338.9573 419.1431 204 0.102679 -0.1562499
Moved 339.0111 429.9512 200.5244 0.1214431 -0.171335
Moved 339.0445 432.3532 201 0.1256132 -0.169271
Moved 339.0802 433 200 0.1267361 -0.1736111
Stationary 339.1149 433 200 0.1267361 -0.1736111
Moved 339.1463 423.547 200 0.1103246 -0.1736111
Moved 339.1824 379.9103 215.6965 0.03456645 -0.1054838
Moved 339.2183 342 225 -0.03125001 -0.06510417
Moved 339.2577 283.6437 243.9832 -0.132563 0.01728813
Moved 339.2925 258.684 251.9935 -0.1758959 0.05205525
Moved 339.3273 240 260.5 -0.2083333 0.0889757
Moved 339.3826 214.202 269.899 -0.2531215 0.1297699
Moved 339.417 205.5334 272.8222 -0.2681713 0.1424575
Moved 339.4515 199.2889 275.2371 -0.2790124 0.1529385
Moved 339.4852 193.6001 277 -0.2888888 0.1605903
Moved 339.518 187.882 279.059 -0.2988159 0.1695268
Moved 339.5547 182.9669 281.0331 -0.3073492 0.1780953
Moved 339.5888 180.0807 281 -0.3123599 0.1779514
Moved 339.6222 178.657 282.343 -0.3148316 0.1837806
Moved 339.6582 176.6745 282 -0.3182735 0.1822917
Moved 339.6997 176 283 -0.3194445 0.186632
Stationary 339.755 176 283 -0.3194445 0.186632
Stationary 339.7873 176 283 -0.3194445 0.186632
Moved 339.8223 176 284.5 -0.3194445 0.1931425
Ended 339.8568 176 285 -0.3194445 0.1953125
Began 340.2451 538 177 0.3090279 -0.2734375
Stationary 340.2926 538 177 0.3090279 -0.2734375
Stationary 340.3259 538 177 0.3090279 -0.2734375
Stationary 340.3598 538 177 0.3090279 -0.2734375
Moved 340.3946 515.923 177 0.2706997 -0.2734375
Moved 340.43 486.444 185.491 0.2195208 -0.2365845
Moved 340.4651 455.0944 195.3717 0.1650944 -0.1936991
Moved 340.4992 417.3183 206.7727 0.09951085 -0.1442157
Moved 340.537 370.2731 218.6528 0.01783528 -0.09265251
Moved 340.5738 339 226.5 -0.03645834 -0.05859362
Moved 340.6107 297.3509 237.4775 -0.1087658 -0.01094818
Moved 340.6452 277.9602 242.6079 -0.1424302 0.01131906
Moved 340.6804 262.6151 244.4769 -0.169071 0.01943112
Moved 340.7297 239.9454 250.8727 -0.2084281 0.04719059
Moved 340.769 216.6062 253 -0.2489476 0.05642362
Moved 340.8026 202.8848 254 -0.2727694 0.06076403
Moved 340.8388 184.9592 254 -0.3038902 0.06076403
Moved 340.8742 163.6728 255 -0.3408459 0.06510431
Moved 340.9099 154.9804 255 -0.3559367 0.06510431
Moved 340.9466 147.3823 255 -0.369128 0.06510431
Moved 340.9805 137.6601 246.8103 -0.3860068 0.02955861
Moved 341.0133 132.4813 247 -0.3949977 0.03038208
Moved 341.0439 128.4484 247 -0.4019993 0.03038208
Moved 341.0945 126.5999 247 -0.4052086 0.03038208
Stationary 341.1256 127 247 -0.4045139 0.03038208
Moved 341.1579 140.915 257.12 -0.3803559 0.07430554
Moved 341.1953 216.953 260 -0.2483455 0.08680556
Moved 341.2308 270.1301 245.2885 -0.1560241 0.02295349
Moved 341.2654 312.2638 233.2301 -0.08287535 -0.02938324
Moved 341.2982 344.2102 224.537 -0.02741289 -0.06711378
Moved 341.3306 374.5312 212.9258 0.02522774 -0.1175095
Moved 341.368 405.1286 197.9357 0.07834829 -0.1825708
Moved 341.4033 415.663 192.8914 0.09663715 -0.2044646
Moved 341.4648 425.9392 188.0304 0.1144778 -0.2255625
Moved 341.5046 430 184.7365 0.1215278 -0.2398592
Moved 341.539 434.1367 183 0.1287096 -0.2473959
Moved 341.5723 435.5 181.5 0.1310764 -0.2539061
Moved 341.6104 438.4846 179.5154 0.1362579 -0.26252
Moved 341.643 440.3734 180 0.1395372 -0.2604167
Stationary 341.6769 440.3734 180 0.1395372 -0.2604167
Moved 341.71 440 194.8887 0.1388889 -0.1957956
Moved 341.7434 428.63 219.925 0.1191493 -0.08713087
Moved 341.7781 419.2237 247.3289 0.1028189 0.03180941
Moved 341.8322 410.0105 266.6492 0.08682378 0.1156648
Moved 341.8669 405.8005 280.7982 0.07951468 0.1770753
Moved 341.9011 398.6829 295.7927 0.06715783 0.2421557
Moved 341.9371 393.9313 303.206 0.05890854 0.2743316
Moved 341.9722 390.0566 310.8301 0.05218164 0.3074223
Moved 342.0077 386.0741 317.8519 0.04526749 0.3378988
Moved 342.0415 385.2187 320.7814 0.04378237 0.3506136
Moved 342.0762 385 323 0.04340276 0.3602431
Moved 342.1101 385 324.5013 0.04340276 0.3667591
Moved 342.1434 385 326.5 0.04340276 0.3754342
Ended 342.1971 385 327 0.04340276 0.3776042
Began 342.474 300 379 -0.1041667 0.6032988
Stationary 342.5181 300 379 -0.1041667 0.6032988
Stationary 342.5529 300 379 -0.1041667 0.6032988
Stationary 342.5901 300 379 -0.1041667 0.6032988
Moved 342.6225 316.4773 354.7841 -0.07556022 0.4981948
Moved 342.6559 338.0367 325.7906 -0.03813081 0.3723551
Moved 342.6889 352.2095 306.7486 -0.01352511 0.2897075
Moved 342.7224 365.8095 291.1906 0.01008593 0.2221814
Moved 342.7565 376.3487 279.6514 0.02838306 0.1720981
Moved 342.7914 386.9559 272.3627 0.04679837 0.1404634
Moved 342.8269 396.9901 265.3399 0.06421895 0.1099822
Moved 342.8629 403.3986 261.8007 0.07534482 0.09462119
Moved 342.8982 408.0696 260 0.08345426 0.08680556
Moved 342.9431 415.0802 258 0.0956253 0.07812501
Moved 342.9779 423.6739 258 0.1105449 0.07812501
Moved 343.012 432.8128 266.4225 0.1264112 0.1146811
Moved 343.0465 440.8071 272.1053 0.1402901 0.139346
Moved 343.0807 455.8999 285.3199 0.1664929 0.1967012
Moved 343.1183 477.4054 302.6432 0.2038288 0.2718891
Moved 343.1538 488.2983 312.2983 0.2227401 0.3137949
Moved 343.1925 498.464 319.732 0.240389 0.346059
Moved 343.2267 501.5 321.5 0.2456597 0.3537328
Moved 343.2626 502 322 0.2465278 0.3559029
Stationary 343.3192 502 322 0.2465278 0.3559029
Moved 343.3518 502 308.5421 0.2465278 0.2974917
Moved 343.3866 488.0761 289.5362 0.2223543 0.215001
Moved 343.4252 474.7837 248.1346 0.1992772 0.03530662
Moved 343.4586 468.0355 224.6243 0.1875617 -0.06673495
Moved 343.4948 464.9859 209.9012 0.1822672 -0.130637
Moved 343.5305 463 194.0441 0.1788195 -0.1994615
Moved 343.5639 462 185.4373 0.1770833 -0.2368175
Moved 343.5967 461 180.6284 0.1753473 -0.2576891
Moved 343.6293 460 175.5 0.1736111 -0.2799479
Moved 343.6853 452.4524 169.7262 0.1605077 -0.3050078
Moved 343.7195 443.7071 170 0.1453249 -0.3038193
Moved 343.7523 428.8314 170 0.1194989 -0.3038193
Moved 343.7876 415.1756 180.6946 0.095791 -0.2574019
Moved 343.8216 402.6413 188.2391 0.07403002 -0.2246566
Moved 343.8554 378.0651 203.161 0.03136292 -0.1598915
Moved 343.8894 364.7207 212.7676 0.008195639 -0.1181964
Moved 343.9234 354.5531 221.5852 -0.009456463 -0.07992533
Moved 343.9572 343.9147 230.3901 -0.02792586 -0.04170948
Moved 343.9907 326.9912 242.0059 -0.05730693 0.008705988
Moved 344.0449 311.2662 248.9113 -0.08460735 0.03867732
Moved 344.0783 295.9822 254.6726 -0.111142 0.06368333
Moved 344.1132 280.4599 258.708 -0.1380905 0.08119795
Moved 344.1472 261.7741 261 -0.1705311 0.09114584
Moved 344.1796 248.4357 262.5129 -0.193688 0.09771229
Moved 344.2158 239.2299 264.3851 -0.2096704 0.105838
Moved 344.2473 229.2006 264 -0.2270823 0.1041668
Moved 344.2794 223.5944 264 -0.2368153 0.1041668
Moved 344.3109 217.657 264 -0.2471233 0.1041668
Moved 344.343 212.4607 264 -0.2561446 0.1041668
Moved 344.3947 207.0721 264 -0.2654998 0.1041668
Moved 344.4265 204.5 264 -0.2699653 0.1041668
Moved 344.4579 203.884 264 -0.2710347 0.1041668
Moved 344.4902 203 264 -0.2725694 0.1041668
Moved 344.5226 201.8878 265 -0.2745004 0.108507
Stationary 344.5547 201.8878 265 -0.2745004 0.108507
Moved 344.5857 200.8506 265 -0.276301 0.108507
Stationary 344.6211 201 265 -0.2760417 0.108507
Moved 344.6553 201 266.5 -0.2760417 0.1150175
Ended 344.6906 201 266 -0.2760417 0.1128472
PhraseEnd 345.7656
