the force is with you
Basic
0.4 0.4
288 217.6
Began 1749.906 348 451 -0.04166671 0.3814338
Stationary 1749.991 348 451 -0.04166671 0.3814338
Stationary 1750.08 348 451 -0.04166671 0.3814338
Moved 1750.154 357.5816 415.4184 -0.008397177 0.2179155
Moved 1750.228 373.5 377 0.04687503 0.0413603
Moved 1750.305 396.0191 343.6412 0.1250665 -0.1119431
Moved 1750.384 406.1788 334 0.1603432 -0.1562499
Moved 1750.459 407 332 0.1631944 -0.1654412
Moved 1750.533 380.2816 346.431 0.07042244 -0.09912197
Moved 1750.606 338.9638 379.0362 -0.07304236 0.0507178
Moved 1750.688 314.3618 401.7588 -0.158466 0.1551416
Moved 1750.761 306.9925 410.0076 -0.1840539 0.1930495
Moved 1750.836 305 412 -0.1909722 0.202206
Ended 1750.913 305 412 -0.1909722 0.202206
Began 1751.122 331 324 -0.1006945 -0.2022058
Stationary 1751.204 331 324 -0.1006945 -0.2022058
Moved 1751.28 361.2916 348.0051 0.004484654 -0.09188807
Moved 1751.357 419.4512 383.2578 0.2064277 0.07011863
Moved 1751.428 458.7564 406.5043 0.3429042 0.1769499
Moved 1751.499 468.1189 412.1189 0.375413 0.2027524
Moved 1751.579 468 413.1392 0.375 0.2074414
Moved 1751.651 442.4367 413 0.2862385 0.2068015
Moved 1751.728 402.6069 414 0.1479407 0.2113971
Moved 1751.802 364.2445 415 0.0147377 0.2159927
Moved 1751.888 341.2004 416 -0.06527647 0.2205882
Moved 1751.962 338 416 -0.07638887 0.2205882
Moved 1752.036 338 404.6003 -0.07638887 0.1681999
Moved 1752.109 357 359.5 -0.01041666 -0.03906236
Moved 1752.182 362.162 336.3521 0.007506907 -0.145441
Moved 1752.254 363 317.0792 0.01041666 -0.2340112
Moved 1752.326 363 300.7366 0.01041666 -0.3091148
Moved 1752.398 363 293.46 0.01041666 -0.3425552
Moved 1752.477 354 288.6462 -0.02083331 -0.3646772
Moved 1752.549 347.4789 288 -0.04347593 -0.3676471
Moved 1752.66 337.7696 297.4609 -0.07718907 -0.3241688
Moved 1752.735 330.9254 319.3729 -0.1009534 -0.2234699
Moved 1752.809 321.2545 351.2366 -0.134533 -0.07703782
Moved 1752.883 309.9609 385.1174 -0.1737469 0.07866447
Moved 1752.956 305.1205 400.8795 -0.1905537 0.1511004
Moved 1753.032 302 407.6899 -0.2013889 0.1823987
Moved 1753.106 298.5805 410 -0.2132622 0.1930147
Moved 1753.19 295.9029 412 -0.2225595 0.202206
Ended 1753.263 295 413 -0.2256945 0.2068015
Began 1754.113 406 434 0.1597223 0.3033089
Stationary 1754.204 406 434 0.1597223 0.3033089
Moved 1754.278 378.4401 429.2534 0.06402805 0.2814956
Moved 1754.351 347.0428 416.0183 -0.04499033 0.2206723
Moved 1754.426 311.1671 399.6668 -0.1695588 0.1455277
Moved 1754.5 288.0744 386.0496 -0.2497417 0.08294857
Moved 1754.573 272.1638 379.1638 -0.3049868 0.05130446
Moved 1754.648 263.5 374.5 -0.3350694 0.02987147
Moved 1754.726 260.5 374 -0.3454861 0.02757367
Moved 1754.799 258.8022 373 -0.3513814 0.02297794
Moved 1754.877 258 373 -0.3541667 0.02297794
Ended 1754.95 258 373 -0.3541667 0.02297794
Began 1755.269 215 442 -0.5034723 0.3400736
Stationary 1755.348 215 442 -0.5034723 0.3400736
Stationary 1755.421 215 442 -0.5034723 0.3400736
Moved 1755.496 257.0686 454.2375 -0.3574007 0.396312
Moved 1755.57 321.2888 457 -0.1344139 0.4090075
Moved 1755.644 355.0521 457 -0.01718022 0.4090075
Moved 1755.717 389.9609 449 0.1040308 0.3722427
Moved 1755.789 406.6834 448 0.1620953 0.3676471
Moved 1755.864 410 447 0.1736111 0.3630516
Moved 1755.936 397.2157 447 0.1292211 0.3630516
Moved 1756.01 364.6111 442.9222 0.01601085 0.3443119
Moved 1756.082 345.1073 439 -0.05171091 0.3262869
Moved 1756.158 341 438 -0.06597222 0.3216912
Moved 1756.23 341 435.8241 -0.06597222 0.3116916
Moved 1756.306 351.9281 413.1438 -0.02802745 0.2074624
Moved 1756.378 364.4955 392.009 0.01560926 0.1103358
Moved 1756.49 371 381.8141 0.03819451 0.06348386
Moved 1756.566 373 378.5 0.0451389 0.04825368
Ended 1756.641 375 377 0.05208329 0.0413603
Began 1757.758 372 472 0.04166663 0.4779413
Stationary 1757.841 372 472 0.04166663 0.4779413
Stationary 1757.919 372 472 0.04166663 0.4779413
Moved 1757.995 406.2847 472 0.1607108 0.4779413
Moved 1758.068 434.8325 472 0.259835 0.4779413
Moved 1758.143 451.9018 463.5491 0.3191034 0.4391043
Moved 1758.216 465.5212 463 0.366393 0.4365809
Moved 1758.287 472.5 462 0.390625 0.4319854
Moved 1758.359 475 459.5771 0.3993056 0.4208507
Moved 1758.437 447.7109 454.3012 0.3045519 0.396605
Moved 1758.511 408.5517 444.1379 0.1685824 0.3498987
Moved 1758.583 386.683 438.3415 0.09264931 0.3232605
Moved 1758.656 378.9524 435.9524 0.06580696 0.3122812
Moved 1758.726 373.7737 435 0.04782543 0.3079045
Ended 1758.796 374 435 0.04861116 0.3079045
PhraseEnd 1760.33
