never too rich and never too thin
Basic
0.8 0.8
575.9999 435.2
Began 788.0742 484 149 0.2152778 -0.5032169
Stationary 788.1161 484 149 0.2152778 -0.5032169
Stationary 788.1516 484 149 0.2152778 -0.5032169
Stationary 788.1875 484 149 0.2152778 -0.5032169
Stationary 788.2235 484 149 0.2152778 -0.5032169
Stationary 788.2623 484 149 0.2152778 -0.5032169
Stationary 788.3 484 149 0.2152778 -0.5032169
Stationary 788.3364 484 149 0.2152778 -0.5032169
Stationary 788.3741 484 149 0.2152778 -0.5032169
Stationary 788.4114 484 149 0.2152778 -0.5032169
Stationary 788.4492 484 149 0.2152778 -0.5032169
Stationary 788.4867 484 149 0.2152778 -0.5032169
Moved 788.5397 469.7663 149 0.1905665 -0.5032169
Moved 788.5773 455.3818 167.5419 0.1655933 -0.4606115
Moved 788.6146 444.7997 181.0005 0.1472216 -0.4296864
Moved 788.6576 423.3792 211.6357 0.1100332 -0.3592929
Moved 788.6972 389.1115 262.2217 0.05054079 -0.2430568
Moved 788.7377 368.1378 296.7761 0.01412809 -0.163658
Moved 788.7755 321.4822 367.2986 -0.06687112 -0.00161164
Moved 788.8141 296.2357 397.7643 -0.110702 0.06839237
Moved 788.8512 280.5138 415.4862 -0.1379969 0.1091136
Moved 788.89 273.7179 421.9232 -0.1497954 0.1239045
Moved 788.9557 258.8736 435.1263 -0.1755666 0.1542425
Moved 788.9969 245.6151 442.6924 -0.198585 0.1716279
Moved 789.0357 230.0009 454.3327 -0.2256929 0.1983748
Moved 789.0795 220.1495 461.2337 -0.2427961 0.2142319
Moved 789.1192 214.0206 465.9794 -0.2534364 0.2251365
Moved 789.16 207.412 471.794 -0.2649098 0.2384973
Moved 789.1998 203.4433 475.5567 -0.2717998 0.2471432
Moved 789.2393 199.3245 478.6755 -0.2789506 0.2543096
Moved 789.2778 197.5 481.5 -0.2821181 0.2607997
Moved 789.3173 197 491 -0.2829861 0.2826287
Moved 789.3801 197 499.2484 -0.2829861 0.3015817
Moved 789.42 197 500.3745 -0.2829861 0.3041694
Moved 789.4606 205.0615 501 -0.2689904 0.3056066
Moved 789.501 221.2109 484.4206 -0.2409533 0.2675106
Moved 789.5422 251.5294 451.1092 -0.1883169 0.1909679
Moved 789.5819 268.3082 426.0377 -0.1591872 0.1333587
Moved 789.6252 287 383 -0.1267361 0.03446691
Moved 789.6625 293.0774 350.4968 -0.116185 -0.04021883
Moved 789.6998 296.3604 300.035 -0.1104853 -0.1561695
Moved 789.7374 296 269.4125 -0.1111111 -0.2265337
Moved 789.7983 297 227.7041 -0.109375 -0.3223711
Moved 789.8377 297.969 212.0929 -0.1076927 -0.3582425
Moved 789.8745 298.5016 202.4954 -0.1067681 -0.3802957
Moved 789.9117 300 192.3793 -0.1041667 -0.4035403
Moved 789.9472 301 189.3175 -0.1024305 -0.4105756
Moved 789.9841 301 186.8131 -0.1024305 -0.4163302
Moved 790.0202 302 183.7527 -0.1006945 -0.4233624
Moved 790.0564 303 183 -0.09895836 -0.425092
Moved 790.0904 304.9081 183 -0.0956456 -0.425092
Moved 790.1289 327.1271 225.9305 -0.057071 -0.3264464
Moved 790.1857 339 277.5 -0.03645834 -0.2079504
Moved 790.2216 338 313.7137 -0.03819443 -0.1247386
Moved 790.2568 319.9672 350.0656 -0.06950136 -0.04120967
Moved 790.2918 298.5267 391.5256 -0.1067245 0.05405714
Moved 790.3309 270.6655 432.0018 -0.1550947 0.1470629
Moved 790.3708 249.5 462.5 -0.1918403 0.2171416
Moved 790.407 241.8587 473.1414 -0.2051065 0.2415932
Moved 790.4431 231.1966 489.6724 -0.223617 0.2795781
Moved 790.4803 220.5081 503.7379 -0.2421734 0.3118977
Moved 790.5154 214.5409 509.4591 -0.2525332 0.3250439
Moved 790.5764 206.5235 518.4765 -0.2664523 0.345764
Moved 790.6139 207 519 -0.265625 0.346967
Moved 790.6503 207 520 -0.265625 0.3492647
Moved 790.6853 207 521 -0.265625 0.3515625
Moved 790.7202 215.5416 523 -0.2507958 0.3561581
Moved 790.7562 235.2084 523 -0.2166522 0.3561581
Moved 790.791 249.4826 523 -0.1918704 0.3561581
Moved 790.8257 262.0819 513.459 -0.1699967 0.334235
Moved 790.8603 269.7746 510.7418 -0.1566414 0.3279913
Moved 790.8949 277.6447 507.3553 -0.1429779 0.3202098
Moved 790.9522 281.9488 505.0512 -0.1355056 0.3149155
Moved 790.9887 284.4925 503.5075 -0.1310894 0.3113684
Ended 791.0237 285.1198 502.8802 -0.1300004 0.3099271
Began 791.6072 403 433 0.07465281 0.1493566
Stationary 791.6533 403 433 0.07465281 0.1493566
Stationary 791.6902 403 433 0.07465281 0.1493566
Stationary 791.7283 403 433 0.07465281 0.1493566
Stationary 791.7681 403 433 0.07465281 0.1493566
Moved 791.8079 392.8774 433 0.05707882 0.1493566
Moved 791.8476 385.0074 433 0.04341565 0.1493566
Moved 791.8879 380.1415 433 0.03496788 0.1493566
Moved 791.9285 374.8301 433 0.02574675 0.1493566
Moved 791.9664 373.8129 433 0.02398074 0.1493566
Moved 792.003 370.5 433 0.01822919 0.1493566
Moved 792.0427 369.7508 433 0.01692854 0.1493566
Moved 792.101 367.9247 433 0.01375809 0.1493566
Stationary 792.1422 367.9247 433 0.01375809 0.1493566
Moved 792.1835 366.8506 433 0.01189336 0.1493566
Stationary 792.2249 366.8506 433 0.01189336 0.1493566
Moved 792.2625 365.9103 433 0.01026094 0.1493566
Stationary 792.3091 365.9103 433 0.01026094 0.1493566
Stationary 792.3507 365.9103 433 0.01026094 0.1493566
Stationary 792.3868 365.9103 433 0.01026094 0.1493566
Stationary 792.4291 365.9103 433 0.01026094 0.1493566
Stationary 792.4642 366 433 0.01041666 0.1493566
Stationary 792.5212 366 433 0.01041666 0.1493566
Stationary 792.5561 366 433 0.01041666 0.1493566
Ended 792.5897 366 433 0.01041666 0.1493566
Backspace 793.7774
Began 796.52 467 224 0.1857639 -0.3308823
Stationary 796.5734 467 224 0.1857639 -0.3308823
Stationary 796.6154 467 224 0.1857639 -0.3308823
Stationary 796.6573 467 224 0.1857639 -0.3308823
Stationary 796.6971 467 224 0.1857639 -0.3308823
Stationary 796.7339 467 224 0.1857639 -0.3308823
Stationary 796.7722 467 224 0.1857639 -0.3308823
Stationary 796.8086 467 224 0.1857639 -0.3308823
Stationary 796.845 467 224 0.1857639 -0.3308823
Moved 796.8824 451.4089 224 0.1586961 -0.3308823
Moved 796.9233 435.1739 241.8262 0.1305102 -0.2899215
Moved 796.9631 409.124 260.1971 0.08528472 -0.2477087
Moved 797.0021 384.3625 282.6375 0.04229598 -0.1961454
Moved 797.0405 343.2534 323.6902 -0.02907392 -0.1018146
Moved 797.0839 309.58 361.3475 -0.08753479 -0.015286
Moved 797.1428 284.0694 393.1633 -0.131824 0.05781998
Moved 797.1844 268 414.5 -0.1597222 0.1068475
Moved 797.2241 257.887 433.226 -0.1772795 0.149876
Moved 797.2625 253.1434 441.8566 -0.1855149 0.1697072
Moved 797.3037 249.7026 449.5948 -0.1914885 0.1874881
Moved 797.3405 248 452.2693 -0.1944444 0.1936337
Moved 797.3779 246 455.5715 -0.1979167 0.2012214
Moved 797.415 245 457 -0.1996528 0.2045037
Moved 797.4526 243.6281 459 -0.2020345 0.2090993
Moved 797.4885 244 460 -0.2013889 0.2113971
Moved 797.5469 244 445.2838 -0.2013889 0.1775821
Moved 797.5843 257.6219 403.6099 -0.1777398 0.08182432
Moved 797.6268 274.5 335.5 -0.1484375 -0.07467832
Moved 797.6638 287.4182 302.4545 -0.1260101 -0.15061
Moved 797.7003 302.6411 271.7177 -0.09958134 -0.2212368
Moved 797.7374 311.5 254 -0.0842014 -0.2619485
Moved 797.775 325.6161 232.8451 -0.0596942 -0.3105583
Moved 797.8171 334.2423 223.7577 -0.04471816 -0.3314392
Moved 797.8563 338.2883 217.4235 -0.03769394 -0.3459938
Moved 797.8946 340.5 215.5 -0.03385417 -0.3504136
Moved 797.9583 343 210.9789 -0.02951388 -0.3608022
Moved 797.9965 344 211 -0.02777778 -0.3607537
Moved 798.0408 310.788 288.1614 -0.08543756 -0.1834526
Moved 798.0805 289.0924 341.042 -0.1231034 -0.06194396
Moved 798.1226 275.6051 368.7108 -0.1465189 0.001633378
Moved 798.16 253.4115 412.7798 -0.1850494 0.1028949
Moved 798.1979 246.2479 429.3389 -0.1974862 0.1409441
Moved 798.2372 239.7773 444.8909 -0.20872 0.1766794
Moved 798.2774 234.8089 452.191 -0.2173456 0.1934537
Moved 798.3172 233 459.0898 -0.2204861 0.2093057
Moved 798.3779 233 462.2037 -0.2204861 0.2164607
Moved 798.4181 233 464 -0.2204861 0.2205883
Moved 798.4571 263.7832 466 -0.167043 0.2251838
Moved 798.4943 284.5 466 -0.1310764 0.2251838
Moved 798.5352 302.9706 466 -0.09900947 0.2251838
Moved 798.5754 311.8014 466 -0.08367818 0.2251838
Moved 798.6125 315.3528 466 -0.07751253 0.2251838
Moved 798.6499 318.5 466 -0.0720486 0.2251838
Moved 798.6859 319.5 466 -0.07031251 0.2251838
Ended 798.7217 319 455.5 -0.07118054 0.201057
Began 798.8724 381 463 0.0364583 0.2182904
Stationary 798.9152 381 463 0.0364583 0.2182904
Stationary 798.9518 381 463 0.0364583 0.2182904
Stationary 799.0032 381 463 0.0364583 0.2182904
Stationary 799.04 381 463 0.0364583 0.2182904
Stationary 799.079 381 463 0.0364583 0.2182904
Stationary 799.117 381 463 0.0364583 0.2182904
Stationary 799.1569 381 463 0.0364583 0.2182904
Stationary 799.1943 381 463 0.0364583 0.2182904
Stationary 799.2328 381 463 0.0364583 0.2182904
Stationary 799.2711 381 463 0.0364583 0.2182904
Stationary 799.308 381 463 0.0364583 0.2182904
Moved 799.3459 432.4823 463 0.1258373 0.2182904
Moved 799.3986 469.0941 463 0.1893996 0.2182904
Moved 799.4375 489.2661 463 0.2244204 0.2182904
Moved 799.474 496.8752 463 0.2376305 0.2182904
Moved 799.5128 504.4919 463 0.2508539 0.2182904
Moved 799.5494 507.196 463 0.2555485 0.2182904
Moved 799.5883 511.5708 463 0.2631438 0.2182904
Moved 799.6243 514.4438 463 0.2681317 0.2182904
Moved 799.6647 517.4457 463 0.2733432 0.2182904
Moved 799.7007 518.5 463 0.2751736 0.2182904
Moved 799.7368 520.0939 463 0.2779408 0.2182904
Moved 799.7946 525.162 463 0.2867397 0.2182904
Moved 799.8337 537.7024 463 0.3085111 0.2182904
Moved 799.8751 548 471.5 0.326389 0.2378217
Moved 799.9128 566.1368 475 0.3578764 0.245864
Moved 799.9506 573.5865 476 0.3708099 0.2481618
Moved 799.9965 577.5703 477 0.3777261 0.2504596
Moved 800.0376 579.0059 478.0059 0.3802186 0.252771
Moved 800.0739 580.2499 478 0.3823783 0.2527574
Ended 800.1121 580 478 0.3819445 0.2527574
Began 801.0234 278 446 -0.1423611 0.1792279
Stationary 801.0712 278 446 -0.1423611 0.1792279
Stationary 801.1082 278 446 -0.1423611 0.1792279
Stationary 801.1452 278 446 -0.1423611 0.1792279
Stationary 801.1835 278 446 -0.1423611 0.1792279
Stationary 801.2205 278 446 -0.1423611 0.1792279
Stationary 801.2592 278 446 -0.1423611 0.1792279
Moved 801.2975 295.4795 453.4196 -0.1120148 0.1962766
Moved 801.3368 378.4325 473.5008 0.03200091 0.2424191
Moved 801.3759 439.129 488.8755 0.1373767 0.2777472
Moved 801.4147 450.2317 490.7439 0.1566523 0.2820403
Moved 801.4532 458.0519 492 0.170229 0.2849265
Moved 801.493 461.5 492 0.1762153 0.2849265
Moved 801.5314 463.5 493.5 0.1796875 0.2883732
Moved 801.5884 464 493 0.1805556 0.2872243
Stationary 801.6293 464 493 0.1805556 0.2872243
Stationary 801.6677 464 493 0.1805556 0.2872243
Stationary 801.704 464 493 0.1805556 0.2872243
Moved 801.7432 402.4548 452.9699 0.07370628 0.1952434
Moved 801.7849 353.9537 416.3889 -0.01049709 0.1111877
Moved 801.8237 310.4252 372.0315 -0.08606736 0.009263544
Moved 801.8616 289.5479 344.3218 -0.1223127 -0.05440754
Moved 801.9006 269.8346 307.2808 -0.1565371 -0.1395203
Moved 801.9385 265.2203 295.5507 -0.1645481 -0.1664735
Moved 802.0016 260 265.7023 -0.1736111 -0.2350591
Moved 802.0388 260 259.1532 -0.1736111 -0.2501075
Moved 802.0753 260 254.5133 -0.1736111 -0.2607691
Moved 802.1117 260 246.3959 -0.1736111 -0.2794213
Moved 802.1569 260 240.2378 -0.1736111 -0.2935712
Moved 802.1956 260 234.074 -0.1736111 -0.3077345
Moved 802.2335 260 225.5544 -0.1736111 -0.3273107
Moved 802.2701 260 221 -0.1736111 -0.3377758
Moved 802.3079 260 219.8107 -0.1736111 -0.3405086
Moved 802.347 271.5 219 -0.1536458 -0.3423713
Moved 802.4124 330.5068 283.5792 -0.05120352 -0.1939816
Moved 802.4597 356.9927 313.9927 -0.005221032 -0.1240977
Moved 802.4977 379.6989 338.6989 0.03419951 -0.06732787
Moved 802.5362 393.1031 354.1031 0.05747065 -0.03193225
Moved 802.5756 407.4243 367.4243 0.08233391 -0.001322803
Moved 802.6164 423.9418 379.4564 0.11101 0.02632436
Moved 802.655 427.7124 382.3562 0.1175562 0.0329876
Moved 802.6943 431.3082 385.3082 0.1237989 0.03977061
Moved 802.7334 432 386.1785 0.125 0.04177045
Moved 802.7725 433 387 0.1267361 0.04365813
Moved 802.8334 434 387 0.1284722 0.04365813
Moved 802.8698 435.357 388.357 0.1308281 0.04677622
Stationary 802.9052 435.357 388.357 0.1308281 0.04677622
Moved 802.9412 435 388 0.1302084 0.04595592
Moved 802.9778 435 389.0302 0.1302084 0.04832314
Stationary 803.0139 435 389.0302 0.1302084 0.04832314
Stationary 803.0504 435 389 0.1302084 0.04825375
Ended 803.0864 435 389 0.1302084 0.04825375
Began 803.325 128 376 -0.4027778 0.01838228
Stationary 803.3619 128 376 -0.4027778 0.01838228
Stationary 803.398 128 376 -0.4027778 0.01838228
Stationary 803.4349 128 376 -0.4027778 0.01838228
Stationary 803.4742 128 376 -0.4027778 0.01838228
Moved 803.5131 163.6085 368.3915 -0.3409574 0.0008996095
Moved 803.5541 225.8302 341.1526 -0.2329336 -0.06168962
Moved 803.5952 251.1011 329.6565 -0.1890606 -0.08810549
Moved 803.637 285.8318 309.5345 -0.1287643 -0.1343416
Moved 803.6777 321.2715 283.6245 -0.06723702 -0.1938776
Moved 803.7247 352.3115 262.0632 -0.01334809 -0.2434209
Moved 803.7646 361.9473 254.0527 0.003380701 -0.2618274
Moved 803.8055 375.1505 243.8997 0.02630293 -0.2851571
Moved 803.8453 380.9181 240.0819 0.03631614 -0.2939295
Moved 803.8845 389.7189 235.1406 0.05159527 -0.3052835
Moved 803.9228 401.6582 230.8354 0.07232331 -0.3151759
Moved 803.9617 418.2042 227.9659 0.1010489 -0.3217695
Moved 804.0074 435.023 223.9923 0.1302482 -0.3309
Moved 804.0454 443.3038 222 0.1446247 -0.3354779
Moved 804.0842 447 221 0.1510417 -0.3377758
Moved 804.1437 447 220 0.1510417 -0.3400736
Moved 804.181 435.6864 229.8994 0.1314001 -0.3173268
Moved 804.2182 390.4016 264.3443 0.05278059 -0.2381795
Moved 804.2548 361.4037 285.0193 0.00243701 -0.1906725
Moved 804.2922 306 322.5 -0.09374999 -0.1045496
Moved 804.3323 277.7776 343.9508 -0.1427472 -0.0552601
Moved 804.3728 254.2395 360.3204 -0.183612 -0.0176462
Moved 804.4117 245.0514 366.6324 -0.1995636 -0.003142287
Moved 804.4515 238.748 373.252 -0.2105069 0.01206791
Moved 804.4894 237 375.1238 -0.2135416 0.01636912
Moved 804.5513 233.5 377 -0.2196181 0.02068015
Moved 804.5908 233 379 -0.2204861 0.02527581
Moved 804.6307 232 380 -0.2222222 0.0275736
Stationary 804.67 232 380 -0.2222222 0.0275736
Moved 804.7068 231 381 -0.2239584 0.02987133
Moved 804.7449 231 381.6511 -0.2239584 0.03136733
Moved 804.7855 231 382 -0.2239584 0.03216912
Stationary 804.827 231 382 -0.2239584 0.03216912
Stationary 804.868 231 382 -0.2239584 0.03216912
Stationary 804.9031 231 382 -0.2239584 0.03216912
Ended 804.9601 231 382 -0.2239584 0.03216912
Began 805.2192 427 222 0.1163194 -0.3354779
Stationary 805.264 427 222 0.1163194 -0.3354779
Stationary 805.3022 427 222 0.1163194 -0.3354779
Stationary 805.3416 427 222 0.1163194 -0.3354779
Stationary 805.3799 427 222 0.1163194 -0.3354779
Stationary 805.4173 427 222 0.1163194 -0.3354779
Stationary 805.4544 427 222 0.1163194 -0.3354779
Stationary 805.4913 427 222 0.1163194 -0.3354779
Stationary 805.5306 427 222 0.1163194 -0.3354779
Moved 805.5689 413.9402 233.7538 0.09364627 -0.3084702
Moved 805.6131 378.2094 278.0252 0.03161356 -0.2067436
Moved 805.6519 338.2268 329.6881 -0.03780063 -0.08803284
Moved 805.6906 303.5794 369.9118 -0.09795249 0.004392933
Moved 805.7286 284.8086 394.5566 -0.1305407 0.06102173
Moved 805.7668 270.8083 409.1917 -0.1548467 0.09465008
Moved 805.8227 247.0844 433.5541 -0.196034 0.15063
Moved 805.86 238.0508 447.8478 -0.2117175 0.1834738
Moved 805.8964 235.5492 453.9016 -0.2160604 0.1973841
Moved 805.9331 232.6803 460.6395 -0.2210412 0.2128664
Moved 805.9701 231 472.8875 -0.2239584 0.2410098
Moved 806.0065 228.8251 481.5247 -0.2277342 0.2608565
Moved 806.045 226 498.4382 -0.2326389 0.2997202
Moved 806.0828 225 501.3415 -0.234375 0.3063913
Stationary 806.1201 225 501 -0.234375 0.3056066
Stationary 806.1559 225 501 -0.234375 0.3056066
Moved 806.2137 234.8317 374.3464 -0.2173061 0.01458273
Moved 806.2501 248.3827 316.9458 -0.1937801 -0.1173121
Moved 806.2868 264.1073 288.1366 -0.1664803 -0.1835097
Moved 806.3241 297.8627 249.9044 -0.1078773 -0.2713594
Moved 806.3622 323.1442 229.0465 -0.06398574 -0.3192865
Moved 806.4014 335.9901 219.0099 -0.04168384 -0.3423486
Moved 806.4401 342.9929 215.0035 -0.02952628 -0.3515544
Moved 806.4803 351.5852 212 -0.01460902 -0.3584559
Moved 806.5207 356.6048 209.3951 -0.005894378 -0.3644413
Moved 806.5604 359.1522 209 -0.001471899 -0.3653492
Moved 806.6306 363 207 0.005208328 -0.3699449
Moved 806.6746 364 207 0.006944462 -0.3699449
Moved 806.7136 350.0995 232.3507 -0.01718827 -0.3116943
Moved 806.753 315.7672 288.5419 -0.07679299 -0.1825784
Moved 806.7919 296.9269 322.1461 -0.1095019 -0.1053628
Moved 806.8329 268.0777 379.4854 -0.1595873 0.02639098
Moved 806.8724 255.2443 410.8893 -0.1818676 0.09855074
Moved 806.9119 243.4768 450.7439 -0.2022972 0.1901285
Moved 806.9522 235.07 476.325 -0.2168923 0.2489085
Moved 806.9907 230.0475 490.8575 -0.225612 0.2823012
Moved 807.0529 220.291 512.4181 -0.2425504 0.3318431
Moved 807.0908 214.4794 521.5206 -0.2526399 0.3527587
Moved 807.1309 211.4424 525.5576 -0.2579125 0.3620349
Moved 807.1691 209 529.8502 -0.2621528 0.3718986
Moved 807.2065 209 531.5 -0.2621528 0.3756894
Moved 807.2442 213.7426 533 -0.2539191 0.3791361
Moved 807.2824 237.6071 533 -0.2124877 0.3791361
Moved 807.3198 273.4344 528.5656 -0.1502875 0.3689468
Moved 807.3547 291.107 520.1572 -0.1196058 0.3496259
Moved 807.3995 304.448 515.276 -0.09644441 0.33841
Moved 807.459 312.1256 513 -0.08311526 0.3331802
Moved 807.4952 314.9975 511.0025 -0.07812936 0.3285904
Moved 807.5317 316.8651 510 -0.07488706 0.3262868
Moved 807.569 318.8084 509 -0.07151313 0.323989
Moved 807.6091 319.6805 508 -0.06999911 0.3216912
Moved 807.6484 320.7417 507.2583 -0.06815684 0.3199869
Stationary 807.6871 321 507 -0.06770834 0.3193934
Ended 807.7369 321 506 -0.06770834 0.3170956
Began 807.9537 377 513 0.02951391 0.3331802
Stationary 808.0168 377 513 0.02951391 0.3331802
Stationary 808.0556 377 513 0.02951391 0.3331802
Stationary 808.0964 377 513 0.02951391 0.3331802
Stationary 808.1404 377 513 0.02951391 0.3331802
Stationary 808.1802 377 513 0.02951391 0.3331802
Stationary 808.2189 377 513 0.02951391 0.3331802
Stationary 808.2581 377 513 0.02951391 0.3331802
Stationary 808.3005 377 513 0.02951391 0.3331802
Stationary 808.3491 377 513 0.02951391 0.3331802
Moved 808.3878 396.7183 513 0.06374709 0.3331802
Moved 808.4366 462.704 513 0.1783057 0.3331802
Moved 808.478 492.3533 504.5294 0.22978 0.3137164
Moved 808.5197 509.82 500.545 0.2601041 0.3045611
Moved 808.5587 516.9512 498.6829 0.2724848 0.3002826
Moved 808.5984 523.6258 498 0.2840725 0.2987133
Moved 808.6365 526.1369 497 0.2884321 0.2964155
Moved 808.675 529.2231 496 0.2937901 0.2941177
Moved 808.712 532.3148 494.6852 0.2991576 0.2910964
Moved 808.7516 536.3189 495 0.3061092 0.2918199
Moved 808.8011 539.6252 494 0.3118494 0.2895221
Moved 808.8661 544.0176 494 0.3194751 0.2895221
Moved 808.905 547.3284 493 0.3252228 0.2872243
Moved 808.9429 549.2008 493 0.3284736 0.2872243
Moved 808.9869 552 493 0.3333333 0.2872243
Moved 809.0331 556.4445 493 0.3410495 0.2872243
Moved 809.0726 560.4268 493 0.3479632 0.2872243
Moved 809.1097 562.2978 493 0.3512114 0.2872243
Moved 809.1486 565.6025 493 0.3569489 0.2872243
Moved 809.1857 567.121 493 0.359585 0.2872243
Moved 809.2238 568 493 0.3611111 0.2872243
Moved 809.2837 570.1497 493 0.3648432 0.2872243
Moved 809.3207 571 493 0.3663194 0.2872243
Moved 809.357 572.0824 493 0.3681986 0.2872243
Moved 809.3931 573 493 0.3697917 0.2872243
Stationary 809.4307 573 493 0.3697917 0.2872243
Stationary 809.4656 573 493 0.3697917 0.2872243
Stationary 809.5005 573 493 0.3697917 0.2872243
Ended 809.5367 573 493 0.3697917 0.2872243
Began 809.9243 319 482 -0.07118054 0.2619486
Stationary 809.9664 319 482 -0.07118054 0.2619486
Stationary 810.0015 319 482 -0.07118054 0.2619486
Stationary 810.0396 319 482 -0.07118054 0.2619486
Stationary 810.0755 319 482 -0.07118054 0.2619486
Stationary 810.1118 319 482 -0.07118054 0.2619486
Stationary 810.1487 319 482 -0.07118054 0.2619486
Moved 810.1874 344.5178 454.4822 -0.02687879 0.1987183
Moved 810.2279 370.366 418.4509 0.01799658 0.1159259
Moved 810.2791 387.5698 395.0377 0.04786425 0.06212719
Moved 810.3369 399.1332 382 0.06793968 0.03216912
Moved 810.3771 402.7374 377.2626 0.07419691 0.02128356
Moved 810.4173 406.966 375 0.08153819 0.01608456
Moved 810.4576 423.1282 395.2563 0.1095975 0.06262952
Moved 810.4963 441.3102 428.6204 0.1411636 0.1392933
Moved 810.5383 462.2452 463.4291 0.177509 0.2192764
Moved 810.5782 480.8049 488.166 0.2097308 0.2761167
Moved 810.619 491.6356 499.6356 0.228534 0.3024716
Moved 810.6608 507.6505 513.6505 0.2563376 0.3346748
Moved 810.7262 515.5944 518 0.2701291 0.3446691
Moved 810.764 517.2374 519.2374 0.2729815 0.3475124
Stationary 810.8013 517 519 0.2725694 0.346967
Moved 810.8398 490.361 465.0781 0.2263212 0.2230656
Moved 810.8788 465.4083 414.8166 0.1830005 0.1075749
Moved 810.9177 444.1253 360.6573 0.1460509 -0.01687211
Moved 810.9549 436.9946 330.973 0.1336712 -0.08508038
Moved 810.9932 432.1851 298.4807 0.1253213 -0.1597412
Moved 811.0318 430 280.5 0.1215278 -0.201057
Moved 811.0709 430 264.7595 0.1215278 -0.2372253
Moved 811.1337 429 253.6476 0.1197917 -0.2627583
Moved 811.1722 429 251.0885 0.1197917 -0.2686386
Moved 811.2123 429 247.7817 0.1197917 -0.2762368
Moved 811.2567 429 244.9269 0.1197917 -0.2827967
Moved 811.2938 429 243.6266 0.1197917 -0.2857845
Moved 811.3318 429 241.6282 0.1197917 -0.2903764
Moved 811.3691 429 240.7501 0.1197917 -0.292394
Moved 811.4074 429 239.7734 0.1197917 -0.2946382
Ended 811.4457 429 240 0.1197917 -0.2941177
PhraseEnd 816.2377
