the quick brown fox jumps over the lazy dog
Basic
0.8 0.8
575.9999 435.2
Began 705.7531 294 489 -0.1145833 0.2780331
Stationary 705.7902 294 489 -0.1145833 0.2780331
Stationary 705.825 294 489 -0.1145833 0.2780331
Stationary 705.8581 294 489 -0.1145833 0.2780331
Stationary 705.8918 294 489 -0.1145833 0.2780331
Stationary 705.925 294 489 -0.1145833 0.2780331
Stationary 705.9606 294 489 -0.1145833 0.2780331
Stationary 705.9972 294 489 -0.1145833 0.2780331
Stationary 706.0305 294 489 -0.1145833 0.2780331
Stationary 706.0676 294 489 -0.1145833 0.2780331
Stationary 706.0988 294 489 -0.1145833 0.2780331
Moved 706.1361 300.4401 489 -0.1034027 0.2780331
Moved 706.1699 324.7338 472.866 -0.06122604 0.2409606
Moved 706.2045 348.7738 455.2262 -0.01948994 0.2004279
Moved 706.2397 359.8329 439.6118 -0.0002900884 0.1645492
Moved 706.2729 370.4503 414.0994 0.01814291 0.1059268
Moved 706.3056 379.0913 394.8479 0.03314458 0.06169099
Moved 706.3386 388.2721 376.5919 0.04908346 0.01974246
Moved 706.3727 401.7767 358.2233 0.07252894 -0.02246471
Moved 706.4279 407.8723 350.1277 0.08311153 -0.04106676
Moved 706.4615 409 345.5966 0.08506946 -0.05147836
Moved 706.4943 410 341.9922 0.08680553 -0.0597604
Moved 706.5282 410 340.5 0.08680553 -0.06318934
Moved 706.5614 357.6813 367.0755 -0.004025512 -0.00212431
Moved 706.595 309.9364 393.8132 -0.08691598 0.05931357
Moved 706.6289 284.679 408.7549 -0.1307657 0.09364634
Moved 706.6617 266.6262 419.9159 -0.1621073 0.1192921
Moved 706.6946 236.7331 445.3114 -0.2140051 0.1776457
Moved 706.731 224.3819 458.5227 -0.2354482 0.2080026
Moved 706.7871 213.5136 475.7296 -0.2543167 0.2475404
Moved 706.8228 210.8572 479.2856 -0.2589285 0.2557116
Moved 706.8609 208.9877 482.0123 -0.2621742 0.2619769
Moved 706.8961 208.0158 484.9842 -0.2638614 0.2688057
Moved 706.9315 208 486.8558 -0.2638889 0.2731061
Moved 706.966 208 487.5 -0.2638889 0.2745864
Moved 707.0014 208 487 -0.2638889 0.2734376
Ended 707.0338 208 487 -0.2638889 0.2734376
Began 707.2269 66 473 -0.5104167 0.2412684
Stationary 707.2787 66 473 -0.5104167 0.2412684
Stationary 707.3146 66 473 -0.5104167 0.2412684
Stationary 707.3475 66 473 -0.5104167 0.2412684
Moved 707.3826 79.93707 473 -0.4862204 0.2412684
Moved 707.4171 138.4351 493.6088 -0.3846613 0.2886231
Moved 707.4515 171.7011 499 -0.3269078 0.3010111
Moved 707.485 192.9258 499 -0.2900594 0.3010111
Moved 707.5184 212.0069 499 -0.2569324 0.3010111
Moved 707.553 235.4064 483.0976 -0.2163083 0.2644707
Moved 707.5909 277.1475 468.5228 -0.1438412 0.2309806
Moved 707.6346 330.8948 454.9123 -0.05052984 0.1997066
Moved 707.6684 352.9122 450.1679 -0.01230516 0.188805
Moved 707.7016 364.8186 450 0.008365661 0.1884191
Moved 707.7355 374.6685 449 0.02546624 0.1861214
Moved 707.7682 381.4166 449 0.03718153 0.1861214
Moved 707.8013 386.6637 449 0.04629113 0.1861214
Moved 707.834 390.5359 449 0.05301371 0.1861214
Moved 707.8666 395.8245 449 0.06219529 0.1861214
Moved 707.8994 408.8876 449 0.08487434 0.1861214
Moved 707.9333 443.0905 464.4125 0.1442544 0.221536
Moved 707.9897 486.3788 478.5947 0.2194076 0.2541238
Moved 708.0259 496.5169 481.1292 0.2370085 0.2599477
Moved 708.0618 503.0019 483 0.2482672 0.2642463
Moved 708.097 506.5 484 0.2543403 0.2665442
Moved 708.1307 508.8145 484.8145 0.2583584 0.2684156
Stationary 708.1655 509 485 0.2586806 0.268842
Moved 708.1982 510 485 0.2604167 0.268842
Stationary 708.2317 510 485 0.2604167 0.268842
Moved 708.2646 444.359 437.2239 0.1464567 0.1590624
Moved 708.2971 386.6878 399.8377 0.04633293 0.07315654
Moved 708.357 316.5989 358.2902 -0.07534914 -0.02231107
Moved 708.391 295.716 342.2634 -0.1116041 -0.05913749
Moved 708.4254 279.8911 327.8911 -0.1390781 -0.09216211
Moved 708.4603 272.0255 319.034 -0.1527335 -0.1125137
Moved 708.4953 260.3737 296.7474 -0.1729624 -0.1637239
Moved 708.5317 256.8297 287.6595 -0.179115 -0.184606
Moved 708.5668 255.2207 278.8829 -0.1819085 -0.2047727
Moved 708.6005 253 263.9352 -0.1857639 -0.2391196
Moved 708.6324 253 258.1056 -0.1857639 -0.2525147
Moved 708.68 253 255.1776 -0.1857639 -0.2592427
Moved 708.7335 268.8583 253 -0.1582322 -0.2642463
Moved 708.7671 289.0276 253 -0.1232161 -0.2642463
Moved 708.8009 348.4432 284.6288 -0.02006393 -0.1915698
Moved 708.8396 396.1266 312.4037 0.06271974 -0.1277489
Moved 708.873 429.7437 333.5898 0.1210829 -0.07906739
Moved 708.9091 456.409 351.7272 0.1673767 -0.03739154
Moved 708.9429 474 361.5 0.1979167 -0.01493559
Moved 708.9762 487.0511 369.2307 0.2205749 0.002827785
Moved 709.0101 498.9633 374.9817 0.2412558 0.01604249
Moved 709.0439 510.5264 378.8421 0.2613305 0.02491292
Moved 709.0995 528.7066 384.5688 0.2928934 0.03807187
Moved 709.1348 536.3552 388.2368 0.3061722 0.04649994
Moved 709.1694 544.43 390.43 0.320191 0.05153954
Moved 709.2042 550.61 391.305 0.3309202 0.05355011
Moved 709.2394 552.8088 391 0.3347376 0.05284927
Moved 709.273 554.6829 391 0.3379912 0.05284927
Moved 709.3055 556 391.5547 0.3402778 0.054124
Moved 709.337 556 392.5 0.3402778 0.056296
Ended 709.3687 557 392 0.3420139 0.0551471
Began 709.728 361 226 0.001736134 -0.3262869
Stationary 709.7716 361 226 0.001736134 -0.3262869
Stationary 709.8079 361 226 0.001736134 -0.3262869
Stationary 709.8395 361 226 0.001736134 -0.3262869
Stationary 709.8705 361 226 0.001736134 -0.3262869
Stationary 709.9034 361 226 0.001736134 -0.3262869
Stationary 709.9357 361 226 0.001736134 -0.3262869
Moved 709.9675 361 241.745 0.001736134 -0.290108
Moved 710.0062 351.0504 270.199 -0.01553752 -0.2247266
Moved 710.04 346 289 -0.02430554 -0.1815257
Moved 710.0733 341.8958 301.3127 -0.03143098 -0.1532337
Moved 710.1068 334.2196 318.4877 -0.04475769 -0.1137692
Moved 710.1426 320.2753 350.9327 -0.06896657 -0.03921713
Moved 710.1904 310.6524 378.2166 -0.08567293 0.02347575
Moved 710.2242 304.8848 398.4033 -0.09568617 0.06986058
Moved 710.262 299.6461 424.4773 -0.1047811 0.1297732
Moved 710.2969 297.0905 442.457 -0.1092178 0.1710868
Moved 710.3311 295.2249 458.1002 -0.1124567 0.2070317
Moved 710.3657 294.3568 473.2162 -0.113964 0.2417653
Moved 710.398 294 487.8328 -0.1145833 0.2753512
Moved 710.4304 292 508.4671 -0.1180556 0.3227645
Moved 710.464 290 515.6905 -0.1215278 0.3393624
Moved 710.4987 287.0744 520.9256 -0.1266069 0.3513916
Moved 710.5538 286 526.5 -0.1284722 0.3642004
Moved 710.587 286 527.5 -0.1284722 0.3664982
Moved 710.6212 333.9157 528 -0.04528522 0.3676471
Moved 710.6543 406.6369 528 0.08096687 0.3676471
Moved 710.6863 447.3267 511.8226 0.1516088 0.3304747
Moved 710.7188 469.5 505 0.1901042 0.3147978
Moved 710.7525 502.6661 499.389 0.2476842 0.3019048
Moved 710.7863 517.3783 496.5244 0.2732262 0.2953225
Moved 710.8226 525.7001 494.6499 0.2876738 0.2910154
Moved 710.8536 530.8999 495 0.2967012 0.2918199
Moved 710.9039 534.205 495 0.3024392 0.2918199
Stationary 710.9343 534 495 0.3020833 0.2918199
Moved 710.9658 527.4388 495 0.2906923 0.2918199
Moved 710.9982 438.9038 526.3992 0.1369859 0.3639688
Moved 711.0394 384.344 534.5541 0.04226387 0.3827071
Moved 711.0757 320.7606 538 -0.06812401 0.390625
Moved 711.1096 275.1604 538 -0.1472909 0.390625
Moved 711.1431 237.5916 538 -0.2125146 0.390625
Moved 711.1776 211.3458 527.8546 -0.2580802 0.367313
Moved 711.2114 195.3925 522.1963 -0.2857768 0.3543113
Moved 711.2698 181 515.5 -0.3107639 0.3389246
Moved 711.3035 178.8159 511.6318 -0.3145557 0.3300364
Moved 711.3356 177 492.4636 -0.3177083 0.2859918
Moved 711.3699 187.9039 452.0961 -0.2987779 0.1932355
Moved 711.4029 200.5208 421.0544 -0.2768737 0.1219081
Moved 711.4409 217.4443 394.778 -0.2474926 0.06153027
Moved 711.4747 266.0892 354.2459 -0.1630395 -0.03160407
Moved 711.5089 302.3865 334.2077 -0.1000235 -0.07764782
Moved 711.5431 329.2883 319.6176 -0.05331889 -0.1111728
Moved 711.5763 349.3147 307.6773 -0.01855087 -0.1386091
Moved 711.6307 387.9393 279.6364 0.04850574 -0.2030413
Moved 711.6674 401.2715 269.3828 0.07165186 -0.226602
Moved 711.7018 413.5 258.5 0.09288193 -0.2516085
Moved 711.7365 427.5 249 0.1171875 -0.2734374
Moved 711.7717 436.1237 243.6255 0.1321591 -0.285787
Moved 711.8058 439.2461 240.7539 0.1375801 -0.2923853
Moved 711.8397 442.7506 238.2494 0.1436642 -0.2981402
Moved 711.8718 445.6162 237.3838 0.1486392 -0.3001292
Moved 711.9116 448 234.08 0.1527778 -0.3077207
Moved 711.9443 450.3506 232.6494 0.1568587 -0.3110077
Moved 711.9988 452 231 0.1597222 -0.3147978
Moved 712.0338 453.0381 230 0.1615245 -0.3170955
Moved 712.0674 453 229 0.1614583 -0.3193934
Moved 712.0994 454 229 0.1631945 -0.3193934
Moved 712.1391 455.374 228 0.1655798 -0.3216912
Moved 712.1719 455 227 0.1649305 -0.323989
Stationary 712.204 455 227 0.1649305 -0.323989
Moved 712.2372 456 225.9346 0.1666667 -0.3264371
Stationary 712.2693 456 225.9346 0.1666667 -0.3264371
Moved 712.3003 456 224.9124 0.1666667 -0.328786
Moved 712.3531 457 223.7985 0.1684028 -0.3313455
Stationary 712.3859 457 224 0.1684028 -0.3308823
Ended 712.4175 457 224 0.1684028 -0.3308823
Began 712.8031 326 388 -0.05902778 0.04595592
Stationary 712.8427 326 388 -0.05902778 0.04595592
Stationary 712.8753 326 388 -0.05902778 0.04595592
Stationary 712.907 326 388 -0.05902778 0.04595592
Stationary 712.9398 326 388 -0.05902778 0.04595592
Moved 712.9738 366.4723 421.5965 0.01123667 0.1231537
Moved 713.0086 407.573 455.8966 0.082592 0.2019683
Moved 713.0436 448.5692 486.7736 0.153766 0.2729173
Moved 713.0782 467.3138 497.9882 0.1863086 0.2986862
Moved 713.1118 481.6862 505.6117 0.2112608 0.3162034
Moved 713.1461 490.2416 510.0805 0.2261139 0.3264718
Moved 713.1801 502.8913 513.9728 0.2480752 0.3354156
Moved 713.2142 527.4077 517 0.2906384 0.3423713
Moved 713.2461 543.202 518 0.318059 0.3446691
Moved 713.294 557.2563 519.1282 0.3424589 0.3472615
Moved 713.3276 560.9995 519 0.3489575 0.346967
Moved 713.3585 556.5073 511.9401 0.3411586 0.3307448
Moved 713.3898 471.0452 442.7932 0.1927868 0.1718593
Moved 713.4222 393.7164 382.1573 0.05853534 0.03253075
Moved 713.4539 357.6064 347.7331 -0.004155599 -0.04656925
Moved 713.4883 316.2924 309.1914 -0.07588115 -0.13513
Moved 713.5247 297.1613 292.1613 -0.1090949 -0.1742617
Moved 713.5601 286.4518 281.6024 -0.1276879 -0.1985239
Moved 713.5956 279.4583 273.1875 -0.1398292 -0.2178596
Moved 713.6502 267.8995 260.8995 -0.1598967 -0.246095
Moved 713.6823 265.0325 257.0325 -0.1648741 -0.2549804
Moved 713.7161 263 253.4496 -0.1684028 -0.2632133
Moved 713.7548 259.1445 248.2889 -0.1750964 -0.2750713
Moved 713.7888 257.2728 245.5457 -0.1783458 -0.2813748
Moved 713.8218 254.4749 241.4749 -0.1832034 -0.2907288
Moved 713.8552 252.8695 237.8695 -0.1859905 -0.2990131
Moved 713.8896 248.5679 231.1357 -0.1934586 -0.3144858
Moved 713.9246 246.0554 228.1107 -0.1978206 -0.3214367
Moved 713.9591 244.1821 225.182 -0.2010728 -0.3281664
Moved 714.0155 240.5 222 -0.2074653 -0.3354779
Moved 714.0494 239.8953 221 -0.2085151 -0.3377758
Moved 714.0837 239.0166 220 -0.2100406 -0.3400736
Ended 714.1195 238 219 -0.2118056 -0.3423713
Began 714.3841 474 364 0.1979167 -0.009191107
Stationary 714.4316 474 364 0.1979167 -0.009191107
Stationary 714.4642 474 364 0.1979167 -0.009191107
Stationary 714.4977 474 364 0.1979167 -0.009191107
Stationary 714.531 474 364 0.1979167 -0.009191107
Stationary 714.5631 474 364 0.1979167 -0.009191107
Moved 714.5974 465.6893 375.8724 0.1834884 0.01808924
Moved 714.6334 454.1992 401.2414 0.1635403 0.07638188
Moved 714.6689 441.3319 430.7815 0.1412013 0.1442589
Moved 714.7033 417 480 0.09895831 0.257353
Moved 714.7406 408.9241 497.2277 0.08493774 0.2969386
Moved 714.784 401.6564 511.0309 0.07232011 0.3286555
Moved 714.8215 401 513.2204 0.07118054 0.3336866
Moved 714.8569 400 515.0997 0.06944448 0.3380048
Stationary 714.894 400 515 0.06944448 0.3377758
Moved 714.9293 407.5566 496.5543 0.08256353 0.2953913
Moved 714.9649 439.1565 413.0619 0.1374245 0.103543
Moved 715.0002 455.877 359.4919 0.1664532 -0.0195499
Moved 715.0333 463.293 320.535 0.1793281 -0.1090647
Moved 715.0665 467.2126 292.8745 0.1861329 -0.1726228
Moved 715.0988 470 267.5283 0.1909722 -0.2308633
Moved 715.1594 472 242 0.1944444 -0.289522
Moved 715.1938 472 238.637 0.1944444 -0.2972496
Moved 715.2269 473.6628 232.3373 0.1973312 -0.311725
Moved 715.2601 475.5 231 0.2005208 -0.3147978
Moved 715.2975 481.1304 238.2283 0.2102959 -0.2981887
Moved 715.3309 505.0755 278.4592 0.2518673 -0.2057462
Moved 715.3675 538.6476 339.2952 0.3101522 -0.06595767
Moved 715.4125 568.1088 394.0328 0.3613001 0.05981807
Moved 715.4478 587.3347 432.7252 0.3946784 0.1487252
Moved 715.4826 598.6962 456.3924 0.4144031 0.2031076
Moved 715.5378 614.6174 503.1611 0.4420441 0.3105725
Moved 715.5705 618.1788 514.5363 0.448227 0.3367102
Moved 715.6026 619 521.6068 0.4496528 0.3529567
Moved 715.6354 619 527.2354 0.4496528 0.3658901
Moved 715.668 609.0334 531.9888 0.4323497 0.3768126
Moved 715.7 547.0579 520.7174 0.3247533 0.3509132
Moved 715.7327 403.1171 450.5474 0.07485614 0.1896769
Moved 715.7644 361.0996 424.6164 0.001908988 0.1300929
Moved 715.7969 322.7641 400.2055 -0.06464567 0.07400166
Moved 715.8293 298.6653 386.0363 -0.1064839 0.0414436
Moved 715.8816 268.7073 369.4716 -0.1584942 0.003381337
Moved 715.9146 254.1308 362.4523 -0.1838007 -0.0127474
Moved 715.9459 245.2776 356.5184 -0.1991708 -0.02638221
Moved 715.9789 236.3796 351.3796 -0.2146187 -0.03819017
Moved 716.0118 231.5024 348.5024 -0.2230862 -0.04480152
Moved 716.0438 228.9889 346.9889 -0.2274498 -0.04827914
Moved 716.0775 226.1088 346 -0.23245 -0.05055147
Moved 716.1112 223.2396 345 -0.2374312 -0.05284927
Moved 716.1439 217.7351 343.3676 -0.2469878 -0.05660037
Moved 716.1786 210.7226 342 -0.2591622 -0.05974258
Moved 716.2302 203.1296 341 -0.2723445 -0.06204045
Moved 716.2637 199.5 341 -0.2786458 -0.06204045
Moved 716.2963 197.6418 341 -0.2818719 -0.06204045
Moved 716.3287 195.5 341 -0.2855903 -0.06204045
Moved 716.3618 193.9499 340 -0.2882814 -0.06433824
Moved 716.3943 193 338.9781 -0.2899306 -0.06668624
Ended 716.4302 193 338.9781 -0.2899306 -0.06668624
Began 716.7383 524 497 0.2847222 0.2964155
Stationary 716.7832 524 497 0.2847222 0.2964155
Stationary 716.8152 524 497 0.2847222 0.2964155
Stationary 716.8456 524 497 0.2847222 0.2964155
Stationary 716.8805 524 497 0.2847222 0.2964155
Stationary 716.914 524 497 0.2847222 0.2964155
Stationary 716.9469 524 497 0.2847222 0.2964155
Moved 716.9793 498.7774 456.4562 0.240933 0.2032542
Moved 717.0132 469.0068 411.232 0.1892479 0.09933826
Moved 717.0485 437.6689 365.3372 0.134842 -0.006118522
Moved 717.0854 418.6215 335.9766 0.1017734 -0.07358328
Moved 717.1223 395.2336 298.6588 0.06116942 -0.1593319
Moved 717.1579 387.8508 285.7016 0.04835211 -0.1891048
Moved 717.1913 381.5949 276.8923 0.0374911 -0.2093467
Moved 717.2273 375.0908 263.363 0.02619922 -0.2404342
Moved 717.2798 368.7741 250.3223 0.01523279 -0.2703992
Moved 717.3169 363.8346 240.6692 0.006657243 -0.29258
Moved 717.3535 361.9644 235.9644 0.003410354 -0.3033907
Moved 717.3882 360.0928 231.1857 0.0001611561 -0.3143712
Moved 717.425 357.1091 227.1091 -0.005018935 -0.3237382
Moved 717.4623 351.5052 226 -0.0147479 -0.3262869
Moved 717.4979 331.218 255.0549 -0.04996882 -0.2595245
Moved 717.5346 295.1152 331.9235 -0.1126473 -0.08289632
Moved 717.5681 285.6656 359.4481 -0.1290528 -0.01965039
Moved 717.6034 275.6987 384.2532 -0.1463564 0.03734663
Moved 717.6583 252.314 436.8975 -0.1869548 0.1583123
Moved 717.6916 242.1161 456.7679 -0.2046596 0.2039703
Moved 717.725 235.011 472.967 -0.2169949 0.2411927
Moved 717.7587 227.9185 485.163 -0.2293082 0.2692164
Moved 717.7975 222.6599 495.6802 -0.2384377 0.2933829
Moved 717.8316 221.7906 499.2095 -0.239947 0.3014924
Moved 717.8665 222 502 -0.2395833 0.3079045
Moved 717.9001 230.2093 507.0262 -0.2253311 0.3194536
Moved 717.9337 254.864 515.6592 -0.1825278 0.3392904
Moved 717.9686 288.84 521.968 -0.1235417 0.3537868
Moved 718.0253 334.5198 522 -0.04423644 0.3538603
Moved 718.0603 340.0899 522 -0.03456607 0.3538603
Moved 718.0939 342.5652 522 -0.03026873 0.3538603
Moved 718.1329 345.8677 522 -0.02453517 0.3538603
Moved 718.169 347 522 -0.02256945 0.3538603
Moved 718.2056 348.3066 522 -0.02030097 0.3538603
Ended 718.2409 348 522 -0.02083335 0.3538603
Began 718.5212 392 464 0.05555556 0.2205883
Stationary 718.5624 392 464 0.05555556 0.2205883
Stationary 718.5967 392 464 0.05555556 0.2205883
Stationary 718.6313 392 464 0.05555556 0.2205883
Stationary 718.6646 392 464 0.05555556 0.2205883
Moved 718.6987 392 455.4276 0.05555556 0.2008905
Moved 718.7361 405.5059 435.4824 0.0790032 0.1550607
Moved 718.773 411.7636 416.1821 0.08986734 0.1107125
Moved 718.8096 420.1656 390.6689 0.1044541 0.05208843
Moved 718.8436 424.86 372.3499 0.1126043 0.009995068
Moved 718.8796 428.948 355.6819 0.1197015 -0.0283045
Moved 718.915 433.5552 335.112 0.1277001 -0.07556986
Moved 718.9492 435.6553 325.0342 0.131346 -0.09872662
Moved 718.9838 437 318.6473 0.1336806 -0.1134024
Moved 719.0184 438 312.8911 0.1354167 -0.1266288
Moved 719.0562 438 306.6437 0.1354167 -0.1409842
Moved 719.0881 438 306 0.1354167 -0.1424633
Moved 719.1412 393.6794 342.3207 0.05847112 -0.0590058
Moved 719.1733 362.0564 375.1324 0.003570095 0.01638876
Moved 719.205 342.5487 395.0872 -0.03029734 0.06224075
Moved 719.2389 319.2909 419.6509 -0.07067557 0.1186833
Moved 719.2733 302.1028 439.7134 -0.1005161 0.1647828
Moved 719.3063 292.309 451.9213 -0.1175191 0.1928339
Moved 719.3423 286.6179 459.3821 -0.1273996 0.2099774
Moved 719.3785 281.5 465.5 -0.1362847 0.224035
Moved 719.4155 278.9746 469.0254 -0.1406691 0.2321356
Moved 719.4512 277.0889 471 -0.1439428 0.2366728
Moved 719.508 273.3519 474.6481 -0.1504307 0.2450553
Moved 719.5427 269.6491 477.1754 -0.1568591 0.2508627
Moved 719.5778 261.0296 484.9704 -0.1718235 0.2687739
Moved 719.6129 256.6479 488.3521 -0.1794308 0.2765444
Moved 719.6487 253.0791 490 -0.1856266 0.2803309
Moved 719.6848 249.7704 492 -0.1913709 0.2849265
Moved 719.7186 247.9509 493 -0.1945297 0.2872243
Moved 719.7518 248 494.4706 -0.1944444 0.2906034
Moved 719.7851 247 494 -0.1961806 0.2895221
Ended 719.8179 247 494 -0.1961806 0.2895221
Began 720.1024 632 372 0.4722222 0.009191248
Stationary 720.1463 632 372 0.4722222 0.009191248
Stationary 720.1779 632 372 0.4722222 0.009191248
Stationary 720.2145 632 372 0.4722222 0.009191248
Stationary 720.2484 632 372 0.4722222 0.009191248
Stationary 720.2832 632 372 0.4722222 0.009191248
Stationary 720.3169 632 372 0.4722222 0.009191248
Stationary 720.3527 632 372 0.4722222 0.009191248
Moved 720.3876 556.3668 378.9266 0.3409145 0.02510709
Moved 720.4269 400.8012 384 0.07083543 0.03676478
Moved 720.4657 338.5301 384 -0.03727422 0.03676478
Moved 720.5009 272.2852 384 -0.1522827 0.03676478
Moved 720.5374 239 384 -0.2100695 0.03676478
Moved 720.5721 213.6181 384 -0.2541352 0.03676478
Moved 720.6074 186.7234 375 -0.3008274 0.01608456
Moved 720.6436 172.5 374 -0.3255208 0.01378684
Moved 720.699 144.3023 370 -0.3744752 0.004595589
Moved 720.7332 133.3968 369 -0.3934084 0.002297794
Moved 720.7654 127.5591 368 -0.4035433 0
Moved 720.7978 123.8218 368 -0.4100317 0
Moved 720.8328 121.9463 368 -0.4132876 0
Moved 720.8707 119.5 367 -0.4175347 -0.002297724
Moved 720.9069 119 366 -0.4184028 -0.004595589
Moved 720.9418 119 359.8928 -0.4184028 -0.0186287
Moved 720.9762 140.6039 336.5956 -0.380896 -0.0721609
Moved 721.0093 160.5789 318.0176 -0.3462172 -0.1148493
Moved 721.0626 178.6857 301.3143 -0.3147817 -0.15323
Moved 721.0996 184.7973 296.2027 -0.3041714 -0.1649754
Moved 721.1346 187.7711 294.2289 -0.2990085 -0.1695109
Moved 721.1685 189.6389 292 -0.2957658 -0.1746323
Moved 721.2004 191.0775 290.9225 -0.2932682 -0.1771083
Moved 721.2358 193.4969 290 -0.289068 -0.1792279
Moved 721.272 194.3674 289 -0.2875566 -0.1815257
Moved 721.3066 194 287.7646 -0.2881945 -0.1843645
Moved 721.3472 195 286.8276 -0.2864583 -0.1865175
Moved 721.3828 196 285.9589 -0.2847222 -0.1885137
Moved 721.4377 196 284.5 -0.2847222 -0.1918658
Moved 721.4708 196 281.6694 -0.2847222 -0.1983699
Moved 721.5031 196 275.397 -0.2847222 -0.2127826
Moved 721.5367 188.2036 266.611 -0.2982576 -0.2329712
Moved 721.5701 183.4075 253.6302 -0.3065841 -0.2627981
Moved 721.6029 178.0989 241.1979 -0.3158005 -0.2913651
Moved 721.6368 174.5 227 -0.3220486 -0.323989
Moved 721.6692 171.67 215.01 -0.3269618 -0.3515395
Moved 721.7019 169.7979 204.3937 -0.330212 -0.3759336
Moved 721.7347 167.9262 197.8524 -0.3334615 -0.3909642
Moved 721.7902 165.5246 189.5245 -0.337631 -0.4100998
Moved 721.8284 166 186.6417 -0.3368056 -0.416724
Moved 721.8639 165 187 -0.3385417 -0.4159007
Moved 721.9 173.1524 203.317 -0.3243882 -0.3784076
Moved 721.9406 225.7112 320.5347 -0.2331402 -0.1090654
Moved 721.9791 263.2574 386.3743 -0.167956 0.04222043
Moved 722.0133 300.5229 435.182 -0.103259 0.1543704
Moved 722.0483 331.3768 468.8999 -0.04969298 0.2318473
Moved 722.0836 362.7011 502.9176 0.00468947 0.3100129
Moved 722.1184 375.3318 513.7489 0.0266178 0.334901
Moved 722.1731 384.7617 521.8809 0.04298903 0.3535866
Moved 722.2077 387.5 525.5 0.04774302 0.3619026
Moved 722.2418 388.7659 526 0.0499408 0.3630515
Moved 722.2778 389.5 526 0.05121529 0.3630515
Moved 722.3113 390.074 527 0.05221188 0.3653493
Moved 722.3447 390 528.0906 0.05208336 0.3678553
Stationary 722.3809 390 528.0906 0.05208336 0.3678553
Stationary 722.4159 390 528 0.05208336 0.3676471
Ended 722.4505 390 528 0.05208336 0.3676471
Began 723.0076 207 336 -0.265625 -0.07352942
Stationary 723.0539 207 336 -0.265625 -0.07352942
Stationary 723.0873 207 336 -0.265625 -0.07352942
Stationary 723.1201 207 336 -0.265625 -0.07352942
Stationary 723.1537 207 336 -0.265625 -0.07352942
Stationary 723.1868 207 336 -0.265625 -0.07352942
Stationary 723.2246 207 336 -0.265625 -0.07352942
Stationary 723.2598 207 336 -0.265625 -0.07352942
Stationary 723.2933 207 336 -0.265625 -0.07352942
Moved 723.3284 225.4562 347.2281 -0.233583 -0.04772958
Moved 723.3642 275.4843 368.779 -0.1467286 0.001789963
Moved 723.4071 350.8696 410.2112 -0.01585145 0.09699265
Moved 723.4404 388.7255 430.9412 0.04987069 0.1446259
Moved 723.4746 426.3733 452.5324 0.1152314 0.1942381
Moved 723.509 461.6173 471.2469 0.176419 0.2372403
Moved 723.5441 486.6224 482.7483 0.2198306 0.263668
Moved 723.5777 491.7625 484.3813 0.2287544 0.2674203
Moved 723.6174 494.253 486.253 0.2330781 0.271721
Moved 723.6513 497.5 486 0.2387153 0.2711397
Moved 723.6835 498.0296 487.0297 0.2396348 0.2735057
Stationary 723.7149 498.0296 487.0297 0.2396348 0.2735057
Moved 723.7689 500.1455 487 0.2433081 0.2734376
Moved 723.803 501 487 0.2447917 0.2734376
Moved 723.8381 503.062 487 0.2483716 0.2734376
Moved 723.8724 504 487 0.25 0.2734376
Moved 723.9059 505.4227 487 0.2524699 0.2734376
Moved 723.9418 436.1001 422.3313 0.1321182 0.1248422
Moved 723.9808 385.5539 385.7924 0.04436433 0.04088318
Moved 724.024 355.4142 362.8485 -0.007961542 -0.01183706
Moved 724.0604 343.2279 354.2278 -0.02911829 -0.03164558
Moved 724.0954 330.2946 345.1964 -0.05157184 -0.05239788
Moved 724.155 321.3189 339.319 -0.06715462 -0.06590311
Moved 724.1917 316.8513 337 -0.07491101 -0.07123155
Moved 724.2242 315.5 335.5 -0.07725693 -0.07467832
Moved 724.2603 314 334.4328 -0.0798611 -0.07713052
Moved 724.2942 312.9918 334 -0.08161153 -0.07812494
Moved 724.3273 312 334 -0.08333334 -0.07812494
Ended 724.3603 312 334 -0.08333334 -0.07812494
PhraseEnd 725.5687
