if at first you do not succeed
Basic
0.8 0.8
575.9999 435.2
Began 726.5176 508 537 0.2569445 0.3883272
Stationary 726.562 508 537 0.2569445 0.3883272
Stationary 726.5965 508 537 0.2569445 0.3883272
Stationary 726.6322 508 537 0.2569445 0.3883272
Stationary 726.6678 508 537 0.2569445 0.3883272
Stationary 726.7001 508 537 0.2569445 0.3883272
Stationary 726.7361 508 537 0.2569445 0.3883272
Stationary 726.7719 508 537 0.2569445 0.3883272
Stationary 726.8098 508 537 0.2569445 0.3883272
Stationary 726.8466 508 537 0.2569445 0.3883272
Stationary 726.8821 508 537 0.2569445 0.3883272
Moved 726.9173 495.9102 537 0.2359552 0.3883272
Moved 726.9534 487 537 0.2204861 0.3883272
Moved 726.9878 469.0637 521.4148 0.1893468 0.3525156
Moved 727.0245 416.3013 485.0099 0.09774537 0.2688648
Moved 727.0598 390.5391 463.1544 0.0530193 0.2186452
Moved 727.0945 375.1197 448.1198 0.02624951 0.1840987
Moved 727.1525 352.3074 420.179 -0.0133552 0.1198967
Moved 727.187 345.8003 411.7004 -0.02465226 0.1004146
Moved 727.2238 339.5629 403.1259 -0.03548104 0.08071199
Moved 727.2607 336.6728 400.6728 -0.04049856 0.07507543
Moved 727.2961 334.1164 398.1164 -0.04493676 0.06920128
Moved 727.3328 331 393.8457 -0.05034723 0.05938811
Moved 727.3683 327.9822 390.9822 -0.05558651 0.05280831
Moved 727.4019 326.3513 389.3513 -0.05841792 0.04906094
Moved 727.4373 323.1681 385.1681 -0.06394435 0.03944874
Moved 727.4739 322 383.2946 -0.06597222 0.03514388
Moved 727.5281 318.9006 380.9006 -0.07135317 0.02964287
Moved 727.5617 318.0041 379.0041 -0.07290952 0.0252852
Moved 727.5955 316.5 377.5 -0.07552084 0.02182905
Moved 727.629 315.7146 376.7146 -0.07688437 0.02002436
Moved 727.6624 316 375.9149 -0.0763889 0.01818685
Moved 727.6988 315 376 -0.078125 0.01838228
Ended 727.732 315 376 -0.078125 0.01838228
Began 728.0446 74 399 -0.4965278 0.07123166
Stationary 728.0886 74 399 -0.4965278 0.07123166
Stationary 728.125 74 399 -0.4965278 0.07123166
Stationary 728.1627 74 399 -0.4965278 0.07123166
Stationary 728.1975 74 399 -0.4965278 0.07123166
Moved 728.232 87.06865 410.3015 -0.4738392 0.09720021
Moved 728.2675 106.5507 422.1719 -0.4400161 0.1244758
Moved 728.3027 141.7279 442.6549 -0.3789446 0.1715417
Moved 728.3391 191.5179 464.0956 -0.2925037 0.2208079
Moved 728.3751 244.5 481.5 -0.2005208 0.2607997
Moved 728.4159 274.7212 488.6047 -0.1480534 0.2771249
Moved 728.4529 300.0317 494.6063 -0.1041116 0.2909153
Moved 728.4892 311.9154 497.4789 -0.08348022 0.2975158
Moved 728.5246 319.0006 500 -0.07117954 0.3033088
Moved 728.5797 327.739 503 -0.05600869 0.3102022
Moved 728.616 330.2346 504 -0.05167611 0.3125001
Moved 728.6524 332.092 504 -0.04845131 0.3125001
Moved 728.6891 334.4898 505 -0.0442886 0.3147978
Moved 728.7344 335.0098 505 -0.0433857 0.3147978
Moved 728.7693 336.249 505 -0.04123446 0.3147978
Moved 728.8033 337 505 -0.03993057 0.3147978
Stationary 728.8351 337 505 -0.03993057 0.3147978
Stationary 728.8662 337 505 -0.03993057 0.3147978
Moved 728.8992 338 505 -0.03819443 0.3147978
Stationary 728.9636 338 505 -0.03819443 0.3147978
Stationary 728.9958 338 505 -0.03819443 0.3147978
Stationary 729.0333 338 505 -0.03819443 0.3147978
Ended 729.0697 338 505 -0.03819443 0.3147978
Began 729.282 265 323 -0.1649306 -0.1034007
Stationary 729.3346 265 323 -0.1649306 -0.1034007
Stationary 729.3727 265 323 -0.1649306 -0.1034007
Moved 729.4067 294.7772 331.944 -0.113234 -0.0828492
Moved 729.4425 323.5028 341.6011 -0.06336313 -0.06065916
Moved 729.4796 345.1841 351.1052 -0.02572213 -0.03882086
Moved 729.5176 384.8597 373.9029 0.04315928 0.01356363
Moved 729.5627 423.7802 396.8535 0.1107296 0.0662993
Moved 729.599 444.3113 413.124 0.1463739 0.1036857
Moved 729.6355 465.5593 430.4474 0.1832626 0.1434913
Moved 729.6709 474.9548 438.9698 0.1995743 0.1630741
Moved 729.7056 480.716 445.716 0.2095764 0.1785754
Moved 729.7423 484.8373 451.6746 0.2167315 0.1922671
Moved 729.7823 487.711 454.711 0.2217205 0.199244
Moved 729.8166 489 457.5645 0.2239584 0.2058008
Moved 729.8489 491.0646 461.1292 0.2275428 0.2139918
Moved 729.8815 492 465.3965 0.2291667 0.2237972
Moved 729.9357 486.3515 472.1182 0.2193603 0.2392421
Moved 729.9677 439.4004 495.9406 0.1378478 0.2939811
Moved 729.9994 404.511 508.4467 0.07727593 0.3227177
Moved 730.0313 380.8098 513.0238 0.03612809 0.3332349
Moved 730.0789 347.9984 516.0002 -0.02083603 0.340074
Moved 730.1198 308.2387 519.3068 -0.0898634 0.347672
Moved 730.1575 283.5 519 -0.1328125 0.346967
Moved 730.1931 275.6511 519 -0.1464391 0.346967
Moved 730.2296 270.0266 519 -0.1562038 0.346967
Moved 730.2664 247.346 494.3459 -0.1955799 0.290317
Moved 730.321 219.3846 454.5769 -0.244124 0.198936
Moved 730.3572 203.2638 421.5275 -0.2721115 0.1229952
Moved 730.3922 195.8065 405.6131 -0.2850581 0.08642716
Moved 730.4256 192.0341 392.1703 -0.2916075 0.05553835
Moved 730.4611 191 384.4896 -0.2934028 0.0378898
Moved 730.4969 191 378.251 -0.2934028 0.02355464
Moved 730.5302 191 376.3013 -0.2934028 0.01907468
Moved 730.566 234.54 386.26 -0.2178125 0.04195771
Moved 730.5996 282.0701 415.3801 -0.135295 0.1088696
Moved 730.6354 317.3266 439.0792 -0.0740857 0.1633253
Moved 730.694 346.6124 464.4594 -0.02324231 0.2216438
Moved 730.7305 352.314 469.657 -0.01334369 0.233587
Moved 730.7671 358 473.5 -0.003472231 0.2424173
Moved 730.8088 362.5 478.5 0.004340262 0.2539063
Moved 730.8424 363 480.2856 0.005208328 0.2580092
Moved 730.8769 364 481 0.006944462 0.2596507
Moved 730.9117 365 482 0.008680523 0.2619486
Moved 730.952 365 483 0.008680523 0.2642463
Stationary 730.9844 365 483 0.008680523 0.2642463
Ended 731.0206 365 483 0.008680523 0.2642463
Began 731.5289 417 502 0.09895831 0.3079045
Stationary 731.5786 417 502 0.09895831 0.3079045
Stationary 731.6197 417 502 0.09895831 0.3079045
Stationary 731.6537 417 502 0.09895831 0.3079045
Stationary 731.6895 417 502 0.09895831 0.3079045
Stationary 731.7229 417 502 0.09895831 0.3079045
Stationary 731.7573 417 502 0.09895831 0.3079045
Stationary 731.7922 417 502 0.09895831 0.3079045
Stationary 731.8268 417 502 0.09895831 0.3079045
Moved 731.8628 423.4802 502 0.1102087 0.3079045
Moved 731.9041 447.6892 490.2487 0.1522382 0.2809023
Moved 731.9392 476.0438 488.6618 0.2014649 0.277256
Moved 731.9738 499.2217 485.7557 0.2417044 0.2705784
Moved 732.0087 514.9384 486 0.2689903 0.2711397
Moved 732.0441 530.3279 486 0.2957082 0.2711397
Moved 732.0825 551.1049 486 0.3317794 0.2711397
Moved 732.1183 562.5963 486 0.3517297 0.2711397
Moved 732.1552 574.4073 496.2036 0.3722349 0.2945855
Moved 732.1899 578.6542 497.8271 0.3796081 0.2983159
Moved 732.2271 582.2997 500.6498 0.3859369 0.304802
Moved 732.2838 587.3884 505.3884 0.3947716 0.3156903
Moved 732.3182 587 507.8725 0.3940972 0.3213983
Moved 732.351 587 511.616 0.3940972 0.33
Moved 732.3846 587 515.6791 0.3940972 0.3393362
Moved 732.4186 570.2682 523.8659 0.365049 0.3581478
Moved 732.4526 555.0413 531.4794 0.3386134 0.375642
Moved 732.4876 537.7935 537.3677 0.3086692 0.3891722
Moved 732.5225 518.2985 542.4861 0.2748238 0.4009333
Moved 732.5612 486.5315 547.2098 0.2196728 0.4117872
Moved 732.5966 464.3751 547 0.1812068 0.4113052
Moved 732.6519 448.0545 547 0.1528724 0.4113052
Moved 732.6895 444.6421 547 0.1469481 0.4113052
Moved 732.7258 440.3364 547 0.1394729 0.4113052
Moved 732.7596 438.9011 547 0.136981 0.4113052
Moved 732.7946 438 547 0.1354167 0.4113052
Moved 732.8309 437 547 0.1336806 0.4113052
Moved 732.8645 436 547 0.1319444 0.4113052
Moved 732.8979 434 541.2362 0.1284722 0.3980611
Moved 732.9313 432.7415 540 0.1262874 0.3952206
Moved 732.9667 432 539 0.125 0.3929229
Moved 733.0225 430 538 0.1215278 0.390625
Moved 733.057 430 536.6195 0.1215278 0.3874529
Ended 733.0908 430 537 0.1215278 0.3883272
Began 734.2668 234 320 -0.21875 -0.1102941
Stationary 734.3083 234 320 -0.21875 -0.1102941
Stationary 734.3402 234 320 -0.21875 -0.1102941
Stationary 734.3723 234 320 -0.21875 -0.1102941
Stationary 734.4042 234 320 -0.21875 -0.1102941
Stationary 734.4371 234 320 -0.21875 -0.1102941
Stationary 734.47 234 320 -0.21875 -0.1102941
Stationary 734.504 234 320 -0.21875 -0.1102941
Stationary 734.5418 234 320 -0.21875 -0.1102941
Moved 734.5767 251.8682 330.2454 -0.1877289 -0.08675218
Moved 734.6146 275.6136 346.8295 -0.1465041 -0.04864539
Moved 734.6555 327.9109 384.9332 -0.05571016 0.03890911
Moved 734.6904 363 409 0.005208328 0.09420963
Moved 734.7422 434.1819 452.5455 0.1287881 0.1942683
Moved 734.7777 454.5813 464.2906 0.1642037 0.2212561
Moved 734.8138 464.9179 469.6393 0.1821491 0.2335462
Moved 734.85 471.6349 472 0.1938107 0.2389706
Moved 734.8912 474.5 473 0.1987847 0.2412684
Moved 734.9276 477.3734 475.3734 0.2037733 0.2467221
Moved 734.9614 479.158 475 0.2068715 0.245864
Moved 734.9952 481.1898 476 0.210399 0.2481618
Moved 735.0287 483.0557 477 0.2136383 0.2504596
Moved 735.0613 484.4918 477 0.2161315 0.2504596
Moved 735.1176 486.5 478 0.2196181 0.2527574
Moved 735.1588 488.098 478 0.2223924 0.2527574
Stationary 735.1926 488 478 0.2222222 0.2527574
Moved 735.2275 489.0591 479 0.2240609 0.2550552
Stationary 735.2634 489 479 0.2239584 0.2550552
Stationary 735.3 489 479 0.2239584 0.2550552
Stationary 735.3393 489 479 0.2239584 0.2550552
Ended 735.3734 489 479 0.2239584 0.2550552
Began 735.6819 364 214 0.006944462 -0.3538603
Stationary 735.7283 364 214 0.006944462 -0.3538603
Stationary 735.7625 364 214 0.006944462 -0.3538603
Stationary 735.7965 364 214 0.006944462 -0.3538603
Stationary 735.8303 364 214 0.006944462 -0.3538603
Stationary 735.8635 364 214 0.006944462 -0.3538603
Moved 735.9005 374.2425 214 0.02472654 -0.3538603
Moved 735.9371 377.1172 214 0.02971731 -0.3538603
Moved 735.9748 385.333 214 0.04398093 -0.3538603
Moved 736.0201 415.8214 258.9678 0.09691209 -0.2505336
Moved 736.0619 449 321 0.1545139 -0.1079963
Moved 736.0985 467.2038 349.8057 0.1861177 -0.0418067
Moved 736.1335 486.4106 381.7527 0.2194628 0.03160098
Moved 736.1677 504.6071 411.3826 0.2510541 0.09968436
Moved 736.2191 519.3614 444.4456 0.2766691 0.1756563
Moved 736.2565 521 451.2331 0.2795139 0.1912525
Moved 736.2938 522 459.2654 0.2812501 0.2097092
Moved 736.3315 522 464.0585 0.2812501 0.2207226
Moved 736.3672 522 466.9184 0.2812501 0.2272942
Moved 736.4031 522 470.5 0.2812501 0.2355239
Moved 736.4399 522 472.7927 0.2812501 0.240792
Moved 736.4753 522 474.6624 0.2812501 0.2450883
Moved 736.5144 522 477.7253 0.2812501 0.2521262
Moved 736.5502 522 479.248 0.2812501 0.2556251
Moved 736.6074 522 483.2308 0.2812501 0.2647767
Moved 736.6427 512.7458 485.7514 0.2651838 0.2705685
Moved 736.6788 497.7435 491.0641 0.239138 0.2827761
Moved 736.714 487.2403 492.9399 0.2209033 0.2870863
Moved 736.75 478.5541 494 0.2058232 0.2895221
Moved 736.7886 450.2436 499.7927 0.1566729 0.3028325
Moved 736.8245 435.6464 501.6707 0.1313306 0.3071478
Moved 736.8607 416.8849 504.623 0.09875841 0.3139316
Moved 736.8962 406.0032 506.4992 0.07986666 0.3182427
Moved 736.9307 392.1393 508 0.0557974 0.3216912
Moved 736.9863 364.1985 510 0.007289127 0.3262868
Moved 737.0209 347.5439 511 -0.02162516 0.3285846
Moved 737.0539 333.7549 512.5613 -0.04556444 0.3321721
Moved 737.0884 323.6071 513 -0.06318215 0.3331802
Moved 737.1227 315.175 513 -0.0778211 0.3331802
Moved 737.1569 311.7239 513 -0.08381266 0.3331802
Moved 737.1901 310.5 513 -0.08593749 0.3331802
Moved 737.2239 308.7748 513 -0.08893256 0.3331802
Moved 737.2573 306.5 513 -0.09288196 0.3331802
Moved 737.2909 305.5931 514 -0.09445645 0.3354781
Moved 737.3446 305 514 -0.09548612 0.3354781
Stationary 737.3785 305 514 -0.09548612 0.3354781
Stationary 737.4163 305 514 -0.09548612 0.3354781
Moved 737.4494 305 515 -0.09548612 0.3377758
Stationary 737.4871 305 515 -0.09548612 0.3377758
Stationary 737.523 305 515 -0.09548612 0.3377758
Stationary 737.5576 305 515 -0.09548612 0.3377758
Ended 737.5912 305 515 -0.09548612 0.3377758
Backspace 739.4696
Began 741.4232 423 297 0.109375 -0.1631433
Stationary 741.4675 423 297 0.109375 -0.1631433
Moved 741.5107 403.722 309.417 0.0759063 -0.1346117
Moved 741.5472 309.0772 346.4711 -0.08840762 -0.04946905
Moved 741.5851 267.2366 355.4606 -0.1610475 -0.02881296
Moved 741.621 211 342 -0.2586806 -0.05974258
Moved 741.6573 182.4693 313.3278 -0.3082131 -0.1256256
Moved 741.694 170.0947 274.2317 -0.3296966 -0.2154603
Moved 741.7309 188.3175 212.8042 -0.29806 -0.3566081
Moved 741.7675 229.1958 191.6929 -0.2270907 -0.4051175
Moved 741.8085 327.7695 185 -0.05595573 -0.4204963
Moved 741.8594 413.025 208.5062 0.09205722 -0.3664838
Moved 741.899 479.3455 241.3409 0.207197 -0.2910365
Moved 741.9422 530.2951 287.9246 0.2956513 -0.1839968
Moved 741.983 566.1276 360.711 0.3578604 -0.01674863
Moved 742.0197 582 440.5641 0.3854167 0.1667373
Moved 742.0554 572.4309 456.8351 0.3688037 0.2041248
Moved 742.0933 565.1963 466.7383 0.3562436 0.2268803
Moved 742.1278 543.9138 481.869 0.3192949 0.2616475
Moved 742.1639 519.0179 493.4464 0.2760727 0.2882501
Moved 742.2018 486.6947 506.5329 0.2199561 0.3183201
Moved 742.2583 385.0895 525.3284 0.04355818 0.3615082
Moved 742.2933 331.1233 525 -0.05013324 0.3607537
Moved 742.3304 265.6984 488.8492 -0.163718 0.2776866
Moved 742.3671 231.1131 459.1813 -0.2237621 0.2095159
Moved 742.4023 197.7601 403.7736 -0.2816665 0.08220042
Moved 742.4376 192.0995 369.1937 -0.291494 0.002743006
Moved 742.4764 198.9317 339.8386 -0.2796326 -0.06470919
Moved 742.5116 243.9132 297.4189 -0.2015396 -0.1621808
Moved 742.5468 304.0592 283.7101 -0.09711948 -0.1936808
Moved 742.5826 372.7966 282 0.02221629 -0.1976103
Moved 742.6389 471.4082 305.7848 0.193417 -0.1429577
Moved 742.6899 542.2979 369.1774 0.3164894 0.00270535
Moved 742.7333 573.6017 427.8729 0.3708363 0.1375757
Moved 742.7687 577 449.2543 0.3767361 0.1867058
Moved 742.8036 566.2405 481.7595 0.3580565 0.2613958
Moved 742.8375 532.7192 514.6656 0.2998597 0.3370075
Moved 742.8699 495.1419 535.2945 0.2346213 0.3844083
Moved 742.9031 423.8406 546.63 0.1108344 0.410455
Moved 742.9369 354.915 527.9608 -0.008828045 0.367557
Moved 742.9705 287.7322 490.7387 -0.1254649 0.2820283
Moved 743.0248 231.2144 416.1574 -0.2235862 0.1106559
Moved 743.059 227 385.3533 -0.2309028 0.03987429
Moved 743.0929 235.1105 363.8895 -0.216822 -0.009445163
Moved 743.1278 321.4559 331.4598 -0.06691684 -0.08396191
Moved 743.1627 418.9642 330 0.1023684 -0.08731611
Moved 743.1973 464.9123 342.6801 0.1821394 -0.05817996
Moved 743.2313 500.9173 354.9587 0.2446482 -0.02996627
Moved 743.2659 534.8719 386.4532 0.3035972 0.0424018
Moved 743.3004 549.1212 424.3131 0.3283355 0.129396
Moved 743.3345 550 461.6478 0.3298611 0.2151835
Moved 743.3887 470.2827 497.4288 0.1914631 0.2974008
Moved 743.4221 382.7735 469.2908 0.03953725 0.2327454
Moved 743.4548 334.6693 444.2015 -0.04397698 0.1750955
Moved 743.4882 312.9719 423.9719 -0.08164603 0.1286118
Moved 743.5231 299.1396 411.5117 -0.1056605 0.09998084
Moved 743.5566 296 407 -0.1111111 0.08961401
Ended 743.5887 296 407 -0.1111111 0.08961401
Backspace 744.5759
Began 745.6422 545 486 0.3211805 0.2711397
Stationary 745.6859 545 486 0.3211805 0.2711397
Stationary 745.7198 545 486 0.3211805 0.2711397
Stationary 745.7601 545 486 0.3211805 0.2711397
Stationary 745.7962 545 486 0.3211805 0.2711397
Stationary 745.8328 545 486 0.3211805 0.2711397
Stationary 745.8678 545 486 0.3211805 0.2711397
Moved 745.9028 536.8276 486 0.3069925 0.2711397
Moved 745.9379 534.625 486 0.3031684 0.2711397
Moved 745.9774 533 486 0.3003472 0.2711397
Moved 746.0153 529.8125 486 0.2948134 0.2711397
Moved 746.0532 517.3609 486 0.273196 0.2711397
Moved 746.0894 506 476 0.2534723 0.2481618
Moved 746.1268 465.6249 453.6704 0.1833766 0.196853
Moved 746.1748 420.2819 424.4973 0.104656 0.1298192
Moved 746.2339 391.8562 408.9137 0.05530588 0.09401129
Moved 746.2676 370.3578 398.3431 0.01798235 0.06972226
Moved 746.3012 356.0537 393.6215 -0.006851145 0.05887302
Moved 746.3369 343.1212 390.2242 -0.02930339 0.0510667
Moved 746.3707 331.476 386.369 -0.04952088 0.04220826
Moved 746.4047 318.1356 383.0452 -0.07268132 0.0345707
Moved 746.439 314.5 381.5 -0.07899307 0.03102022
Moved 746.4767 311.6365 381 -0.08396436 0.02987133
Moved 746.5123 308.7671 381 -0.08894604 0.02987133
Moved 746.5475 307.6266 379.6266 -0.0909261 0.0267155
Moved 746.6031 305.5 380 -0.09461805 0.0275736
Ended 746.6364 306 380 -0.09374999 0.0275736
Began 747.0847 129 384 -0.4010417 0.03676478
Stationary 747.1334 129 384 -0.4010417 0.03676478
Stationary 747.1797 129 384 -0.4010417 0.03676478
Stationary 747.222 129 384 -0.4010417 0.03676478
Moved 747.2709 146.9958 398.997 -0.3697989 0.07122479
Moved 747.313 192.0572 425.0313 -0.2915673 0.1310461
Moved 747.353 217.1177 435.7479 -0.2480596 0.1556708
Moved 747.4037 247.5 449.5 -0.1953125 0.1872703
Moved 747.4491 283.0414 467.3094 -0.1336087 0.2281925
Moved 747.4846 307.1029 478.8235 -0.0918353 0.2546495
Moved 747.5185 329.2896 494.6354 -0.05331666 0.2909822
Moved 747.5603 340.5178 503.5178 -0.03382321 0.3113921
Moved 747.5945 344.1231 506.1231 -0.02756398 0.3173786
Moved 747.6285 346.9981 508 -0.02257273 0.3216912
Moved 747.6641 348.2314 509.2313 -0.02043169 0.3245206
Moved 747.6984 349.8472 510 -0.01762644 0.3262868
Stationary 747.735 350 510 -0.01736112 0.3262868
Moved 747.7686 350 511.374 -0.01736112 0.3294439
Stationary 747.8029 350 511 -0.01736112 0.3285846
Stationary 747.8389 350 511 -0.01736112 0.3285846
Ended 747.872 350 511 -0.01736112 0.3285846
Began 748.1763 332 282 -0.04861113 -0.1976103
Stationary 748.2247 332 282 -0.04861113 -0.1976103
Stationary 748.262 332 282 -0.04861113 -0.1976103
Stationary 748.2972 332 282 -0.04861113 -0.1976103
Stationary 748.3325 332 282 -0.04861113 -0.1976103
Stationary 748.3699 332 282 -0.04861113 -0.1976103
Moved 748.4041 341.8912 289.8912 -0.03143888 -0.1794778
Moved 748.4394 345.5259 293.5259 -0.02512868 -0.1711261
Moved 748.4753 351.2894 299.2894 -0.01512252 -0.1578827
Moved 748.515 364.465 312.0812 0.007751658 -0.12849
Moved 748.5502 379.4605 329.9526 0.03378563 -0.08742502
Moved 748.5843 397.1035 351.1035 0.06441586 -0.03882465
Moved 748.6189 425.075 383.7667 0.1129774 0.03622862
Moved 748.6675 453.264 411.6548 0.1619167 0.1003099
Moved 748.7128 487.3751 449.3751 0.2211373 0.1869832
Moved 748.7498 506.9957 471.4952 0.2552009 0.2378106
Moved 748.7863 515.1006 483.4675 0.269272 0.2653206
Moved 748.8212 519 494.3549 0.2760417 0.2903375
Moved 748.8569 520 497.2065 0.2777778 0.29689
Moved 748.8925 520 501.1552 0.2777778 0.3059633
Moved 748.9337 520 506.3828 0.2777778 0.3179751
Moved 748.9694 505.4482 508 0.2525143 0.3216912
Moved 749.0064 487.0101 512 0.2205036 0.3308824
Moved 749.0619 446 514.5 0.1493056 0.3366269
Moved 749.0972 382.6828 514 0.03937982 0.3354781
Moved 749.131 355.7496 504 -0.007379168 0.3125001
Moved 749.1679 335.674 501.779 -0.04223272 0.3073966
Moved 749.2052 312.0682 498.8137 -0.08321489 0.3005829
Moved 749.2447 302.8319 497 -0.09925012 0.2964155
Moved 749.2816 291.9071 493.9536 -0.1182169 0.2894154
Moved 749.317 282.2386 488.1789 -0.1350025 0.2761464
Moved 749.3535 262.1436 469.3342 -0.1698896 0.2328452
Moved 749.3946 226.9807 426.1442 -0.2309362 0.1336034
Moved 749.4519 201.4369 380.8739 -0.2752831 0.02958158
Moved 749.4977 194.5 362.5 -0.2873264 -0.01263787
Moved 749.5332 191.678 359.3561 -0.2922256 -0.01986195
Moved 749.567 190.5 357.5 -0.2942708 -0.02412684
Moved 749.601 202.9894 358 -0.2725879 -0.02297794
Moved 749.6371 248.803 398.5668 -0.1930503 0.0702363
Moved 749.6721 280.1478 423.233 -0.1386324 0.126914
Moved 749.7067 307.2497 446.4684 -0.09158046 0.1803043
Moved 749.7439 325.2104 463.2104 -0.06039855 0.2187741
Moved 749.7812 331.2342 470.2341 -0.04994068 0.234913
Moved 749.8393 338.041 477.041 -0.03812325 0.2505538
Moved 749.874 339.9262 479.9261 -0.03485039 0.2571833
Moved 749.9139 342.5 483.5 -0.03038194 0.2653952
Moved 749.9489 343.3342 484.3342 -0.0289337 0.2673121
Moved 749.9838 343 485.3205 -0.02951388 0.2695784
Moved 750.0197 344 487.5 -0.02777778 0.2745864
Stationary 750.0529 344 487.5 -0.02777778 0.2745864
Moved 750.0862 344 487 -0.02777778 0.2734376
Stationary 750.1205 344 487 -0.02777778 0.2734376
Ended 750.1555 344 487 -0.02777778 0.2734376
Began 750.6215 427 476 0.1163194 0.2481618
Stationary 750.6664 427 476 0.1163194 0.2481618
Stationary 750.7019 427 476 0.1163194 0.2481618
Stationary 750.7425 427 476 0.1163194 0.2481618
Stationary 750.7811 427 476 0.1163194 0.2481618
Stationary 750.8187 427 476 0.1163194 0.2481618
Stationary 750.8555 427 476 0.1163194 0.2481618
Moved 750.8914 440.5 476 0.1397569 0.2481618
Moved 750.9285 448.8853 476 0.1543147 0.2481618
Moved 750.9667 486.3011 476 0.2192728 0.2481618
Moved 751.0048 526.8698 486.8854 0.2897044 0.2731743
Moved 751.0411 549.5728 487 0.3291195 0.2734376
Moved 751.0775 562.6005 489 0.3517369 0.2780331
Moved 751.1338 570.5969 490 0.3656196 0.2803309
Moved 751.1697 572.0248 491.0248 0.3680986 0.2826856
Moved 751.2078 573 492 0.3697917 0.2849265
Moved 751.2449 573 494.2795 0.3697917 0.2901644
Moved 751.282 549.0064 499.1987 0.3281362 0.3014677
Moved 751.3194 526.7892 503.1345 0.2895647 0.3105114
Moved 751.355 475.6679 508.8887 0.2008123 0.3237332
Moved 751.3925 448.2101 512.9533 0.1531426 0.3330729
Moved 751.4279 432.4832 513.8389 0.125839 0.3351079
Moved 751.4639 422.6941 514 0.1088439 0.3354781
Moved 751.5232 416.5 515 0.09809025 0.3377758
Moved 751.5598 414.5443 515 0.09469502 0.3377758
Moved 751.5951 412.6667 515 0.09143524 0.3377758
Moved 751.6359 411.7761 515 0.0898891 0.3377758
Moved 751.6729 411 515 0.08854166 0.3377758
Ended 751.7085 411 515 0.08854166 0.3377758
Began 751.9649 232 358 -0.2222222 -0.02297794
Stationary 752.0011 232 358 -0.2222222 -0.02297794
Stationary 752.0371 232 358 -0.2222222 -0.02297794
Stationary 752.0728 232 358 -0.2222222 -0.02297794
Stationary 752.1082 232 358 -0.2222222 -0.02297794
Moved 752.142 246.8425 367.4213 -0.196454 -0.001329815
Moved 752.178 261 374 -0.171875 0.01378684
Moved 752.2162 294.8134 393.6741 -0.1131711 0.05899388
Moved 752.2543 314.459 404.2295 -0.07906433 0.08324796
Moved 752.2925 342.1997 421.257 -0.03090322 0.1223737
Moved 752.339 382.1955 446.3173 0.03853389 0.1799571
Moved 752.376 408.2189 461.8994 0.08371346 0.2157615
Moved 752.4139 427.5157 473.3438 0.1172148 0.2420584
Moved 752.4521 463.2545 494.9781 0.1792614 0.2917697
Moved 752.4879 482.4991 503.5996 0.212672 0.31158
Moved 752.5255 497.7333 510.2444 0.2391203 0.3268485
Moved 752.5609 506.3369 513.2245 0.254057 0.3336962
Moved 752.597 514.9012 514.9671 0.2689258 0.3377002
Moved 752.6417 528.8461 518 0.2931356 0.3446691
Moved 752.6771 541.7848 520 0.3155986 0.3492647
Moved 752.7391 551.6436 522 0.3327146 0.3538603
Moved 752.7751 553.5071 522.5071 0.3359499 0.3550256
Moved 752.8107 556.3801 523 0.3409378 0.3561581
Moved 752.846 557 523 0.3420139 0.3561581
Moved 752.8811 558 523 0.34375 0.3561581
Ended 752.9156 558 523 0.34375 0.3561581
Began 753.1581 417 221 0.09895831 -0.3377758
Stationary 753.2116 417 221 0.09895831 -0.3377758
Stationary 753.248 417 221 0.09895831 -0.3377758
Stationary 753.2834 417 221 0.09895831 -0.3377758
Moved 753.3209 425.7968 231.996 0.1142304 -0.3125093
Moved 753.3587 445.9393 272.0831 0.1492002 -0.2203974
Moved 753.3976 454.5386 291.2568 0.1641295 -0.1763401
Moved 753.4351 469.603 328.3434 0.1902831 -0.0911226
Moved 753.4731 482.0227 355.6409 0.211845 -0.02839867
Moved 753.5109 499.1803 398.1475 0.2416325 0.06927273
Moved 753.5479 506.5287 416.3219 0.2543902 0.1110338
Moved 753.5941 514.5696 437.8483 0.2683501 0.160497
Moved 753.6353 518 453.1108 0.2743056 0.1955671
Moved 753.6732 520.3821 461.1464 0.2784413 0.2140311
Moved 753.7106 522.5 473.5 0.282118 0.2424173
Moved 753.7479 522 480.5399 0.2812501 0.2585936
Moved 753.7848 523 491.7357 0.2829861 0.2843193
Moved 753.82 523 497.8976 0.2829861 0.2984781
Moved 753.8548 523 501.9829 0.2829861 0.3078652
Moved 753.89 500.2184 513.8908 0.2434346 0.3352271
Moved 753.9254 469.4929 518.1671 0.1900919 0.3450531
Moved 753.9821 380.3216 524.1119 0.03528059 0.358713
Moved 754.0204 345.0625 524 -0.02593316 0.3584559
Moved 754.0559 335.1042 524 -0.04322194 0.3584559
Moved 754.0918 323.4709 515.7355 -0.06341849 0.3394657
Moved 754.128 319.8625 516 -0.06968323 0.3400735
Moved 754.163 317.2523 516 -0.07421467 0.3400735
Moved 754.1999 315 516 -0.078125 0.3400735
Moved 754.2339 314 516 -0.0798611 0.3400735
Moved 754.2683 312.7322 516 -0.08206218 0.3400735
Moved 754.3026 311.7738 516 -0.08372597 0.3400735
Stationary 754.3566 312 516 -0.08333334 0.3400735
Ended 754.3928 312 516 -0.08333334 0.3400735
Began 754.6686 205 388 -0.2690972 0.04595592
Stationary 754.7066 205 388 -0.2690972 0.04595592
Stationary 754.7405 205 388 -0.2690972 0.04595592
Stationary 754.7759 205 388 -0.2690972 0.04595592
Moved 754.8111 227.2529 406.6155 -0.2304637 0.08873046
Moved 754.8467 298.5039 462.6102 -0.1067641 0.2173949
Moved 754.8821 335.3317 486.7867 -0.04282698 0.2729474
Moved 754.9182 368.53 504.765 0.01480907 0.3142579
Moved 754.9562 400.2083 519.4028 0.06980598 0.3478924
Moved 754.9926 410.7147 522.5716 0.08804635 0.3551737
Moved 755.0327 421.5 525 0.1067709 0.3607537
Moved 755.0704 429.1877 527 0.1201174 0.3653493
Moved 755.1073 439 530 0.1371527 0.3722427
Moved 755.1571 448.6935 533 0.1539818 0.3791361
Moved 755.2035 452.5 533 0.1605903 0.3791361
Moved 755.2405 452 533 0.1597222 0.3791361
Moved 755.2784 400.1745 476.4851 0.06974734 0.2492765
Moved 755.3212 349.9276 408.1615 -0.01748689 0.09228286
Moved 755.3647 329.9904 370.6442 -0.05210008 0.006075677
Moved 755.4034 312.0964 323.3535 -0.08316595 -0.1025885
Moved 755.4409 305.305 300.915 -0.09495661 -0.1541475
Moved 755.4778 301.1772 278.886 -0.102123 -0.2047657
Moved 755.5133 300 265.2187 -0.1041667 -0.2361703
Moved 755.571 299 249.8389 -0.1059028 -0.27151
Moved 755.608 299 244.1049 -0.1059028 -0.2846856
Moved 755.6481 299 236.7325 -0.1059028 -0.3016255
Moved 755.6856 299 233.1609 -0.1059028 -0.3098325
Moved 755.7213 299 227.8531 -0.1059028 -0.3220286
Moved 755.7569 299 223.9658 -0.1059028 -0.3309609
Moved 755.7912 299 221.5952 -0.1059028 -0.336408
Moved 755.8284 299 217.5 -0.1059028 -0.345818
Moved 755.8643 299 215.2749 -0.1059028 -0.3509309
Moved 755.9003 299 213.8348 -0.1059028 -0.3542398
Moved 755.9575 299 211.73 -0.1059028 -0.3590764
Moved 755.9995 299 210.8639 -0.1059028 -0.3610665
Moved 756.0353 299 208.6266 -0.1059028 -0.3662073
Moved 756.0753 299 208 -0.1059028 -0.3676471
Stationary 756.1107 299 208 -0.1059028 -0.3676471
Stationary 756.1442 299 208 -0.1059028 -0.3676471
Moved 756.1777 297.8694 208 -0.1078656 -0.3676471
Moved 756.2142 296.738 208 -0.1098298 -0.3676471
Moved 756.2498 296 219.8097 -0.1111111 -0.3405108
Moved 756.2859 294 235.7357 -0.1145833 -0.3039161
Moved 756.3443 290 281.6233 -0.1215278 -0.1984758
Moved 756.3852 286.272 333.3682 -0.1280001 -0.07957669
Moved 756.424 283.5472 371.7168 -0.1327305 0.008540505
Moved 756.462 278.6634 419.0197 -0.1412094 0.1172327
Moved 756.5006 275.4604 450.3964 -0.1467702 0.1893299
Moved 756.5403 271 495.6862 -0.1545139 0.2933965
Moved 756.5778 268.6114 514.3319 -0.1586608 0.3362406
Moved 756.614 264.3005 542.0983 -0.1661449 0.4000421
Moved 756.6505 264 554.7122 -0.1666667 0.4290263
Moved 756.6854 262.9186 562.1627 -0.168544 0.446146
Moved 756.7455 262 573.6343 -0.1701389 0.4725054
Moved 756.7875 261 577.8311 -0.171875 0.4821486
Moved 756.8228 260 580.7062 -0.1736111 0.488755
Moved 756.8587 258.9912 583 -0.1753625 0.4940258
Stationary 756.8926 259 583 -0.1753472 0.4940258
Moved 756.9301 259 584.1376 -0.1753472 0.4966397
Moved 756.9675 257.5 584 -0.1779514 0.4963236
Moved 757.003 256.9019 584 -0.1789897 0.4963236
Moved 757.0387 252.7798 559.3395 -0.1861461 0.4396589
Moved 757.0749 245.1781 519.1234 -0.1993436 0.3472506
Moved 757.1322 240.6142 473.2128 -0.207267 0.2417573
Moved 757.1672 239 438.7759 -0.2100695 0.1626285
Moved 757.2027 239 415.0885 -0.2100695 0.1081997
Moved 757.2371 239 397.4329 -0.2100695 0.06763083
Moved 757.2711 250.7682 372.0796 -0.1896386 0.009374059
Moved 757.3065 255.5219 357.9562 -0.1813855 -0.02307864
Moved 757.3408 257.8314 349.3372 -0.1773761 -0.04288316
Moved 757.3753 259.7 344.6001 -0.174132 -0.05376809
Moved 757.4153 261.0037 339.9963 -0.1718687 -0.06434666
Moved 757.4498 261 337.5956 -0.171875 -0.06986303
Moved 757.5052 262.3724 335.6276 -0.1694924 -0.07438499
Moved 757.5396 262 334.813 -0.1701389 -0.07625679
Moved 757.5732 262 333.8048 -0.1701389 -0.07857344
Stationary 757.6084 262 333.8048 -0.1701389 -0.07857344
Moved 757.6427 263.1864 332.8135 -0.1680791 -0.08085126
Moved 757.6773 263 331.8598 -0.1684028 -0.08304267
Stationary 757.7119 263 332 -0.1684028 -0.08272059
Moved 757.7457 263 330.5 -0.1684028 -0.08616728
Moved 757.7799 264.2499 331 -0.1662328 -0.08501839
Ended 757.8143 264 330 -0.1666667 -0.08731611
PhraseEnd 759.5132
