one heck of a question
Basic
0.8 0.8
575.9999 230.4
Began 290.4253 511 352 0.2621528 0.4861112
Stationary 290.4592 511 352 0.2621528 0.4861112
Stationary 290.4866 511 352 0.2621528 0.4861112
Stationary 290.5146 511 352 0.2621528 0.4861112
Stationary 290.5427 511 352 0.2621528 0.4861112
Stationary 290.5711 511 352 0.2621528 0.4861112
Stationary 290.6003 511 352 0.2621528 0.4861112
Stationary 290.6348 511 352 0.2621528 0.4861112
Stationary 290.6631 511 352 0.2621528 0.4861112
Stationary 290.6931 511 352 0.2621528 0.4861112
Stationary 290.7231 511 352 0.2621528 0.4861112
Moved 290.7543 520.9047 352 0.2793483 0.4861112
Stationary 290.7852 521.1351 352 0.2797486 0.4861112
Moved 290.8153 522.0951 352 0.2814151 0.4861112
Moved 290.8453 522 342.3896 0.2812501 0.4443996
Moved 290.877 522 342.3027 0.2812501 0.4440223
Moved 290.926 522 332.0063 0.2812501 0.399333
Moved 290.9586 507.5079 313.8888 0.2560901 0.3206979
Moved 290.9902 496.0974 292.5753 0.2362802 0.2281914
Moved 291.0217 483.7261 266.1974 0.2148022 0.1137041
Moved 291.0526 474.6152 242.9739 0.1989847 0.01290732
Moved 291.0829 467.7529 220.5095 0.187071 -0.08459397
Moved 291.113 462.5 200.5 0.1779514 -0.171441
Moved 291.1429 458.5854 184.9269 0.1711551 -0.2390327
Moved 291.1752 456.7172 177.4344 0.1679119 -0.2715516
Moved 291.2072 456 173.2098 0.1666667 -0.2898879
Moved 291.2554 454 164.8097 0.1631945 -0.3263468
Moved 291.284 452.0319 163.0319 0.1597776 -0.3340633
Moved 291.3146 449.4611 161 0.1553144 -0.3428818
Moved 291.3449 442.769 161 0.1436961 -0.3428818
Moved 291.3773 429.5986 175.083 0.1208309 -0.2817578
Moved 291.4084 411.9019 187.9413 0.09010747 -0.2259493
Moved 291.4442 391.7474 201.4736 0.05511709 -0.1672152
Moved 291.4772 355.9209 221.0352 -0.007081777 -0.0823127
Moved 291.5064 331.0731 235.4038 -0.05022034 -0.01994862
Moved 291.5359 322.3182 240.8011 -0.06541979 0.003477335
Moved 291.5899 286.6426 260.0144 -0.1273566 0.08686821
Moved 291.62 274.7302 268.1349 -0.1480379 0.1221132
Moved 291.649 266.6623 273.2252 -0.1620447 0.1442064
Moved 291.6784 257.0425 280.9575 -0.1787457 0.1777672
Moved 291.7073 246.5789 287.7105 -0.1969116 0.2070769
Moved 291.741 240 294 -0.2083333 0.234375
Moved 291.7754 231.5027 299.4973 -0.2230856 0.2582349
Moved 291.8065 225.7698 302.1151 -0.2330385 0.2695967
Moved 291.8388 222.0089 304.9911 -0.2395679 0.2820794
Moved 291.8689 217.4382 307.5618 -0.2475031 0.2932369
Moved 291.9279 211.7029 313.2971 -0.2574603 0.3181299
Moved 291.9611 210 315.1712 -0.2604167 0.3262639
Moved 291.9888 208 316.7172 -0.2638889 0.3329738
Moved 292.0155 206.8474 318.1526 -0.2658899 0.339204
Moved 292.0421 205.6271 319.3729 -0.2680085 0.3445003
Moved 292.0692 206 320 -0.2673611 0.3472222
Ended 292.0963 206 320 -0.2673611 0.3472222
Began 292.32 451 254 0.1579861 0.06076403
Stationary 292.35 451 254 0.1579861 0.06076403
Stationary 292.3795 451 254 0.1579861 0.06076403
Moved 292.4103 441.6767 254 0.1417999 0.06076403
Moved 292.4413 429.4156 254 0.1205131 0.06076403
Moved 292.4724 406 254 0.07986113 0.06076403
Moved 292.5044 381.9675 267.8665 0.03813796 0.1209482
Moved 292.5344 354.8726 275.9382 -0.008901806 0.1559819
Moved 292.5673 334.2 284.4857 -0.04479174 0.1930804
Moved 292.6006 308.2679 297.2928 -0.08981269 0.2486669
Moved 292.6425 296.9413 304.0441 -0.109477 0.2779692
Moved 292.6736 285.672 309.746 -0.1290417 0.3027171
Moved 292.7036 272.7309 316.3615 -0.1515089 0.3314301
Moved 292.7368 261.6855 321.7715 -0.1706849 0.354911
Moved 292.7703 256.3882 324.3059 -0.1798817 0.3659112
Moved 292.8021 251.646 327.177 -0.1881145 0.3783724
Moved 292.8336 247.9465 327 -0.1945373 0.3776042
Moved 292.8638 245.3275 328 -0.1990843 0.3819445
Moved 292.8941 243.5 328 -0.202257 0.3819445
Moved 292.9313 243 328 -0.203125 0.3819445
Moved 292.9787 238 308.5 -0.2118056 0.297309
Moved 293.0138 238 258.8583 -0.2118056 0.08185003
Moved 293.0417 238 244.708 -0.2118056 0.02043406
Moved 293.0707 245.1577 222.9475 -0.199379 -0.07401255
Moved 293.1031 249.3003 205.1981 -0.192187 -0.1510497
Moved 293.1336 254.5911 189.5223 -0.1830016 -0.2190872
Moved 293.1627 258.1557 180.6887 -0.1768131 -0.2574275
Moved 293.1917 261 172.9265 -0.171875 -0.2911176
Moved 293.2206 264.6046 167.3954 -0.165617 -0.3151241
Moved 293.2507 266.4798 163.5201 -0.1623614 -0.331944
Moved 293.2973 269.7819 160.2181 -0.1566287 -0.3462756
Moved 293.3259 276.0056 160 -0.1458236 -0.3472221
Moved 293.3539 292.3634 160 -0.1174246 -0.3472221
Moved 293.382 330.0524 179.5613 -0.05199243 -0.2623207
Moved 293.4104 366.2701 196.1039 0.01088567 -0.1905212
Moved 293.4448 445.1987 225.6566 0.1479145 -0.06225415
Moved 293.477 477.7585 234.9396 0.2044419 -0.02196365
Moved 293.5107 507.6693 239.1854 0.2563703 -0.003535483
Moved 293.54 531.6458 243.4768 0.2979961 0.01509031
Moved 293.5718 549.043 245 0.3281996 0.02170139
Moved 293.6214 562.7563 246 0.3520075 0.02604167
Moved 293.6511 567.6487 246 0.3605012 0.02604167
Moved 293.6797 570.309 247 0.3651198 0.03038208
Moved 293.7096 572 247 0.3680556 0.03038208
Moved 293.7387 574.058 247 0.3716286 0.03038208
Stationary 293.7687 574 247 0.3715278 0.03038208
Moved 293.797 575 248 0.3732639 0.03472222
Moved 293.8258 575.9282 248 0.3748753 0.03472222
Moved 293.8606 576.5 248 0.3758681 0.03472222
Moved 293.8901 577 248 0.3767361 0.03472222
Stationary 293.9359 577 248 0.3767361 0.03472222
Stationary 293.9633 577 248 0.3767361 0.03472222
Stationary 293.991 577 248 0.3767361 0.03472222
Ended 294.0184 577 248 0.3767361 0.03472222
Began 294.3746 555 334 0.3385417 0.4079863
Stationary 294.4136 555 334 0.3385417 0.4079863
Stationary 294.4475 555 334 0.3385417 0.4079863
Stationary 294.4774 555 334 0.3385417 0.4079863
Stationary 294.5068 555 334 0.3385417 0.4079863
Stationary 294.5355 555 334 0.3385417 0.4079863
Stationary 294.5635 555 334 0.3385417 0.4079863
Stationary 294.5923 555 334 0.3385417 0.4079863
Stationary 294.6214 555 334 0.3385417 0.4079863
Moved 294.6501 542.5252 325.8417 0.3168841 0.3725771
Moved 294.6793 526.7925 318.9111 0.2895703 0.342496
Moved 294.7086 499.9468 309.2144 0.2429632 0.3004098
Moved 294.7385 454.81 292.124 0.1646008 0.2262328
Moved 294.7678 416.8579 278.6193 0.09871162 0.1676186
Moved 294.8112 394.426 272.5503 0.05976744 0.1412773
Moved 294.84 378.1609 268.2322 0.03152929 0.1225356
Moved 294.8694 365.4449 264.3612 0.009452999 0.1057344
Moved 294.9023 354 262.5 -0.01041666 0.09765626
Moved 294.9314 345.8232 260 -0.02461243 0.08680556
Moved 294.9638 338.3185 257.1062 -0.03764142 0.0742458
Moved 294.9968 326.3663 253.7887 -0.05839188 0.05984678
Moved 295.0271 323.0692 252.3564 -0.06411605 0.05363055
Moved 295.0629 313.7298 248.3649 -0.08033015 0.03630586
Moved 295.0996 308.0002 245.5001 -0.09027742 0.02387206
Moved 295.1462 301.1964 243 -0.1020895 0.01302083
Moved 295.1747 298.6609 242 -0.1064914 0.008680689
Moved 295.2068 295.7931 241 -0.1114703 0.004340278
Moved 295.2344 294.5 240 -0.1137153 0
Moved 295.2659 294 240 -0.1145833 0
Stationary 295.294 294 240 -0.1145833 0
Moved 295.3227 293 240 -0.1163194 0
Stationary 295.3528 293 240 -0.1163194 0
Ended 295.3844 293 240 -0.1163194 0
Began 295.6013 117 226 -0.421875 -0.06076403
Stationary 295.6326 117 226 -0.421875 -0.06076403
Stationary 295.6628 117 226 -0.421875 -0.06076403
Stationary 295.6918 117 226 -0.421875 -0.06076403
Stationary 295.7203 117 226 -0.421875 -0.06076403
Stationary 295.7487 117 226 -0.421875 -0.06076403
Stationary 295.7769 117 226 -0.421875 -0.06076403
Stationary 295.8047 117 226 -0.421875 -0.06076403
Stationary 295.8354 117 226 -0.421875 -0.06076403
Stationary 295.8681 117 226 -0.421875 -0.06076403
Ended 295.9036 117 226 -0.421875 -0.06076403
Began 296.6473 102 408 -0.4479167 0.7291667
Stationary 296.692 102 408 -0.4479167 0.7291667
Stationary 296.7267 102 408 -0.4479167 0.7291667
Stationary 296.7592 102 408 -0.4479167 0.7291667
Stationary 296.7905 102 408 -0.4479167 0.7291667
Stationary 296.8217 102 408 -0.4479167 0.7291667
Stationary 296.8521 102 408 -0.4479167 0.7291667
Stationary 296.8805 102 408 -0.4479167 0.7291667
Stationary 296.9107 102 408 -0.4479167 0.7291667
Moved 296.9437 120.327 400.1346 -0.4160989 0.6950287
Moved 296.9743 158 389 -0.3506944 0.6467016
Moved 297.0054 227.4637 377.8759 -0.2300978 0.5984198
Moved 297.0371 284.5958 370.6873 -0.1309101 0.5672195
Moved 297.0686 357.7002 359.8551 -0.003992729 0.5202046
Moved 297.1122 422.4802 347.1733 0.1084726 0.4651619
Moved 297.1434 446.9662 339.5169 0.150983 0.4319312
Moved 297.1748 460.1035 336.2988 0.1737908 0.4179639
Moved 297.2052 466.3661 333.8169 0.1846635 0.4071915
Moved 297.2375 469.1143 333 0.1894344 0.4036459
Stationary 297.2678 469 333 0.1892361 0.4036459
Moved 297.2994 454.2452 332 0.1636202 0.3993056
Moved 297.3315 407.8481 332 0.08306959 0.3993056
Moved 297.3632 352.58 343.4911 -0.01288202 0.4491802
Moved 297.3923 311.4489 345.1293 -0.08429017 0.4562904
Moved 297.4437 256.79 346 -0.1791841 0.4600695
Moved 297.4757 232.0583 346 -0.222121 0.4600695
Moved 297.5067 215.4589 336.8425 -0.2509394 0.4203237
Moved 297.5365 205.6973 335.1743 -0.2678866 0.413083
Moved 297.5667 199.6143 332.3072 -0.2784474 0.4006389
Moved 297.5971 192.8585 326.2877 -0.2901763 0.3745128
Moved 297.6255 187.9673 319.959 -0.298668 0.3470443
Moved 297.6567 176.1226 298.6207 -0.3192316 0.2544301
Moved 297.6887 157.3709 254.1128 -0.3517866 0.06125332
Moved 297.7235 153.3127 238.5636 -0.3588321 -0.006234249
Moved 297.7725 152 227.6752 -0.3611111 -0.05349319
Moved 297.8036 152 224.5 -0.3611111 -0.06727418
Moved 297.8338 152 223.5 -0.3611111 -0.07161459
Moved 297.8654 165.6381 224 -0.3374338 -0.06944432
Moved 297.8966 201.5577 253.6334 -0.2750734 0.05917285
Moved 297.93 242.4786 280.8698 -0.2040301 0.1773863
Moved 297.9651 279.4023 303.2012 -0.1399265 0.2743108
Moved 297.9941 289.7937 309.496 -0.121886 0.3016323
Moved 298.023 306.838 316.9352 -0.09229512 0.3339202
Moved 298.0525 324.0548 321.8425 -0.0624048 0.3552191
Moved 298.1002 346.5377 326.7911 -0.02337206 0.3766975
Moved 298.1304 365.8167 328.6881 0.01009837 0.3849312
Moved 298.1605 387.5084 329 0.04775763 0.3862849
Moved 298.1908 411.9068 330 0.0901159 0.3906251
Moved 298.2221 446.1866 331 0.1496294 0.3949653
Moved 298.2542 476.1106 331 0.201581 0.3949653
Moved 298.2859 499.8226 331 0.2427476 0.3949653
Moved 298.3153 515.0495 324 0.2691832 0.3645835
Moved 298.345 535.7286 322 0.3050845 0.3559029
Moved 298.3755 548.8962 320 0.3279448 0.3472222
Moved 298.4274 565.0858 316.6381 0.3560518 0.3326306
Moved 298.461 569.236 316 0.363257 0.3298611
Moved 298.4946 571 314.8789 0.3663194 0.3249954
Moved 298.5249 572 314 0.3680556 0.3211807
Moved 298.5562 572 312.5 0.3680556 0.3146702
Moved 298.5872 572 308.1625 0.3680556 0.295844
Moved 298.6198 552.1409 291.1409 0.3335779 0.2219656
Moved 298.6519 528.6245 267.7869 0.2927509 0.120603
Moved 298.6837 508.9423 246.2198 0.2585805 0.02699601
Moved 298.7148 494.6443 230.0554 0.2337576 -0.04316211
Moved 298.7639 478.1666 214.1111 0.2051504 -0.1123651
Moved 298.7961 473.339 209.1696 0.1967692 -0.1338128
Moved 298.8271 469.2963 203.5927 0.1897505 -0.158018
Moved 298.8576 465.8107 200.8107 0.1836991 -0.1700926
Moved 298.8892 462.8745 196.8745 0.1786015 -0.1871766
Moved 298.9193 460.0073 194.0073 0.1736239 -0.1996209
Moved 298.9483 458.1318 191.1318 0.1703677 -0.2121014
Moved 298.9785 457.0344 190.0344 0.1684625 -0.2168645
Moved 299.0107 456 189 0.1666667 -0.2213541
Ended 299.043 456 189 0.1666667 -0.2213541
PhraseEnd 300.232
