the five boxing wizards jump quickly
Basic
0.8 0.8
575.9999 435.2
Began 675.3403 326 489 -0.05902778 0.2780331
Stationary 675.3825 326 489 -0.05902778 0.2780331
Stationary 675.4144 326 489 -0.05902778 0.2780331
Stationary 675.4466 326 489 -0.05902778 0.2780331
Stationary 675.4777 326 489 -0.05902778 0.2780331
Stationary 675.5083 326 489 -0.05902778 0.2780331
Stationary 675.5381 326 489 -0.05902778 0.2780331
Stationary 675.5673 326 489 -0.05902778 0.2780331
Stationary 675.5975 326 489 -0.05902778 0.2780331
Stationary 675.6276 326 489 -0.05902778 0.2780331
Stationary 675.6584 326 489 -0.05902778 0.2780331
Stationary 675.6956 326 489 -0.05902778 0.2780331
Stationary 675.7269 326 489 -0.05902778 0.2780331
Moved 675.7558 347.9744 489 -0.02087783 0.2780331
Moved 675.7879 378.5538 460.957 0.03221147 0.213596
Moved 675.8212 403.5 442.5 0.0755208 0.1711857
Moved 675.853 416.1176 428.4589 0.09742641 0.138922
Moved 675.8845 428.2551 412.4312 0.1184984 0.1020936
Moved 675.9179 435.535 402.775 0.1311372 0.07990571
Moved 675.9512 440.1493 395.8508 0.139148 0.06399534
Moved 675.9852 442 392.9821 0.1423611 0.05740363
Moved 676.037 445.9461 388.1077 0.149212 0.04620342
Moved 676.0702 446.8255 385.1745 0.1507387 0.03946347
Moved 676.102 447 383.3055 0.1510417 0.03516906
Moved 676.1362 447 378.6711 0.1510417 0.02452016
Moved 676.1702 437.3638 375.4546 0.1343122 0.01712918
Moved 676.2043 422.2083 375 0.1080006 0.01608456
Moved 676.2402 395.5218 384.4782 0.0616698 0.03786357
Moved 676.2744 348.8812 413.4125 -0.01930352 0.1043487
Moved 676.3077 322.2235 434.6656 -0.06558418 0.1531838
Moved 676.3411 304.4669 452.5331 -0.09641168 0.1942398
Moved 676.393 282.0591 475.926 -0.135314 0.2479918
Moved 676.424 273.2908 486.5638 -0.1505368 0.2724352
Moved 676.4547 268 492 -0.1597222 0.2849265
Moved 676.4861 264.4615 497.5385 -0.1658655 0.297653
Moved 676.5175 263 500.1365 -0.1684028 0.3036225
Moved 676.5493 261 502.01 -0.171875 0.3079274
Moved 676.5823 260 504 -0.1736111 0.3125001
Moved 676.6154 259 505.8229 -0.1753472 0.3166888
Moved 676.6456 259 506.5 -0.1753472 0.3182446
Moved 676.678 257.9535 506 -0.1771641 0.3170956
Moved 676.7285 256.8799 507 -0.179028 0.3193934
Moved 676.7631 253.573 507 -0.1847692 0.3193934
Ended 676.7949 249 507 -0.1927084 0.3193934
Began 677.1407 344 336 -0.02777778 -0.07352942
Stationary 677.1828 344 336 -0.02777778 -0.07352942
Stationary 677.2144 344 336 -0.02777778 -0.07352942
Stationary 677.2469 344 336 -0.02777778 -0.07352942
Stationary 677.2774 344 336 -0.02777778 -0.07352942
Stationary 677.308 344 336 -0.02777778 -0.07352942
Stationary 677.338 344 336 -0.02777778 -0.07352942
Moved 677.3689 354.1915 336 -0.01008425 -0.07352942
Moved 677.4039 357.2551 346.2551 -0.004765466 -0.04996539
Moved 677.438 360.0085 350.0084 1.467764E-05 -0.04134094
Moved 677.4702 363.765 355.765 0.006536395 -0.02811355
Moved 677.5018 366.3486 363.046 0.01102194 -0.0113833
Moved 677.5357 390.8693 393.8693 0.05359255 0.05944221
Moved 677.5703 428.8633 427.7553 0.1195543 0.1373054
Moved 677.6055 470.8495 458.233 0.192447 0.2073368
Moved 677.639 501.7233 478.8239 0.2460474 0.2546506
Moved 677.6907 533 498.5 0.3003472 0.2998621
Moved 677.7249 536.2344 502.2344 0.3059626 0.3084431
Moved 677.7567 538.105 505.105 0.30921 0.3150391
Stationary 677.7933 538.105 505.105 0.30921 0.3150391
Stationary 677.8262 538 505 0.3090279 0.3147978
Moved 677.8576 480.6295 439.9063 0.2094261 0.1652257
Moved 677.9047 409.3888 351.6924 0.08574442 -0.03747141
Moved 677.9366 377.6291 307.3819 0.03060609 -0.1392879
Moved 677.9694 356.5674 279.8511 -0.005959421 -0.2025481
Moved 678.0001 338.7672 257.3206 -0.03686253 -0.2543184
Moved 678.0492 324.7947 241.1965 -0.06112032 -0.2913683
Moved 678.0806 321.5 236 -0.06684028 -0.3033088
Moved 678.1113 315.8671 230.8671 -0.07661969 -0.3151032
Moved 678.1432 313.2415 229 -0.08117802 -0.3193934
Moved 678.1763 311.5 228 -0.0842014 -0.3216912
Moved 678.2087 310.626 228 -0.08571868 -0.3216912
Moved 678.2423 303.5 263 -0.09809029 -0.2412684
Moved 678.2754 290.9406 344.1512 -0.1198949 -0.0547996
Moved 678.3051 284.6149 380.9253 -0.1308769 0.02969967
Moved 678.3366 281.0029 404.9857 -0.1371478 0.08498544
Moved 678.3885 274.0594 452.7028 -0.1492023 0.1946297
Moved 678.421 271 475.3924 -0.1545139 0.2467656
Moved 678.4519 269 495.7669 -0.1579861 0.2935821
Moved 678.4834 269 510.0814 -0.1579861 0.3264739
Moved 678.5189 269 523.5995 -0.1579861 0.3575357
Moved 678.55 269 527.9417 -0.1579861 0.3675131
Moved 678.5802 268 529.9832 -0.1597222 0.372204
Moved 678.6111 264.2972 533.8514 -0.1661506 0.3810924
Moved 678.6418 261.2734 537.7266 -0.1714003 0.3899967
Moved 678.6745 256.4032 541.5968 -0.1798556 0.3988898
Moved 678.7239 248.8618 547.5691 -0.1929482 0.4126128
Moved 678.7557 244.5516 551.8969 -0.2004313 0.4225572
Moved 678.7885 240.677 554.323 -0.207158 0.428132
Moved 678.8182 238 555.8401 -0.2118056 0.431618
Moved 678.8475 236.2841 556 -0.2147846 0.4319853
Stationary 678.8773 236 556 -0.2152778 0.4319853
Ended 678.9057 236 556 -0.2152778 0.4319853
Began 679.4013 356 233 -0.006944462 -0.3102022
Stationary 679.4408 356 233 -0.006944462 -0.3102022
Stationary 679.4695 356 233 -0.006944462 -0.3102022
Stationary 679.5026 356 233 -0.006944462 -0.3102022
Stationary 679.5341 356 233 -0.006944462 -0.3102022
Stationary 679.5669 356 233 -0.006944462 -0.3102022
Stationary 679.5993 356 233 -0.006944462 -0.3102022
Moved 679.6324 367.4839 244.4839 0.01299284 -0.2838146
Moved 679.6666 386.3227 265.8896 0.04569911 -0.2346287
Moved 679.6999 407.4497 296.771 0.08237801 -0.1636696
Moved 679.7333 438.0113 342.0156 0.1354363 -0.05970682
Moved 679.7674 455.2356 364.1082 0.1653396 -0.008942591
Moved 679.8101 474.2088 386.9529 0.1982792 0.04354993
Moved 679.842 499.7726 411.9772 0.2426609 0.1010505
Moved 679.8742 515.6021 426.0018 0.2701426 0.1332762
Moved 679.9052 527.9148 439.3934 0.2915187 0.1640474
Moved 679.9363 536.0359 451.7265 0.3056179 0.1923863
Moved 679.967 542.7302 462.4604 0.31724 0.2170506
Moved 679.9973 544.7406 471.9625 0.3207302 0.2388844
Moved 680.0275 545 477.23 0.3211805 0.2509881
Moved 680.0569 545 484.4743 0.3211805 0.267634
Moved 680.0867 532.6895 492.2484 0.2998082 0.2854971
Moved 680.1348 457.7295 477.5765 0.1696692 0.2517842
Moved 680.1637 336.3181 409.7961 -0.04111439 0.09603897
Moved 680.193 322.6393 398.6654 -0.06486226 0.07046276
Moved 680.2222 281.5403 357.764 -0.1362147 -0.02352028
Moved 680.2512 253.1011 328.1011 -0.1855884 -0.09167945
Moved 680.2809 236.1236 310.1235 -0.2150633 -0.1329882
Moved 680.3104 227.0947 299.0947 -0.2307384 -0.1583303
Moved 680.3411 221.6437 291.6437 -0.2402019 -0.1754509
Moved 680.3715 217.7753 287.7753 -0.246918 -0.1843399
Moved 680.4075 216.1696 284.1696 -0.2497056 -0.1926252
Moved 680.4601 215 281.9559 -0.2517361 -0.1977117
Moved 680.4947 214 281 -0.2534722 -0.1999081
Moved 680.526 214 280.093 -0.2534722 -0.2019923
Moved 680.5587 214 279.5 -0.2534722 -0.2033547
Moved 680.5913 250.4983 302.2297 -0.1901072 -0.1511266
Moved 680.6254 314.5644 354.9041 -0.07888131 -0.03009165
Moved 680.6586 356.5 394.5 -0.006076396 0.06089159
Moved 680.6899 405.3406 432.3016 0.07871635 0.1477518
Moved 680.7214 441.6222 461.0978 0.1417052 0.2139196
Moved 680.7539 462.6571 476.0408 0.1782242 0.2482555
Moved 680.8073 486.4394 493.3296 0.2195129 0.2879816
Moved 680.8403 494.0811 498.0406 0.2327797 0.2988065
Moved 680.8714 495.9232 499.9232 0.2359777 0.3031323
Moved 680.9023 497.7965 501 0.23923 0.3056066
Moved 680.9333 500 501 0.2430555 0.3056066
Moved 680.9644 501 465.5523 0.2447917 0.2241551
Moved 680.998 477.0716 412.1431 0.2032492 0.1014318
Moved 681.0306 446.2679 351.4822 0.1497707 -0.03795442
Moved 681.066 426 313.5 0.1145833 -0.1252299
Moved 681.0983 412.5515 287.103 0.09123527 -0.1858846
Moved 681.1509 399.8141 264.6283 0.06912179 -0.2375268
Moved 681.1828 397.3255 257.9766 0.06480128 -0.2528111
Moved 681.2134 395.4547 253.4547 0.06155335 -0.2632015
Moved 681.2439 393.5 250 0.05815975 -0.2711397
Moved 681.2747 391.712 247.712 0.05505554 -0.276397
Moved 681.3058 392 246.7091 0.05555556 -0.2787015
Moved 681.337 388.2856 247 0.04910701 -0.278033
Moved 681.3699 380.6815 262.0573 0.03590547 -0.2434347
Moved 681.4012 372.7993 281.5352 0.02222106 -0.1986784
Moved 681.4321 363.1348 312.5507 0.005442351 -0.1274112
Moved 681.4813 356.4431 342.9493 -0.006175265 -0.05756133
Moved 681.5182 353.7426 355.7722 -0.01086351 -0.02809707
Moved 681.5494 351.8764 362.2473 -0.0141035 -0.0132187
Moved 681.5827 350.0045 368.9909 -0.01735322 0.002276898
Moved 681.6156 349 376.5 -0.01909722 0.01953132
Moved 681.6486 345.6212 385.7577 -0.02496328 0.04080348
Moved 681.6846 343.7424 389.2576 -0.02822496 0.04884556
Ended 681.72 344 391.1384 -0.02777778 0.05316731
Began 682.5082 193 527 -0.2899306 0.3653493
Stationary 682.5458 193 527 -0.2899306 0.3653493
Stationary 682.5779 193 527 -0.2899306 0.3653493
Stationary 682.6084 193 527 -0.2899306 0.3653493
Stationary 682.64 193 527 -0.2899306 0.3653493
Stationary 682.6702 193 527 -0.2899306 0.3653493
Stationary 682.7032 193 527 -0.2899306 0.3653493
Stationary 682.7415 193 527 -0.2899306 0.3653493
Stationary 682.7749 193 527 -0.2899306 0.3653493
Stationary 682.8093 193 527 -0.2899306 0.3653493
Moved 682.8417 223.1131 536.0566 -0.2376509 0.3861595
Moved 682.8772 316.1955 548.0412 -0.07604954 0.4136976
Moved 682.9113 370.4744 549 0.01818463 0.4159008
Moved 682.9554 422.9507 542.6121 0.1092894 0.4012227
Moved 682.988 448.9838 534.7561 0.1544858 0.3831712
Moved 683.0201 463.815 532 0.1802344 0.3768383
Moved 683.0499 473.4415 530 0.196947 0.3722427
Moved 683.082 477.0537 528 0.2032183 0.3676471
Moved 683.1129 479 526.0737 0.2065972 0.3632209
Moved 683.1454 480 525 0.2083334 0.3607537
Moved 683.178 401.9762 469.3922 0.07287532 0.2329784
Moved 683.2099 342.3097 423.6086 -0.03071234 0.1277771
Moved 683.2416 296.5 380.5 -0.110243 0.02872243
Moved 683.2917 243.6398 317.9628 -0.2020142 -0.1149751
Moved 683.3228 219.9561 284.9342 -0.2431317 -0.1908681
Moved 683.3542 204.9639 262.3422 -0.2691599 -0.2427799
Moved 683.386 195.757 248.757 -0.2851442 -0.2739961
Moved 683.4164 192.3706 242.7411 -0.2910233 -0.2878191
Moved 683.4485 191 240.5017 -0.2934028 -0.2929648
Moved 683.4833 188.6323 239 -0.2975133 -0.2964154
Moved 683.5157 186.6664 238 -0.3009264 -0.2987133
Moved 683.5485 180.4094 253.3781 -0.3117893 -0.2633777
Moved 683.5827 171.7975 281.6075 -0.3267405 -0.198512
Moved 683.6352 163.8009 307.4645 -0.3406234 -0.1390981
Moved 683.6692 156.2331 332.9173 -0.3537621 -0.08061284
Moved 683.7009 150.5131 347.9738 -0.3636926 -0.04601598
Moved 683.7345 146.4194 357.3709 -0.3707997 -0.02442346
Moved 683.7681 144.347 364.306 -0.3743976 -0.008488123
Moved 683.8001 144 370.045 -0.375 0.00469909
Moved 683.835 144 375.7795 -0.375 0.01787579
Moved 683.8701 165.9776 397.9776 -0.3368444 0.06888236
Moved 683.9171 252.224 457.39 -0.1871111 0.2053999
Moved 683.9498 284.6841 476.842 -0.1307569 0.2500966
Moved 684.0046 326.5 503 -0.05815972 0.3102022
Moved 684.0384 339.8096 509 -0.03505282 0.323989
Moved 684.0795 343.3343 511.3343 -0.02893351 0.3293527
Moved 684.1124 345 511 -0.02604168 0.3285846
Moved 684.1476 346 511 -0.02430554 0.3285846
Stationary 684.1779 346 511 -0.02430554 0.3285846
Moved 684.21 335.1739 474.5652 -0.04310083 0.244865
Moved 684.2419 322.8334 446.0001 -0.06452539 0.1792281
Moved 684.2758 313 424 -0.08159724 0.1286765
Moved 684.308 302.985 404.2236 -0.09898447 0.08323449
Moved 684.3637 290.0215 378.0322 -0.1214905 0.02305185
Moved 684.3953 287.6404 370.9213 -0.1256242 0.006712465
Moved 684.4276 284.6347 365.2693 -0.1308426 -0.006274406
Moved 684.4611 281.7675 360.5351 -0.1358203 -0.01715282
Moved 684.4957 278.8919 355.7838 -0.1408127 -0.02807035
Moved 684.541 274.9028 350.9028 -0.1477382 -0.03928585
Moved 684.5742 271.0276 348.0276 -0.154466 -0.04589257
Moved 684.607 262.1674 346.0558 -0.1698483 -0.05042322
Moved 684.6505 247.9731 346 -0.1944911 -0.05055147
Moved 684.6842 219.2263 346 -0.2443988 -0.05055147
Moved 684.7349 197.5059 355.0988 -0.2821078 -0.02964427
Moved 684.7672 187.0817 357 -0.3002054 -0.02527574
Moved 684.8002 181.1564 358 -0.3104924 -0.02297794
Moved 684.8341 176 359 -0.3194445 -0.02068008
Ended 684.8655 174.7477 359 -0.3216186 -0.02068008
Began 685.3819 477 373 0.203125 0.01148897
Stationary 685.4226 477 373 0.203125 0.01148897
Stationary 685.4542 477 373 0.203125 0.01148897
Stationary 685.4852 477 373 0.203125 0.01148897
Stationary 685.5186 477 373 0.203125 0.01148897
Stationary 685.5511 477 373 0.203125 0.01148897
Stationary 685.5825 477 373 0.203125 0.01148897
Stationary 685.6147 477 373 0.203125 0.01148897
Moved 685.6464 458.0175 400.3755 0.1701692 0.07439221
Moved 685.6784 434.3288 443.3423 0.1290431 0.1731213
Moved 685.7111 419.2448 479.3881 0.1028555 0.2559468
Moved 685.7429 414.1421 493.5737 0.09399667 0.2885426
Moved 685.7744 411.6888 498.6223 0.08973755 0.3001432
Moved 685.8191 410.3638 502.6362 0.08743712 0.3093664
Moved 685.8519 410 504.0894 0.08680553 0.3127055
Stationary 685.8806 410 504 0.08680553 0.3125001
Moved 685.9096 410 505.2587 0.08680553 0.3153923
Moved 685.9404 429.5 471.5 0.1206597 0.2378217
Moved 685.9717 447.8683 422.1425 0.1525491 0.1244084
Moved 686.0035 459.9315 380.8084 0.1734921 0.02943109
Moved 686.0355 466.1209 349.1534 0.1842377 -0.04330565
Moved 686.068 468.63 318.7003 0.1885937 -0.1132807
Moved 686.0997 471.9341 280.7908 0.1943301 -0.2003888
Moved 686.152 474 258.5163 0.1979167 -0.2515709
Moved 686.1882 475.7868 250.6395 0.2010188 -0.2696702
Moved 686.2216 478.0845 244.9155 0.2050078 -0.2828228
Moved 686.2545 479.9691 241.0309 0.2082798 -0.2917489
Moved 686.2877 482.4158 241 0.2125274 -0.2918199
Moved 686.3209 491.0688 280.6314 0.22755 -0.200755
Moved 686.3532 506.1024 331.1891 0.25365 -0.08458391
Moved 686.3867 519.8539 366.5616 0.2775241 -0.003305113
Moved 686.4186 532.6236 398.2472 0.2996937 0.06950182
Moved 686.4505 544.1104 423.2208 0.3196362 0.1268861
Moved 686.5024 564.7582 458.5969 0.3554829 0.2081731
Moved 686.5344 572.4281 471.2374 0.3687988 0.2372184
Moved 686.5678 579.05 486.7835 0.3802952 0.2729401
Moved 686.6002 584 500 0.3888889 0.3033088
Moved 686.6362 585 508.1533 0.390625 0.3220434
Moved 686.6688 587 515.369 0.3940972 0.3386236
Moved 686.6993 589.2437 518.2437 0.3979925 0.345229
Moved 686.7295 589.7879 520.7879 0.3989373 0.3510752
Moved 686.7598 592 522.6606 0.4027778 0.3553783
Moved 686.7902 594.5 525.5 0.4071181 0.3619026
Ended 686.8378 596 526 0.4097223 0.3630515
Began 687.149 116 486 -0.4236111 0.2711397
Stationary 687.1893 116 486 -0.4236111 0.2711397
Stationary 687.2234 116 486 -0.4236111 0.2711397
Stationary 687.2596 116 486 -0.4236111 0.2711397
Stationary 687.2889 116 486 -0.4236111 0.2711397
Stationary 687.3185 116 486 -0.4236111 0.2711397
Stationary 687.3473 116 486 -0.4236111 0.2711397
Stationary 687.385 116 486 -0.4236111 0.2711397
Stationary 687.4166 116 486 -0.4236111 0.2711397
Stationary 687.4475 116 486 -0.4236111 0.2711397
Moved 687.4781 125.855 486 -0.4065018 0.2711397
Moved 687.5186 129.0292 493.2042 -0.400991 0.2876936
Moved 687.5517 145.0264 499.6105 -0.3732181 0.3024139
Moved 687.5844 188.5239 505.5288 -0.2977016 0.3160129
Moved 687.6176 259.3704 512.257 -0.1747042 0.3314729
Moved 687.6516 365.3812 515 0.009342432 0.3377758
Moved 687.6838 416.4196 515 0.0979507 0.3377758
Moved 687.7158 440.1493 515 0.139148 0.3377758
Moved 687.7473 453.5511 515 0.1624151 0.3377758
Moved 687.7791 461.5259 515 0.1762602 0.3377758
Moved 687.8105 465.5 508 0.1831597 0.3216912
Moved 687.8644 468.6361 507 0.1886044 0.3193934
Moved 687.8997 470 507 0.1909722 0.3193934
Stationary 687.9308 470 507 0.1909722 0.3193934
Moved 687.9627 471 505.64 0.1927083 0.3162683
Stationary 687.9942 471 506 0.1927083 0.3170956
Moved 688.0257 473.1009 506 0.1963558 0.3170956
Moved 688.0572 476.1963 506 0.2017297 0.3170956
Moved 688.09 490.3423 506 0.2262888 0.3170956
Moved 688.129 512.3494 505 0.2644955 0.3147978
Moved 688.163 517.6664 504 0.2737265 0.3125001
Moved 688.2171 520.6379 504 0.2788853 0.3125001
Moved 688.2487 522 504 0.2812501 0.3125001
Moved 688.2813 523.032 502.968 0.2830418 0.3101286
Stationary 688.3132 523 503 0.2829861 0.3102022
Moved 688.3447 524 501.7919 0.2847222 0.3074262
Stationary 688.3757 524 501.7919 0.2847222 0.3074262
Moved 688.4068 524 501 0.2847222 0.3056066
Stationary 688.4387 524 501 0.2847222 0.3056066
Moved 688.4692 525.3997 501 0.2871523 0.3056066
Moved 688.5013 525 500 0.2864583 0.3033088
Stationary 688.5525 525 500 0.2864583 0.3033088
Stationary 688.5878 525 500 0.2864583 0.3033088
Moved 688.6191 525 498.5 0.2864583 0.2998621
Stationary 688.65 525 498.5 0.2864583 0.2998621
Stationary 688.681 525 498.5 0.2864583 0.2998621
Moved 688.7123 484.4553 476.2109 0.2160682 0.2486465
Moved 688.7444 443.3796 448.7372 0.1447563 0.1855176
Moved 688.778 406.9688 425.25 0.08154296 0.1315488
Moved 688.8096 371.7565 402.6006 0.02041057 0.07950514
Moved 688.8445 338.1623 380.5947 -0.03791265 0.02893995
Moved 688.9039 302.8992 351.8992 -0.09913334 -0.03699633
Moved 688.9378 293.7755 342.9694 -0.114973 -0.05751505
Moved 688.9736 279.6955 328.6955 -0.1394175 -0.09031367
Moved 689.0084 270.071 315.1183 -0.1561267 -0.1215112
Moved 689.0439 264.2301 305.8452 -0.1662672 -0.142819
Moved 689.0829 258.1797 287.7188 -0.1767714 -0.1844699
Moved 689.1168 255.3042 276.2169 -0.1817635 -0.2108986
Moved 689.1486 253.8566 266.283 -0.1842767 -0.2337246
Moved 689.1816 254 251.5374 -0.1840278 -0.2676072
Moved 689.2145 254 243.1554 -0.1840278 -0.2868671
Moved 689.267 254 230.6348 -0.1840278 -0.315637
Moved 689.3019 254 225.5227 -0.1840278 -0.3273835
Moved 689.3327 254 222.8942 -0.1840278 -0.3334233
Moved 689.3677 254 220.2814 -0.1840278 -0.339427
Moved 689.4042 262.933 218 -0.168519 -0.3446691
Moved 689.4366 265.8031 216.1969 -0.1635363 -0.3488123
Moved 689.4683 269.5 214.5 -0.1571181 -0.3527114
Moved 689.5018 272.2505 215 -0.1523429 -0.3515625
Moved 689.5353 277.2388 215 -0.1436826 -0.3515625
Moved 689.5685 284.9741 215 -0.1302533 -0.3515625
Moved 689.6238 308.7522 215 -0.08897189 -0.3515625
Moved 689.6548 325.5835 229.7917 -0.05975083 -0.3175741
Moved 689.6899 335.553 235.2765 -0.04244268 -0.3049713
Moved 689.7258 342.924 240.2827 -0.02964575 -0.2934681
Moved 689.7596 355.8711 248.8711 -0.007168204 -0.2737337
Moved 689.7917 366.961 255.3073 0.01208499 -0.2589447
Moved 689.8248 385.4279 268.6661 0.04414566 -0.2282487
Moved 689.8597 418.025 291.2688 0.1007379 -0.1763124
Moved 689.8911 448.0061 309.6707 0.1527883 -0.1340286
Moved 689.9228 469.0204 323.586 0.1892716 -0.1020542
Moved 689.9757 500.6636 347.6655 0.2442077 -0.04672451
Moved 690.0143 509.7194 354.2398 0.2599295 -0.03161809
Moved 690.0483 518.4352 359.6235 0.2750612 -0.01924753
Moved 690.0819 530.32 366.1067 0.2956945 -0.004350438
Moved 690.1201 537.89 370.945 0.3088368 0.006767021
Moved 690.1533 545.5511 374.517 0.3221374 0.01497479
Moved 690.1873 555.6382 379.8191 0.3396496 0.02715791
Moved 690.2197 558.6959 381.6959 0.3449581 0.03147027
Moved 690.251 560 382 0.3472223 0.03216912
Moved 690.2818 562.0385 383 0.3507612 0.03446691
Moved 690.3317 563.3715 384 0.3530756 0.03676478
Stationary 690.3615 563.3715 384 0.3530756 0.03676478
Moved 690.3915 563 385 0.3524306 0.0390625
Stationary 690.4225 563 385 0.3524306 0.0390625
Moved 690.4521 563 386 0.3524306 0.0413603
Stationary 690.4814 563 386 0.3524306 0.0413603
Moved 690.5112 564 387.5 0.3541667 0.04480702
Stationary 690.5402 564 387.5 0.3541667 0.04480702
Moved 690.5689 564 388.1868 0.3541667 0.04638521
Moved 690.5998 564 388.8042 0.3541667 0.04780377
Stationary 690.6518 564 389 0.3541667 0.04825375
Stationary 690.686 564 389 0.3541667 0.04825375
Moved 690.7167 565.5 389 0.3567708 0.04825375
Moved 690.7484 568.6875 389 0.3623047 0.04825375
Moved 690.7845 576.1447 390 0.3752513 0.05055147
Moved 690.8182 591.6299 395.3149 0.4021353 0.06276412
Moved 690.8501 598 399 0.4131945 0.07123166
Moved 690.8823 601.4064 402.4064 0.4191083 0.07905883
Moved 690.919 602.9656 403.9656 0.4218154 0.08264171
Moved 690.9509 603 406.8288 0.421875 0.08922062
Moved 691.0045 581.1987 420.241 0.3840255 0.1200391
Moved 691.0401 555.8372 433.6261 0.3399952 0.1507953
Moved 691.0718 493.8534 464.5919 0.2323843 0.2219483
Moved 691.1073 453.2047 479.9825 0.1618136 0.2573127
Moved 691.1432 415.4903 493.6688 0.09633735 0.2887611
Moved 691.1766 399.457 500.4172 0.06850168 0.3042676
Moved 691.2098 389.2518 505.1655 0.05078443 0.3151781
Moved 691.2421 383.0994 507 0.0401032 0.3193934
Moved 691.2772 381.0111 509.9889 0.0364776 0.3262613
Moved 691.3101 378 512.2958 0.03124997 0.3315622
Moved 691.3612 376 513 0.02777778 0.3331802
Moved 691.3916 375 514 0.02604165 0.3354781
Moved 691.4224 373.7291 515.2709 0.02383523 0.3383982
Ended 691.4537 374 515 0.02430558 0.3377758
PhraseEnd 692.6557
