the force is with you
Basic
0.4 0.4
288 115.2
Began 630.2241 318 272 -0.1458333 0.2777781
Stationary 630.2686 318 272 -0.1458333 0.2777781
Stationary 630.3127 318 272 -0.1458333 0.2777781
Stationary 630.3563 318 272 -0.1458333 0.2777781
Stationary 630.3977 318 272 -0.1458333 0.2777781
Stationary 630.4373 318 272 -0.1458333 0.2777781
Stationary 630.4771 318 272 -0.1458333 0.2777781
Stationary 630.5181 318 272 -0.1458333 0.2777781
Stationary 630.5582 318 272 -0.1458333 0.2777781
Stationary 630.5978 318 272 -0.1458333 0.2777781
Moved 630.6375 331.2611 272 -0.09978771 0.2777781
Moved 630.6797 345.8673 261.7109 -0.04907176 0.1884625
Moved 630.722 369.4321 254.6272 0.03275022 0.1269722
Moved 630.7655 390.9481 249.0129 0.1074587 0.07823759
Moved 630.809 398.4636 245.5121 0.133554 0.04784823
Moved 630.8519 406.7841 242 0.162445 0.01736138
Moved 630.9167 411 238.8396 0.1770833 -0.01007266
Moved 630.9594 412 237.5 0.1805556 -0.02170139
Stationary 631.0054 412 237.5 0.1805556 -0.02170139
Moved 631.0477 394.0158 238 0.1181105 -0.01736111
Moved 631.0908 376.7809 238 0.05826683 -0.01736111
Moved 631.1343 367.5339 245.6165 0.02615944 0.04875395
Moved 631.1757 350.3376 250.9156 -0.03354982 0.09475391
Moved 631.2162 336.3633 256.2122 -0.08207172 0.1407313
Moved 631.2573 326.6344 262.3655 -0.1158527 0.1941453
Moved 631.298 321.9496 264 -0.1321196 0.2083336
Moved 631.3643 314.585 268.415 -0.1576909 0.2466581
Moved 631.4088 310.2815 270 -0.1726337 0.2604167
Moved 631.4501 308 271.7707 -0.1805556 0.2757875
Moved 631.4911 305.0025 272.9975 -0.1909637 0.2864369
Moved 631.5314 304 273 -0.1944444 0.2864584
Moved 631.5713 303 274.5 -0.1979167 0.2994795
Moved 631.6122 299.8826 274 -0.2087409 0.2951392
Moved 631.6522 298.5 275.5 -0.2135417 0.3081597
Moved 631.6922 298 275 -0.2152778 0.3038195
Moved 631.7319 296.7983 275 -0.2194502 0.3038195
Moved 631.7973 295 275 -0.2256945 0.3038195
Moved 631.8372 293.893 275 -0.2295383 0.3038195
Moved 631.8776 293 275 -0.2326389 0.3038195
Stationary 631.9179 293 275 -0.2326389 0.3038195
Ended 631.9577 293 275 -0.2326389 0.3038195
Began 632.1698 349 229 -0.03819443 -0.09548585
Stationary 632.2233 349 229 -0.03819443 -0.09548585
Stationary 632.262 349 229 -0.03819443 -0.09548585
Stationary 632.3007 349 229 -0.03819443 -0.09548585
Stationary 632.3438 349 229 -0.03819443 -0.09548585
Stationary 632.3828 349 229 -0.03819443 -0.09548585
Stationary 632.4219 349 229 -0.03819443 -0.09548585
Stationary 632.4596 349 229 -0.03819443 -0.09548585
Stationary 632.4993 349 229 -0.03819443 -0.09548585
Moved 632.5411 368.5367 246.6912 0.02964154 0.05808301
Moved 632.5841 388.9332 256.311 0.1004624 0.1415889
Moved 632.6277 423.0769 268.3231 0.219017 0.2458599
Moved 632.6697 454.6221 277.874 0.3285488 0.3287676
Moved 632.7151 500.9009 295.8146 0.4892391 0.4845021
Moved 632.7761 514.6307 301 0.5369123 0.5295137
Moved 632.8389 516 302 0.5416666 0.5381945
Moved 632.8833 502.2708 303 0.4939959 0.5468751
Moved 632.9272 476.4796 303 0.4044431 0.5468751
Moved 632.9717 448.2312 303 0.3063583 0.5468751
Moved 633.0146 418.7193 303 0.2038866 0.5468751
Moved 633.0585 395.5975 303 0.1236023 0.5468751
Moved 633.1008 378.1381 303 0.06297931 0.5468751
Moved 633.1454 356.6232 303 -0.01172498 0.5468751
Moved 633.1887 340.8354 303 -0.06654382 0.5468751
Moved 633.2544 330.2268 303 -0.1033793 0.5468751
Moved 633.2958 327 296 -0.1145833 0.4861112
Moved 633.3375 324.5 292.5 -0.1232639 0.4557295
Moved 633.3792 323 287.0106 -0.1284722 0.4080781
Moved 633.4243 321 280.449 -0.1354167 0.3511201
Moved 633.467 317.8463 267.539 -0.146367 0.2390536
Moved 633.5078 317 250.4723 -0.1493056 0.0909053
Moved 633.5491 316 236.7396 -0.1527778 -0.02830188
Moved 633.5895 316 229.1827 -0.1527778 -0.09389984
Moved 633.6306 316 220.4468 -0.1527778 -0.1697329
Moved 633.698 316 209.9917 -0.1527778 -0.2604887
Moved 633.7393 316 206.0256 -0.1527778 -0.2949164
Moved 633.783 316 198.458 -0.1527778 -0.3606073
Moved 633.8258 316 199 -0.1527778 -0.3559026
Moved 633.8676 311.8521 199 -0.1671801 -0.3559026
Moved 633.9098 303.2398 218.1403 -0.1970839 -0.1897547
Moved 633.9526 296.2899 236.7754 -0.2212158 -0.02799114
Moved 633.9945 292.3597 248.2805 -0.2348621 0.07187977
Moved 634.0349 290.4874 254.0253 -0.2413632 0.1217471
Moved 634.0756 289 258.4562 -0.2465278 0.1602104
Moved 634.1403 287 262 -0.2534723 0.1909725
Moved 634.1819 286 264.0919 -0.2569445 0.2091313
Moved 634.2224 284.9491 264 -0.2605935 0.2083336
Stationary 634.2623 285 264 -0.2604167 0.2083336
Stationary 634.3021 285 264 -0.2604167 0.2083336
Stationary 634.3424 285 264 -0.2604167 0.2083336
Ended 634.3823 285 264 -0.2604167 0.2083336
Began 634.5376 429 250 0.2395834 0.08680556
Stationary 634.5895 429 250 0.2395834 0.08680556
Stationary 634.6313 429 250 0.2395834 0.08680556
Stationary 634.6731 429 250 0.2395834 0.08680556
Moved 634.7267 418.3227 250 0.2025093 0.08680556
Moved 634.7684 412.2229 250 0.1813296 0.08680556
Moved 634.8087 404.3556 250 0.1540126 0.08680556
Moved 634.8495 384.4333 241.4867 0.08483798 0.01290533
Moved 634.89 360.7657 240 0.002658814 0
Moved 634.9302 341.7142 240 -0.06349243 0
Moved 634.9739 315.5923 236.3704 -0.1541933 -0.03150728
Moved 635.0183 293.8457 233.3691 -0.2297025 -0.05755929
Moved 635.0608 278.2132 233 -0.2839821 -0.0607639
Moved 635.1006 271.5 232 -0.3072917 -0.06944445
Moved 635.1586 262.8057 232 -0.3374803 -0.06944445
Moved 635.2007 258.5 232 -0.3524306 -0.06944445
Moved 635.2434 256.5679 232 -0.3591392 -0.06944445
Moved 635.2852 255.6282 232 -0.3624022 -0.06944445
Moved 635.3295 254.9179 232 -0.3648684 -0.06944445
Stationary 635.3736 254.9179 232 -0.3648684 -0.06944445
Stationary 635.426 254.9179 232 -0.3648684 -0.06944445
Stationary 635.4664 254.9179 232 -0.3648684 -0.06944445
Ended 635.5093 255 232 -0.3645834 -0.06944445
Began 635.7365 268 276 -0.3194445 0.3124998
Stationary 635.7816 268 276 -0.3194445 0.3124998
Stationary 635.8239 268 276 -0.3194445 0.3124998
Stationary 635.864 268 276 -0.3194445 0.3124998
Stationary 635.9046 268 276 -0.3194445 0.3124998
Stationary 635.9448 268 276 -0.3194445 0.3124998
Stationary 635.9846 268 276 -0.3194445 0.3124998
Stationary 636.024 268 276 -0.3194445 0.3124998
Stationary 636.0635 268 276 -0.3194445 0.3124998
Stationary 636.1028 268 276 -0.3194445 0.3124998
Stationary 636.1511 268 276 -0.3194445 0.3124998
Stationary 636.192 268 276 -0.3194445 0.3124998
Moved 636.2358 281.4559 276 -0.2727225 0.3124998
Moved 636.2788 315.2796 284.428 -0.155279 0.3856596
Moved 636.3217 364.0548 286 0.01407936 0.3993056
Moved 636.3685 397.6045 287 0.130571 0.4079864
Moved 636.4106 415.7207 287 0.1934748 0.4079864
Moved 636.4553 429.9575 287 0.2429079 0.4079864
Moved 636.5004 434.8571 287 0.2599205 0.4079864
Moved 636.5435 437.2489 280 0.2682252 0.3472225
Moved 636.6133 439 279 0.2743055 0.338542
Moved 636.6586 420.3781 279 0.2096462 0.338542
Moved 636.7045 398.8628 279 0.1349403 0.338542
Moved 636.7493 377.9266 277.8211 0.06224513 0.3283082
Moved 636.7933 360.5966 277 0.002071559 0.3211806
Moved 636.8372 351.9934 277 -0.0278008 0.3211806
Moved 636.8804 344.3268 277 -0.05442091 0.3211806
Moved 636.9224 341.7915 277 -0.06322384 0.3211806
Moved 636.9631 341 277 -0.06597222 0.3211806
Stationary 637.0055 341 277 -0.06597222 0.3211806
Stationary 637.0678 341 277 -0.06597222 0.3211806
Stationary 637.107 341 277 -0.06597222 0.3211806
Moved 637.1503 351.4533 272.5467 -0.02967604 0.2825234
Moved 637.194 357.8477 267.5762 -0.007473379 0.2393765
Moved 637.236 361.6021 263.699 0.005562753 0.2057203
Moved 637.2793 365.5957 258.4043 0.01942948 0.1597595
Moved 637.3232 368.5449 254.4551 0.02966971 0.1254781
Moved 637.3681 370 252.1536 0.03472224 0.1054994
Ended 637.4122 371 251 0.03819451 0.09548585
Began 637.6005 374 313 0.04861116 0.6336806
Stationary 637.6636 374 313 0.04861116 0.6336806
Stationary 637.7047 374 313 0.04861116 0.6336806
Stationary 637.7469 374 313 0.04861116 0.6336806
Stationary 637.7935 374 313 0.04861116 0.6336806
Stationary 637.8331 374 313 0.04861116 0.6336806
Stationary 637.8748 374 313 0.04861116 0.6336806
Moved 637.9156 383.3343 313 0.08102179 0.6336806
Moved 637.9575 390.1035 304.9482 0.1045261 0.5637869
Moved 638.0002 398.7026 300.6487 0.134384 0.5264646
Moved 638.0427 410.5 296.5 0.1753472 0.4904517
Moved 638.0951 422.8127 291.7916 0.2180997 0.4495796
Moved 638.1393 437.7133 287.1911 0.269838 0.409645
Moved 638.1812 453.5976 284.1006 0.3249918 0.3828176
Moved 638.2225 462.302 282 0.3552153 0.3645834
Moved 638.2661 471.1399 280 0.3859025 0.3472225
Moved 638.3083 475.0364 278 0.399432 0.3298611
Moved 638.3503 477.5 277 0.4079861 0.3211806
Moved 638.3922 477 274.9237 0.4062501 0.3031572
Moved 638.4324 477 273.8814 0.4062501 0.2941097
Moved 638.4728 456.724 270.5746 0.3358473 0.2654052
Moved 638.5386 429.6778 270 0.2419369 0.2604167
Moved 638.5786 415.7422 269 0.1935493 0.2517361
Moved 638.6182 409.71 269 0.1726042 0.2517361
Moved 638.6572 403.0529 269 0.1494891 0.2517361
Moved 638.6966 400.1844 269 0.1395291 0.2517361
Moved 638.7446 396.5 269 0.1267362 0.2517361
Moved 638.7903 394.9616 269 0.1213946 0.2517361
Moved 638.847 393.6271 269 0.1167607 0.2517361
Ended 638.8926 394 269 0.1180555 0.2517361
PhraseEnd 640.0621
