the quick brown fox jumps over the lazy dog
Basic
0.6 0.6
432 326.4
Began 1156.976 364 446 0.009259283 0.2389706
Stationary 1157.041 364 446 0.009259283 0.2389706
Stationary 1157.101 364 446 0.009259283 0.2389706
Stationary 1157.153 364 446 0.009259283 0.2389706
Moved 1157.206 364 431.1327 0.009259283 0.1934212
Moved 1157.26 380.3556 401.3777 0.04711936 0.1022604
Moved 1157.318 404.0842 371.5544 0.1020467 0.01088993
Moved 1157.372 418.4548 351.0905 0.135312 -0.05180612
Moved 1157.424 423.1239 345.8761 0.1461202 -0.06778166
Moved 1157.475 425 341.5432 0.150463 -0.08105653
Moved 1157.528 425 339 0.150463 -0.08884795
Moved 1157.581 339.1123 383.9853 -0.04835109 0.04897454
Moved 1157.634 290.6142 417.0315 -0.1606154 0.150219
Moved 1157.687 275.2509 427.8746 -0.1961785 0.1834392
Moved 1157.741 265.5 437.5 -0.21875 0.2129289
Moved 1157.791 262 442.6087 -0.2268519 0.2285806
Moved 1157.851 260 447.5 -0.2314815 0.2435662
Ended 1157.931 260 448 -0.2314815 0.2450981
Began 1158.24 175 470 -0.4282407 0.3125
Stationary 1158.299 175 470 -0.4282407 0.3125
Stationary 1158.359 175 470 -0.4282407 0.3125
Stationary 1158.411 175 470 -0.4282407 0.3125
Moved 1158.466 256.6557 470 -0.2392228 0.3125
Moved 1158.52 304.9823 470 -0.1273557 0.3125
Moved 1158.572 368.2986 452.189 0.01920978 0.2579321
Moved 1158.623 414.3184 442.9091 0.125737 0.2295008
Moved 1158.674 432.0478 441 0.1667772 0.2236519
Moved 1158.726 438.7888 439 0.1823814 0.2175246
Moved 1158.779 444.088 438 0.1946482 0.2144608
Moved 1158.832 459.9382 437 0.2313385 0.2113971
Moved 1158.898 472.413 437 0.2602153 0.2113971
Moved 1158.95 474.5 437 0.2650462 0.2113971
Moved 1159.001 475.294 437 0.2668842 0.2113971
Moved 1159.053 476.0596 437 0.2686564 0.2113971
Stationary 1159.102 476.0596 437 0.2686564 0.2113971
Moved 1159.153 444.3741 415.1244 0.1953105 0.1443762
Moved 1159.203 379.4234 369.4234 0.04496157 0.004361003
Moved 1159.255 343.2329 336.2329 -0.03881266 -0.09732565
Moved 1159.309 315.2178 299.0297 -0.1036624 -0.2113059
Moved 1159.363 305.8679 282.7358 -0.1253058 -0.2612262
Moved 1159.447 301 266.8303 -0.1365741 -0.309956
Moved 1159.5 300 264.5 -0.1388889 -0.3170956
Moved 1159.553 314.1074 264 -0.1062329 -0.3186274
Moved 1159.609 362.1656 277.1143 0.005013048 -0.278449
Moved 1159.666 429.5717 299.1429 0.1610456 -0.210959
Moved 1159.72 456.1 307.0333 0.2224537 -0.1867853
Moved 1159.776 474.5106 313.2553 0.2650707 -0.1677227
Moved 1159.828 479.2585 315 0.2760613 -0.1623775
Moved 1159.882 483.9962 316 0.2870283 -0.1593137
Moved 1159.94 486 316 0.2916667 -0.1593137
Ended 1160.021 487 317 0.2939814 -0.1562499
Began 1160.249 370 234 0.02314816 -0.4105392
Stationary 1160.327 370 234 0.02314816 -0.4105392
Stationary 1160.378 370 234 0.02314816 -0.4105392
Stationary 1160.427 370 234 0.02314816 -0.4105392
Stationary 1160.491 370 234 0.02314816 -0.4105392
Stationary 1160.544 370 234 0.02314816 -0.4105392
Stationary 1160.6 370 234 0.02314816 -0.4105392
Moved 1160.65 370 246.1315 0.02314816 -0.3733718
Moved 1160.703 354.9393 264.1215 -0.01171465 -0.3182552
Moved 1160.757 333.7025 299.0634 -0.06087387 -0.211203
Moved 1160.807 321.6815 322.4098 -0.08870021 -0.1396759
Moved 1160.862 305.1429 369.9998 -0.126984 0.00612689
Moved 1160.922 303 399.0534 -0.1319445 0.09513916
Moved 1160.975 300.8614 426.693 -0.1368949 0.1798193
Moved 1161.026 301 448.7805 -0.1365741 0.2474893
Moved 1161.08 301 461.659 -0.1365741 0.2869456
Moved 1161.132 300 466.1281 -0.1388889 0.3006377
Moved 1161.219 341.8117 472.8223 -0.04210253 0.3211467
Moved 1161.28 415.005 472 0.1273264 0.3186275
Moved 1161.338 470.4156 451.8615 0.2555918 0.2569285
Moved 1161.394 490 447.5 0.300926 0.2435662
Moved 1161.449 496.2424 446 0.3153759 0.2389706
Stationary 1161.516 496 446 0.3148148 0.2389706
Moved 1161.572 386.3903 470.5654 0.0610887 0.3142322
Moved 1161.627 322.2577 477 -0.0873664 0.3339461
Moved 1161.68 273.0804 477 -0.2012029 0.3339461
Moved 1161.732 245.6137 477 -0.2647831 0.3339461
Moved 1161.815 233.688 477 -0.292389 0.3339461
Moved 1161.864 233 472.4642 -0.2939815 0.3200497
Moved 1161.915 237.8861 450.4159 -0.2826711 0.2524996
Moved 1161.971 281.976 393.0239 -0.180611 0.0766664
Moved 1162.024 315 359 -0.1041667 -0.02757344
Moved 1162.076 350.1745 326.8254 -0.02274414 -0.1261475
Moved 1162.13 370.3813 306.6187 0.0240308 -0.1880553
Moved 1162.181 388.7286 288.5428 0.0665014 -0.2434351
Moved 1162.232 394.0323 282.9677 0.07877846 -0.2605158
Moved 1162.282 397.0292 279.9708 0.08571565 -0.2696972
Moved 1162.362 399.8988 277 0.09235839 -0.278799
Ended 1162.415 400 275.6339 0.09259263 -0.2829843
Began 1162.603 288 398 -0.1666667 0.09191177
Stationary 1162.663 288 398 -0.1666667 0.09191177
Moved 1162.743 313.9145 407.9145 -0.1066793 0.1222871
Moved 1162.796 393.2657 436.1797 0.07700393 0.2088839
Moved 1162.847 438.5108 451.8369 0.1817379 0.2568534
Moved 1162.898 476.04 462.01 0.2686112 0.2880208
Moved 1162.95 487.4026 465 0.2949134 0.2971814
Moved 1163.002 491.6984 466 0.3048573 0.300245
Moved 1163.053 493 466 0.3078704 0.300245
Stationary 1163.103 493 466 0.3078704 0.300245
Moved 1163.153 452 417 0.2129629 0.1501226
Moved 1163.204 407.0562 370.3499 0.1089263 0.007199306
Moved 1163.271 371.2104 331.2104 0.02595007 -0.1127131
Moved 1163.322 344.7587 305.7587 -0.03528078 -0.1906904
Moved 1163.373 333.7723 294.7723 -0.06071225 -0.2243495
Moved 1163.427 315.433 280.9554 -0.1031643 -0.2666807
Moved 1163.478 302.5275 271.3516 -0.1330383 -0.2961041
Moved 1163.536 289.5759 261.5759 -0.1630188 -0.3260542
Moved 1163.588 279.4602 255.9735 -0.1864346 -0.3432183
Moved 1163.64 264.1418 247.0472 -0.2218939 -0.3705661
Moved 1163.692 248.9981 240.499 -0.2569489 -0.3906279
Moved 1163.749 228.412 233.353 -0.3046019 -0.4125213
Moved 1163.831 213.6724 229 -0.3387213 -0.4258578
Moved 1163.883 210.6769 228 -0.3456553 -0.4289216
Moved 1163.937 209 228 -0.349537 -0.4289216
Ended 1163.99 209 228 -0.349537 -0.4289216
Began 1164.17 433 326 0.1689814 -0.1286766
Stationary 1164.219 433 326 0.1689814 -0.1286766
Stationary 1164.268 433 326 0.1689814 -0.1286766
Stationary 1164.318 433 326 0.1689814 -0.1286766
Moved 1164.367 425.4573 335.6978 0.1515215 -0.09896522
Moved 1164.421 414.0809 358.1445 0.1251873 -0.03019464
Moved 1164.48 403.9499 409.451 0.1017359 0.1269947
Moved 1164.546 402 434.8417 0.09722222 0.2047847
Moved 1164.599 402 438 0.09722222 0.2144608
Moved 1164.66 418.3905 410.7841 0.1351632 0.1310787
Moved 1164.717 444.5583 345.0457 0.1957369 -0.07032563
Moved 1164.771 453.5546 306.059 0.2165615 -0.1897702
Moved 1164.829 460.006 268.97 0.2314954 -0.3034008
Moved 1164.878 461 260.0438 0.2337964 -0.330748
Moved 1164.926 462 252.502 0.2361111 -0.3538543
Moved 1164.976 463 248.7441 0.2384259 -0.3653672
Moved 1165.026 470.916 265.7145 0.2567501 -0.3133746
Moved 1165.078 497.6897 324.3019 0.3187262 -0.1338791
Moved 1165.128 525.8537 386.7074 0.3839206 0.05731433
Moved 1165.205 556.1893 440.3156 0.454142 0.221555
Moved 1165.256 565 455.6041 0.474537 0.2683951
Moved 1165.304 567.7768 459 0.4809648 0.2787991
Moved 1165.354 569 462.0856 0.4837963 0.2882526
Moved 1165.403 570.0251 463 0.4861692 0.291054
Moved 1165.451 570 465.1125 0.4861112 0.2975262
Moved 1165.503 570 466.1591 0.4861112 0.3007324
Moved 1165.554 556.9951 470.1675 0.4560071 0.3130131
Moved 1165.605 450.5202 473 0.2095376 0.3216912
Moved 1165.657 320.6924 431.8284 -0.09098976 0.1955528
Moved 1165.74 259.9835 411.7934 -0.2315197 0.134171
Moved 1165.79 244.1796 405.0898 -0.2681028 0.113633
Moved 1165.841 231.5217 399.7608 -0.2974035 0.09730648
Moved 1165.893 224.3777 397 -0.3139405 0.08884814
Moved 1165.943 218.0789 395 -0.3285211 0.08272064
Moved 1165.993 212.6936 393 -0.340987 0.0765931
Moved 1166.051 209.5 390.5 -0.3483796 0.06893382
Moved 1166.1 206.9534 390 -0.3542746 0.06740196
Moved 1166.151 205.6578 388.6578 -0.3572736 0.06328975
Moved 1166.202 204.9264 389 -0.3589666 0.06433833
Moved 1166.294 205 387.9341 -0.3587963 0.06107251
Ended 1166.343 205 388 -0.3587963 0.06127456
Began 1166.826 487 478 0.2939814 0.3370098
Stationary 1166.888 487 478 0.2939814 0.3370098
Stationary 1166.937 487 478 0.2939814 0.3370098
Stationary 1166.99 487 478 0.2939814 0.3370098
Moved 1167.042 478 478 0.2731481 0.3370098
Moved 1167.097 461.3707 449.5189 0.2346543 0.2497517
Moved 1167.152 439.024 408.5602 0.1829261 0.1242653
Moved 1167.207 416.9862 362.301 0.1319124 -0.01746009
Moved 1167.266 402.0981 334.1635 0.09744922 -0.1036657
Moved 1167.32 389.6235 302.494 0.06857295 -0.2006924
Moved 1167.387 382.1801 287.3603 0.05134294 -0.2470579
Moved 1167.44 379 278.5134 0.04398147 -0.2741623
Moved 1167.5 376 272.1082 0.03703703 -0.2937862
Moved 1167.553 371.8142 265.6285 0.0273478 -0.3136383
Moved 1167.614 356.2862 248.2861 -0.008596778 -0.3667704
Moved 1167.668 344.3784 236.3784 -0.03616104 -0.4032524
Moved 1167.721 339.5258 235 -0.04739409 -0.4074755
Moved 1167.772 334.3817 235 -0.05930165 -0.4074755
Moved 1167.823 322.9473 264.1758 -0.08577023 -0.3180888
Moved 1167.876 312.3525 307.5613 -0.1102951 -0.1851677
Moved 1167.961 292.4278 397.0056 -0.1564172 0.08886524
Moved 1168.012 284.3777 423.9929 -0.1750516 0.1715467
Moved 1168.063 275.2856 443.4287 -0.196098 0.2310929
Moved 1168.113 266.417 458.166 -0.2166273 0.2762439
Moved 1168.164 262.4734 462.5266 -0.2257561 0.2896037
Moved 1168.216 259.5 465 -0.2326389 0.2971814
Moved 1168.266 260 467.1993 -0.2314815 0.3039195
Moved 1168.317 270.2751 469 -0.2076966 0.3094364
Moved 1168.367 287.6211 469 -0.1675437 0.3094364
Moved 1168.42 307.5514 469 -0.1214088 0.3094364
Moved 1168.499 320.0798 469 -0.09240786 0.3094364
Moved 1168.553 323.5 469 -0.08449072 0.3094364
Moved 1168.606 327 461 -0.07638887 0.2849264
Moved 1168.661 328 461 -0.07407407 0.2849264
Moved 1168.713 329.2649 459.7351 -0.07114609 0.2810512
Ended 1168.767 330 457.5 -0.06944443 0.2742034
Began 1168.977 374 446 0.03240744 0.2389706
Stationary 1169.038 374 446 0.03240744 0.2389706
Stationary 1169.092 374 446 0.03240744 0.2389706
Moved 1169.143 394.1288 419.0328 0.07900188 0.1563505
Moved 1169.207 408.2192 391.5616 0.1116184 0.07218646
Moved 1169.261 416.8224 367.5327 0.1315334 -0.00143182
Moved 1169.315 423.796 350.6121 0.1476759 -0.05327178
Moved 1169.37 426.0898 341.8204 0.1529856 -0.08020719
Moved 1169.424 427 336.6213 0.1550926 -0.09613571
Moved 1169.474 427 332.2173 0.1550926 -0.1096282
Moved 1169.525 427 329.5 0.1550926 -0.1179533
Moved 1169.576 380.7958 353.3118 0.0481384 -0.04500071
Moved 1169.626 340.1375 385.8624 -0.04597793 0.05472562
Moved 1169.68 296.6255 422.3745 -0.1467002 0.1665884
Moved 1169.754 271.2054 444.0959 -0.2055429 0.2331369
Moved 1169.804 259.3414 453.3293 -0.2330059 0.2614255
Moved 1169.854 257 457.5 -0.2384259 0.2742034
Moved 1169.906 253.5 459.5 -0.2465278 0.2803309
Moved 1169.956 251.7142 461.2858 -0.2506617 0.2858022
Stationary 1170.011 252 461 -0.25 0.2849264
Moved 1170.06 250.7638 462.2362 -0.2528616 0.2887139
Moved 1170.11 251 463 -0.2523148 0.291054
Stationary 1170.16 251 463 -0.2523148 0.291054
Ended 1170.208 251 463 -0.2523148 0.291054
Began 1170.592 526 346 0.3842592 -0.06740196
Stationary 1170.652 526 346 0.3842592 -0.06740196
Stationary 1170.7 526 346 0.3842592 -0.06740196
Stationary 1170.752 526 346 0.3842592 -0.06740196
Moved 1170.806 495.8002 346 0.3143522 -0.06740196
Moved 1170.865 390.5736 364.5712 0.07077228 -0.01050482
Moved 1170.917 312.3666 367 -0.1102625 -0.003063632
Moved 1170.97 225.9173 367 -0.3103767 -0.003063632
Moved 1171.024 190.4541 367 -0.3924673 -0.003063632
Moved 1171.077 168.9508 358.317 -0.4422435 -0.02966619
Moved 1171.137 163.0224 358 -0.4559667 -0.03063726
Moved 1171.209 160 358 -0.462963 -0.03063726
Stationary 1171.267 160 358 -0.462963 -0.03063726
Moved 1171.322 164.8277 357.4636 -0.4517878 -0.03228066
Moved 1171.374 186.7833 343.2167 -0.4009646 -0.07592912
Moved 1171.443 202.271 324.458 -0.3651134 -0.1334006
Moved 1171.528 208 277.6213 -0.3518518 -0.2768956
Moved 1171.581 208 255.2178 -0.3518518 -0.3455338
Moved 1171.629 208 241.5668 -0.3518518 -0.3873567
Moved 1171.68 208 232.1134 -0.3518518 -0.4163193
Moved 1171.763 208 226.625 -0.3518518 -0.4331342
Moved 1171.812 208 224.6239 -0.3518518 -0.439265
Moved 1171.867 208 222.8573 -0.3518518 -0.4446774
Stationary 1171.916 208 222.8573 -0.3518518 -0.4446774
Moved 1171.967 208.6752 223 -0.3502889 -0.4442402
Moved 1172.021 224.219 252.0317 -0.3143077 -0.3552949
Moved 1172.073 251.3121 294.8535 -0.2515923 -0.2241008
Moved 1172.13 281.4831 341.7247 -0.181752 -0.0805004
Moved 1172.179 302.429 367.429 -0.1332662 -0.001749338
Moved 1172.23 338.8449 405.8449 -0.04897013 0.1159465
Moved 1172.323 375.2162 441.2162 0.03522267 0.2243143
Moved 1172.38 380.051 447.051 0.04641434 0.2421905
Moved 1172.436 381 451.5 0.04861106 0.2558211
Moved 1172.498 382 454.5 0.05092591 0.2650123
Moved 1172.551 382 456.0447 0.05092591 0.2697449
Moved 1172.601 382 458.2496 0.05092591 0.2765001
Moved 1172.652 382 460 0.05092591 0.2818628
Moved 1172.707 382 461 0.05092591 0.2849264
Moved 1172.758 382 462 0.05092591 0.2879903
Stationary 1172.807 382 462 0.05092591 0.2879903
Stationary 1172.907 382 462 0.05092591 0.2879903
Stationary 1172.962 382 462 0.05092591 0.2879903
Stationary 1173.014 382 462 0.05092591 0.2879903
Stationary 1173.066 382 462 0.05092591 0.2879903
Stationary 1173.122 382 462 0.05092591 0.2879903
Ended 1173.178 382 462 0.05092591 0.2879903
Began 1173.39 316 363 -0.1018519 -0.01531863
Stationary 1173.454 316 363 -0.1018519 -0.01531863
Stationary 1173.515 316 363 -0.1018519 -0.01531863
Moved 1173.569 337.3124 372.7499 -0.0525175 0.01455251
Moved 1173.633 434.0155 425.342 0.1713323 0.1756801
Moved 1173.691 473.6258 445.8129 0.2630227 0.2383973
Moved 1173.748 486.1396 452.7598 0.29199 0.2596807
Moved 1173.805 498.1198 458.1198 0.3197217 0.2761024
Moved 1173.863 506.9795 461.4897 0.3402303 0.286427
Moved 1173.917 508.355 461 0.3434144 0.2849264
Moved 1173.969 509 463.1772 0.3449074 0.2915968
Stationary 1174.022 509 463 0.3449074 0.291054
Stationary 1174.073 509 463 0.3449074 0.291054
Moved 1174.125 411.2549 410.3529 0.1186455 0.1297577
Moved 1174.2 352.5989 368.7708 -0.01713221 0.002361653
Moved 1174.264 330.5 352 -0.06828706 -0.04901961
Moved 1174.324 322.7954 345.7953 -0.08612181 -0.06802887
Moved 1174.39 319.5807 344 -0.09356315 -0.07352941
Moved 1174.443 318 343 -0.09722222 -0.07659314
Ended 1174.506 318 342 -0.09722222 -0.07965678
PhraseEnd 1176.387
