all work and no play
Basic
0.6 0.6
432 172.8
Began 936.1572 204 273 -0.3611111 0.1909722
Stationary 936.2252 204 273 -0.3611111 0.1909722
Stationary 936.285 204 273 -0.3611111 0.1909722
Stationary 936.3479 204 273 -0.3611111 0.1909722
Stationary 936.407 204 273 -0.3611111 0.1909722
Stationary 936.4662 204 273 -0.3611111 0.1909722
Stationary 936.5257 204 273 -0.3611111 0.1909722
Moved 936.5867 230.6198 273 -0.2994913 0.1909722
Moved 936.6502 349.4894 273 -0.02433007 0.1909722
Moved 936.7137 494.0012 273 0.310188 0.1909722
Moved 936.7736 535.918 273 0.4072176 0.1909722
Moved 936.8327 549.1691 273 0.4378914 0.1909722
Moved 936.8922 554 273 0.4490741 0.1909722
Moved 936.9504 557.1543 273 0.4563757 0.1909722
Ended 937.0322 559 273 0.4606481 0.1909722
Began 937.7064 274 291 -0.199074 0.2951389
Stationary 937.7753 274 291 -0.199074 0.2951389
Stationary 937.8353 274 291 -0.199074 0.2951389
Stationary 937.8967 274 291 -0.199074 0.2951389
Stationary 937.9569 274 291 -0.199074 0.2951389
Stationary 938.0179 274 291 -0.199074 0.2951389
Stationary 938.0804 274 291 -0.199074 0.2951389
Stationary 938.1487 274 291 -0.199074 0.2951389
Stationary 938.21 274 291 -0.199074 0.2951389
Stationary 938.2706 274 291 -0.199074 0.2951389
Stationary 938.3427 274 291 -0.199074 0.2951389
Stationary 938.4024 274 291 -0.199074 0.2951389
Stationary 938.4604 274 291 -0.199074 0.2951389
Stationary 938.5183 274 291 -0.199074 0.2951389
Stationary 938.5772 274 291 -0.199074 0.2951389
Stationary 938.6386 274 291 -0.199074 0.2951389
Moved 938.699 286.6353 301.4039 -0.1698258 0.3553468
Moved 938.7595 369.4122 309 0.02178738 0.3993057
Moved 938.8203 444.5117 313 0.195629 0.4224537
Moved 938.8868 503.6458 313 0.3325134 0.4224537
Moved 938.9844 525.6042 303 0.383343 0.3645834
Moved 939.0549 531.4152 300 0.3967945 0.3472222
Moved 939.121 531 297.9506 0.3958333 0.3353621
Moved 939.1848 510.9044 295 0.3493158 0.318287
Moved 939.2526 465.793 294 0.2448913 0.3125
Moved 939.3149 360.8755 294 0.002026657 0.3125
Moved 939.3783 327 294 -0.07638887 0.3125
Moved 939.4415 312.4954 294 -0.1099644 0.3125
Moved 939.5042 303.6657 294 -0.1304034 0.3125
Moved 939.5636 297.5951 294 -0.1444557 0.3125
Moved 939.6538 297 294 -0.1458333 0.3125
Moved 939.7131 324.7731 294 -0.08154372 0.3125
Moved 939.7734 393.4648 278.23 0.07746477 0.2212387
Moved 939.8354 431.878 269.2244 0.1663843 0.169123
Moved 939.8974 448.9854 263.5073 0.2059848 0.1360376
Moved 939.9578 456.8499 261 0.2241896 0.1215278
Moved 940.0191 462 258.4168 0.2361111 0.1065789
Moved 940.0794 464 256.5 0.2407408 0.09548612
Moved 940.1418 467.241 254.7589 0.2482431 0.08541055
Moved 940.2046 468 253.5 0.25 0.07812501
Moved 940.3007 470 251.5941 0.2546296 0.06709559
Moved 940.3613 471 250.8964 0.2569444 0.06305783
Stationary 940.4245 471 250.8964 0.2569444 0.06305783
Ended 940.485 471 251 0.2569444 0.06365723
Began 940.7158 166 221 -0.4490741 -0.1099537
Stationary 940.7889 166 221 -0.4490741 -0.1099537
Stationary 940.8544 166 221 -0.4490741 -0.1099537
Stationary 940.9174 166 221 -0.4490741 -0.1099537
Stationary 940.9801 166 221 -0.4490741 -0.1099537
Stationary 941.048 166 221 -0.4490741 -0.1099537
Moved 941.1169 221.0583 211.7334 -0.3216244 -0.1635799
Moved 941.1808 312.2284 189.3319 -0.1105824 -0.2932181
Moved 941.2455 361.7935 181 0.004151563 -0.3414352
Moved 941.3093 387.6339 176.3416 0.06396731 -0.3683936
Moved 941.3734 406.1952 174 0.1069333 -0.3819443
Moved 941.4388 417.227 170.7729 0.1324699 -0.4006195
Moved 941.5013 420 171 0.1388889 -0.3993057
Moved 941.563 408.9738 171 0.1133652 -0.3993057
Moved 941.6245 365.5195 200.8547 0.01277665 -0.2265351
Moved 941.6856 314 224 -0.1064815 -0.09259242
Moved 941.7778 277.6696 246.5536 -0.1905795 0.03792569
Moved 941.8402 267.7079 251.146 -0.2136391 0.06450247
Moved 941.9057 263.5 254.5 -0.2233796 0.08391222
Moved 941.9693 261.5 255 -0.2280093 0.08680573
Moved 942.0351 260.9635 256.0365 -0.2292511 0.09280381
Moved 942.0938 259.8824 256 -0.2317536 0.0925926
Moved 942.1524 260 257.1022 -0.2314815 0.09897127
Stationary 942.2106 260 257.1022 -0.2314815 0.09897127
Ended 942.2694 260 257 -0.2314815 0.09837963
Began 942.4386 388 149 0.06481478 -0.5266202
Stationary 942.5059 388 149 0.06481478 -0.5266202
Stationary 942.5641 388 149 0.06481478 -0.5266202
Moved 942.6374 400.0334 161.0334 0.09266992 -0.4569826
Moved 942.7179 423.3134 194.1417 0.1465589 -0.2653836
Moved 942.7795 450.9066 235.2693 0.210432 -0.02737681
Moved 942.8417 484.8446 270.8757 0.2889921 0.1786787
Moved 942.9073 504.1962 291.1962 0.3337875 0.2962743
Moved 942.9812 511.5571 298 0.3508267 0.3356482
Moved 943.0441 513 300.5 0.3541666 0.3501157
Moved 943.1093 515.3401 302 0.3595835 0.3587963
Moved 943.174 515 303 0.3587963 0.3645834
Ended 943.2378 515 303 0.3587963 0.3645834
Began 943.4958 628 339 0.6203704 0.5729169
Stationary 943.5575 628 339 0.6203704 0.5729169
Stationary 943.6179 628 339 0.6203704 0.5729169
Stationary 943.6743 628 339 0.6203704 0.5729169
Moved 943.7331 617.7713 339 0.5966929 0.5729169
Moved 943.7948 606.5428 328.2714 0.5707009 0.51083
Moved 943.8535 581.6319 301.0847 0.5130368 0.3534992
Moved 943.9119 547.0226 267.027 0.4329226 0.1564065
Moved 943.9745 525.2673 241.9009 0.3825631 0.01100046
Moved 944.0375 514.7866 232.8933 0.3583022 -0.04112668
Moved 944.1111 508.0695 226.0695 0.3427534 -0.08061656
Moved 944.1736 501.3404 224 0.327177 -0.09259242
Moved 944.2361 488.8204 224 0.2981955 -0.09259242
Moved 944.2968 454.6021 235.9092 0.2189865 -0.02367355
Moved 944.3579 385.6353 247.2244 0.05934109 0.04180767
Moved 944.4189 299.449 259 -0.1401644 0.1099539
Moved 944.4795 238.7056 260 -0.280774 0.1157407
Moved 944.5397 204.3955 260 -0.3601956 0.1157407
Moved 944.5985 188.9672 260 -0.3959093 0.1157407
Moved 944.6589 176.1704 260 -0.4255314 0.1157407
Moved 944.7524 170 260 -0.4398148 0.1157407
Stationary 944.8112 170 260 -0.4398148 0.1157407
Moved 944.8704 198.4093 274.293 -0.3740526 0.198455
Moved 944.9324 281.5 300.5 -0.181713 0.3501157
Moved 944.9946 343.6879 308.948 -0.03775944 0.3990046
Moved 945.0593 364.4645 311.2323 0.01033455 0.412224
Moved 945.1274 378.9567 311 0.04388133 0.4108796
Moved 945.1891 383.5 311 0.05439818 0.4108796
Moved 945.2498 386.0947 311 0.06040434 0.4108796
Moved 945.314 388 311 0.06481478 0.4108796
Ended 945.4061 388 311 0.06481478 0.4108796
PhraseEnd 947.7468
