breathing is difficult
Basic
0.8 0.8
575.9999 435.2
Began 661.7625 398 119 0.06597222 -0.5721506
Stationary 661.797 398 119 0.06597222 -0.5721506
Stationary 661.8258 398 119 0.06597222 -0.5721506
Stationary 661.8561 398 119 0.06597222 -0.5721506
Stationary 661.8857 398 119 0.06597222 -0.5721506
Stationary 661.9155 398 119 0.06597222 -0.5721506
Stationary 661.9435 398 119 0.06597222 -0.5721506
Stationary 661.972 398 119 0.06597222 -0.5721506
Stationary 662.0001 398 119 0.06597222 -0.5721506
Stationary 662.0287 398 119 0.06597222 -0.5721506
Stationary 662.0623 398 119 0.06597222 -0.5721506
Stationary 662.0901 398 119 0.06597222 -0.5721506
Stationary 662.1194 398 119 0.06597222 -0.5721506
Stationary 662.1479 398 119 0.06597222 -0.5721506
Stationary 662.1895 398 119 0.06597222 -0.5721506
Stationary 662.2192 398 119 0.06597222 -0.5721506
Stationary 662.2476 398 119 0.06597222 -0.5721506
Stationary 662.2761 398 119 0.06597222 -0.5721506
Moved 662.3045 398 128.4288 0.06597222 -0.5504853
Moved 662.3344 398 129.5 0.06597222 -0.5480239
Moved 662.3649 398 131.2869 0.06597222 -0.5439181
Stationary 662.3956 398 131 0.06597222 -0.5445772
Moved 662.4244 398 132 0.06597222 -0.5422794
Stationary 662.4534 398 132 0.06597222 -0.5422794
Moved 662.4995 398 134.5 0.06597222 -0.5365349
Moved 662.5304 398 137.053 0.06597222 -0.5306687
Moved 662.5619 393.5991 141.5148 0.05833172 -0.5204165
Moved 662.5943 381 177 0.0364583 -0.4388787
Moved 662.6283 367.8781 237.3577 0.01367718 -0.3001892
Moved 662.6613 352.6515 304.754 -0.01275782 -0.1453262
Moved 662.6926 337.9888 372.8539 -0.03821395 0.01115322
Moved 662.7238 326.6852 409.1804 -0.05783812 0.09462406
Moved 662.7542 319.6135 433.546 -0.07011548 0.1506113
Moved 662.7823 314.891 448.3269 -0.07831421 0.1845747
Moved 662.8307 304.2364 479.2907 -0.09681177 0.2557231
Moved 662.8605 301.6899 484.6202 -0.1012329 0.2679694
Moved 662.8897 297.5085 492.4915 -0.1084922 0.2860559
Moved 662.9201 291.7653 495.6174 -0.1184631 0.2932385
Moved 662.9514 285.1014 498.4493 -0.1300322 0.2997456
Moved 662.9836 274.9171 499 -0.1477133 0.3010111
Moved 663.0154 261.06 499 -0.1717708 0.3010111
Moved 663.0485 248.0265 499 -0.1943985 0.3010111
Moved 663.0802 234.7578 499 -0.2174345 0.3010111
Moved 663.1122 223.4525 499 -0.2370617 0.3010111
Moved 663.1638 210.1901 499 -0.2600866 0.3010111
Moved 663.196 203.3938 499 -0.2718858 0.3010111
Moved 663.2343 195.4437 489.4437 -0.285688 0.2790528
Moved 663.266 186.4027 478.7534 -0.3013842 0.2544886
Moved 663.2972 171.4074 461.3704 -0.3274176 0.2145461
Moved 663.3293 151.7641 434.6592 -0.3615208 0.1531691
Moved 663.361 134.5 408.9 -0.3914931 0.09397984
Moved 663.391 116.824 379.6479 -0.4221806 0.02676459
Moved 663.4209 105 357 -0.4427084 -0.02527574
Moved 663.4508 96.42815 336.6656 -0.45759 -0.07199989
Moved 663.4987 91 318.9988 -0.4670139 -0.1125946
Moved 663.5287 89.64137 315.6414 -0.4693727 -0.1203094
Moved 663.5583 90 312.5 -0.46875 -0.1275276
Moved 663.5895 90 313 -0.46875 -0.1263787
Moved 663.6248 108.9354 321.6935 -0.4358761 -0.1064028
Moved 663.6549 161.1569 360.4395 -0.3452137 -0.01737258
Moved 663.6862 204.4578 389.4006 -0.2700385 0.04917412
Moved 663.7173 221.5108 402.5923 -0.2404326 0.07948617
Moved 663.7521 244.9243 418.7546 -0.1997843 0.1166236
Moved 663.7814 271.6611 441.3285 -0.1533661 0.1684938
Moved 663.832 308.3245 470.1947 -0.08971442 0.2348224
Moved 663.8635 316.3807 476.3807 -0.07572793 0.2490366
Moved 663.9002 319.4358 479.8715 -0.07042405 0.2570578
Moved 663.9345 322.312 480 -0.06543048 0.257353
Moved 663.9685 324 481 -0.06250002 0.2596507
Moved 663.999 328.3457 481 -0.05495533 0.2596507
Moved 664.0326 347.303 468.7836 -0.02204344 0.2315799
Moved 664.0649 372.3936 448.5306 0.02151668 0.1850427
Moved 664.0961 389.9141 429.7668 0.05193428 0.1419275
Moved 664.1281 408.9059 402.1412 0.084906 0.07844954
Moved 664.1768 419.2031 387.1953 0.1027832 0.04410692
Moved 664.2065 423.2925 382.7075 0.1098828 0.03379485
Moved 664.2364 430.1633 381 0.1218113 0.02987133
Moved 664.2667 446.2484 394.8727 0.1497369 0.06174789
Moved 664.2975 468.3178 424.2664 0.1880518 0.1292887
Moved 664.3283 483.9958 446.6611 0.2152704 0.180747
Moved 664.3597 496.8177 466.4311 0.2375308 0.2261744
Moved 664.3917 512.2735 487.3419 0.2643637 0.2742231
Moved 664.4231 521.3724 497.3724 0.2801605 0.2972713
Moved 664.4547 524.4463 500 0.285497 0.3033088
Moved 664.5057 527.7496 502 0.291232 0.3079045
Moved 664.5375 516.8125 462.575 0.2722439 0.2173139
Moved 664.5681 496.6902 417.3804 0.2373094 0.1134661
Moved 664.5998 473.7685 370.5369 0.1975147 0.005829335
Moved 664.6323 459.2892 336.2361 0.172377 -0.0729868
Moved 664.678 439.4639 292.6206 0.1379582 -0.1732063
Moved 664.711 427.3306 272.8286 0.1168934 -0.2186843
Moved 664.7401 414.8742 248.7484 0.09526774 -0.2740156
Moved 664.7686 407.7667 235.9167 0.08292831 -0.3035001
Moved 664.8034 402.0276 224.5414 0.07296459 -0.3296383
Moved 664.8533 396.4476 214.4475 0.06327704 -0.352832
Moved 664.8823 393.6844 210.6843 0.05847976 -0.361479
Moved 664.9124 390.7999 209 0.05347208 -0.3653492
Moved 664.941 383.8314 209 0.04137397 -0.3653492
Moved 664.9705 368.5718 238.8564 0.01488157 -0.2967453
Moved 664.9991 359.7013 267.329 -0.0005185977 -0.2313213
Moved 665.0287 354.3868 293.7592 -0.009745061 -0.17059
Moved 665.0578 354 301.1816 -0.01041666 -0.1535351
Moved 665.0858 353 328 -0.01215279 -0.09191177
Moved 665.1156 352 344.1736 -0.01388889 -0.0547482
Moved 665.1652 352 367.3544 -0.01388889 -0.001483595
Moved 665.1945 352 373.6962 -0.01388889 0.01308876
Moved 665.2237 352 376.5 -0.01388889 0.01953132
Moved 665.2526 352 378.7312 -0.01388889 0.02465809
Moved 665.2813 352 380.5 -0.01388889 0.02872243
Moved 665.3107 352 381.1345 -0.01388889 0.03018029
Stationary 665.3394 352 381.1345 -0.01388889 0.03018029
Moved 665.3682 352 382 -0.01388889 0.03216912
Ended 665.397 352 382 -0.01388889 0.03216912
Began 665.8981 525 477 0.2864583 0.2504596
Stationary 665.9415 525 477 0.2864583 0.2504596
Stationary 665.9824 525 477 0.2864583 0.2504596
Stationary 666.0156 525 477 0.2864583 0.2504596
Stationary 666.0462 525 477 0.2864583 0.2504596
Stationary 666.0745 525 477 0.2864583 0.2504596
Stationary 666.1024 525 477 0.2864583 0.2504596
Stationary 666.1315 525 477 0.2864583 0.2504596
Stationary 666.163 525 477 0.2864583 0.2504596
Stationary 666.1921 525 477 0.2864583 0.2504596
Stationary 666.2288 525 477 0.2864583 0.2504596
Moved 666.261 507.9324 477 0.2568271 0.2504596
Moved 666.2917 467.684 454.5345 0.1869513 0.1988385
Moved 666.3234 393.3858 414.9377 0.0579615 0.1078531
Moved 666.3596 353.5041 390.1901 -0.01127768 0.0509882
Moved 666.3888 319.5463 372.0983 -0.0702322 0.009417044
Moved 666.4185 288.7773 356.9109 -0.1236506 -0.02548043
Moved 666.4552 266.2566 346.8242 -0.162749 -0.04865759
Moved 666.4879 255.173 341.0692 -0.1819913 -0.06188134
Moved 666.5176 244.4897 336.1632 -0.2005388 -0.07315433
Moved 666.5699 232.6439 330.822 -0.2211043 -0.08542749
Moved 666.6017 229.8908 330 -0.225884 -0.08731611
Moved 666.6358 227.022 329 -0.2308645 -0.08961391
Moved 666.6676 224.148 328.148 -0.2358542 -0.09157167
Moved 666.7004 219.2866 328 -0.244294 -0.09191177
Moved 666.736 206.3332 326.3333 -0.2667827 -0.09574141
Moved 666.7683 196.9213 325 -0.2831227 -0.09880515
Moved 666.7986 189.7473 325 -0.2955777 -0.09880515
Moved 666.831 184.0959 324 -0.305389 -0.1011029
Moved 666.8623 180.1719 324 -0.3122015 -0.1011029
Moved 666.9176 176.5 324 -0.3185764 -0.1011029
Moved 666.9485 174.5 323 -0.3220486 -0.1034007
Moved 666.9783 173.9581 323 -0.3229895 -0.1034007
Moved 667.0104 172.6261 323 -0.325302 -0.1034007
Moved 667.0414 171.8417 323 -0.3266638 -0.1034007
Moved 667.076 169.6255 322 -0.3305113 -0.1056985
Moved 667.1044 168.7613 322 -0.3320117 -0.1056985
Ended 667.1343 167.9233 322 -0.3334665 -0.1056985
Began 667.4203 319 364 -0.07118054 -0.009191107
Stationary 667.4549 319 364 -0.07118054 -0.009191107
Stationary 667.4853 319 364 -0.07118054 -0.009191107
Stationary 667.5151 319 364 -0.07118054 -0.009191107
Stationary 667.5444 319 364 -0.07118054 -0.009191107
Stationary 667.5752 319 364 -0.07118054 -0.009191107
Stationary 667.6068 319 364 -0.07118054 -0.009191107
Stationary 667.637 319 364 -0.07118054 -0.009191107
Stationary 667.6669 319 364 -0.07118054 -0.009191107
Stationary 667.6975 319 364 -0.07118054 -0.009191107
Stationary 667.7308 319 364 -0.07118054 -0.009191107
Stationary 667.7628 319 364 -0.07118054 -0.009191107
Stationary 667.7943 319 364 -0.07118054 -0.009191107
Moved 667.8251 324.6519 369.652 -0.06136816 0.003795975
Moved 667.8563 347.1465 396.9332 -0.02231501 0.0664825
Moved 667.9028 405.9678 441.4393 0.07980518 0.1687484
Moved 667.9353 460.2241 471.0897 0.1740002 0.2368789
Moved 667.9714 488 485 0.2222222 0.268842
Moved 668.0036 503.4255 490.1702 0.2490026 0.2807219
Moved 668.0347 510.9247 494.9247 0.2620219 0.2916469
Moved 668.0652 514.8351 496 0.268811 0.2941177
Moved 668.095 516.2494 498.2494 0.2712663 0.2992863
Moved 668.1273 517.3729 499.3729 0.2732168 0.3018678
Moved 668.1616 517 500.5 0.2725694 0.3044578
Moved 668.1925 517 501 0.2725694 0.3056066
Moved 668.2437 500.6725 502 0.2442231 0.3079045
Moved 668.278 432.8571 458.5714 0.1264881 0.2081145
Moved 668.308 399.4513 433.1011 0.06849185 0.1495889
Moved 668.3392 372.5551 411.8251 0.02179712 0.100701
Moved 668.3698 352.4265 395.958 -0.01314837 0.06424183
Moved 668.4001 333.3775 382.1268 -0.0462196 0.03246041
Moved 668.4301 321.2619 373.1571 -0.06725363 0.01185004
Moved 668.4604 307.8945 365.5367 -0.09046093 -0.005660128
Moved 668.4926 297.2376 359.3094 -0.1089624 -0.01996924
Moved 668.5248 285.5 352.5 -0.1293403 -0.03561581
Moved 668.5773 275.5 347.5 -0.1467014 -0.04710478
Moved 668.6081 270.1845 344.5922 -0.1559297 -0.05378625
Moved 668.649 265.7484 343 -0.1636312 -0.05744486
Moved 668.6794 263.7816 341.7816 -0.1670457 -0.06024446
Moved 668.7101 262.9693 342 -0.1684561 -0.05974258
Stationary 668.7404 262.9693 342 -0.1684561 -0.05974258
Moved 668.7689 261.751 342 -0.1705711 -0.05974258
Moved 668.7986 260.928 342 -0.1720001 -0.05974258
Stationary 668.8289 260.928 342 -0.1720001 -0.05974258
Stationary 668.8655 260.928 342 -0.1720001 -0.05974258
Stationary 668.917 260.928 342 -0.1720001 -0.05974258
Stationary 668.9462 260.928 342 -0.1720001 -0.05974258
Stationary 668.9745 261 342 -0.171875 -0.05974258
Stationary 669.0042 261 342 -0.171875 -0.05974258
Stationary 669.0342 261 342 -0.171875 -0.05974258
Stationary 669.0668 261 342 -0.171875 -0.05974258
Stationary 669.0985 261 342 -0.171875 -0.05974258
Moved 669.1307 261 350.5 -0.171875 -0.0402114
Moved 669.1615 269.4294 352.4294 -0.1572406 -0.03577794
Moved 669.1935 273.3067 355.3067 -0.1505091 -0.02916652
Moved 669.244 321.0135 384.0081 -0.06768481 0.03678336
Moved 669.2753 373.4833 411.4627 0.02340846 0.09986836
Moved 669.3055 407.8873 428.4437 0.08313761 0.1388872
Moved 669.3357 438.7447 445.8582 0.1367096 0.1789021
Moved 669.366 459.0756 456.3837 0.1720063 0.2030877
Moved 669.396 474.9095 463.4548 0.1994957 0.2193355
Moved 669.4252 479.4168 464.8542 0.2073209 0.2225511
Moved 669.4547 486.3752 468 0.2194013 0.2297794
Moved 669.4893 491.9864 471 0.2291431 0.2366728
Moved 669.5189 494 472 0.2326389 0.2389706
Moved 669.566 495 473 0.234375 0.2412684
Moved 669.5955 495 474.3687 0.234375 0.2444134
Stationary 669.625 495 474 0.234375 0.2435662
Moved 669.6539 469.3527 462.8401 0.1898485 0.2179232
Moved 669.6845 420.7544 426.8928 0.1054763 0.1353235
Moved 669.7145 383.6348 390.1983 0.04103266 0.0510071
Moved 669.7443 358.518 357.8975 -0.002572872 -0.02321342
Moved 669.7743 338.4112 331.9404 -0.03748063 -0.08285755
Moved 669.8032 322.1794 307.0639 -0.06566085 -0.1400186
Moved 669.8332 314.8352 293.6703 -0.07841115 -0.1707942
Moved 669.8813 309.4426 283.8853 -0.08777321 -0.1932783
Moved 669.9256 307 279.1286 -0.09201389 -0.2042082
Moved 669.9571 306 277.2535 -0.09374999 -0.2085167
Moved 669.9904 306 275.7357 -0.09374999 -0.2120043
Stationary 670.0211 306 276 -0.09374999 -0.2113971
Moved 670.051 306 274.8096 -0.09374999 -0.2141324
Stationary 670.0802 306 274.8096 -0.09374999 -0.2141324
Stationary 670.1104 306 275 -0.09374999 -0.2136949
Stationary 670.1431 306 275 -0.09374999 -0.2136949
Moved 670.1733 319.7734 289.9667 -0.06983791 -0.1793044
Moved 670.2224 347.3186 326.7581 -0.02201632 -0.09476537
Moved 670.2527 369.1112 360.1946 0.0158181 -0.01793511
Moved 670.2827 388.2636 389.8428 0.04906885 0.05019034
Moved 670.3124 403.9758 415.3871 0.07634692 0.1088859
Moved 670.3425 424.5777 452.8925 0.112114 0.1950654
Moved 670.3743 437.5335 482.3338 0.1346068 0.2627156
Moved 670.4065 442.0144 495.0577 0.1423861 0.2919524
Moved 670.4382 443 501.1196 0.1440972 0.3058815
Moved 670.4717 444 504.8687 0.1458333 0.314496
Stationary 670.5002 444 505 0.1458333 0.3147978
Moved 670.5482 454.5551 497.3618 0.1641581 0.2972467
Moved 670.5802 481.7401 469.6859 0.2113543 0.2336533
Moved 670.6128 506.9905 445.0095 0.2551919 0.1769519
Moved 670.6494 530.1231 419.8522 0.2953526 0.1191458
Moved 670.684 545.4302 403.4558 0.3219274 0.08147019
Moved 670.7181 567.783 382.4128 0.3607344 0.03311768
Moved 670.7515 574.4835 376.5165 0.3723672 0.01956912
Moved 670.7852 581.2134 372.3932 0.3840511 0.01009485
Moved 670.8162 584.4708 371 0.3897063 0.006893383
Moved 670.8497 585.5 370 0.3914931 0.004595589
Moved 670.899 586 370 0.3923612 0.004595589
Moved 670.9312 573.2437 370 0.3702147 0.004595589
Moved 670.9647 536.4567 399.9497 0.3063484 0.07341392
Moved 670.9976 479.626 438.2559 0.207684 0.1614337
Moved 671.0294 429.5403 468.1336 0.1207297 0.2300865
Moved 671.0667 394.2656 486.8672 0.05948886 0.2731324
Moved 671.0997 374.9675 493.2903 0.02598524 0.2878914
Moved 671.132 348.007 499 -0.02082121 0.3010111
Moved 671.1608 338.7354 500.0378 -0.03691763 0.3033956
Moved 671.1905 329.199 501.7003 -0.0534739 0.3072157
Moved 671.2399 314.2776 503 -0.07937919 0.3102022
Moved 671.2695 311.4106 504 -0.08435652 0.3125001
Moved 671.2981 307.5 504 -0.09114582 0.3125001
Moved 671.3264 304.8007 504 -0.0958322 0.3125001
Moved 671.3549 302.919 505 -0.09909891 0.3147978
Moved 671.384 301.5 505 -0.1015625 0.3147978
Moved 671.4128 299.8063 505 -0.1045029 0.3147978
Moved 671.4419 298.8908 505 -0.1060924 0.3147978
Stationary 671.4798 299 505 -0.1059028 0.3147978
Moved 671.5101 297.5 505 -0.1085069 0.3147978
Moved 671.5605 296.8571 505 -0.1096231 0.3147978
Stationary 671.5908 296.8571 505 -0.1096231 0.3147978
Moved 671.6242 295.8505 505 -0.1113707 0.3147978
Stationary 671.6547 295.8505 505 -0.1113707 0.3147978
Stationary 671.6829 295.8505 505 -0.1113707 0.3147978
Moved 671.7172 294.9278 505 -0.1129726 0.3147978
Stationary 671.7487 295 505 -0.1128472 0.3147978
Stationary 671.7807 295 505 -0.1128472 0.3147978
Stationary 671.8117 295 505 -0.1128472 0.3147978
Stationary 671.8412 295 505 -0.1128472 0.3147978
Stationary 671.8877 295 505 -0.1128472 0.3147978
Ended 671.9158 295 505 -0.1128472 0.3147978
PhraseEnd 673.6475
