are you talking to me
Basic
0.8 0.8
575.9999 435.2
Began 774.0468 205 363 -0.2690972 -0.01148897
Stationary 774.0919 205 363 -0.2690972 -0.01148897
Stationary 774.1287 205 363 -0.2690972 -0.01148897
Stationary 774.1669 205 363 -0.2690972 -0.01148897
Stationary 774.2034 205 363 -0.2690972 -0.01148897
Stationary 774.2404 205 363 -0.2690972 -0.01148897
Stationary 774.2765 205 363 -0.2690972 -0.01148897
Moved 774.3143 218.9843 363 -0.244819 -0.01148897
Moved 774.3527 236.1589 375.053 -0.2150019 0.01620629
Moved 774.3894 244.1988 380.7982 -0.2010438 0.02940753
Moved 774.4265 253.8063 389.8063 -0.184364 0.05010644
Moved 774.471 270.8427 406.8427 -0.1547871 0.08925242
Moved 774.507 280.201 417.2009 -0.13854 0.1130536
Moved 774.5464 290.0724 428.0724 -0.121402 0.1380341
Moved 774.5848 299.6302 436.6302 -0.1048087 0.157698
Moved 774.6238 316.7232 453.7232 -0.07513334 0.1969743
Moved 774.6644 322.7738 460.5476 -0.06462879 0.2126554
Moved 774.7011 326 465.8127 -0.05902778 0.2247534
Moved 774.7389 326 468.6178 -0.05902778 0.231199
Moved 774.7758 326 474.8354 -0.05902778 0.2454858
Moved 774.8134 326 477.5 -0.05902778 0.2516085
Moved 774.8748 301.153 486.3388 -0.1021649 0.2719182
Moved 774.9143 269.1819 496.9545 -0.1576704 0.296311
Moved 774.957 249.8689 499 -0.1911998 0.3010111
Moved 774.9968 227.7104 501 -0.2296694 0.3056066
Moved 775.0371 213.3981 501 -0.2545172 0.3056066
Moved 775.0746 207.7187 501 -0.2643774 0.3056066
Moved 775.1143 201.5529 501 -0.2750818 0.3056066
Moved 775.1589 198.9915 494 -0.2795287 0.2895221
Moved 775.2 197 492.6848 -0.2829861 0.2864999
Moved 775.2394 194.9079 493 -0.2866182 0.2872243
Moved 775.2971 193.9626 493 -0.2882593 0.2872243
Ended 775.3353 194 493 -0.2881945 0.2872243
Began 775.844 415 495 0.09548612 0.2918199
Stationary 775.887 415 495 0.09548612 0.2918199
Stationary 775.9221 415 495 0.09548612 0.2918199
Stationary 775.9671 415 495 0.09548612 0.2918199
Stationary 776.0122 415 495 0.09548612 0.2918199
Stationary 776.0518 415 495 0.09548612 0.2918199
Moved 776.0894 435.5 495 0.1310764 0.2918199
Moved 776.1262 442.7781 495 0.1437119 0.2918199
Moved 776.1634 453.7728 495 0.1628 0.2918199
Moved 776.2043 472.1342 495 0.1946775 0.2918199
Moved 776.2423 534.5 495 0.3029514 0.2918199
Moved 776.2813 559.7392 495 0.3467695 0.2918199
Moved 776.3194 580.9484 495 0.383591 0.2918199
Moved 776.3568 589.5258 495 0.3984824 0.2918199
Moved 776.3956 593 495 0.404514 0.2918199
Stationary 776.433 593 495 0.404514 0.2918199
Moved 776.4713 593 503.4049 0.404514 0.3111327
Moved 776.5301 483.6193 508 0.2146168 0.3216912
Moved 776.5646 458.0653 509 0.1702522 0.323989
Moved 776.5989 444.8957 510 0.1473884 0.3262868
Moved 776.6345 437.8309 510 0.1351231 0.3262868
Moved 776.6692 429.2471 510 0.1202206 0.3262868
Moved 776.7043 426.5 510 0.1154514 0.3262868
Moved 776.7438 422.8002 511 0.1090281 0.3285846
Moved 776.7811 421.6266 511 0.1069906 0.3285846
Moved 776.8188 420.749 511 0.1054671 0.3285846
Moved 776.8561 420 511 0.1041666 0.3285846
Moved 776.9166 419 512.0626 0.1024306 0.3310263
Stationary 776.9597 419 512.0626 0.1024306 0.3310263
Stationary 776.9974 419 512.0626 0.1024306 0.3310263
Stationary 777.0344 419 512.0626 0.1024306 0.3310263
Moved 777.0717 419 513 0.1024306 0.3331802
Stationary 777.1072 419 513 0.1024306 0.3331802
Stationary 777.1439 419 513 0.1024306 0.3331802
Ended 777.1795 419 513 0.1024306 0.3331802
Began 777.7222 287 479 -0.1267361 0.2550552
Stationary 777.7628 287 479 -0.1267361 0.2550552
Stationary 777.8046 287 479 -0.1267361 0.2550552
Stationary 777.8411 287 479 -0.1267361 0.2550552
Stationary 777.8779 287 479 -0.1267361 0.2550552
Stationary 777.9139 287 479 -0.1267361 0.2550552
Stationary 777.95 287 479 -0.1267361 0.2550552
Stationary 777.9861 287 479 -0.1267361 0.2550552
Stationary 778.0234 287 479 -0.1267361 0.2550552
Moved 778.0643 259.641 459.5342 -0.1742344 0.2103268
Moved 778.1011 210.6088 422.087 -0.2593597 0.1242808
Moved 778.1409 188.2626 404.4733 -0.2981552 0.08380824
Moved 778.18 157.6524 382.7517 -0.351298 0.03389639
Moved 778.2206 134.2536 363.2535 -0.3919209 -0.01090639
Moved 778.2602 125.3258 354.3258 -0.4074205 -0.03142049
Moved 778.2992 118.797 345.7969 -0.4187553 -0.05101807
Moved 778.3367 115.9282 343 -0.4237359 -0.05744486
Moved 778.3748 113.8126 341 -0.4274088 -0.06204045
Stationary 778.4127 113.8126 341 -0.4274088 -0.06204045
Moved 778.4726 195.0836 358.9454 -0.2863132 -0.02080553
Moved 778.5082 277.0661 372.8685 -0.1439825 0.01118674
Moved 778.5469 369.7354 384.478 0.01690179 0.03786294
Moved 778.5867 410.4725 384 0.08762584 0.03676478
Moved 778.625 454.858 384 0.1646841 0.03676478
Moved 778.6635 478.3793 375.6207 0.2055196 0.01751073
Moved 778.7028 506.9692 372.5051 0.2551549 0.01035186
Moved 778.7409 517.9562 372 0.2742296 0.009191248
Moved 778.7798 526.2859 371 0.2886909 0.006893383
Moved 778.8167 530.1451 370 0.2953909 0.004595589
Moved 778.8751 532.114 370 0.298809 0.004595589
Stationary 778.9102 532 370 0.2986111 0.004595589
Moved 778.9448 532 368.9316 0.2986111 0.002140578
Stationary 778.9808 532 369 0.2986111 0.002297794
Stationary 779.0161 532 369 0.2986111 0.002297794
Stationary 779.0496 532 369 0.2986111 0.002297794
Moved 779.0836 533.087 369 0.3004983 0.002297794
Moved 779.1193 534.1867 369 0.3024074 0.002297794
Stationary 779.1545 534.1867 369 0.3024074 0.002297794
Moved 779.1899 535.1867 369 0.3041436 0.002297794
Moved 779.248 536.1725 369 0.3058551 0.002297794
Moved 779.2847 537.0886 369 0.3074455 0.002297794
Moved 779.3203 538.0861 369 0.3091772 0.002297794
Stationary 779.3552 538.0861 369 0.3091772 0.002297794
Moved 779.3918 539.1496 369 0.3110236 0.002297794
Stationary 779.4276 539.1496 369 0.3110236 0.002297794
Moved 779.4665 533.0193 369 0.3003808 0.002297794
Moved 779.5052 524.929 369 0.286335 0.002297794
Moved 779.5447 507.9762 377.6746 0.2569032 0.02223029
Moved 779.5826 500 380.5 0.2430555 0.02872243
Moved 779.643 490.0497 384.9752 0.2257808 0.03900546
Moved 779.6821 486.7173 389.2827 0.2199954 0.04890316
Moved 779.7185 486 394.7339 0.21875 0.06142901
Moved 779.7552 485 407.1475 0.2170139 0.08995299
Moved 779.7916 492.922 444.9025 0.2307674 0.176706
Moved 779.8276 500.5 473 0.2439236 0.2412684
Moved 779.8646 508 493.3859 0.2569445 0.2881111
Moved 779.9001 509 497.6638 0.2586806 0.2979408
Moved 779.9373 510 499.5 0.2604167 0.30216
Moved 779.9763 510 499 0.2604167 0.3010111
Moved 780.0404 472.8849 415.7699 0.1959808 0.1097654
Moved 780.0814 451.1451 364.8626 0.158238 -0.007209148
Moved 780.1234 439.6686 333.0059 0.1383136 -0.08040934
Moved 780.1623 432.8499 304.5498 0.1264756 -0.1457955
Moved 780.1998 430.0338 291.1353 0.1215865 -0.1766194
Moved 780.2388 427.741 269.9641 0.1176059 -0.2252663
Moved 780.2827 428 257.2647 0.1180556 -0.2544469
Moved 780.3222 428 251.7749 0.1180556 -0.2670614
Moved 780.361 428 245.6013 0.1180556 -0.281247
Moved 780.3995 428 243 0.1180556 -0.2872243
Moved 780.4592 411.4615 271.077 0.08934289 -0.2227092
Moved 780.498 391.5142 314.9716 0.05471215 -0.1218482
Moved 780.5338 384.0215 333.4464 0.04170388 -0.07939718
Moved 780.5724 377.2009 348.3973 0.02986267 -0.04504288
Moved 780.6102 374.7639 352.2361 0.02563186 -0.03622217
Moved 780.6482 370.3656 357.6343 0.01799591 -0.02381809
Moved 780.686 367.5008 360.4991 0.01302227 -0.01723542
Moved 780.7236 365.9526 361 0.0103344 -0.01608456
Moved 780.7625 363 363 0.005208328 -0.01148897
Moved 780.7998 360.5 364 0.0008680672 -0.009191107
Moved 780.8616 358.3702 365.6298 -0.002829507 -0.005446252
Moved 780.9009 357 366 -0.005208328 -0.004595589
Moved 780.9389 357 367 -0.005208328 -0.002297724
Moved 780.9759 356 367 -0.006944462 -0.002297724
Stationary 781.0136 356 367 -0.006944462 -0.002297724
Stationary 781.05 356 367 -0.006944462 -0.002297724
Ended 781.0856 356 367 -0.006944462 -0.002297724
Began 781.5172 305 491 -0.09548612 0.2826287
Stationary 781.5587 305 491 -0.09548612 0.2826287
Stationary 781.5951 305 491 -0.09548612 0.2826287
Stationary 781.6315 305 491 -0.09548612 0.2826287
Stationary 781.6678 305 491 -0.09548612 0.2826287
Stationary 781.7028 305 491 -0.09548612 0.2826287
Moved 781.7397 315.439 491 -0.07736284 0.2826287
Moved 781.7777 322.2419 491 -0.06555229 0.2826287
Moved 781.816 330.7965 491 -0.05070058 0.2826287
Moved 781.8583 353.5773 498.517 -0.01115047 0.2999012
Moved 781.8953 414.6381 508.6821 0.09485774 0.3232586
Moved 781.9338 455.2493 516.3844 0.1653634 0.3409568
Moved 781.9711 497.2507 518 0.2382825 0.3446691
Moved 782.0096 510.7136 518 0.2616555 0.3446691
Moved 782.0466 517.5397 518 0.2735063 0.3446691
Moved 782.1126 524 518 0.2847222 0.3446691
Moved 782.1509 526.4955 518 0.2890548 0.3446691
Moved 782.1902 527 518 0.2899306 0.3446691
Moved 782.2281 528 518 0.2916667 0.3446691
Moved 782.2886 530 518 0.2951389 0.3446691
Moved 782.3251 531.0567 518 0.2969734 0.3446691
Moved 782.3594 532.1234 518 0.2988254 0.3446691
Moved 782.3945 533 518 0.3003472 0.3446691
Moved 782.4305 534.5 518 0.3029514 0.3446691
Moved 782.4699 538.6403 518 0.3101394 0.3446691
Moved 782.5085 541.6923 518 0.3154381 0.3446691
Moved 782.5447 542.5 518 0.3168403 0.3446691
Moved 782.5897 544.3188 518 0.3199979 0.3446691
Moved 782.628 545.1581 518 0.3214551 0.3446691
Ended 782.6877 545 518 0.3211805 0.3446691
Began 782.871 471 259 0.1927083 -0.2504595
Stationary 782.9086 471 259 0.1927083 -0.2504595
Stationary 782.9457 471 259 0.1927083 -0.2504595
Stationary 782.9828 471 259 0.1927083 -0.2504595
Stationary 783.0208 471 259 0.1927083 -0.2504595
Stationary 783.056 471 259 0.1927083 -0.2504595
Stationary 783.0917 471 259 0.1927083 -0.2504595
Moved 783.1287 471 248.9937 0.1927083 -0.2734521
Moved 783.1675 471 247.6266 0.1927083 -0.2765934
Moved 783.2063 471 247 0.1927083 -0.278033
Moved 783.2554 471 245 0.1927083 -0.2826287
Moved 783.2931 471 244 0.1927083 -0.2849265
Stationary 783.3306 471 244 0.1927083 -0.2849265
Stationary 783.3676 471 244 0.1927083 -0.2849265
Moved 783.4024 462.8701 256.3898 0.1785938 -0.2564571
Moved 783.439 454.296 277.7601 0.1637083 -0.2073527
Moved 783.4741 437 321 0.1336806 -0.1079963
Moved 783.515 406.1982 394.9033 0.08020513 0.06181819
Moved 783.553 381.0044 433.5938 0.03646605 0.1507211
Moved 783.5901 365.9742 450.0259 0.01037181 0.1884786
Moved 783.6497 333.4368 477.3379 -0.04611664 0.251236
Moved 783.6867 321.0558 487.9442 -0.06761137 0.275607
Moved 783.7264 308.4253 497.5747 -0.08953945 0.297736
Moved 783.7636 298.7106 505.467 -0.1064052 0.315871
Moved 783.8008 284.5892 514.2739 -0.1309215 0.3361073
Moved 783.8373 271.0424 521.9788 -0.1544403 0.3538117
Moved 783.8737 259.043 526.9785 -0.1752726 0.3652999
Moved 783.9259 242.5454 533 -0.2039143 0.3791361
Moved 783.9673 237.9022 535 -0.2119753 0.3837316
Moved 784.0038 236 537.0728 -0.2152778 0.3884946
Moved 784.0806 233 538 -0.2204861 0.390625
Moved 784.1234 231.5 539 -0.2230903 0.3929229
Moved 784.1642 230.9255 540 -0.2240877 0.3952206
Moved 784.2046 230 540 -0.2256944 0.3952206
Ended 784.2426 228.5 540 -0.2282986 0.3952206
PhraseEnd 786.782
