never too rich and never too thin
Basic
0.8 0.8
575.9999 230.4
Began 361.248 495 124 0.234375 -0.5034723
Stationary 361.2867 495 124 0.234375 -0.5034723
Stationary 361.3221 495 124 0.234375 -0.5034723
Stationary 361.356 495 124 0.234375 -0.5034723
Stationary 361.3916 495 124 0.234375 -0.5034723
Stationary 361.4268 495 124 0.234375 -0.5034723
Stationary 361.461 495 124 0.234375 -0.5034723
Stationary 361.4951 495 124 0.234375 -0.5034723
Stationary 361.5324 495 124 0.234375 -0.5034723
Stationary 361.5671 495 124 0.234375 -0.5034723
Stationary 361.6003 495 124 0.234375 -0.5034723
Moved 361.6336 459.5945 143.4866 0.1729071 -0.4188951
Moved 361.6682 402.6667 176.8334 0.07407404 -0.2741606
Moved 361.7055 369.5595 195.8728 0.01659639 -0.1915243
Moved 361.7563 302.5342 233.6996 -0.09976705 -0.02734569
Moved 361.7926 239.6375 276.2416 -0.2089626 0.1572988
Moved 361.8314 225.7399 288.4451 -0.2330905 0.210265
Moved 361.8699 216.8931 298.2137 -0.2484495 0.2526637
Moved 361.9083 214.023 300.9771 -0.2534324 0.2646575
Moved 361.9439 212.518 302.4821 -0.2560452 0.2711896
Moved 361.98 211.6466 303.3534 -0.257558 0.2749714
Moved 362.0152 211 304.5 -0.2586806 0.2799481
Moved 362.0497 211 304 -0.2586806 0.2777779
Moved 362.0856 211 304.5187 -0.2586806 0.2800293
Stationary 362.1402 211 305 -0.2586806 0.2821182
Stationary 362.1744 211 305 -0.2586806 0.2821182
Stationary 362.2081 211 305 -0.2586806 0.2821182
Moved 362.2423 237.5 287 -0.2126736 0.2039932
Moved 362.2772 284.8618 263.9221 -0.1304483 0.1038286
Moved 362.3115 319.7794 239.1471 -0.06982744 -0.003701714
Moved 362.3533 353.6836 212.597 -0.01096603 -0.1189364
Moved 362.3877 370.9771 197.8524 0.01905747 -0.1829322
Moved 362.4234 387.4023 181.5977 0.04757345 -0.2534823
Moved 362.4588 391.0019 176.9962 0.0538227 -0.2734538
Moved 362.5144 393 174 0.05729169 -0.2864582
Moved 362.548 384.3859 174 0.04233659 -0.2864582
Moved 362.5829 357.0039 206.9961 -0.005201623 -0.1432461
Moved 362.6183 315.5836 244.1215 -0.07711172 0.01788842
Moved 362.6527 277.2649 278.7351 -0.1436373 0.1681211
Moved 362.6888 264.5 291.5 -0.1657986 0.2235245
Moved 362.7246 255.9728 300.0272 -0.1806027 0.2605347
Moved 362.7594 248.3487 307.6512 -0.193839 0.2936254
Moved 362.7961 246.5 310.5 -0.1970486 0.3059896
Moved 362.8309 247 313.0877 -0.1961806 0.317221
Moved 362.8853 252.8665 318 -0.1859957 0.3385417
Moved 362.9221 259.8726 320.2909 -0.1738323 0.3484848
Moved 362.9592 288.4528 322 -0.1242139 0.3559029
Moved 362.9951 300.2624 322 -0.1037112 0.3559029
Moved 363.0324 308.0827 322 -0.09013426 0.3559029
Moved 363.07 316.7168 322 -0.07514443 0.3559029
Moved 363.1069 319.2312 322 -0.07077922 0.3559029
Moved 363.1433 321 322 -0.06770834 0.3559029
Ended 363.1833 322.3268 322 -0.06540497 0.3559029
Began 363.3181 337 309 -0.03993057 0.2994793
Stationary 363.3604 337 309 -0.03993057 0.2994793
Stationary 363.3931 337 309 -0.03993057 0.2994793
Stationary 363.4265 337 309 -0.03993057 0.2994793
Stationary 363.4735 337 309 -0.03993057 0.2994793
Moved 363.5077 351.6313 309 -0.01452889 0.2994793
Moved 363.5425 364.0602 309 0.007048846 0.2994793
Moved 363.5795 390.981 309 0.05378642 0.2994793
Moved 363.6154 411.3718 309 0.08918718 0.2994793
Moved 363.6516 442.4336 300.5664 0.1431139 0.2628751
Moved 363.6884 466.1433 299.8571 0.1842766 0.2597964
Moved 363.7245 486.1396 297.98 0.2189925 0.2516495
Moved 363.7606 504.8961 296.026 0.2515557 0.2431684
Moved 363.7965 513.4848 295 0.2664667 0.2387153
Moved 363.8481 522.2616 292.8692 0.2817042 0.229467
Moved 363.8839 527.1125 292 0.290126 0.2256946
Moved 363.921 529.9824 292 0.2951084 0.2256946
Moved 363.9577 534.286 291 0.3025798 0.2213542
Moved 363.9922 536.8057 291 0.3069544 0.2213542
Moved 364.0276 538.6817 290 0.3102113 0.2170139
Moved 364.0642 540 290 0.3125 0.2170139
Moved 364.1001 543.5569 290 0.3186751 0.2170139
Moved 364.1338 545.4297 290 0.3219266 0.2170139
Moved 364.1738 547.1522 290 0.3249171 0.2170139
Moved 364.2285 549.7087 290 0.3293554 0.2170139
Moved 364.2634 550.5786 289 0.3308655 0.2126738
Moved 364.2969 551 289 0.3315973 0.2126738
Ended 364.3306 551 289 0.3315973 0.2126738
Began 364.578 305 328 -0.09548612 0.3819445
Stationary 364.6233 305 328 -0.09548612 0.3819445
Stationary 364.6619 305 328 -0.09548612 0.3819445
Stationary 364.6965 305 328 -0.09548612 0.3819445
Stationary 364.7298 305 328 -0.09548612 0.3819445
Stationary 364.7637 305 328 -0.09548612 0.3819445
Stationary 364.7982 305 328 -0.09548612 0.3819445
Moved 364.8332 324.7738 328 -0.06115665 0.3819445
Moved 364.8708 367.5483 335 0.01310475 0.4123264
Moved 364.9077 432 335 0.125 0.4123264
Moved 364.9439 476.8502 335 0.2028649 0.4123264
Moved 364.9889 501.5214 335 0.2456969 0.4123264
Moved 365.0267 508.5551 335 0.2579081 0.4123264
Moved 365.063 513.2429 335 0.2660466 0.4123264
Moved 365.0997 515.1183 335 0.2693027 0.4123264
Moved 365.1353 515 327.6976 0.2690972 0.3806323
Moved 365.1704 515 326.5032 0.2690972 0.3754481
Moved 365.2082 489.8355 319.5342 0.2254089 0.3452007
Moved 365.2455 461.8885 308.3593 0.1768898 0.2966983
Moved 365.2819 362.4782 246.5652 0.004302412 0.02849473
Moved 365.3162 343.2907 232.2491 -0.02900913 -0.03364073
Moved 365.3726 312.2798 209.9679 -0.08284759 -0.1303477
Moved 365.4088 302.3647 202.5765 -0.1000612 -0.1624282
Moved 365.4535 292 196 -0.1180556 -0.1909722
Moved 365.4907 288.8207 194.9104 -0.1235752 -0.1957014
Moved 365.5284 286 194 -0.1284722 -0.1996528
Moved 365.5633 284.5 194 -0.1310764 -0.1996528
Stationary 365.5979 284.5 194 -0.1310764 -0.1996528
Moved 365.6316 285 194 -0.1302083 -0.1996528
Moved 365.6662 325.8513 212.9504 -0.05928584 -0.1174026
Moved 365.7077 349.9077 216.9816 -0.01752135 -0.09990627
Moved 365.765 383.03 221.2059 0.03998257 -0.08157148
Moved 365.8021 392.4411 222 0.05632139 -0.07812487
Moved 365.8395 405.17 223 0.07842019 -0.07378473
Moved 365.8757 409.9228 224 0.08667156 -0.06944432
Moved 365.9101 415.8809 224 0.09701536 -0.06944432
Moved 365.9463 418.7473 224.7473 0.1019919 -0.0662009
Moved 365.9851 421.6181 225 0.1069758 -0.06510417
Moved 366.0212 424.4883 225 0.1119588 -0.06510417
Moved 366.0579 425 225 0.1128472 -0.06510417
Moved 366.0921 426 225 0.1145833 -0.06510417
Moved 366.1477 427 225 0.1163194 -0.06510417
Ended 366.1813 427 225 0.1163194 -0.06510417
Began 366.3588 170 258 -0.3298611 0.07812501
Stationary 366.394 170 258 -0.3298611 0.07812501
Stationary 366.4282 170 258 -0.3298611 0.07812501
Stationary 366.4641 170 258 -0.3298611 0.07812501
Stationary 366.509 170 258 -0.3298611 0.07812501
Stationary 366.544 170 258 -0.3298611 0.07812501
Stationary 366.5783 170 258 -0.3298611 0.07812501
Stationary 366.6116 170 258 -0.3298611 0.07812501
Moved 366.6469 170 248.5428 -0.3298611 0.03707846
Moved 366.6819 210.4987 227.7653 -0.2595508 -0.05310205
Moved 366.7162 265 207 -0.1649306 -0.1432292
Moved 366.7501 312.7459 188.0487 -0.08203831 -0.2254831
Moved 366.7849 347.0253 174.8999 -0.02252557 -0.2825525
Moved 366.8202 388.2586 156.8707 0.04906007 -0.3608042
Moved 366.8553 404.6794 147.7283 0.07756837 -0.4004848
Moved 366.8908 416.0401 141.98 0.09729192 -0.425434
Moved 366.9261 435.9121 133.0293 0.1317918 -0.4642826
Moved 366.966 444.7021 130.1489 0.1470522 -0.4767842
Moved 367.0259 454.5 127 0.1640625 -0.4904515
Moved 367.0639 457.083 127 0.1685468 -0.4904515
Moved 367.1001 458 127 0.1701389 -0.4904515
Moved 367.1404 439.1249 149.6073 0.1373695 -0.3923293
Moved 367.1772 386.5113 183.3258 0.04602663 -0.2459818
Moved 367.2134 347.7216 205.6884 -0.02131667 -0.148922
Moved 367.2505 311.6823 222.1589 -0.08388497 -0.07743518
Moved 367.2884 289.4653 234.6898 -0.122456 -0.02304753
Moved 367.3268 273.3196 242.4536 -0.1504868 0.01064936
Moved 367.3626 267.3177 244.8412 -0.1609067 0.02101223
Moved 367.4247 259.4771 248.5228 -0.1745189 0.03699157
Moved 367.4596 257.5 249 -0.1779514 0.03906263
Moved 367.4947 256 250 -0.1805556 0.04340278
Moved 367.5293 255 251.5 -0.1822917 0.04991333
Moved 367.5638 255 251 -0.1822917 0.04774293
Ended 367.5979 255 252.5 -0.1822917 0.05425348
Began 367.7746 443 144 0.1440972 -0.4166666
Stationary 367.8235 443 144 0.1440972 -0.4166666
Stationary 367.8604 443 144 0.1440972 -0.4166666
Stationary 367.9004 443 144 0.1440972 -0.4166666
Stationary 367.9371 443 144 0.1440972 -0.4166666
Moved 367.9808 412.8464 155.5768 0.09174719 -0.3664202
Moved 368.0192 374.9621 175.6228 0.02597578 -0.279415
Moved 368.0573 344.3099 195.8027 -0.0272397 -0.1918284
Moved 368.0947 308.0786 219.3724 -0.09014134 -0.08952923
Moved 368.1321 289.072 235.0812 -0.1231389 -0.02134893
Moved 368.1729 268.3492 250.488 -0.159116 0.045521
Moved 368.2086 258.9373 256.0418 -0.175456 0.06962591
Moved 368.2441 250.768 262.116 -0.189639 0.09598958
Moved 368.2804 239.4094 270.7271 -0.2093586 0.1333639
Moved 368.3167 234.5355 275.4645 -0.2178203 0.1539257
Moved 368.3694 225.8966 284.2068 -0.2328184 0.1918702
Moved 368.406 223 287.9843 -0.2378472 0.2082653
Moved 368.442 220.3611 290.639 -0.2424288 0.2197873
Moved 368.4784 217.1803 294.8197 -0.2479509 0.2379329
Moved 368.5145 216 297 -0.25 0.247396
Moved 368.5499 216 298.1216 -0.25 0.2522638
Moved 368.5853 216 299 -0.25 0.2560765
Stationary 368.6228 216 299 -0.25 0.2560765
Moved 368.6591 241.331 267.6329 -0.2060225 0.1199348
Moved 368.6958 282.0751 216.4124 -0.1352862 -0.1023769
Moved 368.7528 314.9886 184.5813 -0.07814486 -0.2405326
Moved 368.7888 332.6129 169.9248 -0.04754715 -0.3041457
Moved 368.8234 338.813 165.5935 -0.03678288 -0.3229449
Moved 368.8597 342.2755 162.7245 -0.03077172 -0.3353972
Moved 368.896 345.2064 161 -0.02568335 -0.3428818
Moved 368.9312 346 161 -0.02430554 -0.3428818
Stationary 368.9671 346 161 -0.02430554 -0.3428818
Moved 369.0019 315.8508 190.291 -0.07664792 -0.2157507
Moved 369.0437 283.3739 222.4283 -0.1330315 -0.07626574
Moved 369.0821 252.3561 252.5366 -0.1868818 0.05441242
Moved 369.1393 231.0106 275.9894 -0.2239399 0.1562043
Moved 369.1747 225.2763 283.7237 -0.2338953 0.189773
Moved 369.2102 221.769 288.462 -0.2399843 0.2103386
Moved 369.2438 220.5 291 -0.2421875 0.2213542
Moved 369.2799 221 294.109 -0.2413195 0.2348482
Moved 369.3148 221 295.9778 -0.2413195 0.2429596
Moved 369.3508 234 300 -0.21875 0.2604167
Moved 369.3858 252.0863 302 -0.1873503 0.2690972
Moved 369.4212 265.7498 302 -0.1636287 0.2690972
Moved 369.4563 274.5556 302 -0.148341 0.2690972
Moved 369.5135 285.9265 302 -0.1285998 0.2690972
Moved 369.5485 289.5 302 -0.1223958 0.2690972
Moved 369.5828 292.3342 302 -0.1174753 0.2690972
Moved 369.6167 293.3734 302 -0.1156712 0.2690972
Ended 369.6517 294 302 -0.1145833 0.2690972
Began 370.0063 343 270 -0.02951388 0.1302083
Stationary 370.0469 343 270 -0.02951388 0.1302083
Stationary 370.0811 343 270 -0.02951388 0.1302083
Stationary 370.1144 343 270 -0.02951388 0.1302083
Stationary 370.149 343 270 -0.02951388 0.1302083
Stationary 370.1874 343 270 -0.02951388 0.1302083
Stationary 370.2234 343 270 -0.02951388 0.1302083
Stationary 370.26 343 270 -0.02951388 0.1302083
Stationary 370.2939 343 270 -0.02951388 0.1302083
Stationary 370.3283 343 270 -0.02951388 0.1302083
Stationary 370.3625 343 270 -0.02951388 0.1302083
Stationary 370.3958 343 270 -0.02951388 0.1302083
Moved 370.4294 360.5413 278.7083 0.0009397418 0.1680047
Moved 370.4645 382.0206 281.2517 0.03823027 0.179044
Moved 370.5139 440.7299 281 0.1401561 0.1779514
Moved 370.5489 470.8562 271.0008 0.1924586 0.1345521
Moved 370.5851 511.6562 265.2411 0.263292 0.1095534
Moved 370.6231 533.7239 262.7537 0.3016041 0.09875748
Moved 370.6609 555.5 262 0.3394097 0.09548625
Moved 370.6962 564.3709 262 0.3548106 0.09548625
Moved 370.7338 569.985 262 0.3645573 0.09548625
Moved 370.7693 574.3015 262 0.3720512 0.09548625
Moved 370.8038 576.8361 262 0.3764516 0.09548625
Moved 370.838 578.3523 262 0.3790838 0.09548625
Moved 370.893 580 262 0.3819445 0.09548625
Moved 370.9333 581.5 262 0.3845486 0.09548625
Moved 370.9716 582.5 262 0.3862848 0.09548625
Moved 371.0289 583.0435 262 0.3872282 0.09548625
Stationary 371.0676 583 262 0.3871528 0.09548625
Ended 371.1025 583 262 0.3871528 0.09548625
Began 371.3716 364 244 0.006944462 0.01736111
Stationary 371.4146 364 244 0.006944462 0.01736111
Stationary 371.448 364 244 0.006944462 0.01736111
Stationary 371.4817 364 244 0.006944462 0.01736111
Stationary 371.5149 364 244 0.006944462 0.01736111
Stationary 371.5498 364 244 0.006944462 0.01736111
Stationary 371.5886 364 244 0.006944462 0.01736111
Stationary 371.6265 364 244 0.006944462 0.01736111
Stationary 371.6681 364 244 0.006944462 0.01736111
Stationary 371.71 364 244 0.006944462 0.01736111
Stationary 371.7598 364 244 0.006944462 0.01736111
Stationary 371.8059 364 244 0.006944462 0.01736111
Stationary 371.8422 364 244 0.006944462 0.01736111
Stationary 371.8764 364 244 0.006944462 0.01736111
Stationary 371.9119 364 244 0.006944462 0.01736111
Stationary 371.9507 364 244 0.006944462 0.01736111
Stationary 371.9836 364 244 0.006944462 0.01736111
Stationary 372.0172 364 244 0.006944462 0.01736111
Stationary 372.073 364 244 0.006944462 0.01736111
Stationary 372.1062 364 244 0.006944462 0.01736111
Moved 372.1386 374.9621 252.526 0.02597578 0.05436646
Moved 372.1722 376.1858 251 0.02810032 0.04774293
Moved 372.2072 385.1749 251 0.04370645 0.04774293
Moved 372.2416 397.7198 241.1681 0.06548576 0.005069972
Moved 372.2768 413.6248 233.2501 0.09309866 -0.02929622
Moved 372.312 420.4956 230 0.1050271 -0.04340265
Moved 372.3474 427.2228 227.3885 0.1167063 -0.05473734
Moved 372.3827 435.7546 226 0.1315185 -0.06076403
Moved 372.4374 454.2745 245.1536 0.163671 0.0223679
Moved 372.4713 471.2634 264.0153 0.1931655 0.104233
Moved 372.5048 494.5806 292.5806 0.2336469 0.2282147
Moved 372.5381 507.3434 305.3434 0.2558045 0.2836087
Moved 372.5712 514.9251 312.9251 0.2689672 0.3165153
Moved 372.6134 521.4607 320.4607 0.2803137 0.3492219
Moved 372.6495 524.3259 323.3259 0.285288 0.3616574
Moved 372.6854 525 324 0.2864583 0.3645835
Moved 372.7229 525 325 0.2864583 0.3689236
Stationary 372.7587 525 325 0.2864583 0.3689236
Moved 372.8131 505.804 296.608 0.253132 0.2456947
Moved 372.8515 490.5099 268.0199 0.2265798 0.1216142
Moved 372.8905 477.8135 238.4404 0.2045373 -0.006768837
Moved 372.9279 472.8006 224.4019 0.1958343 -0.06770029
Moved 372.9639 467.9894 209.9735 0.1874816 -0.1303232
Moved 373.0004 464.6969 197.3938 0.1817654 -0.1849228
Moved 373.0422 464 191.4033 0.1805556 -0.2109231
Moved 373.0789 463 184.8805 0.1788195 -0.239234
Ended 373.1153 462 181 0.1770833 -0.2560764
PhraseEnd 374.8102
