time to go shopping
Basic
0.6 0.6
432 172.8
Began 777.3771 360 340 0 0.5787037
Stationary 777.4397 360 340 0 0.5787037
Stationary 777.4896 360 340 0 0.5787037
Stationary 777.5411 360 340 0 0.5787037
Stationary 777.5962 360 340 0 0.5787037
Moved 777.6497 403.5195 340 0.1007396 0.5787037
Moved 777.703 416.4382 340 0.1306439 0.5787037
Moved 777.7587 427.8742 329.7505 0.1571163 0.5193894
Moved 777.8127 444.5569 313.3692 0.1957336 0.4245905
Moved 777.8668 474.8759 288.416 0.2659166 0.2801855
Moved 777.9302 482.7768 281.2232 0.2842056 0.2385604
Moved 777.9844 485 277.0025 0.2893518 0.2141347
Moved 778.0341 485 270 0.2893518 0.1736111
Moved 778.0833 485.6978 253.5109 0.2909672 0.07818788
Moved 778.1343 492.983 222.0511 0.307831 -0.1038705
Moved 778.1837 495 204.0184 0.3125 -0.2082267
Moved 778.2344 495 187.5366 0.3125 -0.3036076
Moved 778.2826 473.1111 182.3016 0.2618312 -0.3339024
Moved 778.3398 443.0091 181 0.1921506 -0.3414352
Moved 778.3924 363.9565 212.2905 0.009158452 -0.1603557
Moved 778.4796 283.6273 249.1863 -0.1767885 0.05316134
Moved 778.533 261.2134 260.8933 -0.2286727 0.1209105
Moved 778.5851 248.232 268.512 -0.2587221 0.1649998
Moved 778.64 240.3667 274.6334 -0.276929 0.2004246
Moved 778.697 235.6268 278 -0.2879008 0.2199074
Moved 778.7548 233.6281 280 -0.2925275 0.2314817
Moved 778.8098 232.5 281 -0.2951389 0.2372685
Moved 778.8643 233 282 -0.2939815 0.2430556
Moved 778.918 233 283 -0.2939815 0.2488426
Stationary 778.9763 233 283 -0.2939815 0.2488426
Stationary 779.0569 233 283 -0.2939815 0.2488426
Ended 779.1083 233 283 -0.2939815 0.2488426
Began 779.4065 316 301 -0.1018519 0.3530091
Stationary 779.4689 316 301 -0.1018519 0.3530091
Stationary 779.5215 316 301 -0.1018519 0.3530091
Stationary 779.5751 316 301 -0.1018519 0.3530091
Stationary 779.6277 316 301 -0.1018519 0.3530091
Stationary 779.6808 316 301 -0.1018519 0.3530091
Moved 779.7357 333.3169 301 -0.06176636 0.3530091
Moved 779.7956 389.9297 301 0.06928166 0.3530091
Moved 779.8514 438.846 301 0.1825138 0.3530091
Moved 779.9089 460.8862 301 0.2335329 0.3530091
Moved 779.9639 468.9064 301 0.2520981 0.3530091
Moved 780.0189 477.6767 301 0.2723998 0.3530091
Moved 780.0877 484.057 301 0.287169 0.3530091
Moved 780.14 488.5 301 0.2974537 0.3530091
Moved 780.1919 491.5 301 0.3043981 0.3530091
Moved 780.2449 494.0862 301 0.3103846 0.3530091
Moved 780.3008 496.1301 301 0.315116 0.3530091
Moved 780.3536 499.3734 301 0.3226237 0.3530091
Moved 780.4058 502.0966 301 0.3289272 0.3530091
Moved 780.4595 505.2311 301 0.3361831 0.3530091
Moved 780.5123 507.2494 301 0.3408551 0.3530091
Moved 780.5673 508.1356 301 0.3429064 0.3530091
Moved 780.6481 510.1867 301 0.3476544 0.3530091
Stationary 780.7012 510.1867 301 0.3476544 0.3530091
Ended 780.7525 510 301 0.3472221 0.3530091
Began 781.0364 340 229 -0.04629632 -0.06365723
Stationary 781.0983 340 229 -0.04629632 -0.06365723
Stationary 781.1489 340 229 -0.04629632 -0.06365723
Moved 781.2025 352.2836 229 -0.01786202 -0.06365723
Moved 781.2575 371.3704 242.1482 0.02632032 0.01243185
Moved 781.3138 419.5 260.5 0.1377314 0.1186343
Moved 781.362 466.724 281.7355 0.2470463 0.2415251
Moved 781.4108 486.1675 291.445 0.2920544 0.2977142
Moved 781.4593 497.0463 297.0231 0.3172367 0.329995
Moved 781.5084 503.4115 300 0.3319709 0.3472222
Moved 781.5577 505.2747 301 0.336284 0.3530091
Moved 781.6129 507.2841 302.2842 0.3409355 0.3604409
Moved 781.6646 509 303.4409 0.3449074 0.3671351
Moved 781.7159 510.1036 303 0.3474621 0.3645834
Moved 781.7884 511 304.0754 0.349537 0.3708066
Moved 781.8394 512.0177 304 0.3518928 0.3703706
Ended 781.8903 512 304 0.3518519 0.3703706
Began 782.2829 210 223 -0.3472222 -0.09837963
Stationary 782.3447 210 223 -0.3472222 -0.09837963
Stationary 782.4037 210 223 -0.3472222 -0.09837963
Moved 782.4598 222.794 223 -0.3176065 -0.09837963
Moved 782.5131 243.7524 223 -0.2690916 -0.09837963
Moved 782.5671 283.7978 223 -0.1763941 -0.09837963
Moved 782.6224 331.4318 223 -0.06613012 -0.09837963
Moved 782.6771 368.7245 238.6356 0.02019555 -0.00789554
Moved 782.733 387.3463 243.8365 0.06330162 0.02220225
Moved 782.79 408 252 0.1111111 0.06944445
Moved 782.8436 421.5 256.5 0.1423611 0.09548612
Moved 782.8958 457.1817 266.3376 0.2249576 0.1524171
Moved 782.9482 494.764 276.941 0.3119537 0.213779
Moved 783.0024 531.4568 287.7827 0.3968908 0.2765204
Moved 783.0558 554.9389 296.3755 0.4512475 0.3262474
Moved 783.1095 571.144 300 0.4887594 0.3472222
Moved 783.1924 583.4437 302 0.5172308 0.3587963
Moved 783.2479 588.1782 303 0.5281903 0.3645834
Moved 783.2988 590.1381 303 0.5327272 0.3645834
Stationary 783.3486 590 303 0.5324074 0.3645834
Moved 783.3995 590 303.8142 0.5324074 0.3692952
Moved 783.4525 575.6628 305 0.4992195 0.3761576
Moved 783.5062 551.3655 307 0.4429757 0.3877315
Moved 783.5638 531.6822 308 0.3974124 0.3935185
Moved 783.624 512.5207 310 0.3530572 0.4050926
Moved 783.6762 495.1078 310 0.3127496 0.4050926
Moved 783.7629 479.3703 311 0.2763201 0.4108796
Moved 783.8135 474.4524 311 0.2649362 0.4108796
Moved 783.8627 472.9666 311 0.2614966 0.4108796
Moved 783.9205 464.48 289.4399 0.2418518 0.2861106
Moved 783.9758 445.4122 245.4326 0.1977135 0.03143876
Moved 784.0295 436.0801 211.3206 0.1761115 -0.1659688
Moved 784.0832 434 198.2089 0.1712963 -0.2418469
Moved 784.1392 433 187.7474 0.1689814 -0.3023875
Moved 784.1923 431 184.4231 0.1643519 -0.3216256
Moved 784.2471 422.0507 184 0.1436358 -0.3240739
Moved 784.3312 379.0233 215.814 0.04403541 -0.1399655
Moved 784.3837 359.6268 233.3732 -0.0008639693 -0.03834954
Moved 784.4373 354.1193 239.8807 -0.01361276 -0.0006900011
Moved 784.4899 351 244.5 -0.02083332 0.02604167
Ended 784.5425 351 245.0339 -0.02083332 0.02913175
PhraseEnd 785.4307
