the world is a stage
Basic
0.6 0.6
432 326.4
Began 1177.684 374 481 0.03240744 0.3462009
Stationary 1177.74 374 481 0.03240744 0.3462009
Stationary 1177.79 374 481 0.03240744 0.3462009
Stationary 1177.843 374 481 0.03240744 0.3462009
Stationary 1177.893 374 481 0.03240744 0.3462009
Stationary 1177.943 374 481 0.03240744 0.3462009
Stationary 1177.997 374 481 0.03240744 0.3462009
Stationary 1178.048 374 481 0.03240744 0.3462009
Stationary 1178.099 374 481 0.03240744 0.3462009
Stationary 1178.155 374 481 0.03240744 0.3462009
Stationary 1178.206 374 481 0.03240744 0.3462009
Moved 1178.258 365 481 0.01157403 0.3462009
Moved 1178.311 377.2683 406.7621 0.03997296 0.1187566
Moved 1178.362 396.6295 366.7928 0.08479059 -0.00369848
Moved 1178.413 409.8286 348.1714 0.1153439 -0.06074915
Moved 1178.469 415.1999 339.8001 0.1277776 -0.08639673
Moved 1178.52 416 336.442 0.1296297 -0.09668491
Moved 1178.57 408.2283 336 0.1116397 -0.09803922
Moved 1178.621 351.0602 395.4651 -0.02069389 0.08414554
Moved 1178.71 290.5 460.5 -0.1608796 0.2833946
Moved 1178.76 271.5802 478.4198 -0.2046754 0.338296
Moved 1178.811 264.212 485.576 -0.2217315 0.3602208
Moved 1178.863 259 492.5236 -0.2337963 0.3815062
Moved 1178.924 257 496 -0.2384259 0.3921568
Moved 1178.977 256 498.2084 -0.2407407 0.3989228
Moved 1179.029 255 499 -0.2430556 0.4013481
Moved 1179.079 254 499 -0.2453704 0.4013481
Stationary 1179.13 254 499 -0.2453704 0.4013481
Ended 1179.18 254 499 -0.2453704 0.4013481
Began 1179.652 201 468 -0.3680556 0.3063726
Stationary 1179.713 201 468 -0.3680556 0.3063726
Stationary 1179.764 201 468 -0.3680556 0.3063726
Stationary 1179.816 201 468 -0.3680556 0.3063726
Moved 1179.869 219.8342 468 -0.324458 0.3063726
Moved 1179.924 286.3518 477.5568 -0.1704818 0.3356519
Moved 1179.979 346.0869 481 -0.03220627 0.3462009
Moved 1180.033 430.1672 486 0.162424 0.3615196
Moved 1180.089 472.7936 487 0.2610964 0.3645834
Moved 1180.143 485.97 487 0.2915972 0.3645834
Moved 1180.198 491 487 0.3032407 0.3645834
Moved 1180.253 494.2537 487 0.3107724 0.3645834
Moved 1180.305 497.1371 487 0.3174471 0.3645834
Stationary 1180.354 497 487 0.3171296 0.3645834
Moved 1180.404 471.4423 487 0.2579682 0.3645834
Moved 1180.478 362.0968 476.5565 0.004853706 0.3325872
Moved 1180.527 323.7673 479 -0.08387204 0.3400736
Moved 1180.576 298.2107 476.2421 -0.1430307 0.3316242
Moved 1180.624 284.8755 474 -0.1738993 0.324755
Moved 1180.673 281.9355 473 -0.1807048 0.3216912
Moved 1180.722 282 468.5983 -0.1805555 0.3082057
Moved 1180.771 336.1866 440.8337 -0.05512357 0.2231424
Moved 1180.819 403.0667 415.619 0.09969135 0.1458916
Moved 1180.869 469.2534 391.0458 0.2529014 0.07060617
Moved 1180.917 513.1491 374.079 0.3545118 0.01862432
Moved 1180.995 543.2272 365 0.424137 -0.009191177
Moved 1181.045 547.4566 363 0.4339273 -0.01531863
Moved 1181.094 499.5082 370.1276 0.3229356 0.006518364
Moved 1181.143 394.1834 380.1565 0.07912815 0.03724407
Moved 1181.193 344.3952 381 -0.0361223 0.03982843
Moved 1181.242 301.772 381 -0.134787 0.03982843
Moved 1181.292 282.0049 381 -0.1805441 0.03982843
Moved 1181.341 269.6761 381 -0.2090831 0.03982843
Moved 1181.39 260.0507 381 -0.2313641 0.03982843
Moved 1181.439 256.8281 381 -0.2388238 0.03982843
Moved 1181.524 253 381 -0.2476852 0.03982843
Moved 1181.58 252 381 -0.25 0.03982843
Moved 1181.637 250.6266 381 -0.2531792 0.03982843
Ended 1181.693 251 381 -0.2523148 0.03982843
Began 1181.906 446 507 0.199074 0.4258579
Stationary 1181.97 446 507 0.199074 0.4258579
Stationary 1182.021 446 507 0.199074 0.4258579
Moved 1182.076 430.8763 495.9381 0.1640655 0.3919673
Moved 1182.13 383.0069 467.0046 0.05325665 0.3033229
Moved 1182.185 316.2914 426.5276 -0.1011774 0.1793125
Moved 1182.246 275.2726 399.5151 -0.1961282 0.09655359
Moved 1182.3 255.3012 386.7259 -0.2423583 0.05737104
Moved 1182.353 233.6469 374.4852 -0.292484 0.01986878
Moved 1182.407 219.5699 366.7133 -0.3250696 -0.003941948
Moved 1182.464 210.4754 362.4753 -0.3461218 -0.01692604
Moved 1182.52 205.7326 360 -0.3571005 -0.0245098
Moved 1182.579 203.8874 359 -0.3613718 -0.02757344
Moved 1182.631 202.9606 357.9606 -0.3635173 -0.03075796
Moved 1182.689 202 358 -0.3657407 -0.03063726
Ended 1182.74 202 358 -0.3657407 -0.03063726
Began 1182.908 134 365 -0.5231482 -0.009191177
Stationary 1182.97 134 365 -0.5231482 -0.009191177
Stationary 1183.02 134 365 -0.5231482 -0.009191177
Stationary 1183.068 134 365 -0.5231482 -0.009191177
Stationary 1183.137 134 365 -0.5231482 -0.009191177
Stationary 1183.19 134 365 -0.5231482 -0.009191177
Stationary 1183.243 134 365 -0.5231482 -0.009191177
Ended 1183.295 134 365 -0.5231482 -0.009191177
Began 1184.137 282 382 -0.1805555 0.04289216
Stationary 1184.211 282 382 -0.1805555 0.04289216
Stationary 1184.261 282 382 -0.1805555 0.04289216
Stationary 1184.311 282 382 -0.1805555 0.04289216
Stationary 1184.36 282 382 -0.1805555 0.04289216
Stationary 1184.412 282 382 -0.1805555 0.04289216
Stationary 1184.464 282 382 -0.1805555 0.04289216
Stationary 1184.516 282 382 -0.1805555 0.04289216
Moved 1184.569 357.4128 440.548 -0.005988777 0.2222672
Moved 1184.624 390.1114 472.1114 0.06970227 0.3189688
Moved 1184.681 405.1256 495.2513 0.1044575 0.389863
Moved 1184.736 406 500.5 0.1064815 0.4059436
Moved 1184.792 406 502.8069 0.1064815 0.4130114
Moved 1184.864 365.6463 503 0.01307011 0.413603
Moved 1184.919 310.0718 482.6625 -0.1155745 0.3512944
Moved 1184.973 269.6874 460.4583 -0.2090569 0.2832668
Moved 1185.029 231.6983 435.2131 -0.2969945 0.2059225
Moved 1185.081 204.748 408.6976 -0.3593796 0.1246864
Moved 1185.138 177.2413 378.8895 -0.4230526 0.03336261
Moved 1185.193 165.7984 361.7984 -0.4495408 -0.019
Moved 1185.249 166 361 -0.4490741 -0.02144608
Moved 1185.303 236.9105 371.879 -0.2849295 0.01188409
Moved 1185.356 273.0509 373 -0.201271 0.01531863
Moved 1185.441 345.454 374 -0.03367136 0.01838245
Moved 1185.5 364.7693 374 0.01103997 0.01838245
Moved 1185.557 370.5 374 0.02430558 0.01838245
Moved 1185.61 371 377.5521 0.025463 0.02926509
Moved 1185.663 353.8905 392.9611 -0.01414234 0.07647384
Moved 1185.718 322.3881 419.3433 -0.08706455 0.1573017
Moved 1185.773 302.7466 437.8168 -0.1325311 0.2138995
Moved 1185.828 284.1446 457.8072 -0.1755912 0.2751446
Moved 1185.882 267.0205 469.7346 -0.2152303 0.311687
Moved 1185.937 256.3259 478.6741 -0.2399864 0.3390751
Ended 1186.018 255 481 -0.2430556 0.3462009
PhraseEnd 1187.153
