a problem with the engine
Basic
0.6 0.6
432 172.8
Began 862.9252 264 233 -0.2222222 -0.04050926
Stationary 862.9992 264 233 -0.2222222 -0.04050926
Stationary 863.0564 264 233 -0.2222222 -0.04050926
Stationary 863.1139 264 233 -0.2222222 -0.04050926
Stationary 863.1713 264 233 -0.2222222 -0.04050926
Stationary 863.2259 264 233 -0.2222222 -0.04050926
Stationary 863.2847 264 233 -0.2222222 -0.04050926
Stationary 863.3477 264 233 -0.2222222 -0.04050926
Moved 863.4152 251.9181 233 -0.2501897 -0.04050926
Moved 863.4732 250.9906 233 -0.2523365 -0.04050926
Moved 863.5291 249.7776 233 -0.2551443 -0.04050926
Moved 863.5836 248.7255 233 -0.2575799 -0.04050926
Moved 863.6424 247.8815 233 -0.2595335 -0.04050926
Stationary 863.7172 247.8815 233 -0.2595335 -0.04050926
Moved 863.7717 246.9343 233 -0.2617262 -0.04050926
Stationary 863.8347 246.9343 233 -0.2617262 -0.04050926
Stationary 863.8904 246.9343 233 -0.2617262 -0.04050926
Stationary 863.9453 246.9343 233 -0.2617262 -0.04050926
Stationary 864.0013 246.9343 233 -0.2617262 -0.04050926
Stationary 864.0591 247 233 -0.2615741 -0.04050926
Stationary 864.1153 247 233 -0.2615741 -0.04050926
Ended 864.1703 247 233 -0.2615741 -0.04050926
Began 864.9551 642 351 0.6527777 0.6423609
Stationary 865.0221 642 351 0.6527777 0.6423609
Stationary 865.0807 642 351 0.6527777 0.6423609
Stationary 865.1399 642 351 0.6527777 0.6423609
Stationary 865.1967 642 351 0.6527777 0.6423609
Moved 865.2546 626.7135 343.2379 0.6173924 0.5974411
Moved 865.3132 606.1368 339.8273 0.569761 0.5777047
Moved 865.3699 571.616 335 0.4898517 0.5497686
Moved 865.4274 514.7712 335 0.3582667 0.5497686
Moved 865.4845 452.2336 335 0.2135036 0.5497686
Moved 865.5442 380.6883 335 0.04788945 0.5497686
Moved 865.5994 341.1636 335 -0.04360268 0.5497686
Moved 865.6531 325.0714 335 -0.08085315 0.5497686
Moved 865.7079 312.0918 335 -0.1108987 0.5497686
Moved 865.7656 306.6081 335 -0.1235924 0.5497686
Moved 865.8419 300.5 335 -0.1377315 0.5497686
Moved 865.8951 299 334 -0.1412037 0.5439817
Moved 865.947 297.8015 334 -0.1439781 0.5439817
Moved 866.0013 297 333 -0.1458333 0.5381944
Stationary 866.0543 297 333 -0.1458333 0.5381944
Stationary 866.1086 297 333 -0.1458333 0.5381944
Stationary 866.1616 297 333 -0.1458333 0.5381944
Stationary 866.2155 297 333 -0.1458333 0.5381944
Moved 866.2733 310 331 -0.1157407 0.5266204
Moved 866.3297 324.0661 326.2335 -0.08318037 0.499036
Moved 866.419 383.2979 318.9669 0.05393028 0.4569845
Moved 866.4746 428.3351 314.2379 0.1581832 0.4296174
Moved 866.5347 458.7021 311 0.228477 0.4108796
Moved 866.5925 472.8669 310 0.261266 0.4050926
Moved 866.6596 485.308 308 0.2900649 0.3935185
Moved 866.7181 489.3734 307 0.2994755 0.3877315
Moved 866.7761 490.1707 305.8293 0.3013211 0.3809565
Moved 866.8334 491 302.7007 0.3032407 0.3628514
Moved 866.8925 491 294.7949 0.3032407 0.3170999
Moved 866.9504 472.4526 279.4526 0.260307 0.2283139
Moved 867.0388 390.0465 228.6925 0.06955216 -0.06543672
Moved 867.0947 350.6982 202.7585 -0.02153208 -0.2155177
Moved 867.1499 337.2101 191.2102 -0.05275429 -0.2823484
Moved 867.2058 335 188.5 -0.05787035 -0.2980326
Moved 867.2599 335 188 -0.05787035 -0.3009259
Stationary 867.314 335 188 -0.05787035 -0.3009259
Moved 867.3682 458.5092 226.5426 0.2280305 -0.07787846
Moved 867.4254 535.9302 253.7791 0.4072459 0.07974007
Moved 867.4792 563.4686 261.7875 0.4709922 0.1260851
Moved 867.5331 576.5895 265.2947 0.5013646 0.1463816
Moved 867.618 569.4496 271.1573 0.484837 0.1803086
Moved 867.6746 530.2417 283.6896 0.394078 0.2528334
Moved 867.7374 483.9177 294.8406 0.2868465 0.3173648
Moved 867.7963 430.8434 305.0313 0.1639895 0.3763388
Moved 867.8583 375.4904 313.8199 0.03585755 0.427199
Moved 867.9207 342.4062 318.1484 -0.04072641 0.4522479
Moved 867.9789 326.4895 320 -0.07757068 0.462963
Moved 868.0338 320.1904 320.8096 -0.09215185 0.467648
Moved 868.0901 315.7804 321 -0.1023601 0.46875
Moved 868.1476 314 321 -0.1064815 0.46875
Stationary 868.2348 314 321 -0.1064815 0.46875
Moved 868.2921 314 312.7985 -0.1064815 0.4212879
Moved 868.3526 323.8914 298.1628 -0.08358458 0.3365905
Moved 868.4121 341.354 276.3075 -0.04316201 0.2101128
Moved 868.4712 382.5345 236.5419 0.0521632 -0.02001233
Moved 868.5314 417.1975 213.2419 0.1324017 -0.1548497
Moved 868.5883 436.9008 203.5496 0.178011 -0.2109399
Moved 868.6454 457.2744 195.8628 0.2251721 -0.2554235
Moved 868.7064 467.7387 193 0.2493953 -0.2719907
Moved 868.7622 472.2548 190 0.2598491 -0.2893519
Ended 868.8522 473 188.8834 0.2615741 -0.2958134
Began 869.3992 233 282 -0.2939815 0.2430556
Stationary 869.4659 233 282 -0.2939815 0.2430556
Stationary 869.5228 233 282 -0.2939815 0.2430556
Stationary 869.5762 233 282 -0.2939815 0.2430556
Stationary 869.6295 233 282 -0.2939815 0.2430556
Moved 869.6849 249.8354 282 -0.2550107 0.2430556
Moved 869.7428 294.3029 288.695 -0.1520766 0.2817998
Moved 869.8022 393.8391 304.3549 0.07833122 0.3724245
Moved 869.8629 451.4166 308 0.2116124 0.3935185
Moved 869.9225 467.7882 308 0.2495098 0.3935185
Moved 869.98 471.3257 308 0.2576983 0.3935185
Moved 870.0383 472.0806 308 0.2594457 0.3935185
Moved 870.0946 460.3517 308 0.2322955 0.3935185
Moved 870.1733 414.3449 297 0.1257983 0.3298613
Moved 870.2306 373.9244 295 0.0322325 0.318287
Moved 870.291 344.5645 294 -0.03573045 0.3125
Moved 870.348 324.8291 293 -0.08141418 0.306713
Moved 870.4072 316.0356 293 -0.1017694 0.306713
Moved 870.4626 313.9146 293 -0.1066792 0.306713
Stationary 870.5168 314 293 -0.1064815 0.306713
Moved 870.5739 338.0458 282.9771 -0.05081991 0.2487102
Moved 870.6343 359.8652 271.4232 -0.0003120303 0.1818475
Moved 870.6927 373.1228 261.8772 0.03037681 0.1266042
Moved 870.7823 382.3547 257 0.05174706 0.09837963
Moved 870.8441 385 254.1757 0.05787035 0.08203507
Moved 870.9026 387.0638 253 0.06264766 0.07523149
Moved 870.9662 389 251 0.06712963 0.06365723
Moved 871.0278 391.5 250 0.07291664 0.05787037
Moved 871.086 392 249 0.07407407 0.05208351
Ended 871.145 392 249 0.07407407 0.05208351
Began 871.4409 308 318 -0.1203704 0.4513889
Stationary 871.4968 308 318 -0.1203704 0.4513889
Stationary 871.5515 308 318 -0.1203704 0.4513889
Moved 871.6067 328.5952 309.0476 -0.07269621 0.3995813
Moved 871.6683 363.6287 286.9265 0.008399785 0.2715653
Moved 871.7296 391.7141 267.5239 0.07341235 0.159282
Moved 871.7917 410.9676 253.0323 0.1179807 0.07541869
Moved 871.8529 421.7764 241.2236 0.143001 0.007081385
Moved 871.9126 423 234.2455 0.1458333 -0.03330143
Moved 871.9772 409.5483 231 0.1146951 -0.05208334
Moved 872.0375 358.9323 237.4263 -0.002471655 -0.01489427
Moved 872.1006 301.5 251 -0.1354167 0.06365723
Moved 872.1614 270.7851 260.0537 -0.206516 0.1160518
Moved 872.2238 256.3832 266.3084 -0.2398537 0.1522478
Moved 872.2824 246.8539 269.1461 -0.2619123 0.1686697
Moved 872.3431 241.4476 271 -0.2744269 0.1793981
Moved 872.3996 239.582 272.418 -0.2787455 0.1876044
Moved 872.4556 238.6255 272 -0.2809595 0.1851854
Moved 872.5131 239 273.9747 -0.2800926 0.196613
Ended 872.598 239 274 -0.2800926 0.1967594
Began 872.9315 280 315 -0.1851852 0.4340278
Stationary 872.9995 280 315 -0.1851852 0.4340278
Stationary 873.0622 280 315 -0.1851852 0.4340278
Moved 873.1183 302.9224 288.0776 -0.1321241 0.2782267
Moved 873.1772 327.5775 257.8262 -0.07505203 0.1031611
Moved 873.2383 352.3462 230.3173 -0.01771708 -0.05603437
Moved 873.2964 371.7101 216.516 0.0271067 -0.1359027
Moved 873.3546 388.1018 205.9661 0.06505052 -0.1969555
Moved 873.4146 407.25 194.1667 0.1093749 -0.2652386
Moved 873.4728 419.1543 187.8457 0.1369312 -0.3018189
Moved 873.5319 423.1482 185.8518 0.1461764 -0.3133576
Moved 873.6075 430.3039 185 0.1627405 -0.318287
Moved 873.6665 443.4404 201.4404 0.193149 -0.2231457
Moved 873.723 455.1521 221.3549 0.2202595 -0.1078999
Moved 873.7813 470.5891 253.1782 0.2559933 0.07626286
Moved 873.84 478.2002 277.0012 0.2736116 0.2141271
Moved 873.8994 479 290.8849 0.275463 0.2944729
Moved 873.9576 479 298.3082 0.275463 0.3374317
Moved 874.013 479 301.6077 0.275463 0.3565264
Moved 874.0712 479 304.0204 0.275463 0.3704885
Moved 874.1261 479 305.2482 0.275463 0.3775939
Moved 874.2162 471.6056 306 0.2583463 0.3819445
Moved 874.2742 472 307.1491 0.2592593 0.3885946
Stationary 874.33 472 307 0.2592593 0.3877315
Stationary 874.3864 472 307 0.2592593 0.3877315
Moved 874.4413 470.5 307 0.2557871 0.3877315
Moved 874.4977 471 307 0.2569444 0.3877315
Stationary 874.5576 471 307 0.2569444 0.3877315
Stationary 874.6158 471 307 0.2569444 0.3877315
Stationary 874.682 471 307 0.2569444 0.3877315
Stationary 874.7434 471 307 0.2569444 0.3877315
Stationary 874.8374 471 307 0.2569444 0.3877315
Stationary 874.8976 471 307 0.2569444 0.3877315
Moved 874.9564 470 307 0.2546296 0.3877315
Stationary 875.0143 470 307 0.2546296 0.3877315
Stationary 875.0732 470 307 0.2546296 0.3877315
Stationary 875.1282 470 307 0.2546296 0.3877315
Stationary 875.1817 470 307 0.2546296 0.3877315
Ended 875.2365 470 307 0.2546296 0.3877315
Backspace 876.2069
Began 877.239 204 237 -0.3611111 -0.01736093
Stationary 877.3123 204 237 -0.3611111 -0.01736093
Stationary 877.3683 204 237 -0.3611111 -0.01736093
Stationary 877.4327 204 237 -0.3611111 -0.01736093
Stationary 877.4893 204 237 -0.3611111 -0.01736093
Stationary 877.5488 204 237 -0.3611111 -0.01736093
Stationary 877.6066 204 237 -0.3611111 -0.01736093
Moved 877.6655 195 243.0404 -0.3819444 0.01759494
Ended 877.7241 194 245 -0.3842593 0.02893519
Began 878.3188 636 314 0.6388888 0.4282409
Stationary 878.381 636 314 0.6388888 0.4282409
Stationary 878.4386 636 314 0.6388888 0.4282409
Moved 878.4946 619.7814 314 0.6013458 0.4282409
Moved 878.5521 593.2831 314 0.5400071 0.4282409
Moved 878.6125 559.3778 314 0.4615227 0.4282409
Moved 878.6728 521.8358 322.0182 0.3746198 0.4746426
Moved 878.7315 476.1703 326.7589 0.2689128 0.5020767
Moved 878.7898 430.7858 329 0.163856 0.5150465
Moved 878.8467 394.8152 329 0.08059084 0.5150465
Moved 878.9043 363.7571 329 0.008697112 0.5150465
Moved 878.9608 338.641 320.4103 -0.04944215 0.4653373
Moved 879.0169 327.8306 318.4153 -0.07446621 0.4537924
Moved 879.0724 317.6787 316 -0.0979659 0.4398148
Moved 879.1286 309.5616 314 -0.1167556 0.4282409
Moved 879.184 304.9807 312 -0.1273595 0.4166669
Moved 879.2393 300.6109 309.6109 -0.1374748 0.4028409
Moved 879.3255 298 309 -0.1435185 0.3993057
Moved 879.3815 306.7253 309 -0.123321 0.3993057
Moved 879.4383 383.4467 309 0.0542747 0.3993057
Moved 879.4988 456.6314 309 0.2236838 0.3993057
Moved 879.5554 479.3336 307.9444 0.2762353 0.3931969
Moved 879.613 492.8004 304 0.3074083 0.3703706
Moved 879.6697 495 298.8304 0.3125 0.340454
Moved 879.7285 474.4614 281.3296 0.264957 0.2391759
Moved 879.7852 376.4687 218.0681 0.03812193 -0.1269205
Moved 879.8419 345.1911 191.7941 -0.03427992 -0.2789695
Moved 879.9296 337.5913 185 -0.05187204 -0.318287
Stationary 879.9847 338 185 -0.05092591 -0.318287
Moved 880.0397 487.8759 237.219 0.2960089 -0.01609378
Moved 880.0963 543.9274 250.9792 0.4257579 0.06353732
Moved 880.1524 557.5616 255.2808 0.4573185 0.08843052
Moved 880.209 559 258.7635 0.4606481 0.1085854
Moved 880.2645 485.3904 277.691 0.2902555 0.2181194
Moved 880.32 409 284 0.113426 0.2546298
Moved 880.3746 349.155 290.0939 -0.02510418 0.2898953
Moved 880.4301 306.4319 291.3965 -0.1240004 0.2974334
Moved 880.5178 262.6587 291 -0.2253272 0.2951389
Moved 880.5781 254.9424 291 -0.243189 0.2951389
Moved 880.6349 253 291 -0.2476852 0.2951389
Stationary 880.6907 253 291 -0.2476852 0.2951389
Moved 880.7469 252 291 -0.25 0.2951389
Moved 880.8055 261.2333 292 -0.2286267 0.3009261
Moved 880.8635 326.5 260 -0.07754628 0.1157407
Moved 880.9221 374.7576 236.2159 0.03416111 -0.02189848
Moved 880.9798 408.2778 222.6805 0.1117542 -0.1002282
Moved 881.0391 425.4851 217 0.1515858 -0.1331017
Moved 881.1277 437.9691 213 0.180484 -0.15625
Moved 881.1846 446.4114 209.2943 0.2000263 -0.1776948
Moved 881.2421 453.6852 207.3147 0.2168639 -0.1891511
Moved 881.299 461.4199 205 0.2347683 -0.2025461
Moved 881.3552 465 202.1702 0.2430555 -0.2189225
Ended 881.4105 466.2716 202 0.2459992 -0.2199074
Began 881.6274 184 305 -0.4074074 0.3761576
Stationary 881.6904 184 305 -0.4074074 0.3761576
Stationary 881.7521 184 305 -0.4074074 0.3761576
Stationary 881.8093 184 305 -0.4074074 0.3761576
Stationary 881.8655 184 305 -0.4074074 0.3761576
Moved 881.9246 202 293.5 -0.3657407 0.3096065
Moved 881.9863 273.905 289 -0.199294 0.283565
Moved 882.0472 378.3814 296.6151 0.04254967 0.3276338
Moved 882.1277 441.1107 297 0.1877563 0.3298613
Moved 882.187 463.7279 289.0907 0.2401108 0.2840897
Moved 882.2459 472 286.3848 0.2592593 0.2684307
Moved 882.3044 474.5 284.5 0.2650462 0.2575233
Moved 882.3625 474 284 0.2638889 0.2546298
Moved 882.4216 446.7061 280 0.2007086 0.2314817
Moved 882.4822 387.6367 279 0.06397396 0.2256946
Moved 882.5391 341.9286 279 -0.04183188 0.2256946
Moved 882.5943 326.6657 279 -0.07716278 0.2256946
Moved 882.6497 319.5 279 -0.09375001 0.2256946
Moved 882.7369 319 287 -0.09490739 0.2719909
Stationary 882.7952 319 287 -0.09490739 0.2719909
Moved 882.8531 336.5 275 -0.05439813 0.2025463
Moved 882.911 355.6462 264.5692 -0.0100783 0.142183
Moved 882.97 364.6237 255.7526 0.01070301 0.09116068
Moved 883.0308 370.3545 249.6455 0.02396882 0.05581892
Ended 883.0933 373.2259 247.7742 0.03061543 0.04498941
Began 883.3549 305 330 -0.1273148 0.5208336
Stationary 883.4122 305 330 -0.1273148 0.5208336
Stationary 883.4688 305 330 -0.1273148 0.5208336
Stationary 883.5229 305 330 -0.1273148 0.5208336
Moved 883.5807 316.4046 313.3931 -0.1009153 0.424729
Moved 883.6429 328.0197 290.9705 -0.07402852 0.2949679
Moved 883.7047 358.8683 256.1317 -0.002619724 0.09335483
Moved 883.7719 387.76 234.344 0.06425917 -0.03273152
Moved 883.8314 406.8801 223.08 0.1085187 -0.09791693
Moved 883.8938 414.5 217.5 0.1261574 -0.1302082
Moved 883.9697 416 212.5039 0.1296297 -0.1591209
Moved 884.0292 372.1874 219.5111 0.02821157 -0.1185698
Moved 884.0875 312.74 239.9041 -0.1093983 -0.0005552504
Moved 884.1464 275.5178 256.2411 -0.1955608 0.09398814
Moved 884.2034 261.6371 264.3629 -0.227692 0.1409891
Moved 884.2609 256.7029 267.2971 -0.2391136 0.1579694
Moved 884.3185 253.5 269 -0.2465278 0.1678241
Moved 884.3774 253 271.4315 -0.2476852 0.1818952
Stationary 884.4349 253 271 -0.2476852 0.1793981
Moved 884.4943 253 272 -0.2476852 0.1851854
Ended 884.5815 253 272 -0.2476852 0.1851854
Began 884.8004 235 298 -0.2893518 0.3356482
Stationary 884.8583 235 298 -0.2893518 0.3356482
Stationary 884.9132 235 298 -0.2893518 0.3356482
Moved 884.9707 291.0339 253.3729 -0.1596437 0.07738962
Moved 885.0282 340.8966 216.4023 -0.04422089 -0.1365603
Moved 885.0862 370.0756 196.7546 0.0233231 -0.2502623
Moved 885.1465 396.8755 181.4498 0.08536001 -0.3388318
Moved 885.2068 415.497 173.501 0.1284653 -0.3848321
Moved 885.2653 422.9145 169.0854 0.1456354 -0.410385
Moved 885.3231 425 167 0.150463 -0.4224537
Moved 885.3894 425 166 0.150463 -0.4282407
Moved 885.445 399 180.5 0.09027779 -0.3443287
Moved 885.5012 383.4667 194.5332 0.05432118 -0.2631181
Moved 885.5571 370.0082 209.4877 0.02316703 -0.176576
Moved 885.613 362.204 219.796 0.00510186 -0.1169212
Moved 885.6717 356.8014 230.1986 -0.007404238 -0.05672102
Moved 885.7318 356 237.1399 -0.009259283 -0.01655155
Moved 885.7914 367.91 247.946 0.01831025 0.04598423
Moved 885.8488 427.5537 265.1384 0.1563744 0.1454772
Moved 885.9101 464.4675 273.187 0.2418229 0.1920545
Moved 885.9977 480.5 277 0.2789353 0.2141204
Moved 886.055 480 278 0.2777778 0.2199074
Stationary 886.1105 480 278 0.2777778 0.2199074
Moved 886.1663 465.5047 254.673 0.2442239 0.08491305
Moved 886.2228 455.739 235.4779 0.2216179 -0.02616935
Moved 886.2833 445.0311 213.0621 0.1968311 -0.1558904
Moved 886.3415 439.0743 196.223 0.1830425 -0.253339
Moved 886.3997 434.3698 186.7395 0.1721523 -0.3082205
Moved 886.4584 423.9816 180.9939 0.1481055 -0.3414705
Moved 886.5164 384.2536 199.9978 0.05614271 -0.2314942
Moved 886.6155 268.7016 285.2487 -0.2113389 0.2618557
Moved 886.6777 254.3297 293.3352 -0.2446073 0.3086528
Moved 886.7382 248.8228 298.1772 -0.2573546 0.3366736
Moved 886.798 247 299 -0.2615741 0.3414354
Moved 886.8555 247 300 -0.2615741 0.3472222
Ended 886.9109 247 300 -0.2615741 0.3472222
PhraseEnd 887.7538
