watch out for low flying objects
Basic
0.6 0.6
432 172.8
Began 786.5884 260 269 -0.2314815 0.1678241
Stationary 786.6518 260 269 -0.2314815 0.1678241
Stationary 786.7033 260 269 -0.2314815 0.1678241
Stationary 786.7567 260 269 -0.2314815 0.1678241
Stationary 786.8102 260 269 -0.2314815 0.1678241
Moved 786.863 247.6421 253.4631 -0.2600878 0.07791166
Moved 786.9169 236.5391 242.5391 -0.2857892 0.01469365
Moved 786.9706 220.1567 228.1566 -0.3237114 -0.0685381
Moved 787.0287 210.5564 220.5564 -0.3459342 -0.1125209
Moved 787.0836 201.3735 214.3735 -0.367191 -0.1483013
Moved 787.1512 197.006 212 -0.3773009 -0.1620369
Stationary 787.1996 197 212 -0.3773148 -0.1620369
Moved 787.2473 213.4012 230.6295 -0.3393492 -0.05422752
Moved 787.2955 303.9491 280.9754 -0.1297475 0.2371264
Moved 787.3434 354.3884 303.8956 -0.01298984 0.3697666
Moved 787.3991 376.0409 309.6803 0.0371318 0.4032425
Moved 787.4518 382.9843 311 0.0532044 0.4108796
Moved 787.5063 386 311 0.06018519 0.4108796
Moved 787.5943 377.6725 294.0518 0.04090855 0.3128
Moved 787.647 343.0304 239.0532 -0.0392815 -0.005478859
Moved 787.6987 330.1641 216.2734 -0.06906465 -0.1373065
Moved 787.7643 321.3328 195.9984 -0.0895074 -0.2546388
Moved 787.8222 319 186.9225 -0.09490739 -0.3071616
Moved 787.8786 317.1888 182 -0.09910003 -0.335648
Moved 787.9338 317 179.5 -0.09953702 -0.3501157
Moved 787.9945 317 179 -0.09953702 -0.3530089
Moved 788.0502 340.6437 195.7625 -0.0448063 -0.2560043
Moved 788.1079 372.005 215.0024 0.02778928 -0.1446618
Moved 788.1916 396.5063 234.0042 0.08450519 -0.0346982
Moved 788.2466 407.8095 241.9048 0.1106701 0.01102306
Moved 788.2995 415.1712 248.3424 0.1277112 0.04827782
Moved 788.3544 421.6844 252.6844 0.1427879 0.07340538
Moved 788.4073 423.2241 254.224 0.1463519 0.08231499
Moved 788.4838 425 256.2977 0.150463 0.09431539
Ended 788.5373 425 256 0.150463 0.0925926
Began 789.4478 522 296 0.375 0.3240741
Stationary 789.5096 522 296 0.375 0.3240741
Stationary 789.5607 522 296 0.375 0.3240741
Moved 789.6158 510.1969 296 0.347678 0.3240741
Moved 789.6689 497 288 0.3171296 0.2777778
Moved 789.7235 470.9591 284.9918 0.2568498 0.2603695
Moved 789.7791 442.8144 284 0.1916999 0.2546298
Moved 789.8345 410.2432 280 0.1163037 0.2314817
Moved 789.8917 390.7139 278.9285 0.07109702 0.2252805
Moved 789.9492 376.4436 276.6109 0.03806382 0.2118686
Moved 790.0068 357.5027 274.1676 -0.005780756 0.1977292
Moved 790.0631 339.5 273 -0.04745369 0.1909722
Moved 790.1177 331 273 -0.06712963 0.1909722
Moved 790.1729 324.7591 273 -0.08157627 0.1909722
Moved 790.225 322.73 273 -0.08627304 0.1909722
Moved 790.277 321.5 273 -0.08912037 0.1909722
Moved 790.3291 322 273 -0.08796295 0.1909722
Ended 790.4122 321 273 -0.09027779 0.1909722
Began 790.572 276 202 -0.1944444 -0.2199074
Stationary 790.6644 276 202 -0.1944444 -0.2199074
Stationary 790.7177 276 202 -0.1944444 -0.2199074
Stationary 790.7684 276 202 -0.1944444 -0.2199074
Moved 790.8247 308.3404 221.0516 -0.1195824 -0.1096549
Moved 790.8823 351.9693 245.4808 -0.0185895 0.03171797
Moved 790.9384 410.2179 267.7156 0.1162452 0.1603916
Moved 790.9935 444.3793 280.6896 0.1953224 0.2354724
Moved 791.0504 476.778 293.889 0.2703194 0.3118575
Moved 791.1088 500.0986 303.7324 0.3243022 0.3688217
Moved 791.1636 510.6035 306.3018 0.3486192 0.3836909
Moved 791.2315 513 308 0.3541666 0.3935185
Moved 791.2852 498.5248 308 0.3206594 0.3935185
Moved 791.3478 453.9389 308 0.2174511 0.3935185
Moved 791.412 328.9853 297 -0.0717933 0.3298613
Moved 791.4655 310.0001 296 -0.1157406 0.3240741
Moved 791.5205 296.5269 296 -0.1469286 0.3240741
Moved 791.5759 290.2244 296 -0.1615175 0.3240741
Moved 791.6294 285.5 296 -0.1724537 0.3240741
Moved 791.6799 283.5 296 -0.1770833 0.3240741
Moved 791.7301 281.778 296 -0.1810693 0.3240741
Moved 791.8087 280.8133 296 -0.1833026 0.3240741
Moved 791.8597 279.9179 296 -0.1853752 0.3240741
Stationary 791.9103 280 296 -0.1851852 0.3240741
Stationary 791.9609 280 296 -0.1851852 0.3240741
Stationary 792.0205 280 296 -0.1851852 0.3240741
Stationary 792.0761 280 296 -0.1851852 0.3240741
Stationary 792.1318 280 296 -0.1851852 0.3240741
Ended 792.1909 280 296 -0.1851852 0.3240741
Began 792.3369 528 238 0.3888889 -0.01157407
Stationary 792.3993 528 238 0.3888889 -0.01157407
Stationary 792.4488 528 238 0.3888889 -0.01157407
Stationary 792.4991 528 238 0.3888889 -0.01157407
Moved 792.549 516.8211 254.5718 0.3630118 0.08432742
Moved 792.6004 507.8786 276.2427 0.3423117 0.2097382
Moved 792.6674 493.6021 300.3979 0.3092641 0.3495254
Moved 792.7187 483.008 313.992 0.2847406 0.4281946
Moved 792.769 472.4006 322.5994 0.2601867 0.4780056
Moved 792.8189 458.8213 326.7947 0.228753 0.502284
Moved 792.8692 433.3047 330.0993 0.1696869 0.521408
Moved 792.919 385.9966 331 0.06017745 0.5266204
Moved 792.9682 337.4281 325.4164 -0.05224977 0.4943078
Moved 793.018 304.7876 320.2554 -0.1278066 0.4644408
Moved 793.0676 281.7741 316.9623 -0.1810785 0.4453841
Moved 793.1174 261.652 315 -0.2276575 0.4340278
Moved 793.1921 248.6451 313 -0.2577659 0.4224537
Moved 793.2421 239.4302 313 -0.2790968 0.4224537
Moved 793.2921 233.1339 312.1339 -0.2936715 0.4174416
Moved 793.3476 226.7032 312 -0.3085573 0.4166669
Moved 793.3987 222.4076 312 -0.318501 0.4166669
Moved 793.4499 219 311 -0.3263889 0.4108796
Moved 793.5042 213.7068 311 -0.3386417 0.4108796
Moved 793.5573 210.5 311 -0.3460648 0.4108796
Moved 793.6108 207.5 310 -0.3530093 0.4050926
Moved 793.6635 206 308.8715 -0.3564815 0.3985623
Moved 793.746 204 309 -0.3611111 0.3993057
Ended 793.7966 204 309 -0.3611111 0.3993057
Began 794.0904 356 268 -0.009259283 0.162037
Stationary 794.1506 356 268 -0.009259283 0.162037
Stationary 794.2032 356 268 -0.009259283 0.162037
Stationary 794.2609 356 268 -0.009259283 0.162037
Moved 794.3137 373.7298 268 0.03178199 0.162037
Moved 794.3694 443.5419 278 0.1933841 0.2199074
Moved 794.4255 486.9037 279 0.2937586 0.2256946
Moved 794.4821 516.6469 279 0.3626086 0.2256946
Moved 794.5403 535.5381 279 0.4063383 0.2256946
Moved 794.5983 542.5 279 0.4224537 0.2256946
Moved 794.6524 543.3729 279 0.4244742 0.2256946
Moved 794.7061 522.5381 279 0.3762457 0.2256946
Moved 794.771 472.2818 289.8262 0.2599116 0.2883463
Moved 794.8256 415.5695 296 0.1286332 0.3240741
Moved 794.9011 377.6962 298 0.04096339 0.3356482
Moved 794.957 371.5919 300.4081 0.02683302 0.3495842
Moved 795.0094 371 303.7756 0.025463 0.369072
Moved 795.0624 382.2691 310.1346 0.05154888 0.4058716
Moved 795.1153 417.9296 321.9765 0.1340962 0.4744011
Moved 795.1686 438.1513 324.7878 0.1809059 0.4906704
Moved 795.2221 452.3386 326 0.2137467 0.497685
Moved 795.2821 458.4665 326 0.2279317 0.497685
Moved 795.3338 461.3609 326 0.2346316 0.497685
Moved 795.3868 462 304.1377 0.2361111 0.3711672
Moved 795.4686 447.5442 227.2649 0.2026486 -0.07369837
Moved 795.5228 442.2417 199.2086 0.1903744 -0.2360614
Moved 795.5839 440 184.7363 0.1851852 -0.3198127
Moved 795.6401 439 177.3413 0.1828703 -0.3626082
Moved 795.6946 436.1585 175 0.1762928 -0.3761573
Moved 795.7547 426 175 0.1527777 -0.3761573
Moved 795.8097 410.1165 191.8835 0.1160104 -0.2784516
Moved 795.8662 398.4832 201.5168 0.08908133 -0.2227035
Moved 795.923 387.3062 212.6937 0.06320894 -0.1580224
Moved 795.9776 377.927 221.073 0.04149765 -0.1095313
Moved 796.0618 372 227.2526 0.02777775 -0.07376972
Moved 796.1152 368.9144 229.0856 0.02063523 -0.06316221
Moved 796.1681 368 230.0651 0.01851857 -0.05749367
Ended 796.2244 367 231 0.01620372 -0.05208334
Began 796.4026 522 268 0.375 0.162037
Stationary 796.4578 522 268 0.375 0.162037
Stationary 796.507 522 268 0.375 0.162037
Moved 796.562 511.2968 268 0.350224 0.162037
Moved 796.6476 494.1211 247.1211 0.3104655 0.04121004
Moved 796.7041 476.6497 228.1996 0.2700225 -0.06828944
Moved 796.759 460.2911 207.5823 0.2321554 -0.1876024
Moved 796.8148 450.6942 191.3883 0.2099402 -0.2813175
Moved 796.8704 443.4624 178.9248 0.1931999 -0.3534445
Moved 796.9274 437.7425 170.7424 0.1799594 -0.4007961
Moved 796.9847 435 164.7635 0.1736111 -0.4353958
Moved 797.0383 429.0305 157.061 0.1597929 -0.4799707
Moved 797.0914 422.1737 152.0868 0.1439206 -0.5087569
Moved 797.1443 410.0536 147.3512 0.1158647 -0.5361621
Moved 797.2268 392.9702 147 0.07631987 -0.5381943
Moved 797.2827 383.7378 147 0.05494863 -0.5381943
Moved 797.336 379.7816 147 0.04579067 -0.5381943
Moved 797.392 379 155.9589 0.04398147 -0.486349
Moved 797.4446 379 164.7928 0.04398147 -0.4352264
Moved 797.502 413.8378 192.1982 0.1246246 -0.2766304
Moved 797.5618 443.1492 215.1119 0.192475 -0.1440281
Moved 797.619 458 228.5 0.2268519 -0.06655093
Moved 797.6731 460 234.7209 0.2314815 -0.03055008
Moved 797.7278 446.8446 242.9235 0.2010291 0.01691836
Moved 797.8127 408.8458 251.3077 0.1130689 0.06543848
Moved 797.868 366.1918 254.7261 0.01433283 0.08522034
Moved 797.9223 335.8003 256 -0.05601794 0.0925926
Moved 797.9767 306.998 256 -0.1226899 0.0925926
Moved 798.0317 287.9075 256.6975 -0.1668808 0.09662911
Moved 798.0854 271.7007 258 -0.2043965 0.1041667
Moved 798.1425 261.1655 259 -0.2287836 0.1099539
Moved 798.2036 256.7872 260 -0.2389185 0.1157407
Stationary 798.2574 257 260 -0.2384259 0.1157407
Moved 798.3099 257 250.4221 -0.2384259 0.06031337
Moved 798.3927 296.4831 201.2753 -0.1470298 -0.2241015
Moved 798.4478 307.1738 189.8262 -0.1222829 -0.2903578
Moved 798.4995 315.8203 181.1797 -0.1022679 -0.3403952
Moved 798.5519 320.7523 179 -0.09085124 -0.3530089
Moved 798.6046 324.4918 179 -0.082195 -0.3530089
Moved 798.6561 325 200.8658 -0.08101851 -0.2264706
Moved 798.7084 326 227.8157 -0.07870371 -0.07051115
Moved 798.761 327 247.2849 -0.07638887 0.04215823
Moved 798.8126 328 255.8807 -0.07407407 0.09190242
Moved 798.8677 329 261 -0.07175927 0.1215278
Moved 798.9533 330 265.5 -0.06944443 0.1475695
Moved 799.0069 319.8664 265 -0.09290178 0.1446759
Moved 799.0597 303.2698 265 -0.1313199 0.1446759
Moved 799.113 272.2892 249.7631 -0.2030344 0.0564992
Moved 799.1658 250.3543 240.1771 -0.2538095 0.001025023
Moved 799.2203 234.5361 235 -0.2904257 -0.02893519
Moved 799.2726 226.7709 233 -0.3084007 -0.04050926
Moved 799.3271 218.5139 230.5139 -0.327514 -0.05489632
Moved 799.3799 213.2147 230 -0.3397808 -0.05787019
Moved 799.4323 207.7864 227.7864 -0.3523463 -0.07068069
Moved 799.5126 204.6266 228 -0.3596607 -0.06944445
Ended 799.5667 205 228 -0.3587963 -0.06944445
PhraseEnd 800.512
