love means many things
Basic
0.8 0.8
575.9999 435.2
Began 760.6642 614 389 0.4409722 0.04825375
Stationary 760.7094 614 389 0.4409722 0.04825375
Stationary 760.7457 614 389 0.4409722 0.04825375
Stationary 760.7831 614 389 0.4409722 0.04825375
Stationary 760.8196 614 389 0.4409722 0.04825375
Stationary 760.8565 614 389 0.4409722 0.04825375
Stationary 760.892 614 389 0.4409722 0.04825375
Stationary 760.9294 614 389 0.4409722 0.04825375
Stationary 760.968 614 389 0.4409722 0.04825375
Moved 761.0057 601.5675 401.4325 0.4193881 0.07682103
Moved 761.0513 593.0047 414.493 0.404522 0.1068313
Moved 761.0905 581.5896 433.0174 0.3847042 0.1493966
Moved 761.1277 574.9566 447.0868 0.3731886 0.1817252
Moved 761.1648 567.538 458.9241 0.360309 0.208925
Moved 761.201 548 496 0.326389 0.2941177
Moved 761.2375 540.7877 510.4246 0.3138676 0.3272624
Moved 761.2726 536.0807 520.8386 0.3056956 0.3511917
Moved 761.3132 532.5 526.5 0.2994792 0.3642004
Moved 761.3508 528.5532 527 0.2926272 0.3653493
Moved 761.3881 487.0807 481.7607 0.2206261 0.2613988
Moved 761.4454 395.4613 335.4051 0.06156482 -0.0748964
Moved 761.4856 377.0822 285.3973 0.02965659 -0.1898041
Moved 761.5246 369.3101 235.1704 0.01616329 -0.3052151
Moved 761.5645 366.8562 214.1372 0.01190312 -0.353545
Moved 761.6025 367 189 0.01215279 -0.4113051
Moved 761.6454 367 179.3721 0.01215279 -0.4334281
Moved 761.6826 367 175.2874 0.01215279 -0.442814
Moved 761.7178 367 173.8885 0.01215279 -0.4460281
Moved 761.7531 367 170.9067 0.01215279 -0.4528797
Stationary 761.7877 367 171 0.01215279 -0.4526656
Moved 761.8449 346.6924 232.1537 -0.02310354 -0.3121468
Moved 761.8811 334.5 262 -0.04427083 -0.2435661
Moved 761.9169 318.5813 304.4454 -0.07190742 -0.1460354
Moved 761.9529 290.942 381.1449 -0.1198923 0.03020434
Moved 761.9875 279.4673 409.8317 -0.1398137 0.09612056
Moved 762.0225 270.2304 434.3857 -0.1558501 0.1525406
Moved 762.0576 258.5505 470.3485 -0.1761276 0.2351759
Moved 762.0933 252.9015 484.394 -0.1859349 0.2674496
Moved 762.1287 249.4073 493.1853 -0.1920011 0.2876501
Moved 762.166 246.1071 500.7857 -0.1977307 0.3051143
Moved 762.2246 241.1111 507.8889 -0.2064044 0.321436
Moved 762.262 235.8401 515.3198 -0.2155554 0.3385107
Moved 762.3012 232.9617 519.0383 -0.2205526 0.3470549
Moved 762.3392 228.0106 523.9894 -0.2291483 0.3584315
Moved 762.3755 224.1386 527.8614 -0.2358705 0.3673287
Moved 762.4115 219.8405 531 -0.2433324 0.3745404
Moved 762.448 218.5 532 -0.2456597 0.3768383
Moved 762.4847 218 533 -0.2465278 0.3791361
Ended 762.5223 218 533 -0.2465278 0.3791361
Began 762.893 577 303 0.3767361 -0.1493566
Stationary 762.9392 577 303 0.3767361 -0.1493566
Stationary 762.9731 577 303 0.3767361 -0.1493566
Stationary 763.0076 577 303 0.3767361 -0.1493566
Stationary 763.046 577 303 0.3767361 -0.1493566
Stationary 763.082 577 303 0.3767361 -0.1493566
Stationary 763.1192 577 303 0.3767361 -0.1493566
Stationary 763.1551 577 303 0.3767361 -0.1493566
Stationary 763.1922 577 303 0.3767361 -0.1493566
Moved 763.2343 563.4133 303 0.3531481 -0.1493566
Moved 763.2709 552.0166 303 0.3333622 -0.1493566
Moved 763.3066 528.0571 316.4714 0.2917659 -0.118402
Moved 763.3457 500.8802 334.0839 0.2445838 -0.07793231
Moved 763.3835 469.1156 358.5704 0.1894368 -0.02166734
Moved 763.4191 451.6322 369.977 0.1590838 0.004542786
Moved 763.4545 428.8235 389.5412 0.1194853 0.04949724
Moved 763.4926 391.5642 420.3735 0.05479903 0.1203436
Moved 763.5292 380.2558 429.8082 0.03516629 0.1420225
Moved 763.5659 370.269 439.8206 0.0178282 0.1650291
Moved 763.6277 353.4198 458.5802 -0.0114239 0.2081347
Moved 763.6653 344.5 466.5 -0.02690971 0.2263328
Moved 763.701 331.8715 478.1285 -0.04883424 0.2530528
Moved 763.7376 312.3802 500.9437 -0.08267324 0.3054774
Moved 763.7731 297.991 513.8072 -0.1076545 0.3350349
Moved 763.8083 286.2436 524.0051 -0.1280494 0.3584677
Moved 763.8475 269.7834 534.1083 -0.1566261 0.3816829
Moved 763.8864 261.2111 537.9296 -0.1715085 0.3904633
Moved 763.9249 249.514 540 -0.1918159 0.3952206
Moved 763.9648 233.0561 540 -0.2203888 0.3952206
Moved 764.0419 174.478 485.5254 -0.3220869 0.2700492
Moved 764.0761 149.7432 460.7432 -0.3650292 0.2131048
Moved 764.1108 134.5 444 -0.3914931 0.1746324
Moved 764.1479 124.0177 428.6902 -0.4096916 0.1394536
Moved 764.1846 113.7431 409.1146 -0.4275294 0.09447291
Moved 764.2208 112 400.5 -0.4305556 0.07467835
Moved 764.2581 110 393.1208 -0.4340278 0.05772244
Moved 764.2944 110 389.6829 -0.4340278 0.04982276
Moved 764.3328 110 384.7835 -0.4340278 0.03856505
Moved 764.3734 110 380.8416 -0.4340278 0.02950732
Moved 764.4339 110 373.2142 -0.4340278 0.01198117
Moved 764.4724 116.7411 368.3147 -0.4223244 0.0007231096
Moved 764.5074 127.2608 362.8696 -0.4040611 -0.01178868
Moved 764.543 152.7502 352.85 -0.3598087 -0.03481164
Moved 764.5796 191.1907 339.2698 -0.2930717 -0.06601615
Moved 764.6147 218.0729 332.0949 -0.2464012 -0.08250251
Moved 764.6502 252.2037 320.7065 -0.1871463 -0.1086706
Moved 764.685 284.2016 308.0491 -0.1315945 -0.1377548
Moved 764.7218 334.5953 287.5214 -0.04410539 -0.1849231
Moved 764.7577 364.2952 276.8819 0.007456915 -0.2093706
Moved 764.8158 395.6092 266.5977 0.06182149 -0.2330016
Moved 764.8517 409.2995 260.4802 0.08558945 -0.2470585
Moved 764.887 422.566 252.6227 0.1086216 -0.2651133
Moved 764.931 428.2116 249.8942 0.1184229 -0.2713828
Moved 764.968 434.8385 246.5807 0.1299279 -0.2789965
Moved 765.0049 436.9538 247 0.1336003 -0.278033
Moved 765.0409 440 247 0.1388889 -0.278033
Moved 765.0812 441 247 0.140625 -0.278033
Moved 765.1158 441 256.2719 0.140625 -0.2567282
Moved 765.1509 403.1425 297.8575 0.07490025 -0.1611731
Moved 765.2087 344.3474 351.0439 -0.02717473 -0.0389616
Moved 765.2444 299.6387 385.8365 -0.1047939 0.04098475
Moved 765.28 269.5888 405.9879 -0.1569639 0.08728831
Moved 765.3177 234.3005 423.3497 -0.2182283 0.1271823
Moved 765.3548 220.2787 426.8885 -0.2425718 0.1353138
Moved 765.3928 207.5093 430 -0.2647409 0.1424633
Moved 765.4319 200.7751 432.1124 -0.2764321 0.1473172
Moved 765.47 194.9157 433 -0.2866047 0.1493566
Moved 765.507 193 433 -0.2899306 0.1493566
Moved 765.5443 191 433 -0.2934028 0.1493566
Moved 765.6037 187.8987 433 -0.2987869 0.1493566
Moved 765.6377 186.9562 433 -0.3004233 0.1493566
Stationary 765.6709 186.9562 433 -0.3004233 0.1493566
Ended 765.7405 187 433 -0.3003472 0.1493566
Began 766.1199 494 291 0.2326389 -0.1769302
Stationary 766.169 494 291 0.2326389 -0.1769302
Stationary 766.2052 494 291 0.2326389 -0.1769302
Stationary 766.2412 494 291 0.2326389 -0.1769302
Stationary 766.2758 494 291 0.2326389 -0.1769302
Stationary 766.3113 494 291 0.2326389 -0.1769302
Moved 766.3479 502.4074 280.1904 0.2472352 -0.2017683
Moved 766.3843 501 280.5 0.2447917 -0.201057
Moved 766.4207 501 279.8281 0.2447917 -0.2026009
Moved 766.4575 489.2693 279 0.2244259 -0.2045036
Moved 766.4941 474.3874 279 0.1985893 -0.2045036
Moved 766.5308 439.9953 296.4465 0.1388807 -0.1644152
Moved 766.5665 412.6958 307.1939 0.09148583 -0.1397199
Moved 766.6031 372 325.5 0.02083331 -0.09765626
Moved 766.6574 309.9745 357.7595 -0.08684974 -0.02353051
Moved 766.6962 285.2337 367.6475 -0.1298026 -0.000809922
Moved 766.7345 257.3465 376.2614 -0.1782178 0.01898303
Moved 766.771 244.0116 378.9977 -0.2013687 0.02527048
Moved 766.8093 226.1784 381 -0.2323292 0.02987133
Moved 766.8477 214.6698 382 -0.2523094 0.03216912
Moved 766.8853 197.8183 382 -0.2815654 0.03216912
Moved 766.9188 184.7741 382 -0.3042116 0.03216912
Moved 766.9523 171.9435 382 -0.326487 0.03216912
Moved 766.9868 161.8587 383.3804 -0.3439954 0.03534107
Moved 767.0413 145.6832 386 -0.3720778 0.0413603
Moved 767.0758 140.3456 387.6544 -0.3813444 0.04516163
Moved 767.1091 135 389.5 -0.390625 0.04940258
Moved 767.1431 132.9611 390 -0.3941647 0.05055147
Moved 767.1768 130.6276 392.3724 -0.3982159 0.05600267
Moved 767.2102 131 393.0515 -0.3975695 0.05756312
Moved 767.2441 131 394.3236 -0.3975695 0.06048631
Moved 767.2789 131 395.6301 -0.3975695 0.06348825
Moved 767.3162 131 397.2504 -0.3975695 0.06721136
Moved 767.3497 144.16 399.4622 -0.3747222 0.07229371
Moved 767.413 217.7231 384.1621 -0.2470086 0.03713717
Moved 767.4515 255.921 367.5395 -0.1806927 -0.001058158
Moved 767.4919 326.1941 325.8806 -0.05869087 -0.09678182
Moved 767.53 382.5013 288.7719 0.03906474 -0.1820499
Moved 767.5685 407.5366 272.0244 0.08252882 -0.2205321
Moved 767.6069 440.173 250.3297 0.1391892 -0.2703821
Moved 767.6461 452.1147 240.9236 0.1599214 -0.2919955
Moved 767.6828 461.9707 231.0439 0.1770325 -0.3146968
Moved 767.7179 465.8487 227.3026 0.1837651 -0.3232936
Moved 767.7527 468.7111 226 0.1887346 -0.3262869
Moved 767.8085 472.1254 222.8746 0.1946622 -0.3334682
Moved 767.8434 472 221.5 0.1944444 -0.3366268
Moved 767.8774 473.2159 222 0.1965554 -0.3354779
Stationary 767.9114 473 222 0.1961806 -0.3354779
Moved 767.9455 448.0782 290.2499 0.1529135 -0.1786538
Moved 767.9805 431.6805 333.2188 0.1244453 -0.07992002
Moved 768.0157 418.5756 360.778 0.1016938 -0.01659464
Moved 768.0499 405.2423 393.5154 0.07854567 0.05862924
Moved 768.0848 390.2593 431.9752 0.05253352 0.1470019
Moved 768.1184 387.4019 448.1915 0.0475727 0.1842635
Moved 768.174 383.9493 469.2534 0.04157871 0.2326594
Moved 768.2093 384 486.3649 0.04166671 0.2719781
Moved 768.2442 384 492.7127 0.04166671 0.2865641
Moved 768.2795 384 501.3424 0.04166671 0.3063934
Moved 768.3144 392 506.0842 0.05555556 0.3172891
Moved 768.35 392.6566 509 0.05669541 0.323989
Moved 768.3864 393 511.5 0.05729169 0.3297335
Moved 768.4217 393 513.374 0.05729169 0.3340394
Moved 768.4565 393 514.3197 0.05729169 0.3362126
Stationary 768.492 393 514.3197 0.05729169 0.3362126
Moved 768.5499 393 515 0.05729169 0.3377758
Ended 768.5853 393 515 0.05729169 0.3377758
Began 769.2894 280 481 -0.1388889 0.2596507
Stationary 769.3302 280 481 -0.1388889 0.2596507
Stationary 769.368 280 481 -0.1388889 0.2596507
Stationary 769.4092 280 481 -0.1388889 0.2596507
Stationary 769.4492 280 481 -0.1388889 0.2596507
Moved 769.4881 290.6095 467.5207 -0.1204697 0.2286781
Moved 769.5225 297.8951 457.8065 -0.107821 0.2063569
Moved 769.561 314.8248 440.1752 -0.07842917 0.1658439
Moved 769.5956 325.2738 431.2947 -0.06028857 0.1454381
Moved 769.6295 334.434 422.566 -0.04438542 0.1253815
Moved 769.6657 346.0742 407.9073 -0.02417676 0.09169877
Moved 769.7027 357.629 394.371 -0.00411626 0.06059507
Moved 769.7386 363.7769 387.2231 0.006557107 0.04417073
Moved 769.7793 370.1419 379.8581 0.01760751 0.02724753
Moved 769.8181 373.0411 374.9589 0.02264075 0.01599018
Moved 769.8737 378.4093 369.5907 0.03196061 0.003655097
Moved 769.9115 379.3745 368.6255 0.03363632 0.001437243
Moved 769.9489 382.5 367 0.0390625 -0.002297724
Moved 769.9952 407.2106 386.7752 0.08196287 0.0431416
Moved 770.0319 437.2631 428.8209 0.1341373 0.139754
Moved 770.0678 459.6593 463.7656 0.1730197 0.2200496
Moved 770.1034 477.2112 492.1801 0.2034916 0.2853403
Moved 770.1403 485.2216 502.2216 0.2173986 0.3084137
Moved 770.1834 490.0749 509.0749 0.2258244 0.3241611
Moved 770.2241 491 512 0.2274306 0.3308824
Moved 770.2842 478.8607 456.9509 0.2063554 0.2043909
Moved 770.3229 457.7918 387.0767 0.1697774 0.04383424
Moved 770.3602 442.9914 327.9484 0.1440823 -0.09203035
Moved 770.3984 438 302 0.1354167 -0.1516544
Moved 770.4341 435.6367 275.8204 0.1313138 -0.2118097
Moved 770.4702 432 251.6475 0.125 -0.2673542
Moved 770.5064 430.5 243.5 0.1223958 -0.2860754
Moved 770.5444 428.5 236 0.1189236 -0.3033088
Moved 770.5809 427.6041 230.2081 0.1173682 -0.3166174
Moved 770.6222 426 225.7444 0.1145833 -0.3268741
Moved 770.6882 405.6862 245.4707 0.07931635 -0.2815471
Moved 770.7499 380.4897 302.531 0.03557235 -0.1504343
Moved 770.7901 368.7249 339.1876 0.01514748 -0.06620492
Moved 770.8278 360.6422 361.0735 0.00111483 -0.01591556
Moved 770.8682 354.3526 374.2947 -0.009804443 0.01446409
Moved 770.9053 350 379 -0.01736112 0.02527581
Moved 770.9438 336.5 387.5 -0.0407986 0.04480702
Moved 770.9791 316.6964 392.6581 -0.07517979 0.05665941
Moved 771.0261 265.6953 401.9164 -0.1637234 0.07793301
Moved 771.0671 220.4218 406 -0.2423232 0.08731615
Moved 771.1245 191.4425 406 -0.2926345 0.08731615
Moved 771.1625 177.5481 406 -0.3167567 0.08731615
Moved 771.197 173.5196 400.8187 -0.3237507 0.07541068
Moved 771.2375 169.9815 399 -0.3298933 0.07123166
Moved 771.2712 169 399 -0.3315972 0.07123166
Ended 771.3048 169 399 -0.3315972 0.07123166
PhraseEnd 772.6731
