an offer you cannot refuse
Basic
0.4 0.4
288 115.2
Began 493.2782 222 237 -0.4791667 -0.0260414
Stationary 493.3234 222 237 -0.4791667 -0.0260414
Stationary 493.3561 222 237 -0.4791667 -0.0260414
Stationary 493.3878 222 237 -0.4791667 -0.0260414
Stationary 493.4201 222 237 -0.4791667 -0.0260414
Stationary 493.4514 222 237 -0.4791667 -0.0260414
Stationary 493.4832 222 237 -0.4791667 -0.0260414
Stationary 493.5147 222 237 -0.4791667 -0.0260414
Stationary 493.5464 222 237 -0.4791667 -0.0260414
Stationary 493.5786 222 237 -0.4791667 -0.0260414
Stationary 493.6097 222 237 -0.4791667 -0.0260414
Stationary 493.6415 222 237 -0.4791667 -0.0260414
Stationary 493.6839 222 237 -0.4791667 -0.0260414
Stationary 493.718 222 237 -0.4791667 -0.0260414
Stationary 493.7504 222 237 -0.4791667 -0.0260414
Stationary 493.7848 222 237 -0.4791667 -0.0260414
Stationary 493.8173 222 237 -0.4791667 -0.0260414
Stationary 493.85 222 237 -0.4791667 -0.0260414
Moved 493.8828 233.4773 237 -0.4393151 -0.0260414
Moved 493.9188 241.4165 237 -0.4117481 -0.0260414
Moved 493.9539 259.6927 237 -0.3482892 -0.0260414
Moved 493.9888 273.9336 228.0133 -0.2988417 -0.1040509
Moved 494.0476 298 220.5 -0.2152778 -0.1692708
Moved 494.0842 311.0388 215.7402 -0.170004 -0.2105883
Moved 494.1275 328.267 207.8665 -0.110184 -0.2789373
Moved 494.1621 337.7529 204.5618 -0.0772468 -0.3076236
Moved 494.1954 348.1413 198.6196 -0.04117608 -0.3592049
Moved 494.2298 353.4944 195.7528 -0.02258904 -0.3840902
Moved 494.2634 360.3362 192.8879 0.001167357 -0.4089586
Moved 494.2978 364.3268 190.3365 0.0150238 -0.4311064
Moved 494.3318 368.5 187.5 0.02951384 -0.4557292
Moved 494.3679 375.8405 184.1595 0.05500168 -0.484726
Moved 494.425 382.7894 181.2106 0.07912979 -0.510325
Moved 494.4594 389.0954 179 0.1010257 -0.5295134
Moved 494.4928 391.7411 178 0.1102121 -0.5381945
Moved 494.526 395.5 176.5 0.1232639 -0.5512154
Moved 494.5673 399.8423 176 0.1383412 -0.5555556
Moved 494.6002 401.2746 176 0.1433148 -0.5555556
Moved 494.6317 404.2457 176 0.1536308 -0.5555556
Moved 494.6628 406.1182 176 0.1601325 -0.5555556
Moved 494.6941 407.3734 176 0.1644911 -0.5555556
Moved 494.7251 408.2108 176 0.1673985 -0.5555556
Moved 494.776 410.374 175 0.1749095 -0.5642359
Moved 494.8083 411.2229 175 0.1778573 -0.5642359
Ended 494.84 412 175 0.1805556 -0.5642359
Began 495.2248 487 310 0.4409722 0.607639
Stationary 495.2579 487 310 0.4409722 0.607639
Stationary 495.2896 487 310 0.4409722 0.607639
Stationary 495.3217 487 310 0.4409722 0.607639
Stationary 495.3541 487 310 0.4409722 0.607639
Stationary 495.3865 487 310 0.4409722 0.607639
Stationary 495.4184 487 310 0.4409722 0.607639
Stationary 495.4501 487 310 0.4409722 0.607639
Stationary 495.4815 487 310 0.4409722 0.607639
Moved 495.5183 477.7476 310 0.4088458 0.607639
Moved 495.5505 476.7468 303 0.4053707 0.5468751
Moved 495.5837 475.7763 301.7763 0.4020011 0.536253
Moved 495.6161 473.9163 300.9163 0.3955426 0.528787
Moved 495.6494 471.0476 299.0475 0.3855819 0.5125659
Moved 495.6826 467.3363 296.3363 0.3726956 0.4890305
Moved 495.7187 456.7387 291.2462 0.3358984 0.4448459
Moved 495.753 448.112 287.3707 0.3059446 0.411204
Moved 495.7902 440.602 283.8673 0.279868 0.3807926
Moved 495.827 423.0718 276.0359 0.2189992 0.3128116
Moved 495.8809 406.8772 270.2193 0.1627679 0.2623206
Moved 495.9186 391.7865 265.2621 0.1103699 0.2192895
Moved 495.9532 382.7783 262.3892 0.07909134 0.1943501
Moved 495.9867 376.0374 259.5187 0.05568534 0.169433
Moved 496.0205 368.8527 257.9509 0.03073857 0.155824
Moved 496.0575 357.9217 254.6406 -0.007216261 0.1270888
Moved 496.0919 352.5417 252.7709 -0.02589673 0.1108586
Moved 496.1317 346.4746 251.2373 -0.04696325 0.09754606
Moved 496.168 336.8595 250 -0.08034886 0.08680556
Moved 496.2029 332.1237 249 -0.09679273 0.07812527
Moved 496.258 324.695 247.6949 -0.1225868 0.06679615
Moved 496.2911 321.8261 248 -0.1325484 0.06944445
Moved 496.3264 319.9554 248 -0.1390439 0.06944445
Moved 496.3599 318.8829 248 -0.1427676 0.06944445
Moved 496.393 316.9826 248 -0.1493661 0.06944445
Moved 496.4266 311.2378 255.7622 -0.1693131 0.136825
Moved 496.4598 306.4403 259.5597 -0.1859711 0.1697893
Moved 496.4917 300.7044 263.1478 -0.2058876 0.200936
Moved 496.5269 295.956 267.022 -0.2223751 0.2345663
Moved 496.566 290.976 271.024 -0.2396668 0.2693063
Moved 496.6239 286.673 274 -0.2546077 0.2951392
Moved 496.6611 286 276.1888 -0.2569445 0.3141395
Moved 496.6937 286 277.0836 -0.2569445 0.3219059
Moved 496.7315 286 279.0403 -0.2569445 0.3388919
Moved 496.7685 286 281.5 -0.2569445 0.3602431
Moved 496.8042 292.8018 283.8502 -0.233327 0.3806443
Moved 496.8404 300.1456 286.7152 -0.2078279 0.405514
Moved 496.8757 313.0753 289 -0.162933 0.4253475
Moved 496.911 319.1339 290 -0.1418962 0.4340278
Moved 496.9491 325.8744 290 -0.1184918 0.4340278
Moved 497.0099 331.2546 290 -0.09981052 0.4340278
Moved 497.0454 333.5 290 -0.09201392 0.4340278
Moved 497.0836 334.2808 290 -0.08930282 0.4340278
Moved 497.118 336.2262 290 -0.08254804 0.4340278
Moved 497.1506 337.249 290 -0.07899665 0.4340278
Stationary 497.1828 337.249 290 -0.07899665 0.4340278
Stationary 497.2154 337 290 -0.07986113 0.4340278
Stationary 497.2477 337 290 -0.07986113 0.4340278
Ended 497.2804 337 290 -0.07986113 0.4340278
Began 497.8059 386 285 0.09027779 0.390625
Stationary 497.8451 386 285 0.09027779 0.390625
Stationary 497.8798 386 285 0.09027779 0.390625
Stationary 497.9132 386 285 0.09027779 0.390625
Stationary 497.9495 386 285 0.09027779 0.390625
Stationary 497.9832 386 285 0.09027779 0.390625
Stationary 498.0172 386 285 0.09027779 0.390625
Stationary 498.0505 386 285 0.09027779 0.390625
Stationary 498.0831 386 285 0.09027779 0.390625
Stationary 498.1197 386 285 0.09027779 0.390625
Stationary 498.1538 386 285 0.09027779 0.390625
Stationary 498.1886 386 285 0.09027779 0.390625
Stationary 498.2231 386 285 0.09027779 0.390625
Stationary 498.2585 386 285 0.09027779 0.390625
Moved 498.2924 408.2928 285 0.1676834 0.390625
Moved 498.3311 421.3592 285 0.2130526 0.390625
Moved 498.3685 436.883 285 0.2669549 0.390625
Moved 498.4033 447.6694 285 0.3044078 0.390625
Moved 498.4389 455.1074 285 0.3302342 0.390625
Moved 498.494 462.4048 285 0.3555721 0.390625
Moved 498.5294 465.2747 285 0.3655371 0.390625
Moved 498.5667 466 285 0.3680556 0.390625
Moved 498.6014 466 274.5 0.3680556 0.2994795
Moved 498.644 466 276.5684 0.3680556 0.3174337
Moved 498.6796 450.0928 275.6976 0.3128223 0.3098753
Moved 498.7152 440.753 275.1882 0.2803922 0.3054532
Moved 498.7531 427.6541 275 0.23491 0.3038195
Moved 498.7896 420.0112 275 0.2083722 0.3038195
Moved 498.8258 412.0298 274 0.1806589 0.2951392
Moved 498.8831 405.7151 273 0.1587331 0.2864584
Moved 498.9195 402.8066 273 0.148634 0.2864584
Moved 498.9567 401.6271 273 0.1445386 0.2864584
Moved 498.9911 401 273 0.1423611 0.2864584
Moved 499.0275 399.7508 273 0.1380236 0.2864584
Stationary 499.0692 399.7508 273 0.1380236 0.2864584
Stationary 499.1095 399.7508 273 0.1380236 0.2864584
Stationary 499.1419 399.7508 273 0.1380236 0.2864584
Ended 499.1765 400 273 0.138889 0.2864584
Began 499.4913 304 195 -0.1944444 -0.390625
Stationary 499.5394 304 195 -0.1944444 -0.390625
Stationary 499.5747 304 195 -0.1944444 -0.390625
Stationary 499.612 304 195 -0.1944444 -0.390625
Stationary 499.6523 304 195 -0.1944444 -0.390625
Stationary 499.6893 304 195 -0.1944444 -0.390625
Stationary 499.7228 304 195 -0.1944444 -0.390625
Stationary 499.7612 304 195 -0.1944444 -0.390625
Stationary 499.7934 304 195 -0.1944444 -0.390625
Stationary 499.8269 304 195 -0.1944444 -0.390625
Stationary 499.8603 304 195 -0.1944444 -0.390625
Stationary 499.8935 304 195 -0.1944444 -0.390625
Moved 499.939 285.3532 206.2156 -0.2591901 -0.2932673
Moved 499.9755 273.3223 213.3389 -0.3009643 -0.2314335
Moved 500.0138 257.0802 221.96 -0.3573604 -0.1565976
Moved 500.0492 249.936 227.0427 -0.3821667 -0.1124764
Moved 500.084 242.2071 232.7928 -0.4090031 -0.06256184
Moved 500.1221 234.7908 240.4185 -0.4347544 0.003632705
Moved 500.1587 231.2041 243.7959 -0.4472081 0.03295051
Moved 500.193 227.4052 246.5948 -0.4603988 0.05724696
Moved 500.2285 226 249 -0.4652778 0.07812527
Moved 500.2626 226 250.3269 -0.4652778 0.08964354
Moved 500.3211 226 252 -0.4652778 0.1041667
Moved 500.3578 226 253 -0.4652778 0.1128472
Moved 500.3937 226 254 -0.4652778 0.1215281
Moved 500.4304 253.5199 254 -0.3697224 0.1215281
Moved 500.4673 271.7614 245.4128 -0.3063839 0.04698648
Moved 500.5059 295.3528 235.5491 -0.2244694 -0.03863626
Moved 500.5408 309.4431 230.3893 -0.1755449 -0.08342611
Moved 500.5773 321.9138 225.5215 -0.1322437 -0.1256816
Moved 500.613 337.8231 220.5442 -0.07700324 -0.1688873
Moved 500.6487 346.9909 219 -0.04517049 -0.1822917
Moved 500.7057 359.5674 215.2163 -0.001502112 -0.2151362
Moved 500.7414 365.1692 214.4154 0.0179486 -0.2220885
Moved 500.7805 371.7744 213 0.04088328 -0.234375
Moved 500.8229 377 213 0.05902782 -0.234375
Moved 500.8575 384.5125 213 0.08511305 -0.234375
Moved 500.8916 390.2426 213 0.1050091 -0.234375
Moved 500.9257 396.9667 213 0.1283567 -0.234375
Moved 500.9619 404.0532 213 0.1529624 -0.234375
Moved 500.9998 414.9304 213 0.1907305 -0.234375
Moved 501.0355 422.5699 213 0.2172564 -0.234375
Moved 501.094 437.6342 223.0895 0.2695632 -0.1467925
Moved 501.1302 445.2556 228.837 0.2960266 -0.09690047
Moved 501.1677 452.8182 240.2273 0.3222855 0.001972781
Moved 501.204 456.2677 247.803 0.3342627 0.0677342
Moved 501.2417 460.5 257.5 0.3489584 0.1519097
Moved 501.2763 461 263.1436 0.3506945 0.2008989
Moved 501.3127 461 269.8848 0.3506945 0.2594169
Moved 501.3523 461 280.7268 0.3506945 0.3535316
Moved 501.3856 449.5657 286.4343 0.3109919 0.4030758
Moved 501.4207 442.9483 290.6839 0.288015 0.4399644
Moved 501.4771 425.7985 296.4005 0.2284669 0.4895881
Moved 501.5114 415.2401 297 0.1918061 0.494792
Moved 501.55 398.9712 300.2572 0.1353167 0.523066
Moved 501.584 389.4858 300 0.1023814 0.5208334
Moved 501.6176 381.1053 300 0.07328227 0.5208334
Moved 501.6528 372.4889 300 0.04336417 0.5208334
Moved 501.692 360.5678 300 0.001971573 0.5208334
Moved 501.7267 355.3021 300 -0.01631215 0.5208334
Moved 501.7648 346.3448 300 -0.04741393 0.5208334
Moved 501.7992 342.4739 300 -0.06085441 0.5208334
Moved 501.8554 338.527 300 -0.074559 0.5208334
Moved 501.8909 335.5 300 -0.08506946 0.5208334
Moved 501.9283 335 300 -0.08680553 0.5208334
Moved 501.964 334 300 -0.09027779 0.5208334
Moved 501.9993 332.917 300 -0.09403833 0.5208334
Stationary 502.032 333 300 -0.09374999 0.5208334
Stationary 502.0642 333 300 -0.09374999 0.5208334
Moved 502.096 332 300 -0.09722225 0.5208334
Stationary 502.132 332 300 -0.09722225 0.5208334
Stationary 502.1645 332 300 -0.09722225 0.5208334
Stationary 502.2161 332 300 -0.09722225 0.5208334
Stationary 502.2479 332 300 -0.09722225 0.5208334
Stationary 502.2797 332 300 -0.09722225 0.5208334
Stationary 502.3118 332 300 -0.09722225 0.5208334
Stationary 502.3484 332 300 -0.09722225 0.5208334
Ended 502.3824 332 300 -0.09722225 0.5208334
Began 502.6341 310 270 -0.1736111 0.2604167
Stationary 502.6678 310 270 -0.1736111 0.2604167
Stationary 502.7049 310 270 -0.1736111 0.2604167
Stationary 502.7373 310 270 -0.1736111 0.2604167
Stationary 502.7726 310 270 -0.1736111 0.2604167
Stationary 502.8077 310 270 -0.1736111 0.2604167
Stationary 502.8416 310 270 -0.1736111 0.2604167
Stationary 502.8788 310 270 -0.1736111 0.2604167
Stationary 502.9151 310 270 -0.1736111 0.2604167
Moved 502.9502 296.2916 270 -0.2212098 0.2604167
Moved 502.991 289.9278 270 -0.2433064 0.2604167
Moved 503.0261 278.6789 270 -0.2823651 0.2604167
Moved 503.0609 273.5 270 -0.3003472 0.2604167
Moved 503.0948 267.8481 270 -0.3199717 0.2604167
Moved 503.1305 265.0548 270 -0.3296708 0.2604167
Moved 503.1643 261.8729 270 -0.340719 0.2604167
Stationary 503.1959 261.8729 270 -0.340719 0.2604167
Moved 503.2276 260.7773 270 -0.3445234 0.2604167
Moved 503.2622 259.9814 270 -0.347287 0.2604167
Moved 503.2976 260 277 -0.3472223 0.3211806
Moved 503.3531 260 278 -0.3472223 0.3298611
Stationary 503.3875 260 278 -0.3472223 0.3298611
Stationary 503.4203 260 278 -0.3472223 0.3298611
Moved 503.4588 275.6656 278 -0.2928279 0.3298611
Moved 503.4936 285.2621 278 -0.2595068 0.3298611
Moved 503.5279 292.8226 268.0591 -0.2332547 0.2435692
Moved 503.5618 303.1773 263.4114 -0.1973011 0.2032238
Moved 503.5964 314.3 256.9 -0.1586805 0.1467011
Moved 503.6308 318.4656 254.2672 -0.1442167 0.1238473
Moved 503.6668 322.0399 252.4801 -0.1318061 0.108334
Moved 503.7225 329.2589 249 -0.10674 0.07812527
Moved 503.7592 332.5535 248 -0.09530038 0.06944445
Moved 503.7962 342.2423 248 -0.06165877 0.06944445
Moved 503.8314 349.8382 248 -0.03528394 0.06944445
Moved 503.8677 358.5701 256.5234 -0.004964844 0.1434321
Moved 503.9034 373.2805 262.6402 0.04611269 0.1965295
Moved 503.938 381.3879 266.694 0.07426351 0.2317185
Moved 503.9742 386.336 269.168 0.09144441 0.2531945
Moved 504.0352 393.9669 274 0.1179408 0.2951392
Moved 504.0724 396.3729 276.3729 0.1262948 0.3157367
Moved 504.1296 396 277.3718 0.125 0.3244082
Stationary 504.1647 396 277 0.125 0.3211806
Moved 504.2034 388.9149 277 0.100399 0.3211806
Moved 504.2423 374.5997 277 0.05069345 0.3211806
Moved 504.2789 362.1022 268.4288 0.007299334 0.2467781
Moved 504.3135 350.2972 266.2595 -0.03369026 0.227947
Moved 504.3486 329.7853 258.9141 -0.1049122 0.1641851
Moved 504.3841 318.3508 254.1754 -0.1446152 0.1230505
Moved 504.4196 310.898 251.6327 -0.1704931 0.1009782
Moved 504.4534 302.3021 247.651 -0.2003399 0.06641494
Moved 504.5091 289.8243 242.9122 -0.2436655 0.02527979
Moved 504.5431 286.3744 241.3744 -0.2556445 0.01193073
Moved 504.58 281.0684 239.0684 -0.2740682 -0.008087159
Moved 504.6141 278.2003 239 -0.2840266 -0.008680291
Moved 504.6497 275.6934 238 -0.2927313 -0.01736111
Moved 504.6855 273 238 -0.3020833 -0.01736111
Moved 504.7203 272 238 -0.3055556 -0.01736111
Moved 504.7538 270.5 238 -0.3107639 -0.01736111
Moved 504.7869 269.8277 238 -0.3130984 -0.01736111
Stationary 504.8214 270 238 -0.3125 -0.01736111
Moved 504.882 280.3008 254.4513 -0.2767332 0.1254453
Moved 504.9191 288.8865 263.8865 -0.2469219 0.2073482
Moved 504.9565 293.6254 269.6254 -0.2304672 0.2571652
Moved 504.9911 296.8784 272.8784 -0.2191722 0.285403
Moved 505.0254 301.1845 277.1845 -0.2042204 0.3227825
Moved 505.0593 304.0526 281.0526 -0.194262 0.356359
Moved 505.0932 305 282.5845 -0.1909722 0.3696569
Moved 505.1295 306 284.4516 -0.1875 0.3858646
Moved 505.1669 307.3734 285.3734 -0.1827311 0.3938667
Moved 505.2023 307 285 -0.1840278 0.390625
Ended 505.2582 307 285 -0.1840278 0.390625
PhraseEnd 506.2699
