the power of denial
Basic
0.8 0.8
575.9999 230.4
Began 234.9228 347 356 -0.02256945 0.5034723
Stationary 235.0109 347 356 -0.02256945 0.5034723
Stationary 235.0359 347 356 -0.02256945 0.5034723
Stationary 235.0611 347 356 -0.02256945 0.5034723
Moved 235.0866 367.6126 346.1937 0.01321636 0.4609101
Moved 235.1135 378.3254 339.7966 0.03181495 0.4331453
Moved 235.1396 399.568 330.216 0.06869451 0.3915624
Moved 235.1658 421.9196 320.5302 0.1074994 0.3495234
Moved 235.1916 427.6807 317.1597 0.1175012 0.3348944
Moved 235.2179 441.1467 309.64 0.1408797 0.3022569
Moved 235.2457 449.5 302.5 0.1553819 0.2712674
Moved 235.2723 454.2027 298.5946 0.1635464 0.2543169
Moved 235.298 456.635 296.73 0.1677691 0.2462239
Moved 235.3241 458 293.5 0.1701389 0.2322049
Moved 235.3501 459 290.613 0.171875 0.2196745
Moved 235.3881 460 288.1077 0.1736111 0.2088008
Moved 235.4143 460 286.5 0.1736111 0.2018231
Moved 235.4393 460 285.8995 0.1736111 0.1992169
Moved 235.4651 449.8477 285 0.1559856 0.1953125
Moved 235.4894 441.5015 285 0.1414956 0.1953125
Moved 235.5147 434.7491 285 0.1297728 0.1953125
Moved 235.5392 420.2987 285 0.1046853 0.1953125
Moved 235.5645 400.2924 295.4462 0.06995201 0.2406518
Moved 235.5902 389.7526 298.7742 0.05165384 0.2550965
Moved 235.6151 339.6846 316.2154 -0.03526986 0.3307961
Moved 235.6553 302.1833 332.2315 -0.1003762 0.4003105
Moved 235.6804 282.4018 341.5589 -0.1347191 0.440794
Moved 235.7042 269.6401 347.09 -0.1568749 0.4648002
Moved 235.729 263.3458 350.5308 -0.1678025 0.4797345
Moved 235.7529 252.3898 355.8051 -0.1868232 0.5026265
Moved 235.7775 250.3144 356 -0.1904264 0.5034723
Moved 235.8038 245 358.5 -0.1996528 0.514323
Moved 235.8305 240.5192 359 -0.2074319 0.5164932
Moved 235.8568 238.8784 360 -0.2102805 0.5208334
Moved 235.8815 237.4453 360 -0.2127687 0.5208334
Moved 235.9225 236 360 -0.2152778 0.5208334
Moved 235.949 234.5 360 -0.217882 0.5208334
Stationary 235.9746 234.5 360 -0.217882 0.5208334
Moved 235.9984 233.9374 360 -0.2188587 0.5208334
Stationary 236.0224 233.9374 360 -0.2188587 0.5208334
Stationary 236.0467 233.9374 360 -0.2188587 0.5208334
Moved 236.0749 232.9343 360 -0.2206001 0.5208334
Stationary 236.1037 232.9343 360 -0.2206001 0.5208334
Stationary 236.1286 233 360 -0.2204861 0.5208334
Stationary 236.1529 233 360 -0.2204861 0.5208334
Stationary 236.1946 233 360 -0.2204861 0.5208334
Ended 236.2259 233 360 -0.2204861 0.5208334
Began 236.4462 639 368 0.484375 0.5555556
Stationary 236.48 639 368 0.484375 0.5555556
Stationary 236.5061 639 368 0.484375 0.5555556
Stationary 236.5305 639 368 0.484375 0.5555556
Stationary 236.555 639 368 0.484375 0.5555556
Stationary 236.5809 639 368 0.484375 0.5555556
Moved 236.6109 626.3318 368 0.4623816 0.5555556
Moved 236.6363 618.9691 368 0.4495992 0.5555556
Moved 236.6616 604.6163 368 0.424681 0.5555556
Moved 236.6878 589.8923 368 0.3991187 0.5555556
Moved 236.7143 582.6959 368 0.3866249 0.5555556
Moved 236.7398 568.3092 368 0.3616479 0.5555556
Moved 236.7674 558.3715 368 0.3443949 0.5555556
Moved 236.7935 551.8556 368 0.3330826 0.5555556
Moved 236.8209 548.7127 359.9944 0.3276263 0.5208093
Moved 236.8468 543.9626 361 0.3193795 0.5251737
Moved 236.8882 534.9916 360 0.3038048 0.5208334
Moved 236.9151 530.6638 360 0.2962913 0.5208334
Moved 236.9407 516.4131 360 0.2715505 0.5208334
Moved 236.9687 490.9056 360 0.2272667 0.5208334
Moved 236.9962 447.8764 367.0919 0.1525632 0.5516141
Moved 237.0218 403.9034 374.7495 0.07622109 0.5848504
Moved 237.0484 359.6905 380.0516 -0.0005372987 0.6078628
Moved 237.0754 327.1644 382 -0.0570063 0.6163195
Moved 237.1004 313.9397 382 -0.07996575 0.6163195
Moved 237.1253 284.0668 382 -0.1318284 0.6163195
Moved 237.1676 234.026 372.7806 -0.2187048 0.5763049
Moved 237.195 210.3679 369.8947 -0.259778 0.5637789
Moved 237.2246 199.4647 368 -0.2787072 0.5555556
Moved 237.2505 196.9363 366.9363 -0.2830967 0.5509386
Moved 237.2786 192.0702 366 -0.2915448 0.5468751
Moved 237.3113 190 365 -0.2951389 0.5425348
Moved 237.3383 187.7675 365 -0.2990148 0.5425348
Moved 237.3674 185.8127 364 -0.3024085 0.5381946
Stationary 237.3957 186 364 -0.3020833 0.5381946
Moved 237.4206 184.7515 364 -0.3042509 0.5381946
Moved 237.4606 183.9805 363 -0.3055895 0.5338542
Moved 237.4863 184 362 -0.3055556 0.5295141
Stationary 237.5088 184 362 -0.3055556 0.5295141
Moved 237.5322 183 362 -0.3072917 0.5295141
Stationary 237.5557 183 362 -0.3072917 0.5295141
Moved 237.5794 183 361 -0.3072917 0.5251737
Moved 237.603 183 359.9553 -0.3072917 0.5206396
Moved 237.6277 210.0709 348.4223 -0.2602936 0.4705831
Moved 237.6524 224.5451 343.9365 -0.2351648 0.4511132
Moved 237.677 255.2088 335.1978 -0.1819291 0.4131851
Moved 237.7217 294.5176 329.7471 -0.1136848 0.3895274
Moved 237.7497 307.4421 327.8895 -0.09124634 0.3814648
Moved 237.776 310 328 -0.08680557 0.3819445
Moved 237.8021 316.1616 327 -0.07610835 0.3776042
Moved 237.8289 320.9568 327 -0.0677833 0.3776042
Moved 237.8553 323.8341 326 -0.06278795 0.3732638
Moved 237.8804 325.2716 326 -0.06029241 0.3732638
Moved 237.9066 327.7754 326 -0.05594551 0.3732638
Moved 237.9324 329.3225 326 -0.05325955 0.3732638
Moved 237.958 330.0382 326 -0.05201705 0.3732638
Moved 237.9993 331.2492 326 -0.04991464 0.3732638
Moved 238.0251 332.2248 326 -0.04822079 0.3732638
Stationary 238.05 332.2248 326 -0.04822079 0.3732638
Moved 238.0749 333.2492 324.7508 -0.04644241 0.367842
Stationary 238.1008 333.2492 324.7508 -0.04644241 0.367842
Moved 238.1254 334.1396 325 -0.04489645 0.3689236
Stationary 238.1505 334.1396 325 -0.04489645 0.3689236
Stationary 238.1796 334.1396 325 -0.04489645 0.3689236
Moved 238.2042 335.0484 325 -0.04331868 0.3689236
Stationary 238.2313 335.0484 325 -0.04331868 0.3689236
Stationary 238.2736 335.0484 325 -0.04331868 0.3689236
Moved 238.2979 335 324 -0.04340276 0.3645835
Stationary 238.3279 335 324 -0.04340276 0.3645835
Ended 238.3541 335 324 -0.04340276 0.3645835
Began 238.6904 558 334 0.34375 0.4079863
Stationary 238.7258 558 334 0.34375 0.4079863
Stationary 238.7505 558 334 0.34375 0.4079863
Stationary 238.7792 558 334 0.34375 0.4079863
Stationary 238.8079 558 334 0.34375 0.4079863
Stationary 238.8323 558 334 0.34375 0.4079863
Stationary 238.8576 558 334 0.34375 0.4079863
Stationary 238.8822 558 334 0.34375 0.4079863
Stationary 238.9093 558 334 0.34375 0.4079863
Stationary 238.9374 558 334 0.34375 0.4079863
Stationary 238.9648 558 334 0.34375 0.4079863
Stationary 238.9912 558 334 0.34375 0.4079863
Moved 239.017 549.7588 325 0.3294423 0.3689236
Moved 239.0446 541.7249 321.2416 0.3154946 0.3526114
Moved 239.0729 518.5952 315.0786 0.2753388 0.3258618
Moved 239.0997 498.8756 309.7002 0.2411035 0.3025184
Moved 239.1404 411.4688 292.7448 0.08935555 0.2289273
Moved 239.1685 348.7124 283.095 -0.01959659 0.1870443
Moved 239.1962 317.5789 276.3509 -0.07364773 0.1577731
Moved 239.2232 296.0536 270.5867 -0.1110181 0.1327549
Moved 239.2504 289.7242 269.1448 -0.1220067 0.1264967
Moved 239.2828 277.2999 265.325 -0.1435766 0.1099172
Moved 239.3108 267.5 261.5 -0.1605903 0.09331611
Moved 239.3372 262.1384 260 -0.1698987 0.08680556
Moved 239.3664 259.0664 259 -0.1752319 0.08246542
Moved 239.3942 256.1956 257.1957 -0.1802159 0.07463403
Moved 239.4367 254 257 -0.1840278 0.07378473
Moved 239.4658 251.5 255.5 -0.1883681 0.06727431
Moved 239.4911 251 256 -0.1892361 0.06944445
Stationary 239.5149 251 256 -0.1892361 0.06944445
Moved 239.5401 250 256 -0.1909722 0.06944445
Moved 239.5748 249 254.8596 -0.1927084 0.06449501
Moved 239.6024 248 255 -0.1944444 0.06510431
Stationary 239.629 248 255 -0.1944444 0.06510431
Moved 239.6518 246.9733 255 -0.1962268 0.06510431
Stationary 239.6758 247 255 -0.1961806 0.06510431
Stationary 239.7182 247 255 -0.1961806 0.06510431
Stationary 239.7423 247 255 -0.1961806 0.06510431
Stationary 239.7675 247 255 -0.1961806 0.06510431
Ended 239.7924 247 255 -0.1961806 0.06510431
Began 240.1661 310 248 -0.08680557 0.03472222
Stationary 240.2007 310 248 -0.08680557 0.03472222
Stationary 240.2298 310 248 -0.08680557 0.03472222
Stationary 240.2581 310 248 -0.08680557 0.03472222
Stationary 240.2844 310 248 -0.08680557 0.03472222
Stationary 240.312 310 248 -0.08680557 0.03472222
Stationary 240.3389 310 248 -0.08680557 0.03472222
Stationary 240.3648 310 248 -0.08680557 0.03472222
Stationary 240.3901 310 248 -0.08680557 0.03472222
Stationary 240.4177 310 248 -0.08680557 0.03472222
Stationary 240.4428 310 248 -0.08680557 0.03472222
Stationary 240.469 310 248 -0.08680557 0.03472222
Stationary 240.5015 310 248 -0.08680557 0.03472222
Stationary 240.5261 310 248 -0.08680557 0.03472222
Stationary 240.5511 310 248 -0.08680557 0.03472222
Stationary 240.5777 310 248 -0.08680557 0.03472222
Stationary 240.6044 310 248 -0.08680557 0.03472222
Stationary 240.6303 310 248 -0.08680557 0.03472222
Stationary 240.6567 310 248 -0.08680557 0.03472222
Stationary 240.6808 310 248 -0.08680557 0.03472222
Moved 240.7063 310 260.4913 -0.08680557 0.08893782
Moved 240.732 300.4273 264.5728 -0.1034249 0.1066526
Moved 240.7725 297.3442 270.9673 -0.1087774 0.1344069
Moved 240.799 292.4687 277.0626 -0.1172418 0.1608618
Moved 240.8235 287.9748 283.0504 -0.1250438 0.1868509
Moved 240.8501 284.0467 287.43 -0.1318634 0.2058595
Moved 240.8751 276.9542 294.0458 -0.1441767 0.2345737
Moved 240.9004 271.5371 300.4629 -0.1535814 0.2624256
Moved 240.929 268.668 304.332 -0.1585624 0.2792186
Moved 240.9537 262.3628 310.6372 -0.1695091 0.3065851
Moved 240.9787 255.7399 318.2601 -0.1810071 0.3396706
Moved 241.0041 251.9532 322.5703 -0.1875813 0.358378
Moved 241.0441 242.7541 332.2458 -0.2035518 0.4003728
Moved 241.0703 236.9207 338.0792 -0.2136793 0.4256911
Moved 241.0948 234.4132 339.7934 -0.2180326 0.4331311
Moved 241.1211 229.3327 344.3346 -0.226853 0.4528413
Moved 241.1466 225.5 347.5 -0.2335069 0.4665799
Moved 241.1714 224.3221 348 -0.235552 0.4687501
Moved 241.1959 222 349.5519 -0.2395833 0.4754857
Moved 241.2204 221.0157 350 -0.2412923 0.4774306
Stationary 241.2443 221 350 -0.2413195 0.4774306
Stationary 241.2693 221 350 -0.2413195 0.4774306
Stationary 241.3075 221 350 -0.2413195 0.4774306
Moved 241.3318 221 336.1194 -0.2413195 0.4171853
Moved 241.3558 233.4956 320.8436 -0.2196258 0.3508838
Moved 241.3802 249.4566 293.2173 -0.1919157 0.2309782
Moved 241.4052 263.1889 278.2922 -0.1680748 0.1661987
Moved 241.4328 292.0359 249.3677 -0.1179931 0.04065832
Moved 241.4621 325.2804 227.0864 -0.0602771 -0.05604864
Moved 241.4889 354.4883 209.0995 -0.009569005 -0.1341167
Moved 241.5207 383.4866 195.5708 0.04077539 -0.1928351
Moved 241.547 403 186.5 0.07465281 -0.2322048
Moved 241.587 419.5781 179.1406 0.1034343 -0.2641465
Moved 241.6199 429.8111 173.0945 0.1211998 -0.2903884
Moved 241.651 437.6481 170.1759 0.1348057 -0.303056
Moved 241.6793 442.6909 169.3091 0.1435606 -0.3068182
Moved 241.7079 446.5 169 0.1501736 -0.3081596
Moved 241.7364 451.2291 169 0.1583838 -0.3081596
Moved 241.7644 458.0019 169 0.1701421 -0.3081596
Moved 241.7916 467.4421 186.442 0.1865314 -0.2324564
Moved 241.8177 471.865 193.4417 0.19421 -0.202076
Moved 241.8439 484.9667 216.1056 0.2169561 -0.1037084
Moved 241.8857 498.2975 249.0411 0.2400997 0.03924105
Moved 241.9108 501.7292 260.1876 0.2460577 0.08761989
Moved 241.9354 506.1213 283.5459 0.2536828 0.1890014
Moved 241.9609 506 302.7096 0.2534723 0.2721771
Moved 241.9862 506 309.9094 0.2534723 0.3034265
Moved 242.0128 493.2132 326.3113 0.2312729 0.3746152
Moved 242.038 478.8719 335.5641 0.2063748 0.4147747
Moved 242.0632 461.8664 339.7231 0.1768513 0.4328262
Moved 242.0935 417.864 340 0.1004584 0.4340278
Moved 242.1185 368.1766 340 0.01419544 0.4340278
Moved 242.1624 312.4703 325.0784 -0.08251678 0.3692636
Moved 242.1905 295.4151 322.2358 -0.1121265 0.3569264
Moved 242.2195 264.6715 313.2238 -0.1655008 0.3178116
Moved 242.2476 231.3324 306.5831 -0.2233813 0.288989
Moved 242.2762 208.5333 299.4722 -0.262963 0.2581261
Moved 242.3097 180.9008 290.8288 -0.3109362 0.2206111
Moved 242.3411 162.3108 284.1036 -0.3432105 0.1914219
Moved 242.3676 152.7201 279.36 -0.359861 0.1708335
Moved 242.3938 146.4137 275.2758 -0.3708096 0.1531066
Moved 242.4239 139.5173 271.2587 -0.3827825 0.1356713
Moved 242.4663 135.4058 268.4058 -0.3899206 0.1232889
Moved 242.4923 132.918 267 -0.3942396 0.1171876
Moved 242.5166 130.0192 265 -0.3992722 0.108507
Moved 242.5412 128.6002 263.6002 -0.4017358 0.1024313
Moved 242.5666 128 263 -0.4027778 0.0998264
Moved 242.5915 126.5 263 -0.4053819 0.0998264
Moved 242.6166 127 261.6787 -0.4045139 0.09409163
Moved 242.6418 125.6422 262 -0.4068713 0.09548625
Stationary 242.6729 126 262 -0.40625 0.09548625
Moved 242.7002 130.6246 262 -0.3982211 0.09548625
Moved 242.7462 226.0727 273.4721 -0.2325126 0.1452783
Moved 242.7738 268.1646 276.563 -0.1594364 0.1586937
Moved 242.7988 339.5504 276 -0.03550269 0.1562499
Moved 242.8244 403.4022 276 0.07535107 0.1562499
Moved 242.8493 432.9367 267.9181 0.1266262 0.1211724
Moved 242.8739 474.6294 258.8033 0.1990094 0.08161161
Moved 242.8987 501.0913 254.2019 0.2449501 0.06164022
Moved 242.9246 511.3025 251.3422 0.262678 0.04922814
Moved 242.9521 529.1205 247.377 0.2936121 0.03201803
Moved 242.9769 542.2396 244.2534 0.3163882 0.01846115
Moved 243.0178 551.2442 242.3779 0.3320212 0.01032101
Moved 243.0439 557.1898 242 0.3423433 0.008680689
Moved 243.0693 562.0032 240.9967 0.3507001 0.004325973
Moved 243.0946 563.4385 241 0.3531918 0.004340278
Moved 243.1198 566.308 241 0.3581737 0.004340278
Moved 243.1452 568.8984 240 0.3626709 0
Moved 243.1769 570.7383 240 0.3658652 0
Moved 243.2059 572.6182 239 0.3691289 -0.004340146
Stationary 243.2315 573 239 0.3697917 -0.004340146
Ended 243.2581 574.4954 239 0.3723878 -0.004340146
PhraseEnd 244.2761
