the power of denial
Basic
0.8 0.8
575.9999 435.2
Began 649.1948 310 465 -0.08680557 0.2228861
Stationary 649.2264 310 465 -0.08680557 0.2228861
Stationary 649.257 310 465 -0.08680557 0.2228861
Stationary 649.2888 310 465 -0.08680557 0.2228861
Stationary 649.3209 310 465 -0.08680557 0.2228861
Moved 649.3517 335.3828 445.6719 -0.04273828 0.1784741
Moved 649.3835 355.4015 428.5237 -0.007983522 0.139071
Moved 649.4145 372.5 411.5 0.02170138 0.09995408
Moved 649.4444 384.5034 396.7449 0.04254065 0.06604981
Moved 649.4747 395.7165 384.2834 0.06200784 0.03741605
Moved 649.5053 406.4486 371.5514 0.08064003 0.008160437
Moved 649.5347 415 363 0.09548612 -0.01148897
Moved 649.5638 424.319 354.7607 0.1116649 -0.03042109
Moved 649.5948 431.9188 349.0406 0.1248591 -0.04356476
Moved 649.6235 439.6417 345.1791 0.1382668 -0.05243764
Moved 649.6532 443.2384 342.7616 0.1445111 -0.05799259
Moved 649.7008 446.314 340.686 0.1498506 -0.06276187
Moved 649.7304 446 339.9656 0.1493056 -0.0644172
Moved 649.7607 446 339 0.1493056 -0.06663597
Moved 649.7907 437.6772 339 0.1348563 -0.06663597
Moved 649.8218 406.4154 365.3897 0.08058235 -0.00599784
Moved 649.8524 377.6384 390.3616 0.03062218 0.05138243
Moved 649.8837 350.7824 411.6632 -0.01600277 0.1003291
Moved 649.9133 319.1371 438.678 -0.07094261 0.1624036
Moved 649.9429 286.6507 464.5445 -0.1273425 0.2218394
Moved 649.9728 268.5256 476.2372 -0.1588098 0.248707
Moved 650.0271 251.7694 483.8076 -0.1879003 0.2661021
Moved 650.0599 237.7711 488 -0.2122029 0.2757353
Moved 650.0922 231.7006 489.6497 -0.2227421 0.2795261
Moved 650.1238 227.5 490 -0.2300347 0.2803309
Moved 650.1544 223.615 491 -0.2367795 0.2826287
Moved 650.1938 220.7324 492 -0.2417841 0.2849265
Moved 650.2263 219.2331 492 -0.244387 0.2849265
Moved 650.2559 218.3557 493 -0.2459102 0.2872243
Ended 650.2849 218 493 -0.2465278 0.2872243
Began 651.0363 597 481 0.4114583 0.2596507
Stationary 651.0724 597 481 0.4114583 0.2596507
Stationary 651.1013 597 481 0.4114583 0.2596507
Stationary 651.1304 597 481 0.4114583 0.2596507
Stationary 651.1866 597 481 0.4114583 0.2596507
Stationary 651.2187 597 481 0.4114583 0.2596507
Moved 651.2497 607.97 481 0.4305034 0.2596507
Moved 651.2823 609.488 481 0.433139 0.2596507
Moved 651.3127 611.1814 481 0.4360788 0.2596507
Moved 651.3446 612 481 0.4375001 0.2596507
Moved 651.3759 612.8444 481 0.438966 0.2596507
Moved 651.4074 613.5 481 0.4401042 0.2596507
Moved 651.4377 613 481 0.4392361 0.2596507
Stationary 651.4675 613 481 0.4392361 0.2596507
Moved 651.4968 599.1784 481 0.4152403 0.2596507
Moved 651.5411 575.6778 494.5289 0.3744406 0.2907374
Moved 651.5724 564.4598 497.2701 0.3549649 0.2970362
Moved 651.6038 557.0814 498 0.3421553 0.2987133
Moved 651.6351 550 500.5 0.3298611 0.3044578
Moved 651.6718 543.2459 501 0.3181353 0.3056066
Moved 651.7021 540.7498 501 0.3138018 0.3056066
Moved 651.7334 538.1952 502 0.3093667 0.3079045
Moved 651.7635 536.3217 502 0.306114 0.3079045
Moved 651.7935 531.9375 502 0.2985026 0.3079045
Moved 651.8243 521.7509 502 0.2808176 0.3079045
Moved 651.8711 437.1956 504.3828 0.1340202 0.3133797
Moved 651.9008 354.8681 509.5094 -0.008909479 0.3251595
Moved 651.9305 300.3389 509 -0.1035782 0.323989
Moved 651.9603 263.412 501.3102 -0.1676876 0.3063194
Moved 651.9908 237.0138 499.4305 -0.2135177 0.3020003
Moved 652.0217 216.9491 494.1283 -0.2483523 0.2898169
Moved 652.0518 206.1154 492.0289 -0.2671608 0.2849929
Moved 652.0823 198.4974 490.1658 -0.2803865 0.2807119
Moved 652.1128 193.2885 489.2885 -0.2894297 0.2786959
Moved 652.1442 189 489 -0.296875 0.2780331
Moved 652.1915 188.4765 489 -0.2977838 0.2780331
Stationary 652.2209 188 489 -0.2986111 0.2780331
Stationary 652.2501 188 489 -0.2986111 0.2780331
Moved 652.2779 244.8096 506.0891 -0.1999833 0.3173003
Moved 652.308 281.4835 508.6854 -0.1363135 0.3232662
Moved 652.3376 301.3354 510 -0.1018482 0.3262868
Moved 652.3677 314.2903 511 -0.07935704 0.3285846
Moved 652.3975 323.8616 511 -0.06274033 0.3285846
Moved 652.427 326.7782 511 -0.05767681 0.3285846
Moved 652.4635 332.6999 511 -0.04739601 0.3285846
Moved 652.5123 335 511 -0.04340276 0.3285846
Ended 652.5422 336.1416 511 -0.04142083 0.3285846
Began 653.4971 593 517 0.404514 0.3423713
Stationary 653.5362 593 517 0.404514 0.3423713
Stationary 653.5646 593 517 0.404514 0.3423713
Stationary 653.5949 593 517 0.404514 0.3423713
Stationary 653.6273 593 517 0.404514 0.3423713
Stationary 653.6572 593 517 0.404514 0.3423713
Stationary 653.6862 593 517 0.404514 0.3423713
Stationary 653.715 593 517 0.404514 0.3423713
Stationary 653.7473 593 517 0.404514 0.3423713
Stationary 653.7772 593 517 0.404514 0.3423713
Stationary 653.8061 593 517 0.404514 0.3423713
Moved 653.8373 575.2865 517 0.3737613 0.3423713
Moved 653.8693 555.5994 509.7994 0.3395823 0.3258258
Moved 653.9011 500.2683 473.2861 0.2435214 0.2419257
Moved 653.9309 445.5 432.5 0.1484375 0.1482077
Moved 653.9624 420.3532 407.3532 0.1047799 0.09042562
Moved 653.9921 400.448 391.256 0.07022217 0.0534375
Moved 654.0222 384.9306 379.5583 0.04328221 0.02655864
Moved 654.0748 366.24 366.4933 0.01083329 -0.003462048
Moved 654.1164 360.7472 362.8736 0.001297295 -0.01177942
Moved 654.148 356.0075 360.0038 -0.006931349 -0.01837366
Moved 654.1802 349.4043 357.4681 -0.01839537 -0.02420019
Moved 654.2114 340.8265 353.6088 -0.03328737 -0.03306796
Moved 654.2426 332.2324 349.7441 -0.04820772 -0.04194814
Moved 654.2723 321.5512 344.8504 -0.06675144 -0.05319301
Moved 654.3024 313.7166 341.3583 -0.08035307 -0.06121706
Moved 654.3329 305.9593 337.4797 -0.09382062 -0.07012943
Moved 654.364 298.8388 336 -0.1061827 -0.07352942
Moved 654.4122 288.8747 330.2498 -0.1234814 -0.08674216
Moved 654.4412 282.5397 327.5397 -0.1344797 -0.09296951
Moved 654.4699 276.7701 327 -0.1444963 -0.09420957
Moved 654.4988 274.2694 325.2694 -0.1488378 -0.09818611
Ended 654.5273 273 325 -0.1510417 -0.09880515
Began 655.2659 271 329 -0.1545139 -0.08961391
Stationary 655.3032 271 329 -0.1545139 -0.08961391
Stationary 655.3331 271 329 -0.1545139 -0.08961391
Stationary 655.3655 271 329 -0.1545139 -0.08961391
Moved 655.3984 263.7384 345.1868 -0.1671209 -0.0524199
Moved 655.4315 254.2734 375.9063 -0.1835531 0.01816708
Moved 655.4639 247.319 395.5891 -0.1956268 0.06339403
Moved 655.498 243.4987 411.7556 -0.2022591 0.1005414
Moved 655.5309 237.1323 435.6031 -0.213312 0.1553381
Moved 655.5673 228.1348 463.5955 -0.2289326 0.2196587
Moved 655.5983 223.3642 474.9537 -0.2372149 0.2457577
Moved 655.6293 218.3831 488.2337 -0.2458626 0.2762724
Moved 655.6613 215.8161 498.7355 -0.2503192 0.3004032
Moved 655.6938 214 506.1803 -0.2534722 0.3175099
Moved 655.7267 212.3971 511.6029 -0.256255 0.3299699
Moved 655.7582 212 515.4741 -0.2569445 0.3388652
Moved 655.7894 212 518.3435 -0.2569445 0.3454584
Moved 655.8198 212 519.8968 -0.2569445 0.3490276
Moved 655.8498 212 520 -0.2569445 0.3492647
Moved 655.9 235.307 460.3519 -0.2164809 0.2122056
Moved 655.9376 291.0651 395.0015 -0.1196787 0.06204378
Moved 655.9695 320.5065 368.4318 -0.06856505 0.000992172
Moved 656.0024 341.8499 346.3419 -0.03151067 -0.04976596
Moved 656.0336 355.5 332 -0.007812493 -0.08272059
Moved 656.0688 364.6211 321.1719 0.008022712 -0.1076014
Moved 656.1019 373.2728 310.6363 0.02304308 -0.13181
Moved 656.1324 377.9605 305.079 0.03118143 -0.1445796
Moved 656.1629 382.6667 299.3333 0.03935188 -0.1577819
Moved 656.1951 389.674 292.326 0.05151742 -0.1738833
Moved 656.2451 394 288 0.05902775 -0.1838235
Moved 656.2753 395.6155 286 0.06183252 -0.1884191
Moved 656.3052 397.4988 285 0.06510213 -0.1907169
Moved 656.3375 399.3597 282.6403 0.06833285 -0.1961391
Moved 656.3682 405.6461 276.3539 0.07924677 -0.2105839
Moved 656.399 417.9485 257.5773 0.100605 -0.2537286
Moved 656.4292 425.2134 245.1799 0.1132177 -0.2822152
Moved 656.4627 429.9754 237.5369 0.121485 -0.2997774
Moved 656.4927 433.0989 232.9011 0.1269078 -0.3104294
Moved 656.5244 436.8624 230.0688 0.1334416 -0.3169374
Moved 656.5734 449.147 248.6705 0.1547691 -0.2741946
Moved 656.6049 461.5261 299.3502 0.1762606 -0.1577431
Moved 656.6402 467.2582 338.9199 0.1862121 -0.06682004
Moved 656.6716 471.9278 374.9584 0.1943191 0.01598905
Moved 656.7018 477.6932 404.1196 0.2043285 0.08299537
Moved 656.7319 483.7233 444.4781 0.2147974 0.1757311
Moved 656.7622 487.7388 470.1714 0.2217687 0.2347689
Moved 656.7924 491 492.033 0.2274306 0.2850024
Moved 656.8223 492 501.3571 0.2291667 0.3064271
Moved 656.8524 492 508.0653 0.2291667 0.3218413
Moved 656.9011 482.5915 516.6882 0.2128325 0.3416548
Moved 656.9301 449.5571 520.8962 0.155481 0.351324
Moved 656.9592 371.5036 514.4119 0.01997151 0.3364244
Moved 656.9916 300.432 501.1735 -0.1034166 0.3060052
Moved 657.0214 247.5536 483.2214 -0.1952195 0.2647552
Moved 657.0508 216.2503 469.5963 -0.2495655 0.2334475
Moved 657.0814 187.6095 455.2286 -0.299289 0.2004334
Moved 657.1134 165.4422 443.8241 -0.3377741 0.1742281
Moved 657.1437 149 435.5 -0.3663194 0.1551011
Moved 657.1748 138.1634 428.5817 -0.385133 0.1392042
Moved 657.2231 129 423.5 -0.4010417 0.1275275
Moved 657.2523 128.6276 422.6276 -0.4016882 0.1255231
Moved 657.283 128 422 -0.4027778 0.1240809
Moved 657.3151 128 418.4858 -0.4027778 0.116006
Moved 657.3472 128 412.522 -0.4027778 0.1023025
Moved 657.3799 150.1316 402.4971 -0.3643549 0.07926714
Moved 657.4106 181.3305 391.9174 -0.3101902 0.05495717
Moved 657.4472 280.6703 387 -0.1377252 0.04365813
Moved 657.4807 334.8103 387 -0.04373208 0.04365813
Moved 657.5114 426.3801 385 0.1152433 0.0390625
Moved 657.5591 510.1865 381.9792 0.2607404 0.03212151
Moved 657.588 537.1928 377.6345 0.3076264 0.02213815
Moved 657.6176 558.2086 373.0833 0.3441122 0.01168027
Moved 657.6605 570.5369 371.2316 0.3655154 0.007425548
Moved 657.6901 574.5 370 0.3723958 0.004595589
Moved 657.7246 577.1769 370 0.3770432 0.004595589
Moved 657.7554 579 369 0.3802084 0.002297794
Moved 657.79 581.9154 369 0.3852699 0.002297794
Moved 657.8248 585.6172 368 0.3916966 0
Moved 657.8574 589.7267 368 0.3988311 0
Ended 657.9091 591 366.5 0.4010417 -0.003446621
PhraseEnd 659.4504
