the quick brown fox jumps over the lazy dog
Basic
0.6 0.6
432 172.8
Began 888.7689 354 288 -0.01388888 0.2777778
Stationary 888.8525 354 288 -0.01388888 0.2777778
Stationary 888.9113 354 288 -0.01388888 0.2777778
Moved 888.9735 369.7741 275.4839 0.02262523 0.2053469
Moved 889.0365 388.9441 259.0559 0.06700019 0.1102773
Moved 889.0961 406.7632 242.2368 0.108248 0.01294472
Moved 889.1599 414.8146 236.1853 0.1268858 -0.02207579
Moved 889.2181 420 231.8429 0.1388889 -0.04720547
Moved 889.2795 421 229.6244 0.1412037 -0.06004386
Moved 889.3409 400.1173 230 0.09286424 -0.05787019
Moved 889.4037 334.4463 252.1704 -0.05915219 0.07043061
Moved 889.4644 298.1925 266.9037 -0.1430729 0.1556932
Moved 889.5222 283.6116 274.3884 -0.1768249 0.1990068
Moved 889.5862 273.8482 280 -0.1994255 0.2314817
Moved 889.6568 269 284.3397 -0.2106481 0.2565956
Moved 889.7132 267 285.5 -0.2152778 0.2633102
Moved 889.7712 266 285 -0.2175926 0.2604167
Ended 889.8574 266 285 -0.2175926 0.2604167
Began 890.1367 125 313 -0.5439815 0.4224537
Stationary 890.2062 125 313 -0.5439815 0.4224537
Stationary 890.2673 125 313 -0.5439815 0.4224537
Moved 890.3235 160.643 313 -0.4614746 0.4224537
Moved 890.3823 240.6281 313 -0.2763238 0.4224537
Moved 890.4406 303.6682 313 -0.1303977 0.4224537
Moved 890.4987 347.0029 313 -0.03008589 0.4224537
Moved 890.5553 404.4561 313 0.1029077 0.4224537
Moved 890.6122 454.7643 313 0.2193619 0.4224537
Moved 890.6714 480.3859 313 0.2786711 0.4224537
Moved 890.7283 486.6404 313 0.2931491 0.4224537
Moved 890.7861 488 313 0.2962963 0.4224537
Moved 890.8454 447.3303 298.537 0.2021534 0.3387563
Moved 890.9053 343.6707 238.6219 -0.03779918 -0.007974837
Moved 890.9836 308.7163 212.0372 -0.1187123 -0.1618216
Moved 891.0425 295.5815 198.2908 -0.1491169 -0.2413729
Moved 891.1046 289.5611 193 -0.1630529 -0.2719907
Moved 891.1625 289 191 -0.1643519 -0.2835648
Stationary 891.2264 289 191 -0.1643519 -0.2835648
Moved 891.2923 319.0572 206.0215 -0.0947751 -0.1966348
Moved 891.3538 371 222.5 0.025463 -0.1012731
Moved 891.4144 414.7665 232.219 0.1267743 -0.04502879
Moved 891.4725 447.5826 238.5165 0.2027375 -0.008585189
Moved 891.5303 476.254 241.2509 0.2691064 0.007238741
Moved 891.6248 500.9975 243 0.3263831 0.01736111
Moved 891.6846 507.9463 243 0.3424683 0.01736111
Moved 891.7452 512.5 243 0.3530093 0.01736111
Moved 891.8049 513.1744 243 0.3545704 0.01736111
Ended 891.8624 514.0602 243 0.356621 0.01736111
Began 892.0836 388 149 0.06481478 -0.5266202
Stationary 892.1403 388 149 0.06481478 -0.5266202
Stationary 892.1956 388 149 0.06481478 -0.5266202
Stationary 892.2503 388 149 0.06481478 -0.5266202
Stationary 892.3055 388 149 0.06481478 -0.5266202
Stationary 892.361 388 149 0.06481478 -0.5266202
Moved 892.4175 388 158 0.06481478 -0.4745372
Moved 892.4755 379.2076 169.1949 0.04446199 -0.4097513
Moved 892.5327 360.9096 184.0903 0.002105633 -0.3235511
Moved 892.5931 345.7306 203.0259 -0.03303111 -0.2139704
Moved 892.671 326.8206 230.769 -0.07680412 -0.05341972
Moved 892.7307 316.0797 244.8805 -0.1016675 0.02824359
Moved 892.7908 299.9362 260.0638 -0.1390365 0.1161098
Moved 892.8486 289.6765 268.3235 -0.1627858 0.1639091
Moved 892.9123 286 277.7967 -0.1712963 0.2187309
Moved 892.9752 333.6658 302.4846 -0.06095881 0.3616005
Moved 893.0367 422.2836 314.9489 0.1441749 0.4337318
Moved 893.0964 476.08 315 0.2687037 0.4340278
Moved 893.1535 508.3365 315 0.3433716 0.4340278
Moved 893.2133 514.5 315 0.3576389 0.4340278
Moved 893.3049 470.7449 316.2712 0.256354 0.4413845
Moved 893.3635 368.4501 324 0.01956045 0.4861113
Moved 893.4205 284.1184 324 -0.1756518 0.4861113
Moved 893.4776 232.863 318.863 -0.2942986 0.4563832
Moved 893.5355 212.7629 315 -0.3408267 0.4340278
Moved 893.595 206.1561 314 -0.3561201 0.4282409
Moved 893.6551 204 314 -0.3611111 0.4282409
Moved 893.714 204 313 -0.3611111 0.4224537
Moved 893.7719 232.6808 296.2031 -0.2947204 0.3252496
Moved 893.8338 305 264 -0.1273148 0.1388891
Moved 893.9219 379.6346 230.1827 0.04545043 -0.05681286
Moved 893.9808 408.6816 217.3274 0.1126889 -0.1312072
Moved 894.0414 423.1391 208.8608 0.1461554 -0.1802033
Moved 894.1003 431.9166 203.5417 0.1664736 -0.2109851
Moved 894.16 436.9021 199.0979 0.1780141 -0.2367018
Ended 894.2208 439 197 0.1828703 -0.2488424
Began 894.4407 309 256 -0.1180555 0.0925926
Stationary 894.5037 309 256 -0.1180555 0.0925926
Moved 894.5613 324.8589 256 -0.08134519 0.0925926
Moved 894.6199 394.5044 270.2191 0.07987131 0.1748788
Moved 894.6896 457.8736 281.1747 0.2265593 0.2382798
Moved 894.7491 508.3247 290.3321 0.3433442 0.2912739
Moved 894.8127 536.944 296.736 0.4095927 0.3283337
Moved 894.8733 547.4598 298 0.4339346 0.3356482
Moved 894.9305 549 299 0.4375 0.3414354
Moved 894.9944 534 299 0.4027778 0.3414354
Moved 895.058 488.9684 281.9914 0.298538 0.2430058
Moved 895.1176 369.7342 233.4327 0.02253284 -0.03800498
Moved 895.1779 329.1813 213.5907 -0.07133966 -0.1528314
Moved 895.2347 302.9836 202.4958 -0.1319824 -0.2170379
Moved 895.3135 285.323 194 -0.1728633 -0.2662037
Moved 895.3705 279.3475 191 -0.1866956 -0.2835648
Moved 895.4279 275 187.6091 -0.1967592 -0.3031879
Moved 895.4845 272 187 -0.2037037 -0.3067128
Moved 895.5409 271 187 -0.2060186 -0.3067128
Ended 895.5969 271 187 -0.2060186 -0.3067128
Began 895.7361 462 226 0.2361111 -0.0810187
Stationary 895.7958 462 226 0.2361111 -0.0810187
Moved 895.8533 451.033 233.6769 0.2107245 -0.03659213
Moved 895.9128 435.1855 251.7527 0.1740406 0.0680134
Moved 895.9752 421.4104 274.4739 0.1421538 0.1995021
Moved 896.0365 411.9576 295.1272 0.1202721 0.3190232
Moved 896.1004 407.5568 303.4432 0.1100851 0.3671484
Moved 896.1588 408 305 0.1111111 0.3761576
Moved 896.2169 422.786 285.9852 0.145338 0.266118
Moved 896.2748 445.2954 248.0682 0.1974431 0.04669119
Moved 896.3508 472.126 201.874 0.259551 -0.2206364
Moved 896.4077 484.2402 190.8799 0.287593 -0.2842598
Moved 896.4639 518.5461 196.223 0.3670049 -0.253339
Moved 896.5187 554.3768 233.1449 0.4499462 -0.03967074
Moved 896.5751 578.5 265 0.505787 0.1446759
Moved 896.6324 587.9186 287.7559 0.5275894 0.2763649
Moved 896.689 589 299.4327 0.5300926 0.3439391
Moved 896.7443 552.6002 313.2 0.4458337 0.4236108
Moved 896.8006 476.1032 316 0.2687573 0.4398148
Moved 896.8563 358.5673 280.0702 -0.003316452 0.2318879
Moved 896.9446 305.8503 259.8144 -0.1253466 0.1146666
Moved 897.0022 280.025 252.675 -0.1851273 0.07335116
Moved 897.0588 268.6216 251 -0.211524 0.06365723
Moved 897.1198 257.0121 248 -0.2383979 0.0462963
Moved 897.1851 249.1643 247 -0.256564 0.04050944
Moved 897.2478 246 246 -0.2638889 0.03472222
Moved 897.305 244.4871 246 -0.2673911 0.03472222
Moved 897.3665 243 246 -0.2708333 0.03472222
Moved 897.4275 240.5 245 -0.2766204 0.02893519
Moved 897.4902 239 242.5865 -0.2800926 0.01496845
Moved 897.5787 235.5 242 -0.2881945 0.01157425
Moved 897.6351 233.9818 241 -0.2917089 0.005787037
Ended 897.6905 234 241 -0.2916667 0.005787037
Began 897.8868 480 284 0.2777778 0.2546298
Stationary 897.9482 480 284 0.2777778 0.2546298
Stationary 898.015 480 284 0.2777778 0.2546298
Moved 898.077 465.0128 274.0085 0.2430853 0.1968089
Moved 898.1374 442.0884 257.4707 0.1900194 0.1011036
Moved 898.1948 418.5241 238.2192 0.1354725 -0.01030551
Moved 898.2522 384.2753 210.5168 0.05619277 -0.1706199
Moved 898.3099 354.5704 186.4277 -0.01256858 -0.3100247
Moved 898.3682 338.2713 174.5142 -0.05029798 -0.3789688
Moved 898.4268 331.456 170 -0.06607403 -0.4050924
Moved 898.4943 324.6506 167 -0.08182729 -0.4224537
Moved 898.5519 320.5 166 -0.09143516 -0.4282407
Moved 898.6105 309.8735 166 -0.1160335 -0.4282407
Moved 898.6671 289.6959 190.3041 -0.162741 -0.2875922
Moved 898.7253 253.8845 221.9296 -0.2456377 -0.1045743
Moved 898.7827 224.5658 248.8256 -0.313505 0.05107403
Moved 898.8483 215.6518 261.6965 -0.3341394 0.1255583
Moved 898.9077 215 268.4851 -0.3356481 0.1648444
Moved 898.9678 229.4454 277.9636 -0.3022097 0.2196971
Moved 899.0295 258.2525 290.701 -0.2355267 0.2934087
Moved 899.121 293.4958 299 -0.1539449 0.3414354
Moved 899.1768 303.8521 300 -0.1299721 0.3472222
Moved 899.232 311.8044 301 -0.1115639 0.3530091
Moved 899.2883 314 301 -0.1064815 0.3530091
Ended 899.3463 315 301 -0.1041667 0.3530091
Began 899.4976 360 273 0 0.1909722
Stationary 899.5593 360 273 0 0.1909722
Moved 899.6158 360 263.3491 0 0.1351221
Moved 899.6776 378.8265 235.4668 0.04357984 -0.02623381
Moved 899.7416 399.2062 211.7938 0.09075512 -0.1632302
Moved 899.8043 411.5 199.5 0.119213 -0.2343748
Moved 899.8662 415.2108 192.7892 0.1278028 -0.2732106
Moved 899.9259 415 192 0.1273148 -0.2777776
Moved 899.985 382.1471 209.585 0.05126635 -0.176013
Moved 900.0468 337.2771 235.9879 -0.05259936 -0.02321791
Moved 900.1218 287.5281 260.824 -0.1677591 0.1205091
Moved 900.1778 270.4703 266.8824 -0.2072446 0.1555695
Moved 900.2327 255.7775 271 -0.2412559 0.1793981
Moved 900.2888 247.0244 272.9756 -0.2615175 0.1908309
Moved 900.3453 242.7235 274.2764 -0.2714733 0.1983591
Moved 900.4022 238.3162 275 -0.2816755 0.2025463
Moved 900.4592 235.5962 276 -0.2879718 0.2083332
Moved 900.5134 234.882 276 -0.2896249 0.2083332
Moved 900.5679 235 277.374 -0.2893518 0.2162847
Stationary 900.6224 235 277 -0.2893518 0.2141204
Ended 900.7119 235 277 -0.2893518 0.2141204
Began 900.9172 576 228 0.5000001 -0.06944445
Stationary 900.9774 576 228 0.5000001 -0.06944445
Moved 901.036 541.8781 228 0.421014 -0.06944445
Moved 901.0947 481.3389 228 0.2808771 -0.06944445
Moved 901.1567 386.4274 236.5564 0.06117443 -0.01992826
Moved 901.2192 297.4627 243.5896 -0.1447622 0.02077315
Moved 901.28 234.2697 244 -0.2910423 0.02314815
Moved 901.3412 197.6449 245 -0.3758221 0.02893519
Moved 901.4039 173.592 247 -0.4315 0.04050944
Moved 901.4651 164.7694 247 -0.4519227 0.04050944
Moved 901.5335 158.8077 247 -0.4657229 0.04050944
Moved 901.5905 158 247 -0.4675925 0.04050944
Moved 901.6495 158 228.6613 -0.4675925 -0.06561756
Moved 901.7108 171.881 199.238 -0.4354607 -0.2358908
Moved 901.7697 184.3378 179.6622 -0.4066255 -0.3491766
Moved 901.8298 194.7304 171.4232 -0.3825685 -0.3968562
Moved 901.8925 204.9215 166 -0.358978 -0.4282407
Moved 901.9514 219.732 164 -0.3246945 -0.4398148
Moved 902.0102 243.6603 179.6603 -0.2693049 -0.3491882
Moved 902.0699 272.2128 208.0554 -0.203211 -0.1848645
Moved 902.1647 307.1916 258.3832 -0.1222417 0.1063841
Moved 902.2219 321.1974 275.1974 -0.08982078 0.2036889
Moved 902.2895 332.3941 287.197 -0.06390253 0.2731311
Moved 902.3522 340.6065 295.6065 -0.04489233 0.3217969
Moved 902.4188 349.6852 302.3426 -0.02387683 0.3607791
Moved 902.483 357.4421 306.7211 -0.005921026 0.3861173
Moved 902.5464 364.6729 310 0.01081675 0.4050926
Moved 902.6097 369.3071 312 0.0215443 0.4166669
Moved 902.6688 372.5 313.5 0.02893518 0.4253471
Moved 902.7296 374 314.0087 0.03240744 0.4282909
Ended 902.8188 376 314 0.03703703 0.4282409
Began 903.1587 303 215 -0.1319445 -0.1446759
Stationary 903.2182 303 215 -0.1319445 -0.1446759
Stationary 903.2752 303 215 -0.1319445 -0.1446759
Stationary 903.3321 303 215 -0.1319445 -0.1446759
Stationary 903.3928 303 215 -0.1319445 -0.1446759
Moved 903.4521 318.9862 221.9518 -0.09493928 -0.1044455
Moved 903.5126 332.9814 229.6543 -0.06254295 -0.05987079
Moved 903.5745 394.8 255.5834 0.08055568 0.09018174
Moved 903.6359 467.91 286.6757 0.2497917 0.2701143
Moved 903.7024 499.4548 300.7274 0.322812 0.3514318
Moved 903.768 507.0993 303 0.3405077 0.3645834
Moved 903.8257 510.3972 304 0.3481416 0.3703706
Moved 903.8875 512.08 305 0.352037 0.3761576
Stationary 903.9477 512 305 0.3518519 0.3761576
Moved 904.0051 489.5396 295.2313 0.2998601 0.3196254
Moved 904.064 454.8412 282.1904 0.2195398 0.2441578
Moved 904.1252 397.0522 263.6209 0.085769 0.1366951
Moved 904.1853 359.5 251 -0.001157423 0.06365723
Moved 904.2422 339.5387 247 -0.04736404 0.04050944
Moved 904.3295 328.5439 244 -0.07281516 0.02314815
Moved 904.3859 325.5 244 -0.07986113 0.02314815
Moved 904.4413 324 244 -0.08333336 0.02314815
Ended 904.4966 324 244 -0.08333336 0.02314815
PhraseEnd 905.5371
