yes you are very smart
Basic
0.4 0.4
288 115.2
Began 641.5236 380 294 0.06944448 0.4687501
Stationary 641.5783 380 294 0.06944448 0.4687501
Stationary 641.6204 380 294 0.06944448 0.4687501
Stationary 641.6618 380 294 0.06944448 0.4687501
Stationary 641.7025 380 294 0.06944448 0.4687501
Stationary 641.7427 380 294 0.06944448 0.4687501
Stationary 641.7832 380 294 0.06944448 0.4687501
Stationary 641.8251 380 294 0.06944448 0.4687501
Stationary 641.8661 380 294 0.06944448 0.4687501
Stationary 641.9126 380 294 0.06944448 0.4687501
Moved 641.9562 353.3369 294 -0.02313569 0.4687501
Moved 642.0018 329.4106 294 -0.1062134 0.4687501
Moved 642.0457 308.9113 285.7822 -0.1773915 0.3974155
Moved 642.0873 299.7362 285 -0.2092494 0.390625
Moved 642.1296 288.8958 285 -0.2468897 0.390625
Moved 642.1725 280.6324 285 -0.2755819 0.390625
Moved 642.2147 275.7108 284 -0.2926707 0.3819447
Moved 642.2561 272.8369 284 -0.3026498 0.3819447
Moved 642.3052 272 284 -0.3055556 0.3819447
Moved 642.3732 271 279.6893 -0.3090279 0.3445255
Moved 642.4199 270 275.6038 -0.3125 0.3090605
Moved 642.4647 270 270.8501 -0.3125 0.2677963
Moved 642.5089 270 264.2451 -0.3125 0.2104608
Moved 642.5527 270 258.1221 -0.3125 0.1573097
Moved 642.5966 270 252.8218 -0.3125 0.1113002
Moved 642.6401 270 250.2133 -0.3125 0.08865675
Moved 642.6913 270 245.546 -0.3125 0.04814281
Moved 642.7358 270 244 -0.3125 0.03472222
Moved 642.7862 270 241.3134 -0.3125 0.01140091
Moved 642.8702 270 239.6266 -0.3125 -0.003241433
Moved 642.919 270 239 -0.3125 -0.008680291
Ended 642.9724 270 239 -0.3125 -0.008680291
Began 643.2939 374 288 0.04861116 0.4166667
Stationary 643.343 374 288 0.04861116 0.4166667
Stationary 643.3849 374 288 0.04861116 0.4166667
Stationary 643.4271 374 288 0.04861116 0.4166667
Stationary 643.4676 374 288 0.04861116 0.4166667
Stationary 643.5089 374 288 0.04861116 0.4166667
Stationary 643.5509 374 288 0.04861116 0.4166667
Moved 643.5906 385.4735 288 0.08844972 0.4166667
Moved 643.6324 391.5481 288 0.1095422 0.4166667
Moved 643.6707 402.4517 288 0.1474015 0.4166667
Moved 643.7153 423.4642 278.1251 0.2203618 0.330947
Moved 643.7581 444.7669 281 0.2943294 0.3559028
Moved 643.8011 459.9514 280 0.3470533 0.3472225
Moved 643.8423 467.7168 280 0.3740166 0.3472225
Moved 643.8846 471.4924 278.5076 0.3871264 0.3342671
Moved 643.9293 473 278.2094 0.3923612 0.3316784
Stationary 643.9705 473 278 0.3923612 0.3298611
Moved 644.0134 461.83 276 0.3535762 0.3124998
Moved 644.0826 442.5244 274 0.2865432 0.2951392
Moved 644.1288 426.6625 272 0.2314669 0.2777781
Moved 644.1746 414.7539 269.918 0.1901177 0.2597049
Moved 644.2252 408.9515 270 0.1699707 0.2604167
Moved 644.2746 404.2172 270 0.1535319 0.2604167
Moved 644.3192 403 270 0.1493056 0.2604167
Moved 644.3624 402.417 270 0.1472813 0.2604167
Moved 644.4048 401.5 270 0.1440972 0.2604167
Stationary 644.4485 401.5 270 0.1440972 0.2604167
Ended 644.4897 402 270 0.1458333 0.2604167
Began 644.7715 230 239 -0.4513889 -0.008680291
Stationary 644.8227 230 239 -0.4513889 -0.008680291
Stationary 644.8657 230 239 -0.4513889 -0.008680291
Stationary 644.9077 230 239 -0.4513889 -0.008680291
Stationary 644.9502 230 239 -0.4513889 -0.008680291
Stationary 644.9904 230 239 -0.4513889 -0.008680291
Stationary 645.0323 230 239 -0.4513889 -0.008680291
Stationary 645.0752 230 239 -0.4513889 -0.008680291
Moved 645.1166 241.8763 239 -0.4101518 -0.008680291
Moved 645.1609 258.1186 251.4474 -0.3537548 0.09936969
Moved 645.2047 277 261 -0.2881944 0.1822917
Moved 645.2461 296.2906 269.9163 -0.2212133 0.25969
Moved 645.2886 310.2784 275.7595 -0.1726445 0.310412
Moved 645.3304 316 280 -0.1527778 0.3472225
Moved 645.3719 323.6053 283 -0.1263703 0.3732639
Moved 645.4136 327.5 285.5 -0.1128472 0.3949653
Moved 645.4781 328 287.2939 -0.1111111 0.4105377
Moved 645.5225 328 288.5 -0.1111111 0.4210067
Moved 645.5658 317.7952 288 -0.1465446 0.4166667
Moved 645.6083 313.5274 288 -0.1613632 0.4166667
Moved 645.6513 306.2222 288 -0.1867285 0.4166667
Moved 645.693 302.2552 288 -0.2005029 0.4166667
Moved 645.7343 298.9505 288 -0.2119775 0.4166667
Moved 645.7742 297.6271 288 -0.2165726 0.4166667
Moved 645.8144 296.829 288 -0.2193438 0.4166667
Stationary 645.8561 296.829 288 -0.2193438 0.4166667
Ended 645.92 297 288 -0.21875 0.4166667
Began 646.2939 366 172 0.02083331 -0.5902776
Stationary 646.3432 366 172 0.02083331 -0.5902776
Stationary 646.3855 366 172 0.02083331 -0.5902776
Stationary 646.4295 366 172 0.02083331 -0.5902776
Stationary 646.4739 366 172 0.02083331 -0.5902776
Stationary 646.5179 366 172 0.02083331 -0.5902776
Stationary 646.5599 366 172 0.02083331 -0.5902776
Moved 646.6077 351.8004 188.1996 -0.02847068 -0.4496564
Moved 646.6508 342.9224 196.7184 -0.05929738 -0.3757088
Moved 646.6938 333.6464 207.3536 -0.09150558 -0.2833886
Moved 646.7512 323.9009 219.1487 -0.1253442 -0.181001
Moved 646.7976 318.6499 226.7002 -0.1435767 -0.1154494
Moved 646.8419 314.6717 233.3284 -0.1573901 -0.05791347
Moved 646.8857 312.8025 239.395 -0.1638802 -0.005251302
Moved 646.929 310.5 246 -0.171875 0.05208334
Moved 646.9734 308.5526 250.4474 -0.1786367 0.09068914
Moved 647.0193 308 255.7579 -0.1805556 0.1367876
Moved 647.0629 308 259.7526 -0.1805556 0.1714638
Moved 647.11 308 264.0547 -0.1805556 0.2088089
Moved 647.1533 308 267.3524 -0.1805556 0.2374339
Moved 647.2179 315.7591 271.7591 -0.1536143 0.2756869
Moved 647.2679 323.127 274.0635 -0.1280312 0.2956904
Moved 647.3112 331.002 276 -0.1006876 0.3124998
Moved 647.3548 339.6122 278 -0.07079095 0.3298611
Moved 647.3991 347.553 280 -0.04321858 0.3472225
Moved 647.446 354.1489 281.5745 -0.02031624 0.3608897
Moved 647.4887 359.6484 282 -0.001220703 0.3645834
Moved 647.5312 362.3862 282 0.008285345 0.3645834
Moved 647.5732 366.695 283 0.02324671 0.3732639
Moved 647.6162 369.6973 283 0.03367126 0.3732639
Moved 647.684 373.2023 283 0.04584149 0.3732639
Moved 647.7283 375.1714 283 0.05267859 0.3732639
Moved 647.7753 376.0874 283 0.05585909 0.3732639
Moved 647.8212 378 284 0.06249995 0.3819447
Moved 647.8682 379.0488 284 0.06614164 0.3819447
Moved 647.9167 381.0609 284 0.07312819 0.3819447
Moved 647.9628 382.2242 284 0.07716746 0.3819447
Moved 648.004 383.0228 284 0.07994026 0.3819447
Stationary 648.0441 383.0228 284 0.07994026 0.3819447
Moved 648.0835 384.1176 284 0.0837417 0.3819447
Ended 648.1512 384 284 0.08333341 0.3819447
Began 648.461 280 223 -0.2777778 -0.1475695
Stationary 648.5144 280 223 -0.2777778 -0.1475695
Stationary 648.5582 280 223 -0.2777778 -0.1475695
Stationary 648.6042 280 223 -0.2777778 -0.1475695
Stationary 648.6503 280 223 -0.2777778 -0.1475695
Stationary 648.6913 280 223 -0.2777778 -0.1475695
Stationary 648.7313 280 223 -0.2777778 -0.1475695
Stationary 648.7709 280 223 -0.2777778 -0.1475695
Stationary 648.8115 280 223 -0.2777778 -0.1475695
Stationary 648.8531 280 223 -0.2777778 -0.1475695
Moved 648.895 300.095 230 -0.2080036 -0.0868053
Moved 648.9382 345.5556 232 -0.05015403 -0.06944445
Moved 648.9964 407.8625 232 0.1661894 -0.06944445
Moved 649.0388 424.3905 223.3219 0.2235781 -0.1447749
Moved 649.0808 440.9514 219 0.2810811 -0.1822917
Moved 649.123 446.9521 216 0.3019172 -0.2083334
Moved 649.1653 450 213.7782 0.3125 -0.2276198
Moved 649.2066 451 211.9106 0.3159723 -0.2438312
Moved 649.2483 452 210 0.3194444 -0.2604167
Moved 649.2894 441.3463 207 0.2824526 -0.2864584
Moved 649.33 432.0139 204.8027 0.2500485 -0.3055319
Moved 649.3712 410.1101 205 0.1739936 -0.3038192
Moved 649.4366 370.737 205 0.03728122 -0.3038192
Moved 649.4813 345.9963 211.8613 -0.04862383 -0.2442591
Moved 649.5238 323.148 216.1704 -0.1279583 -0.2068538
Moved 649.5664 306.4814 219.1296 -0.1858287 -0.1811661
Moved 649.622 290.5781 222 -0.2410484 -0.1562497
Moved 649.6741 276.2816 227.9061 -0.2906887 -0.1049815
Moved 649.7396 266.3864 232.6135 -0.3250471 -0.06411871
Moved 649.7845 262.334 236.666 -0.339118 -0.02894058
Moved 649.8301 259 239.8455 -0.3506944 -0.001341237
Moved 649.8728 257 243.1523 -0.3576389 0.02736436
Moved 649.9391 256 247.548 -0.3611111 0.06552088
Moved 649.9812 256 251.8544 -0.3611111 0.1029025
Moved 650.0235 265.6052 257.6052 -0.3277596 0.1528232
Moved 650.0673 272.3446 262.3446 -0.3043589 0.1939636
Moved 650.1109 283.9605 267.9737 -0.264026 0.2428275
Moved 650.1541 294.9432 271.9811 -0.2258916 0.2776136
Moved 650.1962 307.8488 275.2829 -0.1810806 0.3062752
Moved 650.2372 313.7215 277 -0.1606894 0.3211806
Moved 650.2803 322.2296 279.1148 -0.1311474 0.3395383
Moved 650.3235 329.8482 280 -0.1046939 0.3472225
Moved 650.3938 337.2227 282 -0.07908799 0.3645834
Moved 650.442 342.5 283 -0.06076388 0.3732639
Moved 650.4876 346.5 284 -0.04687503 0.3819447
Moved 650.5304 349.5 284 -0.0364583 0.3819447
Moved 650.5771 350.1151 284 -0.03432274 0.3819447
Moved 650.6215 352.5 285 -0.02604165 0.390625
Moved 650.6688 353.1624 285 -0.0237418 0.390625
Moved 650.7114 354.1408 285 -0.02034456 0.390625
Stationary 650.7536 354 285 -0.02083331 0.390625
Ended 650.7952 354 285 -0.02083331 0.390625
PhraseEnd 652.6029
