the quick brown fox jumps over the lazy dog
Basic
0.4 0.4
288 115.2
Began 555.4879 341 300 -0.06597222 0.5208334
Stationary 555.5369 341 300 -0.06597222 0.5208334
Stationary 555.5732 341 300 -0.06597222 0.5208334
Stationary 555.6096 341 300 -0.06597222 0.5208334
Stationary 555.6447 341 300 -0.06597222 0.5208334
Stationary 555.6805 341 300 -0.06597222 0.5208334
Stationary 555.717 341 300 -0.06597222 0.5208334
Stationary 555.7525 341 300 -0.06597222 0.5208334
Stationary 555.7896 341 300 -0.06597222 0.5208334
Stationary 555.8258 341 300 -0.06597222 0.5208334
Stationary 555.8611 341 300 -0.06597222 0.5208334
Stationary 555.8959 341 300 -0.06597222 0.5208334
Moved 555.9303 352.7049 285.7267 -0.02533012 0.3969336
Moved 555.9662 361.3123 274.2503 0.004556477 0.2973117
Moved 556.0045 371.9375 263.0624 0.04144982 0.2001948
Moved 556.0429 383.6248 249.3751 0.08203059 0.08138128
Moved 556.0809 388.1437 243.7125 0.09772123 0.03222704
Moved 556.1201 393.4507 238.5493 0.1161483 -0.01259274
Moved 556.1801 396 234.5 0.125 -0.0477428
Moved 556.2184 396 234 0.125 -0.05208307
Moved 556.2561 396 232.5 0.125 -0.06510417
Moved 556.2933 382.3997 233 0.07777677 -0.0607639
Moved 556.3309 367.6491 233 0.02655953 -0.0607639
Moved 556.3723 359.5 243 -0.001736134 0.02604167
Moved 556.4097 344.0095 248.6635 -0.0555227 0.07520358
Moved 556.4482 337 252.5 -0.07986113 0.108507
Moved 556.4875 329.1763 256.4118 -0.1070266 0.1424639
Moved 556.525 324.2097 258.3951 -0.1242718 0.1596801
Moved 556.5856 316.7385 262 -0.1502137 0.1909725
Moved 556.6266 313.902 264 -0.1600625 0.2083336
Moved 556.6648 312.5 265.5 -0.1649305 0.2213542
Moved 556.7031 310 266.9298 -0.1736111 0.233766
Moved 556.7394 308.6271 267 -0.1783781 0.2343753
Moved 556.7761 308 268 -0.1805556 0.2430556
Moved 556.8141 306.5 268 -0.1857639 0.2430556
Stationary 556.8504 306.5 268 -0.1857639 0.2430556
Moved 556.8876 305.8981 268 -0.1878537 0.2430556
Moved 556.9236 306 269.2177 -0.1875 0.2536255
Stationary 556.983 306 269.2177 -0.1875 0.2536255
Stationary 557.0215 306 269 -0.1875 0.2517361
Ended 557.0584 306 269 -0.1875 0.2517361
Began 557.3098 192 264 -0.5833333 0.2083336
Stationary 557.3492 192 264 -0.5833333 0.2083336
Stationary 557.3846 192 264 -0.5833333 0.2083336
Stationary 557.4201 192 264 -0.5833333 0.2083336
Stationary 557.4567 192 264 -0.5833333 0.2083336
Stationary 557.4934 192 264 -0.5833333 0.2083336
Moved 557.5303 202.7429 264 -0.5460317 0.2083336
Moved 557.5682 208 264 -0.5277777 0.2083336
Moved 557.6126 218.6435 264 -0.4908211 0.2083336
Moved 557.6522 225 264 -0.46875 0.2083336
Moved 557.6895 247.7461 264 -0.3897706 0.2083336
Moved 557.7276 267.9325 271 -0.3196789 0.2690972
Moved 557.7664 301.3264 271 -0.2037277 0.2690972
Moved 557.8287 353.6808 272 -0.02194151 0.2777781
Moved 557.8674 368.6422 272 0.03000766 0.2777781
Moved 557.905 384.4231 272 0.08480251 0.2777781
Moved 557.9433 391.9469 272 0.1109268 0.2777781
Moved 557.9821 399.947 272 0.1387048 0.2777781
Moved 558.0193 403.792 272 0.1520555 0.2777781
Moved 558.0576 408.0894 272 0.1669772 0.2777781
Moved 558.0944 410.5 272 0.1753472 0.2777781
Moved 558.1317 412 272 0.1805556 0.2777781
Moved 558.1702 413 272 0.1840278 0.2777781
Moved 558.2336 415 272 0.1909722 0.2777781
Moved 558.2718 416.0165 272 0.1945017 0.2777781
Moved 558.3093 417.0847 272 0.1982109 0.2777781
Stationary 558.3456 417.0847 272 0.1982109 0.2777781
Moved 558.3845 418.1174 272 0.2017966 0.2777781
Stationary 558.421 418 272 0.2013889 0.2777781
Moved 558.4584 419.0074 272 0.2048866 0.2777781
Stationary 558.4952 419 272 0.2048612 0.2777781
Stationary 558.5331 419 272 0.2048612 0.2777781
Stationary 558.5703 419 272 0.2048612 0.2777781
Moved 558.6307 420.0042 272 0.2083477 0.2777781
Ended 558.6772 420 265 0.2083333 0.2170139
Backspace 559.8442
Began 561.3094 341 329 -0.06597222 0.7725698
Stationary 561.3596 341 329 -0.06597222 0.7725698
Stationary 561.3963 341 329 -0.06597222 0.7725698
Stationary 561.4334 341 329 -0.06597222 0.7725698
Stationary 561.4692 341 329 -0.06597222 0.7725698
Stationary 561.5065 341 329 -0.06597222 0.7725698
Stationary 561.5419 341 329 -0.06597222 0.7725698
Stationary 561.5775 341 329 -0.06597222 0.7725698
Stationary 561.6157 341 329 -0.06597222 0.7725698
Stationary 561.6536 341 329 -0.06597222 0.7725698
Stationary 561.6948 341 329 -0.06597222 0.7725698
Stationary 561.7313 341 329 -0.06597222 0.7725698
Stationary 561.7706 341 329 -0.06597222 0.7725698
Stationary 561.8077 341 329 -0.06597222 0.7725698
Moved 561.8434 334 318.8571 -0.09027779 0.6845236
Stationary 561.8787 334 318.8571 -0.09027779 0.6845236
Moved 561.936 334 317 -0.09027779 0.6684031
Moved 561.9785 334 315.6239 -0.09027779 0.6564575
Stationary 562.0172 334 316 -0.09027779 0.6597223
Moved 562.0555 334 315 -0.09027779 0.6510417
Stationary 562.0925 334 315 -0.09027779 0.6510417
Stationary 562.1282 334 315 -0.09027779 0.6510417
Moved 562.1662 334 314 -0.09027779 0.6423614
Ended 562.2101 334 314 -0.09027779 0.6423614
Backspace 563.2963
Began 564.5615 361 306 0.003472269 0.5729167
Stationary 564.6044 361 306 0.003472269 0.5729167
Stationary 564.6399 361 306 0.003472269 0.5729167
Stationary 564.6753 361 306 0.003472269 0.5729167
Stationary 564.7111 361 306 0.003472269 0.5729167
Stationary 564.7485 361 306 0.003472269 0.5729167
Stationary 564.7839 361 306 0.003472269 0.5729167
Stationary 564.8199 361 306 0.003472269 0.5729167
Stationary 564.8546 361 306 0.003472269 0.5729167
Stationary 564.8953 361 306 0.003472269 0.5729167
Stationary 564.9319 361 306 0.003472269 0.5729167
Stationary 564.9688 361 306 0.003472269 0.5729167
Stationary 565.0048 361 306 0.003472269 0.5729167
Moved 565.0414 350.7488 306 -0.03212206 0.5729167
Moved 565.0802 349.443 298.4429 -0.03665641 0.5073172
Moved 565.1171 349 296.5702 -0.03819443 0.491061
Moved 565.1586 348 294.7834 -0.04166671 0.4755508
Moved 565.1954 347 291.7028 -0.0451389 0.448809
Moved 565.235 347 287.801 -0.0451389 0.4149392
Moved 565.2984 347 277.9969 -0.0451389 0.3298346
Moved 565.3378 355.9547 270.0906 -0.01404628 0.2612035
Moved 565.3762 360.6179 263.5732 0.00214532 0.2046286
Moved 565.4151 369.2294 256.8853 0.03204644 0.1465737
Moved 565.4533 375.4809 251.519 0.05375326 0.0999917
Moved 565.4932 384.923 245.0385 0.08653805 0.04373657
Moved 565.531 389.664 241.168 0.103 0.01013862
Moved 565.5709 393.7804 238.2196 0.117293 -0.01545482
Moved 565.6119 396.6503 237 0.1272582 -0.0260414
Moved 565.65 399.5 235 0.1371528 -0.04340278
Moved 565.7108 400 234 0.138889 -0.05208307
Stationary 565.7491 400 234 0.138889 -0.05208307
Moved 565.7873 385.4977 234 0.08853376 -0.05208307
Moved 565.8263 374.601 247.2992 0.05069807 0.06336107
Moved 565.8648 358.4198 255.7902 -0.005486906 0.1370676
Moved 565.9034 349.3047 260.8477 -0.0371366 0.1809695
Moved 565.9424 332.1584 268.2104 -0.09667218 0.2448816
Moved 565.9817 321.7645 273.0785 -0.1327622 0.2871397
Moved 566.0234 311.8891 277.0555 -0.1670519 0.3216622
Moved 566.0624 303.2888 281 -0.1969139 0.3559028
Moved 566.1255 294.2523 286 -0.2282908 0.3993056
Moved 566.1649 290.3862 287.6138 -0.2417147 0.4133145
Moved 566.2059 286.0836 289.9163 -0.256654 0.4333014
Moved 566.2453 282.0826 290.9174 -0.2705464 0.441991
Moved 566.2835 281 291 -0.2743056 0.4427084
Moved 566.3224 279 291 -0.2812501 0.4427084
Stationary 566.3646 279 291 -0.2812501 0.4427084
Moved 566.4003 277.6282 291 -0.2860133 0.4427084
Stationary 566.4372 278 291 -0.2847222 0.4427084
Ended 566.482 278 291 -0.2847222 0.4427084
Began 566.7136 195 283 -0.5729167 0.3732639
Stationary 566.7506 195 283 -0.5729167 0.3732639
Stationary 566.7866 195 283 -0.5729167 0.3732639
Stationary 566.8237 195 283 -0.5729167 0.3732639
Stationary 566.8615 195 283 -0.5729167 0.3732639
Stationary 566.8989 195 283 -0.5729167 0.3732639
Stationary 566.9365 195 283 -0.5729167 0.3732639
Stationary 566.9769 195 283 -0.5729167 0.3732639
Moved 567.0153 206.2558 283 -0.5338342 0.3732639
Moved 567.0536 209.7396 283 -0.5217377 0.3732639
Moved 567.1001 219.4128 283 -0.4881501 0.3732639
Moved 567.1388 237.1998 283 -0.4263897 0.3732639
Moved 567.1755 252.8166 283 -0.3721645 0.3732639
Moved 567.213 271.9166 283 -0.3058451 0.3732639
Moved 567.2503 299.0135 283 -0.2117588 0.3732639
Moved 567.2873 313.9243 283 -0.1599852 0.3732639
Moved 567.3244 334.8286 283 -0.08740053 0.3732639
Moved 567.3622 345.2932 283 -0.05106531 0.3732639
Moved 567.3991 361.2383 283 0.00429973 0.3732639
Moved 567.4359 371.0203 283 0.03826484 0.3732639
Moved 567.4963 386.1395 283 0.09076209 0.3732639
Moved 567.5348 392.8558 283 0.1140827 0.3732639
Moved 567.5759 401.4566 283 0.1439466 0.3732639
Moved 567.6125 405.6798 283 0.1586105 0.3732639
Moved 567.6497 412.0987 283 0.1808983 0.3732639
Moved 567.6871 416.9387 283 0.1977039 0.3732639
Moved 567.7239 419.9352 283 0.2081084 0.3732639
Moved 567.7653 421.3729 283 0.2131003 0.3732639
Stationary 567.8052 421 283 0.2118056 0.3732639
Stationary 567.8425 421 283 0.2118056 0.3732639
Moved 567.9071 378.3472 261.6736 0.0637056 0.1881388
Moved 567.9494 364.7805 252.2683 0.01659885 0.1064958
Moved 567.9883 345.128 235.1279 -0.05163893 -0.04229201
Moved 568.0279 335.5201 228.0134 -0.08499951 -0.1040501
Moved 568.0668 326.0974 218.0974 -0.1177175 -0.1901264
Moved 568.1096 318.2498 210.4995 -0.144966 -0.2560807
Moved 568.1489 314.3808 207.3809 -0.1583999 -0.283152
Moved 568.1857 310.3816 204.3816 -0.172286 -0.3091876
Moved 568.2225 307.514 203 -0.1822429 -0.3211806
Moved 568.2607 305.6266 202 -0.1887967 -0.3298611
Moved 568.3203 306 201 -0.1875 -0.338542
Stationary 568.3594 306 201 -0.1875 -0.338542
Moved 568.4005 319.9767 208.9922 -0.1389699 -0.2691648
Moved 568.4415 331.4604 213.7302 -0.09909563 -0.228036
Moved 568.4833 348.6635 219.3318 -0.03936268 -0.1794116
Moved 568.5264 363.5882 222.1471 0.01245901 -0.1549729
Moved 568.568 380.7844 226.8922 0.07216797 -0.1137829
Moved 568.6046 389.8828 227.9707 0.1037596 -0.104421
Moved 568.6432 400.4886 230 0.1405855 -0.0868053
Moved 568.6801 411.2587 232 0.1779816 -0.06944445
Moved 568.7445 420.1389 234.5695 0.2088155 -0.04713986
Moved 568.7867 425.8712 235 0.2287193 -0.04340278
Moved 568.823 428.5 236 0.2378473 -0.03472222
Moved 568.859 435.4171 237.7085 0.2618648 -0.01989126
Moved 568.8948 438.5797 238.5797 0.2728461 -0.01232889
Moved 568.9305 441.4528 239 0.2828223 -0.008680291
Moved 568.966 443.5 240 0.2899306 0
Moved 569.0014 446 241.2584 0.2986111 0.01092407
Moved 569.0367 448.0605 241 0.3057656 0.008680556
Moved 569.0723 449.2866 241 0.310023 0.008680556
Moved 569.1301 450.1786 241 0.3131201 0.008680556
Moved 569.1689 451 241 0.3159723 0.008680556
Ended 569.2056 451 241 0.3159723 0.008680556
Began 569.3722 366 191 0.02083331 -0.4253473
Stationary 569.4126 366 191 0.02083331 -0.4253473
Stationary 569.4498 366 191 0.02083331 -0.4253473
Stationary 569.5146 366 191 0.02083331 -0.4253473
Stationary 569.5529 366 191 0.02083331 -0.4253473
Stationary 569.5898 366 191 0.02083331 -0.4253473
Moved 569.6287 366 201.0315 0.02083331 -0.3382683
Moved 569.6674 366 205.8125 0.02083331 -0.2967665
Moved 569.7071 366 212.7715 0.02083331 -0.2363584
Moved 569.7449 366 218.4293 0.02083331 -0.1872455
Moved 569.7838 357.9848 228.0304 -0.006997214 -0.1039028
Moved 569.8228 352.6623 234.6754 -0.02547823 -0.04622036
Moved 569.8605 343.276 242.8619 -0.0580693 0.02484322
Moved 569.9216 334 251 -0.09027779 0.09548585
Moved 569.9603 330.7896 253.1052 -0.1014248 0.1137609
Moved 569.9993 324.5841 258.4159 -0.1229718 0.1598605
Moved 570.0374 319.7126 262.2874 -0.1398869 0.1934672
Moved 570.077 314.7161 266.2839 -0.1572358 0.2281592
Moved 570.1169 313 268.1583 -0.1631945 0.2444302
Moved 570.1564 312 270.0511 -0.1666667 0.2608607
Moved 570.1971 312 271.5 -0.1666667 0.2734378
Moved 570.2379 312 272 -0.1666667 0.2777781
Moved 570.2776 322.4681 273 -0.1303189 0.2864584
Moved 570.3429 353.8715 274 -0.02127968 0.2951392
Moved 570.3829 379.6235 274.9462 0.06813705 0.3033527
Moved 570.4212 397.8642 275 0.1314728 0.3038195
Moved 570.462 417.4635 275 0.1995261 0.3038195
Moved 570.5002 423.8958 275 0.2218604 0.3038195
Moved 570.5375 432.8711 275 0.2530245 0.3038195
Moved 570.5735 436.7957 275 0.2666515 0.3038195
Moved 570.611 439.2757 275 0.2752629 0.3038195
Stationary 570.6476 439 275 0.2743055 0.3038195
Moved 570.6844 434.6572 276 0.2592263 0.3124998
Moved 570.7446 408.3427 280.9315 0.1678568 0.3553081
Moved 570.7845 382.7569 284.2487 0.07901684 0.3841029
Moved 570.8222 365.9093 285 0.02051845 0.390625
Moved 570.8596 334.7021 287 -0.08783989 0.4079864
Moved 570.8966 316.3499 287 -0.1515627 0.4079864
Moved 570.9357 295.3715 287 -0.2244044 0.4079864
Moved 570.9747 286.6618 287 -0.2546466 0.4079864
Moved 571.015 277.8315 287 -0.2853073 0.4079864
Moved 571.0548 274.3997 287 -0.2972234 0.4079864
Moved 571.0966 271.1011 287 -0.3086768 0.4079864
Moved 571.1567 269.6365 287 -0.3137621 0.4079864
Moved 571.1947 268.8253 287 -0.3165787 0.4079864
Moved 571.2322 267.8133 287 -0.3200927 0.4079864
Stationary 571.2745 268 287 -0.3194445 0.4079864
Stationary 571.3136 268 287 -0.3194445 0.4079864
Stationary 571.3488 268 287 -0.3194445 0.4079864
Moved 571.385 276.1262 278.8738 -0.2912284 0.337446
Moved 571.4229 291.1093 269.9271 -0.2392037 0.2597843
Moved 571.4655 324.2408 245.3994 -0.1241639 0.04686992
Moved 571.5034 349.5711 231.0574 -0.03621146 -0.07762697
Moved 571.5658 372.0486 218.9757 0.04183531 -0.1825023
Moved 571.6062 378.0966 214.9034 0.06283537 -0.2178518
Moved 571.6489 383.8523 210.1477 0.08282051 -0.2591345
Moved 571.688 387.1536 206.8464 0.09428322 -0.2877914
Moved 571.7261 388.2209 207 0.09798929 -0.2864584
Moved 571.7651 390 203.9766 0.1041667 -0.3127035
Moved 571.8024 391.4587 204 0.1092315 -0.3124998
Moved 571.8456 392 203 0.1111111 -0.3211806
Moved 571.8845 393 202 0.1145834 -0.3298611
Ended 571.9258 393 202 0.1145834 -0.3298611
Began 572.062 327 251 -0.1145833 0.09548585
Stationary 572.1126 327 251 -0.1145833 0.09548585
Stationary 572.1536 327 251 -0.1145833 0.09548585
Stationary 572.191 327 251 -0.1145833 0.09548585
Stationary 572.2266 327 251 -0.1145833 0.09548585
Moved 572.2813 341.0101 251 -0.06593712 0.09548585
Moved 572.3203 350.9198 251 -0.0315284 0.09548585
Moved 572.3583 362.3898 259.8475 0.008297861 0.1722874
Moved 572.3968 380.2869 264.8574 0.07044077 0.215776
Moved 572.4349 396.3629 270.6726 0.1262601 0.2662553
Moved 572.4728 415.9075 277.9769 0.1941233 0.3296606
Moved 572.5092 427 281.5 0.2326389 0.3602431
Moved 572.5458 436.2475 285.4158 0.2647482 0.394235
Moved 572.582 443.7175 287.7175 0.2906859 0.4142147
Moved 572.6183 446.5 288 0.3003472 0.4166667
Moved 572.6763 448 288 0.3055556 0.4166667
Stationary 572.7128 448 288 0.3055556 0.4166667
Moved 572.7542 426.4835 275.8477 0.2308455 0.3111781
Moved 572.7943 403.7167 265.6894 0.1517943 0.2229982
Moved 572.8312 362.3216 247.1608 0.00806123 0.06215944
Moved 572.8679 341.4445 237.9683 -0.06442867 -0.01763662
Moved 572.9058 316.7564 228.1891 -0.1501513 -0.1025253
Moved 572.9426 304.2847 222.6423 -0.193456 -0.1506742
Moved 572.98 292.0926 217.7284 -0.2357897 -0.1933299
Moved 573.0183 285 214.5 -0.2604167 -0.2213542
Moved 573.0825 274.1299 210.0649 -0.29816 -0.259853
Moved 573.1251 269.7633 207.7633 -0.3133219 -0.2798325
Moved 573.1681 268 206.5 -0.3194445 -0.2907986
Moved 573.2133 267 207 -0.3229167 -0.2864584
Moved 573.2521 265.627 207 -0.3276842 -0.2864584
Stationary 573.2928 266 207 -0.326389 -0.2864584
Ended 573.3361 266 207 -0.326389 -0.2864584
Began 573.5085 437 238 0.2673611 -0.01736111
Stationary 573.5564 437 238 0.2673611 -0.01736111
Stationary 573.5959 437 238 0.2673611 -0.01736111
Stationary 573.6418 437 238 0.2673611 -0.01736111
Stationary 573.6792 437 238 0.2673611 -0.01736111
Moved 573.7161 423.1763 249.8237 0.2193621 0.08527544
Moved 573.7551 416.2691 257.7309 0.1953787 0.153914
Moved 573.7944 408.3313 269.006 0.167817 0.2517889
Moved 573.832 403 276.5 0.1493056 0.3168406
Moved 573.8703 397.7802 283.3298 0.131181 0.3761265
Moved 573.9079 390.166 290.834 0.1047429 0.4412673
Moved 573.9457 387.715 293.285 0.09623274 0.4625435
Moved 573.9851 385.7457 294 0.08939475 0.4687501
Moved 574.0374 385 295 0.08680553 0.4774306
Moved 574.0758 383.7869 295 0.08259326 0.4774306
Moved 574.1202 384 254.6846 0.08333341 0.1274702
Moved 574.1598 393.6688 234.656 0.1169056 -0.04638884
Moved 574.1985 401.295 214.41 0.1433855 -0.2221351
Moved 574.2366 405.0363 204.4456 0.1563761 -0.3086321
Moved 574.2742 409.5 196 0.1718751 -0.3819445
Moved 574.3112 411 193.6647 0.1770833 -0.4022164
Moved 574.3499 415.6329 191 0.1931699 -0.4253473
Moved 574.3873 420 190 0.2083333 -0.4340278
Moved 574.4487 436.8311 198.8873 0.2667744 -0.3568806
Moved 574.4866 454.9695 214.9695 0.3297551 -0.2172788
Moved 574.5256 466.1098 227.8872 0.3684369 -0.1051458
Moved 574.565 482.2666 246.2666 0.4245368 0.05439759
Moved 574.6053 490.9068 255.8602 0.4545376 0.1376756
Moved 574.6435 498.8917 267.675 0.4822628 0.2402348
Moved 574.6877 503.1922 276.3845 0.4971953 0.3158376
Moved 574.7313 504 281.804 0.5 0.3628818
Moved 574.7707 504 288.0425 0.5 0.4170355
Moved 574.8094 483.5875 293.3531 0.4291232 0.4631353
Moved 574.8707 446.8495 296 0.3015606 0.4861112
Moved 574.9121 425.6065 296 0.2278005 0.4861112
Moved 574.9526 392.5323 287.3925 0.1129593 0.4113929
Moved 574.9905 371.7048 282.0585 0.04064173 0.3650914
Moved 575.0284 346.0912 277.2183 -0.04829429 0.3230752
Moved 575.0689 334.8392 274.7678 -0.0873638 0.301804
Moved 575.1098 320.1586 272 -0.1383381 0.2777781
Moved 575.1505 310.1552 270 -0.1730724 0.2604167
Moved 575.1904 306.1607 267.5804 -0.186942 0.2394131
Moved 575.2322 302 266.2792 -0.2013889 0.2281184
Moved 575.299 296.8615 263.8615 -0.219231 0.2071309
Moved 575.3426 295 261.5551 -0.2256945 0.1871104
Moved 575.3847 291.5 260 -0.2378472 0.1736111
Moved 575.4245 287.3041 255.3042 -0.2524162 0.132849
Moved 575.4642 284.434 252.434 -0.262382 0.107934
Moved 575.5047 281.5664 249.5664 -0.272339 0.08304173
Moved 575.5432 278.5597 246.5597 -0.282779 0.05694152
Moved 575.5823 276.7066 243.7065 -0.2892133 0.03217486
Moved 575.6218 274.8833 243 -0.295544 0.02604167
Moved 575.6608 274 241 -0.2986111 0.008680556
Ended 575.7247 273 240 -0.3020833 0
Began 575.9515 459 278 0.34375 0.3298611
Stationary 576.002 459 278 0.34375 0.3298611
Stationary 576.0434 459 278 0.34375 0.3298611
Stationary 576.0817 459 278 0.34375 0.3298611
Stationary 576.1265 459 278 0.34375 0.3298611
Moved 576.1671 446.5 278 0.3003472 0.3298611
Moved 576.2085 442.9281 278 0.2879447 0.3298611
Moved 576.2487 437.6261 278 0.269535 0.3298611
Moved 576.2881 429.1298 278 0.240034 0.3298611
Moved 576.3285 416.9905 266.4953 0.1978839 0.2299937
Moved 576.3694 394 254 0.1180555 0.1215281
Moved 576.4058 382.6696 246.8018 0.07871405 0.05904304
Moved 576.4438 364.0361 232.8217 0.01401409 -0.06231203
Moved 576.4813 357.4615 226.4615 -0.008814186 -0.1175213
Moved 576.5199 349.5952 220.7976 -0.03612772 -0.1666872
Moved 576.5583 346.9241 217.9241 -0.04540235 -0.1916313
Moved 576.5984 342.6181 214.6182 -0.06035381 -0.2203285
Moved 576.6603 338.2134 211 -0.07564798 -0.2517361
Moved 576.7044 335.5 208.5 -0.08506946 -0.2734375
Moved 576.7434 333.391 208 -0.09239227 -0.2777778
Moved 576.785 330.0923 208 -0.1038463 -0.2777778
Moved 576.8306 322.3429 222.0952 -0.130754 -0.1554232
Moved 576.8715 312.3319 242.1135 -0.1655142 0.01834658
Moved 576.9124 303.7196 254.3738 -0.1954179 0.1247724
Moved 576.952 294.9127 265.0873 -0.2259975 0.2177716
Moved 576.9922 289.1493 270.8507 -0.2460095 0.2678013
Moved 577.0315 284.7747 275.2253 -0.2611991 0.3057756
Moved 577.0917 280.4159 278.5841 -0.2763337 0.3349315
Moved 577.1295 280 279 -0.2777778 0.338542
Moved 577.1694 279 280.5 -0.2812501 0.3515625
Moved 577.2084 279 282.5 -0.2812501 0.3689236
Moved 577.2499 279 283 -0.2812501 0.3732639
Moved 577.2922 286.5688 284.5688 -0.2549694 0.3868819
Moved 577.3321 291.7344 285.8672 -0.2370332 0.3981532
Moved 577.3729 296.7354 286 -0.2196686 0.3993056
Moved 577.4107 302.7385 286 -0.1988247 0.3993056
Moved 577.4488 306.6079 286 -0.1853891 0.3993056
Moved 577.5106 312.0038 286 -0.1666533 0.3993056
Moved 577.554 316.3052 286 -0.1517181 0.3993056
Moved 577.5921 318.3039 286 -0.1447783 0.3993056
Moved 577.6448 318.556 286 -0.1439027 0.3993056
Ended 577.6845 319 286 -0.1423611 0.3993056
Began 577.8589 363 271 0.01041666 0.2690972
Stationary 577.9066 363 271 0.01041666 0.2690972
Stationary 577.9482 363 271 0.01041666 0.2690972
Stationary 577.9852 363 271 0.01041666 0.2690972
Stationary 578.0295 363 271 0.01041666 0.2690972
Stationary 578.0654 363 271 0.01041666 0.2690972
Stationary 578.1071 363 271 0.01041666 0.2690972
Moved 578.1452 363 264.0871 0.01041666 0.2090897
Moved 578.1875 356 260.1725 -0.01388892 0.1751089
Moved 578.2285 356 257.626 -0.01388892 0.1530041
Moved 578.2711 356 251.229 -0.01388892 0.09747426
Moved 578.3096 365.834 245.249 0.02025694 0.04556444
Moved 578.3488 375.4701 235.5299 0.05371556 -0.03880289
Moved 578.3857 382.299 231.9003 0.07742718 -0.07031018
Moved 578.4238 388.0218 227.9783 0.09729774 -0.1043553
Moved 578.4648 390.8762 225.1238 0.1072089 -0.1291336
Moved 578.5245 394 222 0.1180555 -0.1562497
Moved 578.5635 394 221 0.1180555 -0.1649306
Stationary 578.6015 394 221 0.1180555 -0.1649306
Moved 578.6398 380.1497 221 0.06996424 -0.1649306
Moved 578.6776 370.1218 221 0.03514529 -0.1649306
Moved 578.7168 354.632 228.592 -0.01863889 -0.09902743
Moved 578.7543 344.3467 232.1633 -0.05435183 -0.06802665
Moved 578.7936 327.1236 239.4691 -0.1141543 -0.004608367
Moved 578.8321 318.9805 244.6797 -0.142429 0.04062229
Moved 578.8723 307.3922 250.6078 -0.182666 0.09208176
Moved 578.9324 295.9603 257.0397 -0.2223601 0.1479138
Moved 578.973 294 259.537 -0.2291667 0.1695924
Moved 579.0101 292 262 -0.2361111 0.1909725
Moved 579.0458 290.5 263 -0.2413195 0.1996528
Moved 579.0818 291 264 -0.2395833 0.2083336
Moved 579.1174 291 265.374 -0.2395833 0.2202601
Moved 579.1525 291 266.2487 -0.2395833 0.2278535
Moved 579.1885 291 267.1866 -0.2395833 0.2359947
Stationary 579.2237 291 267.1866 -0.2395833 0.2359947
Moved 579.2583 291 268.1015 -0.2395833 0.2439367
Stationary 579.3159 291 268.1015 -0.2395833 0.2439367
Stationary 579.353 291 268.1015 -0.2395833 0.2439367
Stationary 579.4066 291 268 -0.2395833 0.2430556
Ended 579.4503 291 268 -0.2395833 0.2430556
Began 579.8442 493 216 0.4618056 -0.2083334
Stationary 579.9114 493 216 0.4618056 -0.2083334
Stationary 579.9496 493 216 0.4618056 -0.2083334
Moved 579.9918 481.3447 216 0.4213357 -0.2083334
Moved 580.0331 474.2978 216 0.3968674 -0.2083334
Moved 580.0732 460.3606 225.3197 0.3484744 -0.1274332
Moved 580.1117 445.5716 230.1714 0.2971236 -0.08531757
Moved 580.1503 413.5034 236.777 0.1857759 -0.02797763
Moved 580.1905 394.4839 239.9309 0.1197359 -0.0005994903
Moved 580.2325 351.8412 243 -0.02832919 0.02604167
Moved 580.2734 277 244 -0.2881944 0.03472222
Moved 580.3196 230.5 244 -0.4496528 0.03472222
Moved 580.3604 217.8164 244 -0.4936931 0.03472222
Moved 580.4154 210.2042 244 -0.5201242 0.03472222
Moved 580.4538 207.6228 244 -0.5290874 0.03472222
Moved 580.4922 206.739 244 -0.5321564 0.03472222
Moved 580.5308 206 244 -0.5347222 0.03472222
Moved 580.569 204.8887 244 -0.5385811 0.03472222
Moved 580.6083 204 244 -0.5416667 0.03472222
Moved 580.6467 204 235.3723 -0.5416667 -0.04017089
Moved 580.6846 204 226.2068 -0.5416667 -0.1197328
Moved 580.7228 213.6161 219.5758 -0.5082774 -0.1772934
Moved 580.7654 222.5065 207.4934 -0.4774078 -0.2821753
Moved 580.8279 234.9333 194.0667 -0.4342593 -0.398727
Moved 580.8674 239.1231 190.9385 -0.4197116 -0.4258811
Moved 580.9075 245.7179 185.641 -0.3968129 -0.4718665
Moved 580.95 250.5 181.5 -0.3802084 -0.5078123
Moved 580.9919 256.6346 180 -0.3589075 -0.5208334
Moved 581.0325 263.5 180 -0.3350694 -0.5208334
Moved 581.0721 274.9865 191.9596 -0.2951857 -0.4170172
Moved 581.1112 289.2389 199.9291 -0.2456984 -0.3478379
Moved 581.1499 315.6797 219.0664 -0.1538899 -0.1817155
Moved 581.1914 338.5623 237.9685 -0.07443659 -0.01763424
Moved 581.2587 358.9542 254.6361 -0.00363119 0.1270498
Moved 581.2964 364.7718 259.8859 0.01656875 0.1726209
Moved 581.3361 372.3013 265.1507 0.04271299 0.218322
Moved 581.374 375.0197 267 0.05215183 0.2343753
Moved 581.4123 377 270.0176 0.05902782 0.2605698
Moved 581.4504 378.4529 270 0.06407246 0.2604167
Moved 581.4893 380 272 0.06944448 0.2777781
Moved 581.5272 381.3105 273.3104 0.0739947 0.289153
Moved 581.5735 382 274.0306 0.07638887 0.2954043
Stationary 581.6132 382 274.0306 0.07638887 0.2954043
Stationary 581.674 382 274 0.07638887 0.2951392
Ended 581.7215 382 274 0.07638887 0.2951392
Began 581.8719 325 237 -0.1215278 -0.0260414
Stationary 581.9119 325 237 -0.1215278 -0.0260414
Stationary 581.9518 325 237 -0.1215278 -0.0260414
Stationary 581.9907 325 237 -0.1215278 -0.0260414
Stationary 582.0294 325 237 -0.1215278 -0.0260414
Stationary 582.0901 325 237 -0.1215278 -0.0260414
Stationary 582.1302 325 237 -0.1215278 -0.0260414
Moved 582.169 335.3023 237 -0.08575597 -0.0260414
Moved 582.2125 366.8509 252.1702 0.02378777 0.1056441
Moved 582.2548 402.1295 259.7513 0.1462832 0.1714521
Moved 582.3011 432.9721 265.8531 0.2533753 0.2244197
Moved 582.3422 449.5964 269.7193 0.3110986 0.2579803
Moved 582.3851 467.0484 274.0161 0.3716959 0.2952788
Moved 582.4223 476.9225 275.9612 0.4059808 0.3121636
Moved 582.461 480.8259 276 0.4195345 0.3124998
Moved 582.5213 483 277 0.4270834 0.3211806
Stationary 582.5595 483 277 0.4270834 0.3211806
Moved 582.5959 473.2384 277 0.3931888 0.3211806
Moved 582.6344 462.5641 268.1612 0.3561254 0.2444551
Moved 582.674 429.223 254.3336 0.2403577 0.1244238
Moved 582.716 397 241.5 0.1284722 0.0130211
Moved 582.754 384.643 236.9108 0.08556604 -0.02681627
Moved 582.7923 369.8153 232.6051 0.03408104 -0.06419183
Moved 582.8305 364.7304 232 0.01642495 -0.06944445
Moved 582.8678 358.7574 231 -0.004314631 -0.07812501
Moved 582.9283 353.5 230 -0.02256945 -0.0868053
Moved 582.9667 350.5268 230 -0.0328932 -0.0868053
Moved 583.0056 343.6642 230 -0.05672135 -0.0868053
Moved 583.044 336.0447 230 -0.08317798 -0.0868053
Moved 583.0834 319.4883 238 -0.1406657 -0.01736111
Moved 583.1271 309.5121 239 -0.1753052 -0.008680291
Moved 583.1657 295.5 241 -0.2239584 0.008680556
Moved 583.2035 288.0476 243 -0.2498346 0.02604167
Moved 583.2457 281.3741 244.6259 -0.2730064 0.04015499
Moved 583.2874 278 245.6266 -0.2847222 0.0488419
Moved 583.353 275 247.3615 -0.2951389 0.06390175
Moved 583.3948 274 247 -0.2986111 0.06076416
Ended 583.437 274 248.2008 -0.2986111 0.07118756
Backspace 586.0637
Began 587.5258 293 363 -0.2326389 1.067708
Stationary 587.5783 293 363 -0.2326389 1.067708
Stationary 587.6189 293 363 -0.2326389 1.067708
Stationary 587.658 293 363 -0.2326389 1.067708
Stationary 587.6953 293 363 -0.2326389 1.067708
Stationary 587.7324 293 363 -0.2326389 1.067708
Stationary 587.7698 293 363 -0.2326389 1.067708
Stationary 587.8073 293 363 -0.2326389 1.067708
Stationary 587.8446 293 363 -0.2326389 1.067708
Stationary 587.8873 293 363 -0.2326389 1.067708
Stationary 587.9249 293 363 -0.2326389 1.067708
Stationary 587.9615 293 363 -0.2326389 1.067708
Stationary 588.0045 293 363 -0.2326389 1.067708
Moved 588.041 293 353.5497 -0.2326389 0.9856746
Stationary 588.0803 293 353.5497 -0.2326389 0.9856746
Moved 588.143 293 352.9579 -0.2326389 0.9805373
Stationary 588.1937 293 352.9579 -0.2326389 0.9805373
Ended 588.2418 293 353 -0.2326389 0.9809029
Backspace 589.4064
Began 590.7946 366 249 0.02083331 0.07812527
Stationary 590.8422 366 249 0.02083331 0.07812527
Stationary 590.8807 366 249 0.02083331 0.07812527
Stationary 590.9191 366 249 0.02083331 0.07812527
Stationary 590.9605 366 249 0.02083331 0.07812527
Stationary 590.9974 366 249 0.02083331 0.07812527
Stationary 591.037 366 249 0.02083331 0.07812527
Stationary 591.0765 366 249 0.02083331 0.07812527
Stationary 591.1183 366 249 0.02083331 0.07812527
Stationary 591.1656 366 249 0.02083331 0.07812527
Stationary 591.2039 366 249 0.02083331 0.07812527
Stationary 591.2406 366 249 0.02083331 0.07812527
Stationary 591.2797 366 249 0.02083331 0.07812527
Stationary 591.3207 366 249 0.02083331 0.07812527
Moved 591.36 385.2656 239.3008 0.08772791 -0.006069608
Moved 591.4211 401.6254 228.6873 0.1445326 -0.09820091
Moved 591.4614 405.1764 227 0.1568626 -0.1128472
Moved 591.501 410.138 222.8621 0.1740901 -0.1487668
Moved 591.5416 412.2191 222 0.1813163 -0.1562497
Moved 591.5888 412 221 0.1805556 -0.1649306
Stationary 591.6269 412 221 0.1805556 -0.1649306
Moved 591.6657 400.2941 221 0.1399101 -0.1649306
Moved 591.7059 390.4507 231.2747 0.1057318 -0.07574082
Moved 591.7457 371.7776 239.8889 0.04089445 -0.0009642708
Moved 591.7845 359.7502 244.6249 -0.0008673966 0.04014625
Moved 591.8494 335.5364 254.1545 -0.0849431 0.1228693
Moved 591.8919 329.9657 256.0172 -0.1042859 0.1390378
Moved 591.9334 323.0463 258 -0.1283114 0.15625
Moved 591.9755 316.4818 261.2591 -0.151105 0.1845408
Moved 592.0228 313.8215 263.1785 -0.160342 0.2012025
Moved 592.0612 312 264.1074 -0.1666667 0.2092653
Moved 592.1018 308.5815 265 -0.1785366 0.2170139
Moved 592.1422 307 266.3652 -0.1840278 0.2288652
Moved 592.1807 304.8813 266 -0.1913842 0.2256945
Moved 592.2191 303.8651 267.1349 -0.1949129 0.2355465
Moved 592.28 302.9676 267 -0.1980293 0.2343753
Moved 592.32 301.6266 267 -0.2026854 0.2343753
Stationary 592.3596 301.6266 267 -0.2026854 0.2343753
Moved 592.4028 300.9104 267 -0.2051722 0.2343753
Stationary 592.4418 300.9104 267 -0.2051722 0.2343753
Stationary 592.4815 300.9104 267 -0.2051722 0.2343753
Ended 592.5204 301 267 -0.2048611 0.2343753
Began 592.7779 177 287 -0.6354167 0.4079864
Stationary 592.8154 177 287 -0.6354167 0.4079864
Stationary 592.8536 177 287 -0.6354167 0.4079864
Stationary 592.9091 177 287 -0.6354167 0.4079864
Stationary 592.9501 177 287 -0.6354167 0.4079864
Stationary 592.9958 177 287 -0.6354167 0.4079864
Moved 593.0376 187.2885 287 -0.5996928 0.4079864
Moved 593.0786 191.8916 287 -0.5837099 0.4079864
Moved 593.1223 198.7601 287 -0.5598608 0.4079864
Moved 593.1681 208.0781 287 -0.5275065 0.4079864
Moved 593.2088 227.8732 287 -0.4587737 0.4079864
Moved 593.2488 247.6596 287 -0.3900708 0.4079864
Moved 593.2892 287.1119 295.4568 -0.2530838 0.4813963
Moved 593.3308 322.5 298.5 -0.1302084 0.5078126
Moved 593.3764 357.9596 301.3959 -0.007084758 0.5329509
Moved 593.4193 387.3904 302 0.09510532 0.5381945
Moved 593.4589 398.6911 303 0.1343443 0.5468751
Moved 593.5003 414.0841 303 0.187792 0.5468751
Moved 593.5409 428.1635 303 0.2366787 0.5468751
Moved 593.6085 439.5957 303 0.2763741 0.5468751
Moved 593.6505 442.5 303 0.2864583 0.5468751
Moved 593.6906 443.3232 303 0.2893168 0.5468751
Moved 593.7399 437.8731 290.291 0.2703927 0.4365543
Moved 593.7862 406.7585 271.6321 0.162356 0.2745846
Moved 593.8292 386.5279 257.3096 0.09211063 0.1502575
Moved 593.8692 363.5628 239.6503 0.0123708 -0.003035863
Moved 593.9103 348.9207 227.9207 -0.03846974 -0.1048554
Moved 593.954 341.2077 221.2078 -0.06525092 -0.1631271
Moved 593.9952 334.7967 214.7966 -0.08751147 -0.218779
Moved 594.0584 329.5 210.5 -0.1059028 -0.2560764
Moved 594.1006 329 209.5131 -0.1076389 -0.2646436
Moved 594.1412 328 210 -0.1111111 -0.2604167
Stationary 594.1823 328 210 -0.1111111 -0.2604167
Stationary 594.2187 328 210 -0.1111111 -0.2604167
Moved 594.2553 345.66 219.22 -0.04979164 -0.1803822
Moved 594.2957 373.4144 227.8326 0.0465776 -0.1056194
Moved 594.3367 389 231.5 0.1006945 -0.07378473
Moved 594.3766 410.0212 235.7552 0.1736847 -0.0368468
Moved 594.4188 425.2652 238.0663 0.2266152 -0.01678547
Moved 594.4825 438.8302 240 0.2737162 0
Moved 594.5232 443.3 240 0.289236 0
Moved 594.5647 448.2122 241 0.3062925 0.008680556
Moved 594.6035 451.5872 241 0.3180109 0.008680556
Moved 594.6412 453.2273 241 0.3237059 0.008680556
Moved 594.6806 454 241 0.326389 0.008680556
Moved 594.7186 455 241 0.329861 0.008680556
Moved 594.7563 456.5 241 0.3350694 0.008680556
Moved 594.7939 457 241 0.3368056 0.008680556
Ended 594.8338 457 241 0.3368056 0.008680556
Began 595.0676 370 174 0.03472224 -0.5729164
Stationary 595.1447 370 174 0.03472224 -0.5729164
Stationary 595.1822 370 174 0.03472224 -0.5729164
Stationary 595.2209 370 174 0.03472224 -0.5729164
Stationary 595.2598 370 174 0.03472224 -0.5729164
Stationary 595.2994 370 174 0.03472224 -0.5729164
Moved 595.3387 370 185.0067 0.03472224 -0.4773723
Moved 595.378 381.326 192.652 0.07404849 -0.4110072
Moved 595.4165 388.568 201.8521 0.0991945 -0.3311454
Moved 595.4547 395.3096 210.4644 0.1226027 -0.2563856
Moved 595.4966 402.4628 222.3884 0.1474403 -0.1528782
Moved 595.5438 406 230.8356 0.1597223 -0.07955234
Moved 595.5835 407 235.5795 0.1631944 -0.03837295
Moved 595.6224 407 242.5 0.1631944 0.02170166
Moved 595.6616 397.7164 247.1604 0.1309597 0.06215652
Moved 595.7 387.581 254.946 0.09576723 0.1297403
Moved 595.7416 373.679 260.6605 0.04749656 0.1793448
Moved 595.7814 364.0643 265.6238 0.014112 0.2224295
Moved 595.8225 351.1425 270.6191 -0.03075503 0.2657912
Moved 595.8663 339.8823 275.5588 -0.06985307 0.3086708
Moved 595.9084 332.2674 279.8663 -0.09629377 0.3460614
Moved 595.9736 326.7166 283 -0.1155673 0.3732639
Moved 596.0188 322.416 285.584 -0.1305 0.3956946
Moved 596.0589 319.5502 286 -0.1404508 0.3993056
Moved 596.1008 309.7765 287 -0.1743873 0.4079864
Moved 596.1475 297.8535 288.7155 -0.2157863 0.4228773
Moved 596.1877 286.845 289 -0.2540103 0.4253475
Moved 596.2311 277.9764 290 -0.2848041 0.4340278
Moved 596.2692 274.1023 290 -0.2982558 0.4340278
Moved 596.3119 270.1402 290 -0.3120132 0.4340278
Moved 596.3553 266.916 290 -0.3232083 0.4340278
Moved 596.4188 265 290 -0.3298611 0.4340278
Moved 596.462 264 291.4018 -0.3333333 0.4461962
Stationary 596.5038 264 291 -0.3333333 0.4427084
Moved 596.5468 264 292.6854 -0.3333333 0.4573391
Moved 596.5908 264 294.2803 -0.3333333 0.4711835
Moved 596.6296 273.5 296.5 -0.3003472 0.4904517
Moved 596.6694 287.4475 298.8159 -0.2519183 0.5105544
Moved 596.7108 306.5928 301.1186 -0.1854415 0.5305434
Moved 596.7502 325.4868 302 -0.1198374 0.5381945
Moved 596.7914 371.881 304 0.04125357 0.5555559
Moved 596.8561 429.6489 304 0.2418365 0.5555559
Moved 596.8978 450.0952 304 0.3128305 0.5555559
Moved 596.944 460.0125 295.9938 0.3472655 0.4860571
Moved 596.9865 463.5 295 0.359375 0.4774306
Moved 597.0261 463 294 0.3576389 0.4687501
Stationary 597.0695 463 294 0.3576389 0.4687501
Moved 597.1117 438.516 292.9032 0.2726251 0.4592295
Moved 597.1552 409.1588 292 0.1706903 0.4513892
Moved 597.1956 389.7039 292 0.1031387 0.4513892
Moved 597.2385 359.3825 288.7689 -0.002143979 0.4233414
Moved 597.3079 320.5912 288 -0.1368362 0.4166667
Moved 597.3498 309.1076 287 -0.1767096 0.4079864
Moved 597.3898 298.1661 286 -0.2147012 0.3993056
Moved 597.4283 294.3705 285.1852 -0.2278804 0.392233
Moved 597.4665 289.8798 283.8798 -0.2434728 0.3809012
Moved 597.5042 288 284 -0.25 0.3819447
Moved 597.5417 285.5 283 -0.2586806 0.3732639
Stationary 597.5789 285.5 283 -0.2586806 0.3732639
Moved 597.6201 285 281 -0.2604167 0.3559028
Moved 597.6587 285 280 -0.2604167 0.3472225
Moved 597.7225 285 273 -0.2604167 0.2864584
Moved 597.7639 302.3958 260.2553 -0.2000148 0.1758276
Moved 597.8067 319.2931 241.7069 -0.1413434 0.01481719
Moved 597.8503 336.3139 227.3489 -0.08224331 -0.1098191
Moved 597.8912 351.882 217.0786 -0.02818741 -0.1989701
Moved 597.9332 358.6523 212.3478 -0.00467971 -0.2400364
Moved 597.978 366.7951 207.205 0.02359405 -0.2846792
Moved 598.0198 373.2076 202.8962 0.04585966 -0.3220813
Moved 598.0605 377.0292 198.9708 0.0591293 -0.3561561
Moved 598.1033 379.5 197.5 0.06770834 -0.3689236
Moved 598.1703 383.8197 194 0.08270726 -0.3993056
Moved 598.2103 385.3114 192.6886 0.08788675 -0.4106893
Moved 598.2516 387.5 192 0.09548604 -0.4166664
Moved 598.2914 388.5 191 0.09895831 -0.4253473
Moved 598.3347 390 190.2438 0.1041667 -0.4319117
Moved 598.3763 393.0561 190 0.1147781 -0.4340278
Moved 598.4161 395.0621 190 0.1217435 -0.4340278
Moved 598.456 396.4931 190 0.1267122 -0.4340278
Moved 598.4962 399.1189 190 0.1358294 -0.4340278
Moved 598.5385 400.2239 190 0.1396662 -0.4340278
Moved 598.5996 402.1695 190 0.1464218 -0.4340278
Moved 598.6376 403.3734 190 0.1506022 -0.4340278
Moved 598.6793 404.2218 190 0.1535478 -0.4340278
Moved 598.717 405 190 0.15625 -0.4340278
Ended 598.7545 405 190 0.15625 -0.4340278
Began 598.9711 329 207 -0.1076389 -0.2864584
Stationary 599.022 329 207 -0.1076389 -0.2864584
Stationary 599.0608 329 207 -0.1076389 -0.2864584
Stationary 599.1027 329 207 -0.1076389 -0.2864584
Stationary 599.1437 329 207 -0.1076389 -0.2864584
Stationary 599.1866 329 207 -0.1076389 -0.2864584
Stationary 599.2242 329 207 -0.1076389 -0.2864584
Moved 599.2615 343.0536 219.0536 -0.05884163 -0.1818265
Moved 599.2991 352.2525 224.6893 -0.02690092 -0.1329051
Moved 599.3375 376.9853 239.4927 0.05897656 -0.004403592
Moved 599.3752 396.1938 249.9679 0.125673 0.08652688
Moved 599.4136 419.6848 263.0136 0.2072391 0.1997709
Moved 599.451 433.1583 270.6187 0.2540218 0.2657875
Moved 599.5185 447.8838 278.9419 0.3051519 0.338037
Moved 599.5611 452 282 0.3194444 0.3645834
Moved 599.603 454.5 283 0.3281251 0.3732639
Moved 599.644 454 284 0.326389 0.3819447
Stationary 599.6842 454 284 0.326389 0.3819447
Moved 599.7252 437.856 273.712 0.2703334 0.2926395
Moved 599.7674 411.5341 264.267 0.1789378 0.2106516
Moved 599.807 389.5877 254.3453 0.102735 0.1245255
Moved 599.852 358.7995 241.4248 -0.004168302 0.0123681
Moved 599.8925 330.8719 233.1743 -0.1011394 -0.05925047
Moved 599.9561 308.19 226.7975 -0.1798957 -0.1146052
Moved 599.9961 300.8262 224.942 -0.2054644 -0.1307117
Moved 600.0383 294.6358 223 -0.2269591 -0.1475695
Moved 600.0795 290.6471 222 -0.2408087 -0.1562497
Moved 600.1185 288.8906 220.8906 -0.2469075 -0.16588
Moved 600.161 285.742 221 -0.2578402 -0.1649306
Moved 600.2034 284.8433 220 -0.2609608 -0.1736111
Stationary 600.2421 284.8433 220 -0.2609608 -0.1736111
Moved 600.2796 283.7937 220 -0.2646051 -0.1736111
Stationary 600.3187 284 220 -0.2638889 -0.1736111
Stationary 600.3808 284 220 -0.2638889 -0.1736111
Ended 600.4197 284 220 -0.2638889 -0.1736111
Began 600.6501 437 270 0.2673611 0.2604167
Stationary 600.7021 437 270 0.2673611 0.2604167
Stationary 600.7482 437 270 0.2673611 0.2604167
Stationary 600.7878 437 270 0.2673611 0.2604167
Stationary 600.8293 437 270 0.2673611 0.2604167
Moved 600.8695 427.1663 270 0.2332162 0.2604167
Moved 600.9111 418.7031 284.2969 0.2038303 0.3845218
Moved 600.952 412.8534 292.1465 0.1835188 0.452661
Moved 600.9943 408.0464 295.9768 0.1668279 0.4859096
Moved 601.0352 401.7215 301.2786 0.1448663 0.5319323
Moved 601.0815 396.7176 303 0.1274918 0.5468751
Moved 601.1234 394 304 0.1180555 0.5555559
Stationary 601.1639 394 304 0.1180555 0.5555559
Moved 601.2037 393 304 0.1145834 0.5555559
Moved 601.2452 393 293.3198 0.1145834 0.4628457
Moved 601.2856 393 277 0.1145834 0.3211806
Moved 601.3479 403.9599 242.0801 0.1526387 0.01805624
Moved 601.3896 411.5436 219.3691 0.1789708 -0.1790873
Moved 601.4347 420.5053 200.9894 0.2100878 -0.3386339
Moved 601.4736 425.1208 191.6377 0.2261138 -0.4198117
Moved 601.5142 432.0638 181.8724 0.2502215 -0.5045793
Moved 601.5558 437.3821 176.6178 0.2686881 -0.5501925
Moved 601.5967 445.9926 175 0.2985853 -0.5642359
Moved 601.6382 460.9982 183.7484 0.3506881 -0.4882953
Moved 601.6789 486.6913 211.3062 0.4399005 -0.2490786
Moved 601.7226 498.6337 237.5348 0.4813669 -0.02139913
Moved 601.7977 501 266.7245 0.4895833 0.2319834
Moved 601.8358 488.5 279 0.4461806 0.338542
Moved 601.8731 477.7964 288.1526 0.4090154 0.4179918
Moved 601.9114 458.1906 297.7238 0.3409398 0.5010746
Moved 601.9505 440.7309 300 0.2803156 0.5208334
Moved 601.989 425.985 300 0.2291147 0.5208334
Moved 602.0283 403.5 300 0.1510416 0.5208334
Moved 602.0693 390.9085 300 0.1073212 0.5208334
Moved 602.1126 368.3291 287.6658 0.02892047 0.4137659
Moved 602.1587 347.8551 280.7421 -0.04216977 0.353664
Moved 602.2272 324.743 272.8715 -0.12242 0.2853431
Moved 602.2689 310.8789 270 -0.1705592 0.2604167
Moved 602.3112 299.9795 265.6599 -0.2084045 0.2227418
Moved 602.3547 292.0457 263.3486 -0.2359523 0.2026789
Moved 602.4014 283.8047 261 -0.2645668 0.1822917
Moved 602.4449 276.1039 259 -0.2913058 0.1649308
Moved 602.4883 273.2317 257.2316 -0.301279 0.1495804
Moved 602.5319 268.2542 255.2543 -0.3185617 0.1324158
Moved 602.5736 264.9487 254 -0.3300394 0.1215281
Moved 602.6138 262.9988 253 -0.3368097 0.1128472
Moved 602.6794 260.7524 252 -0.3446097 0.1041667
Moved 602.725 259.6266 251 -0.348519 0.09548585
Moved 602.7729 260 249.8141 -0.3472223 0.08519173
Moved 602.8123 258.8386 250 -0.3512548 0.08680556
Stationary 602.8594 259 250 -0.3506944 0.08680556
Stationary 602.9042 259 250 -0.3506944 0.08680556
Ended 602.9428 259 250 -0.3506944 0.08680556
Began 603.3245 457 307 0.3368056 0.5815973
Stationary 603.3804 457 307 0.3368056 0.5815973
Stationary 603.4206 457 307 0.3368056 0.5815973
Stationary 603.4615 457 307 0.3368056 0.5815973
Stationary 603.5103 457 307 0.3368056 0.5815973
Stationary 603.5576 457 307 0.3368056 0.5815973
Stationary 603.5983 457 307 0.3368056 0.5815973
Stationary 603.6377 457 307 0.3368056 0.5815973
Moved 603.6817 439.941 292.9606 0.2775729 0.4597278
Moved 603.7229 422.3393 281.0036 0.2164561 0.3559341
Moved 603.7651 404.7318 267.9854 0.1553185 0.2429292
Moved 603.8152 381.8448 250.1069 0.07584989 0.08773381
Moved 603.8579 365.2599 236.1949 0.01826346 -0.03302998
Moved 603.9011 357.6049 229.6049 -0.008316338 -0.09023561
Moved 603.9453 349.2256 223.2256 -0.03741115 -0.145611
Moved 603.993 343.2134 218.2134 -0.05828679 -0.1891197
Moved 604.0363 338.9866 213.9866 -0.0729631 -0.2258108
Moved 604.0776 335.684 212 -0.08443058 -0.2430553
Moved 604.1187 334 211 -0.09027779 -0.2517361
Moved 604.1608 331.5 211 -0.09895831 -0.2517361
Moved 604.2028 326.0639 211 -0.1178335 -0.2517361
Moved 604.2672 312.6099 233.3901 -0.164549 -0.05737729
Moved 604.3121 297.5605 247.293 -0.2168036 0.06330729
Moved 604.3531 289.862 255.1379 -0.2435346 0.1314057
Moved 604.3961 284.5567 261.8867 -0.261956 0.1899886
Moved 604.4376 282.0149 263.9851 -0.2707815 0.2082041
Moved 604.4803 280 268.2748 -0.2777778 0.2454414
Moved 604.5234 279 270.1465 -0.2812501 0.2616891
Moved 604.565 279 272.038 -0.2812501 0.2781079
Moved 604.6082 279 273.3729 -0.2812501 0.2896953
Moved 604.6514 289.5 275 -0.2447917 0.3038195
Moved 604.7202 303.0849 276 -0.197622 0.3124998
Moved 604.7605 308.8156 276 -0.1777237 0.3124998
Moved 604.8017 314.362 276 -0.1584654 0.3124998
Moved 604.8427 318.6556 276 -0.1435569 0.3124998
Moved 604.8817 320.0972 276 -0.1385513 0.3124998
Moved 604.9243 321 276 -0.1354167 0.3124998
Moved 604.9653 322.3729 276 -0.1306497 0.3124998
Ended 605.0074 322 276 -0.1319444 0.3124998
Began 605.1528 334 274 -0.09027779 0.2951392
Stationary 605.2023 334 274 -0.09027779 0.2951392
Stationary 605.2416 334 274 -0.09027779 0.2951392
Stationary 605.28 334 274 -0.09027779 0.2951392
Stationary 605.3258 334 274 -0.09027779 0.2951392
Stationary 605.3754 334 274 -0.09027779 0.2951392
Stationary 605.4141 334 274 -0.09027779 0.2951392
Stationary 605.4524 334 274 -0.09027779 0.2951392
Stationary 605.4915 334 274 -0.09027779 0.2951392
Moved 605.5336 348 262 -0.04166671 0.1909725
Moved 605.5743 356.5584 257.2208 -0.01194999 0.1494866
Moved 605.6202 365.1737 250.2175 0.01796424 0.08869383
Moved 605.6623 374.3756 244.3121 0.04991546 0.03743172
Moved 605.7059 379.6545 241.3455 0.06824493 0.01167933
Moved 605.7456 383.5241 240 0.08168087 0
Moved 605.8049 390.2556 237.7444 0.1050544 -0.01958
Moved 605.8458 393.5 236.5 0.1163195 -0.03038168
Moved 605.8884 395.0627 236 0.1217456 -0.03472222
Stationary 605.9313 395 236 0.1215278 -0.03472222
Stationary 605.9719 395 236 0.1215278 -0.03472222
Moved 606.0146 381.7038 236 0.07536024 -0.03472222
Moved 606.0543 375.5162 236 0.0538756 -0.03472222
Moved 606.0927 363.6002 236 0.01250059 -0.03472222
Moved 606.1335 351.5 245.5 -0.02951391 0.04774306
Moved 606.1733 344.3285 247 -0.05441495 0.06076416
Moved 606.2421 324.5 253.5 -0.1232639 0.1171875
Moved 606.2841 317.907 255.031 -0.1461562 0.1304778
Moved 606.3273 307.3265 258.3367 -0.182894 0.159173
Moved 606.3696 301.8 260 -0.2020833 0.1736111
Moved 606.4118 295.4299 263 -0.2242018 0.1996528
Moved 606.4524 292.5613 264.4387 -0.2341622 0.2121417
Moved 606.4928 290.5 265 -0.2413195 0.2170139
Moved 606.5343 288.8575 266 -0.2470224 0.2256945
Moved 606.5729 287.8496 267 -0.2505221 0.2343753
Moved 606.6115 288 268 -0.25 0.2430556
Ended 606.6726 288 268 -0.25 0.2430556
Began 606.8647 512 224 0.5277778 -0.1388886
Stationary 606.9063 512 224 0.5277778 -0.1388886
Stationary 606.9449 512 224 0.5277778 -0.1388886
Stationary 606.9913 512 224 0.5277778 -0.1388886
Stationary 607.0337 512 224 0.5277778 -0.1388886
Moved 607.0732 500.5775 224 0.4881161 -0.1388886
Moved 607.1115 489.0646 224 0.448141 -0.1388886
Moved 607.1532 465.0659 224 0.3648122 -0.1388886
Moved 607.192 446.5 235 0.3003472 -0.04340278
Moved 607.2322 411.6595 240.1868 0.1793732 0.001621511
Moved 607.2837 376.9144 243 0.05873069 0.02604167
Moved 607.3256 346.8662 245 -0.04560351 0.04340278
Moved 607.3672 311.7787 245 -0.167435 0.04340278
Moved 607.4097 284.3209 245 -0.2627746 0.04340278
Moved 607.4493 270.0102 245 -0.3124647 0.04340278
Moved 607.4903 257.3906 245 -0.3562828 0.04340278
Moved 607.5295 252.2068 245 -0.3742819 0.04340278
Moved 607.5747 247.8314 245 -0.3894743 0.04340278
Moved 607.6152 244.5276 245 -0.4009458 0.04340278
Moved 607.6577 242.7802 245 -0.4070134 0.04340278
Moved 607.7224 242 238 -0.4097223 -0.01736111
Stationary 607.7604 242 238 -0.4097223 -0.01736111
Moved 607.8023 242 235.011 -0.4097223 -0.04330715
Moved 607.8458 242 228.4166 -0.4097223 -0.1005499
Moved 607.8912 256.5144 219.4856 -0.3593251 -0.1780764
Moved 607.9348 266.1292 209.8708 -0.3259405 -0.2615378
Moved 607.9774 270.0607 204.8785 -0.3122892 -0.3048738
Moved 608.0183 275.3815 199.6185 -0.2938143 -0.3505336
Moved 608.0606 279.6789 196.321 -0.2788926 -0.3791576
Moved 608.1033 286.3651 196 -0.2556768 -0.3819445
Moved 608.1737 306.07 206.828 -0.187257 -0.2879511
Moved 608.2186 325.9145 222.5316 -0.1183525 -0.151635
Moved 608.2598 342.0493 237.0493 -0.06232873 -0.02561331
Moved 608.301 353.8606 248.8606 -0.02131745 0.0769149
Moved 608.3423 361.4611 255.9741 0.00507325 0.1386643
Moved 608.3826 366.7877 261.7877 0.02356842 0.1891295
Moved 608.4269 369.2508 264.2508 0.03212079 0.2105104
Moved 608.4678 371.5 267.5 0.03993049 0.2387156
Moved 608.5126 372 268.4981 0.04166663 0.2473797
Moved 608.5571 373 270 0.0451389 0.2604167
Stationary 608.6247 373 270 0.0451389 0.2604167
Ended 608.6682 373 270 0.0451389 0.2604167
Began 608.8989 297 230 -0.21875 -0.0868053
Stationary 608.9395 297 230 -0.21875 -0.0868053
Stationary 608.9789 297 230 -0.21875 -0.0868053
Stationary 609.0179 297 230 -0.21875 -0.0868053
Stationary 609.0559 297 230 -0.21875 -0.0868053
Stationary 609.0939 297 230 -0.21875 -0.0868053
Stationary 609.1348 297 230 -0.21875 -0.0868053
Stationary 609.174 297 230 -0.21875 -0.0868053
Moved 609.215 313.0254 234.8406 -0.1631064 -0.0447864
Moved 609.2578 340.2685 250.6343 -0.06851226 0.09231144
Moved 609.3106 369.4924 262.6396 0.03295958 0.1965242
Moved 609.3522 400.2858 272.4822 0.1398812 0.2819636
Moved 609.3949 436.6543 284.3963 0.2661608 0.3853846
Moved 609.4448 460.6826 291.8942 0.3495923 0.4504702
Moved 609.4873 478.2921 296.764 0.4107364 0.4927434
Moved 609.5301 484.2722 298.6361 0.4315009 0.508994
Moved 609.5742 489.6022 300 0.4500076 0.5208334
Moved 609.6183 493 300 0.4618056 0.5208334
Moved 609.6611 494 301 0.4652777 0.5295137
Stationary 609.7059 494 301 0.4652777 0.5295137
Moved 609.7704 469.2148 288.443 0.3792182 0.4205121
Moved 609.8146 444.7271 280.1454 0.2941914 0.3484851
Moved 609.8594 422.2031 272.8406 0.215983 0.285075
Moved 609.9027 406.5467 267.8867 0.1616204 0.2420717
Moved 609.9467 395.1631 264.5815 0.122094 0.2133815
Moved 609.9936 386.5774 262 0.09228275 0.1909725
Moved 610.0371 380.4216 260 0.07090837 0.1736111
Moved 610.081 375.408 257.408 0.05349994 0.1511108
Moved 610.1268 372.8778 255.8778 0.04471451 0.1378282
Moved 610.1678 369 254.1362 0.03124997 0.1227103
Moved 610.2305 365.8923 254 0.02045929 0.1215281
Ended 610.2802 366 254 0.02083331 0.1215281
PhraseEnd 611.5614
