time to go shopping
Basic
0.6 0.6
432 326.4
Began 1054.511 376 442 0.03703703 0.2267157
Stationary 1054.566 376 442 0.03703703 0.2267157
Stationary 1054.613 376 442 0.03703703 0.2267157
Moved 1054.661 401 442 0.09490739 0.2267157
Moved 1054.708 433.1848 455.7962 0.1694092 0.2689835
Moved 1054.755 442.5582 457.7791 0.1911069 0.2750586
Moved 1054.8 448.0868 458 0.2039046 0.2757353
Moved 1054.844 455.0798 458 0.220092 0.2757353
Moved 1054.889 476.729 423.8878 0.270206 0.171225
Moved 1054.938 499.628 386.4299 0.323213 0.05646425
Moved 1054.998 514.187 340.3455 0.3569144 -0.08472574
Moved 1055.045 517.4209 315.3163 0.3644002 -0.1614085
Moved 1055.093 518.3743 298.503 0.3666071 -0.2129197
Moved 1055.143 518 282.9422 0.3657407 -0.2605937
Moved 1055.191 518 274.7606 0.3657407 -0.2856598
Moved 1055.24 518 267.0711 0.3657407 -0.3092184
Moved 1055.284 484.0039 265 0.2870461 -0.3155637
Moved 1055.33 418.0815 304.6677 0.1344479 -0.1940326
Moved 1055.376 368.5 347 0.01967589 -0.06433815
Moved 1055.422 322.8062 395.6703 -0.08609682 0.08477412
Moved 1055.498 275.0522 438.2986 -0.1966386 0.2153756
Moved 1055.544 258.0421 449.3053 -0.2360138 0.2490972
Moved 1055.591 252.0528 455.9472 -0.2498778 0.2694461
Moved 1055.642 250 459.5 -0.2546296 0.2803309
Moved 1055.69 249 461.3267 -0.2569445 0.2859273
Moved 1055.736 249 462 -0.2569445 0.2879903
Stationary 1055.783 249 462 -0.2569445 0.2879903
Stationary 1055.828 249 462 -0.2569445 0.2879903
Ended 1055.873 249 462 -0.2569445 0.2879903
Began 1056.339 367 456 0.01620372 0.2696078
Stationary 1056.393 367 456 0.01620372 0.2696078
Stationary 1056.438 367 456 0.01620372 0.2696078
Stationary 1056.486 367 456 0.01620372 0.2696078
Moved 1056.532 385.4742 456 0.05896817 0.2696078
Moved 1056.581 415.0784 467.5826 0.1274963 0.3050939
Moved 1056.629 444.3232 473.8872 0.1951925 0.3244094
Moved 1056.675 463.2642 478.8528 0.2390375 0.3396227
Moved 1056.721 480.6216 481 0.2792168 0.3462009
Moved 1056.769 490.9184 482 0.3030518 0.3492648
Moved 1056.816 496.3982 482 0.3157365 0.3492648
Moved 1056.861 501.6974 482 0.3280034 0.3492648
Moved 1056.906 504.6821 482 0.3349122 0.3492648
Moved 1056.952 506.5 482 0.3391203 0.3492648
Moved 1057.017 508.2231 482 0.3431091 0.3492648
Moved 1057.066 509.2492 482 0.3454842 0.3492648
Moved 1057.115 510.249 482 0.3477986 0.3492648
Moved 1057.166 512.0853 482 0.3520494 0.3492648
Ended 1057.215 512 482 0.3518519 0.3492648
Began 1057.497 287 333 -0.1689815 -0.1072304
Stationary 1057.546 287 333 -0.1689815 -0.1072304
Stationary 1057.593 287 333 -0.1689815 -0.1072304
Moved 1057.639 309.981 347.9762 -0.1157848 -0.06134744
Moved 1057.687 370.8309 374.1796 0.0250715 0.01893259
Moved 1057.733 408.7251 396.035 0.1127896 0.0858917
Moved 1057.78 439.2838 413.8765 0.1835273 0.1405529
Moved 1057.827 459.7074 425.683 0.2308042 0.1767249
Moved 1057.874 485.0305 441.2728 0.2894224 0.2244878
Moved 1057.921 497.126 449.063 0.3174213 0.2483548
Moved 1057.979 503.4503 453 0.332061 0.2604167
Moved 1058.024 504 455 0.3333333 0.2665441
Moved 1058.068 506 456 0.337963 0.2696078
Moved 1058.113 508.5 457 0.34375 0.2726716
Moved 1058.158 509.374 458 0.3457731 0.2757353
Moved 1058.204 509.8934 458 0.3469755 0.2757353
Moved 1058.249 510 459 0.3472221 0.2787991
Moved 1058.294 511.2218 459 0.3500504 0.2787991
Stationary 1058.341 511.2218 459 0.3500504 0.2787991
Moved 1058.385 511 460.1246 0.349537 0.2822444
Moved 1058.458 512 460 0.3518519 0.2818628
Stationary 1058.503 512 460 0.3518519 0.2818628
Ended 1058.547 512 460 0.3518519 0.2818628
Began 1058.831 225 364 -0.3125 -0.01225481
Stationary 1058.886 225 364 -0.3125 -0.01225481
Stationary 1058.933 225 364 -0.3125 -0.01225481
Moved 1058.98 272.2816 364 -0.2030518 -0.01225481
Moved 1059.027 318.9473 364 -0.09502942 -0.01225481
Moved 1059.073 356.3735 364 -0.008394668 -0.01225481
Moved 1059.12 374.7903 364 0.03423671 -0.01225481
Moved 1059.169 386.5962 364 0.06156524 -0.01225481
Moved 1059.219 398.318 371 0.08869906 0.009191177
Moved 1059.265 409.9307 374 0.1155804 0.01838245
Moved 1059.31 430.6238 383.312 0.1634811 0.04691171
Moved 1059.356 475.851 409.1631 0.2681736 0.1261124
Moved 1059.4 517.6036 429.765 0.3648232 0.1892308
Moved 1059.464 559.1585 453.2951 0.4610151 0.2613208
Moved 1059.512 568.6617 459.6617 0.4830132 0.2808262
Moved 1059.559 572.7332 461 0.492438 0.2849264
Moved 1059.608 575 463.0285 0.4976852 0.2911413
Moved 1059.655 576 464 0.5000001 0.2941177
Moved 1059.705 577 465 0.5023147 0.2971814
Moved 1059.753 578 465 0.5046296 0.2971814
Moved 1059.8 579 466 0.5069445 0.300245
Stationary 1059.845 579 466 0.5069445 0.300245
Moved 1059.887 580 467 0.5092593 0.3033088
Stationary 1059.958 580 467 0.5092593 0.3033088
Stationary 1060.015 580 467 0.5092593 0.3033088
Stationary 1060.059 580 467 0.5092593 0.3033088
Moved 1060.103 580 468 0.5092593 0.3063726
Stationary 1060.147 580 468 0.5092593 0.3063726
Stationary 1060.192 580 468 0.5092593 0.3063726
Stationary 1060.237 580 468 0.5092593 0.3063726
Stationary 1060.28 580 468 0.5092593 0.3063726
Stationary 1060.323 580 468 0.5092593 0.3063726
Moved 1060.366 580 469.0657 0.5092593 0.3096375
Stationary 1060.435 580 469.0657 0.5092593 0.3096375
Moved 1060.478 572.8498 470 0.4927079 0.3125
Moved 1060.524 570 471 0.4861112 0.3155637
Moved 1060.572 565.6909 471 0.4761362 0.3155637
Moved 1060.618 562.8682 471 0.4696023 0.3155637
Moved 1060.667 561.9442 471 0.4674634 0.3155637
Moved 1060.718 559.9974 471 0.4629569 0.3155637
Moved 1060.764 558.7513 471 0.4600725 0.3155637
Moved 1060.81 555.399 471 0.4523124 0.3155637
Moved 1060.857 552.4658 463.4658 0.4455226 0.2924809
Moved 1060.933 546.5 463 0.4317129 0.291054
Moved 1060.983 542.3192 463 0.4220352 0.291054
Moved 1061.03 539.0147 463 0.4143859 0.291054
Moved 1061.074 535.0699 463 0.4052545 0.291054
Moved 1061.12 528.7675 463 0.3906654 0.291054
Moved 1061.167 522.6599 461.8299 0.3765274 0.2874691
Moved 1061.218 515.4729 462 0.359891 0.2879903
Moved 1061.266 505.3433 462 0.3364429 0.2879903
Moved 1061.314 489.5349 462 0.2998494 0.2879903
Moved 1061.361 482 462 0.2824074 0.2879903
Moved 1061.435 479.7678 462 0.2772404 0.2879903
Moved 1061.483 463 433 0.2384259 0.1991421
Moved 1061.531 440.5598 382.2894 0.186481 0.0437787
Moved 1061.581 430.1744 344.6105 0.1624407 -0.071659
Moved 1061.63 426.1422 319.9956 0.153107 -0.1470722
Moved 1061.677 425 300.6689 0.150463 -0.2062839
Moved 1061.727 425 285.7985 0.150463 -0.2518427
Moved 1061.775 424 279.1044 0.1481481 -0.2723518
Moved 1061.822 424 274.2242 0.1481481 -0.2873034
Moved 1061.869 420.8479 269.8479 0.1408517 -0.3007111
Moved 1061.942 400.4033 286.5391 0.09352614 -0.2495739
Moved 1061.996 376.7383 319.2711 0.038746 -0.1492921
Moved 1062.043 366 338 0.01388888 -0.09191177
Moved 1062.089 360.5 347 0.001157423 -0.06433815
Moved 1062.136 358 352 -0.004629641 -0.04901961
Moved 1062.181 357 354.5 -0.006944438 -0.0413602
Moved 1062.227 356 356.0428 -0.009259283 -0.03663363
Moved 1062.271 355 357.0681 -0.01157408 -0.0334923
Ended 1062.319 355 357 -0.01157408 -0.03370098
PhraseEnd 1063.474
