an offer you cannot refuse
Basic
0.8 0.8
575.9999 230.4
Began 187.3053 215 252 -0.2517361 0.05208334
Stationary 187.33 215 252 -0.2517361 0.05208334
Stationary 187.3475 215 252 -0.2517361 0.05208334
Stationary 187.3658 215 252 -0.2517361 0.05208334
Stationary 187.3827 215 252 -0.2517361 0.05208334
Stationary 187.3993 215 252 -0.2517361 0.05208334
Moved 187.4163 204.5215 252 -0.2699279 0.05208334
Moved 187.4347 201.1216 242.9503 -0.2758306 0.01280533
Moved 187.4544 187.7567 239.7513 -0.2990335 -0.001079109
Moved 187.4743 182.2498 238.3125 -0.3085941 -0.00732422
Moved 187.4956 177.6196 238 -0.3166327 -0.008680556
Moved 187.5121 172.2845 237 -0.325895 -0.0130207
Moved 187.531 164.7941 237 -0.3388991 -0.0130207
Moved 187.5499 160.5 237 -0.3463542 -0.0130207
Moved 187.5684 156.0749 237 -0.3540366 -0.0130207
Moved 187.5867 153.2157 237 -0.3590006 -0.0130207
Moved 187.6043 151.1672 237 -0.362557 -0.0130207
Moved 187.6217 149.7321 237 -0.3650484 -0.0130207
Moved 187.6386 144.3432 237 -0.3744042 -0.0130207
Moved 187.6554 140.4032 235.801 -0.3812445 -0.01822472
Moved 187.6867 126.6203 231.8481 -0.4051731 -0.03538132
Moved 187.7035 120.9534 231.4884 -0.4150114 -0.03694256
Moved 187.7202 116.1578 230.0526 -0.4233372 -0.04317443
Moved 187.738 111.8424 230 -0.4308292 -0.04340265
Moved 187.7553 108.5 230 -0.4366319 -0.04340265
Moved 187.7724 106.1154 230 -0.4407718 -0.04340265
Moved 187.789 104.6213 230 -0.4433657 -0.04340265
Stationary 187.8057 104.6213 230 -0.4433657 -0.04340265
Stationary 187.8223 105 230 -0.4427084 -0.04340265
Moved 187.8391 115.6108 230 -0.4242869 -0.04340265
Moved 187.8651 143.5 242 -0.3758681 0.008680689
Moved 187.8824 176.5633 240 -0.3184665 0
Moved 187.8992 227.7297 227.0641 -0.229636 -0.05614546
Moved 187.9162 281.2135 211.363 -0.1367822 -0.1242924
Moved 187.9345 305.4144 201.3588 -0.09476662 -0.1677137
Moved 187.9533 323.6609 191.2595 -0.06308869 -0.2115472
Moved 187.9722 338.5099 183.745 -0.03730915 -0.2441622
Moved 187.9896 358.1203 174.5905 -0.003263429 -0.2838955
Moved 188.0076 387.1417 165.4646 0.04712097 -0.3235045
Moved 188.026 397.8796 162.6058 0.06576315 -0.3359122
Moved 188.054 414.697 160 0.09496011 -0.3472221
Moved 188.0714 422.0172 158.9971 0.1076688 -0.3515751
Moved 188.0887 425.1544 157.9485 0.1131152 -0.3561264
Moved 188.1056 429.5 158 0.1206597 -0.3559029
Moved 188.1233 431.9333 156.0333 0.1248843 -0.3644386
Moved 188.1407 433.411 156 0.1274497 -0.3645834
Ended 188.1583 437 155 0.1336806 -0.3689236
Began 188.4741 555 363 0.3385417 0.5338542
Stationary 188.5002 555 363 0.3385417 0.5338542
Stationary 188.5176 555 363 0.3385417 0.5338542
Stationary 188.535 555 363 0.3385417 0.5338542
Stationary 188.552 555 363 0.3385417 0.5338542
Stationary 188.5695 555 363 0.3385417 0.5338542
Stationary 188.5926 555 363 0.3385417 0.5338542
Stationary 188.6087 555 363 0.3385417 0.5338542
Moved 188.6265 543.0338 352.3633 0.317767 0.4876882
Moved 188.6445 543.4643 351.6965 0.3185144 0.4847939
Moved 188.662 540.5897 349.7949 0.3135238 0.4765402
Moved 188.6794 539.3537 346.3537 0.3113779 0.4616045
Moved 188.6964 537.3656 344.3656 0.3079264 0.4529759
Moved 188.7202 532.7329 338.7329 0.2998836 0.4285283
Moved 188.757 526 332 0.2881944 0.3993056
Moved 188.7748 520.3114 328.1557 0.2783184 0.3826204
Moved 188.7929 515.9348 323.9348 0.2707202 0.3643006
Moved 188.8107 507.2813 317.2813 0.2556966 0.3354222
Moved 188.8274 504.3181 314.3181 0.2505522 0.322561
Moved 188.8443 497.903 308.903 0.2394149 0.2990581
Moved 188.8612 492.1335 301.9169 0.2293985 0.2687367
Moved 188.8786 481.4356 294.0876 0.2108258 0.2347554
Moved 188.8979 469.1767 286.5426 0.1895429 0.2020078
Moved 188.9244 447.0276 273.682 0.1510895 0.1461894
Moved 188.9425 433.0396 267.6158 0.1268048 0.1198604
Moved 188.9601 413.0216 259.316 0.09205133 0.08383685
Moved 188.9789 378.5343 244.3761 0.03217765 0.01899362
Moved 188.9958 358.6857 240.4597 -0.002281703 0.001995299
Moved 189.0148 344.1283 238.7129 -0.02755504 -0.005586413
Moved 189.0333 336.6879 237.7109 -0.04047234 -0.009935035
Moved 189.0514 326.2475 236.3564 -0.05859812 -0.01581404
Moved 189.0735 309.4912 235 -0.08768886 -0.02170139
Moved 189.0912 302.3069 235 -0.1001617 -0.02170139
Moved 189.1203 289.0491 234 -0.1231787 -0.02604154
Moved 189.1386 285.8287 234 -0.1287697 -0.02604154
Moved 189.1554 280 234 -0.1388889 -0.02604154
Moved 189.173 275.1651 234 -0.1472827 -0.02604154
Moved 189.1908 270.8103 234 -0.1548433 -0.02604154
Moved 189.2088 263.476 234 -0.1675765 -0.02604154
Moved 189.2272 260.5955 238.9156 -0.1725772 -0.004706383
Moved 189.2445 258.2796 241.8602 -0.1765979 0.008073914
Moved 189.2623 255.4894 243.2552 -0.1814421 0.01412869
Moved 189.278 253.3185 246.363 -0.1852109 0.02761735
Moved 189.303 249.4339 252.1323 -0.1919551 0.0526578
Moved 189.3202 246.9989 255.0011 -0.1961824 0.06510894
Moved 189.3373 244.1071 259.3394 -0.201203 0.08393832
Moved 189.3531 242 262.5 -0.2048611 0.09765626
Moved 189.3699 237.125 270.8124 -0.2133246 0.1337347
Moved 189.3861 231.4445 277.9443 -0.2231866 0.164689
Moved 189.4033 227.4948 284.1754 -0.2300438 0.1917336
Moved 189.4203 223.1455 290.1393 -0.2375946 0.2176184
Moved 189.4376 219.8525 295.1475 -0.2433116 0.2393556
Moved 189.4584 216.5 303.5 -0.249132 0.2756077
Moved 189.4839 216 305.4308 -0.25 0.2839879
Moved 189.5005 214.8491 308.3018 -0.2519981 0.2964488
Moved 189.5169 215 309.5861 -0.2517361 0.302023
Moved 189.5331 215 311.026 -0.2517361 0.3082726
Moved 189.5495 221.2845 313 -0.2408256 0.3168403
Moved 189.5661 227.3123 314.3281 -0.2303606 0.3226046
Moved 189.5827 233.0104 315.4301 -0.220468 0.3273875
Moved 189.599 241.3738 316.8748 -0.2059482 0.333658
Moved 189.6152 248.5324 318 -0.1935201 0.3385417
Moved 189.6334 254.9987 318.7497 -0.182294 0.3417957
Moved 189.6618 265.4788 319 -0.1640994 0.342882
Moved 189.6799 271.2349 319 -0.1541061 0.342882
Moved 189.6958 276.4722 319 -0.1450135 0.342882
Moved 189.7129 281.129 319 -0.1369289 0.342882
Moved 189.7295 284.9995 319 -0.1302093 0.342882
Moved 189.7467 287.4383 319 -0.1259752 0.342882
Moved 189.7637 288.8868 319 -0.1234604 0.342882
Ended 189.7806 290.3068 319 -0.1209952 0.342882
Began 190.2469 417 291 0.09895831 0.2213542
Stationary 190.2767 417 291 0.09895831 0.2213542
Stationary 190.2953 417 291 0.09895831 0.2213542
Stationary 190.3136 417 291 0.09895831 0.2213542
Stationary 190.3304 417 291 0.09895831 0.2213542
Stationary 190.3576 417 291 0.09895831 0.2213542
Stationary 190.3746 417 291 0.09895831 0.2213542
Stationary 190.3909 417 291 0.09895831 0.2213542
Stationary 190.4076 417 291 0.09895831 0.2213542
Stationary 190.4247 417 291 0.09895831 0.2213542
Stationary 190.4412 417 291 0.09895831 0.2213542
Stationary 190.4628 417 291 0.09895831 0.2213542
Stationary 190.4841 417 291 0.09895831 0.2213542
Stationary 190.5009 417 291 0.09895831 0.2213542
Stationary 190.5174 417 291 0.09895831 0.2213542
Stationary 190.5328 417 291 0.09895831 0.2213542
Stationary 190.5488 417 291 0.09895831 0.2213542
Stationary 190.5655 417 291 0.09895831 0.2213542
Stationary 190.5811 417 291 0.09895831 0.2213542
Stationary 190.5964 417 291 0.09895831 0.2213542
Stationary 190.6118 417 291 0.09895831 0.2213542
Stationary 190.6274 417 291 0.09895831 0.2213542
Moved 190.6516 403.8601 291 0.07614598 0.2213542
Moved 190.6691 400.9865 291 0.07115714 0.2213542
Moved 190.686 399.5593 291 0.0686793 0.2213542
Moved 190.7047 398 297.8345 0.06597222 0.2510178
Stationary 190.7225 398 298 0.06597222 0.2517361
Moved 190.7383 398 299.5 0.06597222 0.2582467
Stationary 190.7546 398 299.5 0.06597222 0.2582467
Moved 190.771 410.1122 301.4606 0.08700044 0.2667564
Moved 190.788 422.6494 303.1833 0.1087663 0.274233
Moved 190.8059 432.821 304.1821 0.1264254 0.2785684
Moved 190.8323 475.6072 310.2473 0.2007069 0.3048927
Moved 190.8496 494.7052 311.5588 0.2338632 0.310585
Moved 190.8669 512.996 312 0.2656181 0.3125001
Moved 190.8845 529.7119 313 0.2946387 0.3168403
Moved 190.9015 544.6642 313.8664 0.3205975 0.3206007
Moved 190.9184 554.8807 314 0.3383346 0.3211807
Moved 190.9359 574.3204 316 0.372084 0.3298611
Moved 190.9542 580.1755 316 0.3822492 0.3298611
Moved 190.9764 584.4691 316 0.3897034 0.3298611
Moved 190.9942 587.3345 316 0.3946779 0.3298611
Moved 191.0223 589.771 316 0.398908 0.3298611
Moved 191.0399 590.5 316 0.4001736 0.3298611
Moved 191.0574 590 316 0.3993056 0.3298611
Stationary 191.0776 590 316 0.3993056 0.3298611
Moved 191.0942 570.3992 316 0.3652764 0.3298611
Moved 191.1131 557.137 316 0.3422517 0.3298611
Moved 191.1316 531.5 305.5 0.2977431 0.2842882
Moved 191.1496 493.9373 304.3264 0.2325301 0.2791944
Moved 191.1729 454.3475 303.2347 0.1637977 0.2744565
Moved 191.1912 443.5804 303 0.1451048 0.2734375
Moved 191.2203 427.6909 302 0.1175189 0.2690972
Moved 191.2384 425 302 0.1128472 0.2690972
Moved 191.2565 423.3833 302 0.1100405 0.2690972
Moved 191.2743 421.948 302 0.1075485 0.2690972
Stationary 191.2918 421.948 302 0.1075485 0.2690972
Stationary 191.3096 422 302 0.1076389 0.2690972
Stationary 191.3257 422 302 0.1076389 0.2690972
Stationary 191.3421 422 302 0.1076389 0.2690972
Ended 191.3588 422 302 0.1076389 0.2690972
Began 191.5577 449 168 0.1545139 -0.3125
Stationary 191.5826 449 168 0.1545139 -0.3125
Moved 191.6163 439.8414 168 0.1386135 -0.3125
Moved 191.6354 434.0834 157.646 0.128617 -0.3574394
Moved 191.6545 427.4276 156.2566 0.1170618 -0.3634695
Moved 191.6722 416.2022 151.9508 0.09757326 -0.382158
Moved 191.689 407.3519 148.1407 0.08220815 -0.3986946
Moved 191.7074 384.6106 141.6587 0.0427267 -0.4268284
Moved 191.7253 375.5534 138.4438 0.02700247 -0.4407821
Moved 191.7432 363.0904 136.7878 0.005365313 -0.4479693
Moved 191.7639 353.4223 134.3461 -0.01141965 -0.4585675
Moved 191.7829 343.3615 132.9088 -0.02888639 -0.4648055
Moved 191.8027 331.5367 132 -0.04941549 -0.4687499
Moved 191.8218 325.7876 132 -0.05939648 -0.4687499
Moved 191.8389 321.5382 132 -0.06677401 -0.4687499
Moved 191.8581 317.2162 132 -0.07427741 -0.4687499
Moved 191.8769 311.4213 132 -0.08433796 -0.4687499
Moved 191.8939 310.0615 132 -0.08669887 -0.4687499
Moved 191.9239 307.2022 132 -0.09166282 -0.4687499
Moved 191.9417 305.7639 140.6525 -0.0941598 -0.4311958
Moved 191.9595 304.3102 142.3796 -0.09668373 -0.4236994
Moved 191.9772 302.8902 145.2196 -0.09914898 -0.4113733
Moved 191.9963 301.5 148 -0.1015625 -0.3993055
Moved 192.0129 296.7899 152.2101 -0.1097397 -0.3810326
Moved 192.031 283.3349 164.1321 -0.1330991 -0.3292877
Moved 192.0522 275.1852 168.9075 -0.147248 -0.3085612
Moved 192.0709 269.3676 173.2244 -0.1573479 -0.2898247
Moved 192.0891 262.6371 176.6815 -0.1690329 -0.2748197
Moved 192.1178 251 183 -0.1892361 -0.2473959
Moved 192.1372 238.2647 187.5785 -0.211346 -0.2275238
Moved 192.1545 220.7228 195.3109 -0.2418007 -0.1939631
Moved 192.1729 213.5508 197.0898 -0.254252 -0.1862419
Moved 192.1911 205 200 -0.2690972 -0.1736111
Moved 192.2098 198.2515 201.9581 -0.2808133 -0.1651123
Moved 192.2278 188.2269 206.1885 -0.2982171 -0.1467514
Moved 192.2466 169.4078 210.8835 -0.3308892 -0.1263734
Moved 192.2654 162.0599 212.3881 -0.3436461 -0.1198434
Moved 192.2841 156.5401 214.6399 -0.353229 -0.1100699
Moved 192.312 150.3236 220.0292 -0.3640215 -0.0866788
Moved 192.3295 148.8782 222.1218 -0.366531 -0.07759625
Moved 192.3469 149 224.3043 -0.3663194 -0.06812361
Moved 192.3646 149 227.2755 -0.3663194 -0.05522782
Moved 192.3818 161.7993 231.1998 -0.3440984 -0.03819506
Moved 192.3996 186.1157 241.0347 -0.3018824 0.004490747
Moved 192.4217 264.675 247.7682 -0.1654948 0.03371597
Moved 192.4399 307.7211 238.0314 -0.09076197 -0.008544261
Moved 192.4584 338.1251 231.1749 -0.03797729 -0.03830314
Moved 192.4776 394.8174 216.5037 0.06044687 -0.1019806
Moved 192.5058 413.5411 210.9104 0.09295338 -0.1262568
Moved 192.5271 433.7007 201.7197 0.1279527 -0.1661469
Moved 192.5451 437.7068 198.8621 0.1349077 -0.17855
Moved 192.5645 439.7504 197.2496 0.1384555 -0.1855485
Moved 192.5825 442.2042 194.7959 0.1427156 -0.1961982
Moved 192.6012 444 189.0299 0.1458333 -0.2212242
Moved 192.619 444 186.1604 0.1458333 -0.2336788
Moved 192.6363 444 180.5284 0.1458333 -0.2581231
Moved 192.6543 434.8824 177.395 0.1300041 -0.2717229
Moved 192.6723 432.5 173.5 0.125868 -0.2886284
Moved 192.7016 423.0588 166.5294 0.1094771 -0.3188828
Moved 192.7202 418.3279 163.6639 0.1012637 -0.3313197
Moved 192.7387 410 160.5 0.08680553 -0.345052
Moved 192.7562 408.0322 160.0161 0.08338922 -0.3471523
Moved 192.7735 406.58 160 0.08086801 -0.3472221
Stationary 192.7903 406.58 160 0.08086801 -0.3472221
Moved 192.8066 405.6787 160 0.07930339 -0.3472221
Stationary 192.8272 405.6787 160 0.07930339 -0.3472221
Stationary 192.8435 406 160 0.07986113 -0.3472221
Stationary 192.8606 406 160 0.07986113 -0.3472221
Moved 192.8859 415.3104 172.4656 0.09602502 -0.2931182
Moved 192.9032 419.7325 177.9156 0.1037023 -0.2694634
Moved 192.9207 427.4217 186.106 0.1170515 -0.2339152
Moved 192.9372 435.7035 194.7035 0.1314296 -0.1965994
Moved 192.9539 445.2744 203.8201 0.1480457 -0.157031
Moved 192.9725 467.9979 228.4261 0.1874963 -0.05023387
Moved 192.99 476.2967 236.1561 0.201904 -0.01668347
Moved 193.0077 482.9589 242.9589 0.2134703 0.01284229
Moved 193.0258 494.3505 252.9316 0.2332474 0.05612692
Moved 193.0438 503.1113 262.1113 0.2484571 0.09596918
Moved 193.072 519.6627 276.9302 0.2771921 0.1602872
Moved 193.0898 526.7758 283.7758 0.2895413 0.189999
Moved 193.1084 538.1308 295.3481 0.3092548 0.2402262
Moved 193.1263 543.6127 301.7659 0.318772 0.2680811
Moved 193.1474 548.1747 305.7621 0.3266922 0.2854259
Moved 193.1662 551.0434 308.0217 0.3316726 0.295233
Moved 193.1841 553.92 312.38 0.3366666 0.3141492
Moved 193.2027 556 315.3339 0.3402778 0.3269703
Moved 193.2203 557.5 316.5 0.342882 0.3320314
Moved 193.2379 557 317.8412 0.3420139 0.3378528
Moved 193.2648 557 320.7118 0.3420139 0.3503116
Moved 193.2824 546.6846 321 0.3241052 0.3515625
Moved 193.2992 532.2394 322.584 0.2990268 0.3584377
Moved 193.3166 511.7412 324.0185 0.2634397 0.3646636
Moved 193.3345 473.1064 325.4405 0.1963653 0.3708355
Moved 193.3522 432.0544 325 0.1250944 0.3689236
Moved 193.3709 347.6327 325 -0.02147108 0.3689236
Moved 193.3886 331.8174 318.8481 -0.04892815 0.342223
Moved 193.406 314.1936 316.6828 -0.07952493 0.3328248
Moved 193.4239 299.2442 315.2493 -0.1054788 0.3266031
Moved 193.4514 285.9547 315 -0.1285509 0.3255209
Moved 193.4731 280.8623 315 -0.1373918 0.3255209
Moved 193.4903 277.7034 315 -0.142876 0.3255209
Ended 193.5087 277 315 -0.1440972 0.3255209
Began 194.056 425 236 0.1128472 -0.01736111
Stationary 194.0804 425 236 0.1128472 -0.01736111
Stationary 194.0976 425 236 0.1128472 -0.01736111
Stationary 194.1145 425 236 0.1128472 -0.01736111
Moved 194.1601 413.9612 236 0.09368271 -0.01736111
Moved 194.1818 411.0899 236 0.08869767 -0.01736111
Moved 194.1986 408.2135 236 0.08370399 -0.01736111
Moved 194.2188 402.491 236 0.07376902 -0.01736111
Moved 194.2368 399.6346 236 0.06881006 -0.01736111
Moved 194.2548 395.5 236 0.06163195 -0.01736111
Moved 194.2732 394.5412 241.1057 0.05996742 0.004799234
Moved 194.2961 388.8208 246.1792 0.05003609 0.02681945
Moved 194.3145 385.923 248.0385 0.04500523 0.03488912
Moved 194.3367 384.5208 250.9584 0.04257083 0.04756239
Moved 194.3548 381.161 252.839 0.03673785 0.05572478
Moved 194.3741 374.088 255.304 0.02445824 0.06642342
Moved 194.3925 368.5711 258.7144 0.01488045 0.08122578
Moved 194.4116 360.2975 261.5675 0.0005165488 0.09360897
Moved 194.4295 348.9099 267.1815 -0.01925372 0.1179752
Moved 194.4472 340.026 271.487 -0.03467701 0.1366623
Moved 194.4662 321.775 282.1125 -0.06636281 0.18278
Moved 194.4933 317.537 285.3473 -0.07372051 0.1968198
Moved 194.5131 306.9469 294.0531 -0.09210609 0.2346056
Moved 194.5309 304.078 296.9221 -0.09708684 0.2470576
Moved 194.5486 300.2208 299.7792 -0.1037834 0.2594587
Moved 194.5669 296.0281 302.6479 -0.1110623 0.2719094
Moved 194.5846 291.9521 306.2859 -0.1181387 0.2876992
Moved 194.6019 288.3218 308.7855 -0.1244413 0.2985482
Moved 194.62 278.8114 316.459 -0.1409524 0.3318535
Moved 194.6413 274.5273 319.3151 -0.14839 0.3442496
Moved 194.6599 271.2163 321.5945 -0.1541383 0.354143
Moved 194.6865 264.0665 325.4667 -0.1665512 0.3709494
Moved 194.7047 260.6187 327.3813 -0.172537 0.3792591
Moved 194.723 257.9152 328 -0.1772306 0.3819445
Moved 194.7413 256.5236 329.4764 -0.1796466 0.3883526
Moved 194.7587 252.6535 330 -0.1863654 0.3906251
Moved 194.7761 249.4246 330 -0.1919711 0.3906251
Moved 194.7938 247.7777 330 -0.1948303 0.3906251
Moved 194.811 245 330 -0.1996528 0.3906251
Moved 194.8285 244.2384 330 -0.200975 0.3906251
Moved 194.8459 242.8003 330 -0.2034718 0.3906251
Moved 194.8753 237.8464 330 -0.2120723 0.3906251
Moved 194.894 236.5 319.5 -0.2144097 0.3450521
Moved 194.9142 232.6113 316.2227 -0.2211609 0.3308278
Moved 194.9332 233 314.3356 -0.2204861 0.3226373
Moved 194.9549 233 307.4382 -0.2204861 0.2927004
Moved 194.9729 242.3046 296.9272 -0.2043323 0.2470798
Moved 194.9901 247.8241 289.9699 -0.1947499 0.2168833
Moved 195.0072 254.5831 283.7712 -0.1830155 0.1899791
Moved 195.0251 260.2806 277.7194 -0.173124 0.1637128
Moved 195.0433 264.5428 273.4572 -0.1657243 0.1452134
Moved 195.0709 271.1337 264.7995 -0.1542818 0.1076367
Moved 195.0879 274 260.5 -0.1493056 0.0889757
Moved 195.1052 275.9401 258.1198 -0.1459374 0.07864502
Moved 195.1228 278.7341 253.8988 -0.1410866 0.06032481
Moved 195.1405 279.8059 251.3883 -0.1392259 0.04942841
Moved 195.1584 280.9174 249.1653 -0.1372962 0.03977988
Moved 195.1761 283.7647 246 -0.1323529 0.02604167
Moved 195.1935 285.1994 244.8007 -0.1298622 0.0208362
Moved 195.2149 289.5534 245 -0.1223032 0.02170139
Moved 195.233 299.6637 245 -0.1047505 0.02170139
Moved 195.2613 339.0656 265.0811 -0.03634442 0.1088588
Moved 195.2806 373.4933 278.5867 0.02342597 0.1674769
Moved 195.2983 444.0826 303.6505 0.1459769 0.2762609
Moved 195.3169 467.3286 310.9777 0.1863345 0.3080629
Moved 195.335 477.7467 314.4629 0.2044214 0.3231896
Moved 195.3529 484.0179 316.2545 0.215309 0.3309655
Moved 195.3713 487.5 317.5 0.2213541 0.3363717
Moved 195.3884 488.7908 317.7908 0.2235952 0.3376338
Moved 195.4063 489 319 0.2239584 0.342882
Stationary 195.4235 489 319 0.2239584 0.342882
Stationary 195.4499 489 319 0.2239584 0.342882
Moved 195.4678 455.0209 319 0.1649668 0.342882
Moved 195.4897 444.7079 319 0.1470624 0.342882
Moved 195.5086 376.7477 296.8912 0.02907589 0.2469235
Moved 195.5293 288.6597 279.013 -0.1238547 0.1693273
Moved 195.5476 253.1698 271.834 -0.1854691 0.1381685
Moved 195.5653 224.1318 261.6037 -0.2358823 0.09376606
Moved 195.5836 200.1583 252.2417 -0.277503 0.05313252
Moved 195.6017 186.8549 246.0099 -0.3005992 0.02608472
Moved 195.6214 161.3368 233.621 -0.3449014 -0.02768676
Moved 195.6494 153 229.5 -0.359375 -0.04557279
Moved 195.6691 143.1804 226.5902 -0.376423 -0.05820222
Moved 195.6872 140.3057 226 -0.3814137 -0.06076403
Moved 195.7053 139.0548 226 -0.3835855 -0.06076403
Moved 195.7246 137.6366 226 -0.3860476 -0.06076403
Stationary 195.7469 138 226 -0.3854167 -0.06076403
Moved 195.7645 138 231.3739 -0.3854167 -0.03743967
Moved 195.7822 150.2769 240.6965 -0.3641027 0.003023148
Moved 195.7999 158 247.5 -0.3506944 0.03255209
Moved 195.8178 173.5166 258.5099 -0.3237559 0.08033833
Moved 195.8464 217.5 284 -0.2473958 0.1909724
Moved 195.8646 239.7898 294.9019 -0.2086983 0.2382897
Moved 195.8833 267.8597 308.4299 -0.1599658 0.2970047
Moved 195.9015 275.4798 311.5919 -0.1467365 0.3107288
Moved 195.9201 280 314 -0.1388889 0.3211807
Moved 195.9382 283.4977 315.6651 -0.1328165 0.3284076
Moved 195.9556 286.5462 317.2731 -0.1275239 0.335387
Moved 195.974 287.7144 318.7145 -0.1254958 0.3416427
Moved 195.9921 289 321.5931 -0.1232639 0.3541368
Moved 196.0138 289 322.5 -0.1232639 0.3580729
Moved 196.0419 289 323.3905 -0.1232639 0.361938
Stationary 196.0606 289 323.3905 -0.1232639 0.361938
Stationary 196.0789 289 323 -0.1232639 0.3602431
Moved 196.0959 289 324.5 -0.1232639 0.3667536
Moved 196.1176 289 327 -0.1232639 0.3776042
Ended 196.1418 289 327 -0.1232639 0.3776042
PhraseEnd 197.8444
