yes you are very smart
Basic
0.8 0.8
575.9999 230.4
Began 78.70255 476 369 0.2013889 0.5598959
Stationary 78.76377 476 369 0.2013889 0.5598959
Stationary 78.77418 476 369 0.2013889 0.5598959
Stationary 78.7837 476 369 0.2013889 0.5598959
Stationary 78.79459 476 369 0.2013889 0.5598959
Stationary 78.81559 476 369 0.2013889 0.5598959
Stationary 78.82838 476 369 0.2013889 0.5598959
Stationary 78.84458 476 369 0.2013889 0.5598959
Stationary 78.85984 476 369 0.2013889 0.5598959
Stationary 78.87418 476 369 0.2013889 0.5598959
Stationary 78.88981 476 369 0.2013889 0.5598959
Moved 78.90611 467 359 0.1857639 0.5164932
Moved 78.92307 465.5491 356.0981 0.1832449 0.5038983
Moved 78.93745 463.4259 355.4259 0.1795589 0.5009806
Moved 78.9528 460.966 352.966 0.1752882 0.490304
Moved 78.97044 458.0759 350.0759 0.1702707 0.4777602
Moved 78.98515 456.0897 349.0897 0.1668224 0.4734799
Moved 78.99946 453.285 347.6425 0.1619532 0.4671985
Moved 79.01539 451.1969 346.1969 0.1583279 0.4609241
Moved 79.03165 448.5157 344.7579 0.1536732 0.4546783
Moved 79.04578 447.758 343.758 0.1523577 0.4503387
Moved 79.0615 444.4539 342.2269 0.1466213 0.4436933
Moved 79.07676 441.5718 339.5718 0.1416177 0.4321692
Moved 79.09171 437.3939 337.0454 0.1343644 0.4212041
Moved 79.12141 429.5 332 0.1206597 0.3993056
Moved 79.13206 425.0345 329.0115 0.1129071 0.3863348
Stationary 79.14234 425.0345 329.0115 0.1129071 0.3863348
Moved 79.15434 421.7299 326.8199 0.1071701 0.3768227
Moved 79.17252 416 322.5 0.09722225 0.3580729
Moved 79.1945 411.1256 319.5628 0.08875974 0.3453247
Moved 79.20765 408.2649 317.1324 0.08379326 0.3347764
Stationary 79.21793 408.2649 317.1324 0.08379326 0.3347764
Moved 79.23042 404.1064 315.7021 0.07657357 0.3285684
Moved 79.24711 400.7694 313.5129 0.0707803 0.3190666
Moved 79.26283 397.3471 312.1157 0.06483875 0.3130023
Moved 79.27686 391.838 310.7095 0.05527421 0.3068988
Moved 79.29264 383.025 305.1572 0.03997393 0.2828003
Moved 79.31718 350.4217 297.7369 -0.01662895 0.2505944
Stationary 79.32822 350.4217 297.7369 -0.01662895 0.2505944
Moved 79.33979 338.5457 295.9351 -0.03724702 0.2427741
Moved 79.35502 328.4565 295 -0.05476304 0.2387153
Moved 79.3697 320.1722 295 -0.06914552 0.2387153
Moved 79.38602 308.8535 293.9837 -0.08879602 0.2343043
Moved 79.40098 298.868 292.5526 -0.1061319 0.2280928
Moved 79.41752 288.6443 291 -0.1238814 0.2213542
Moved 79.43125 278.7038 289.672 -0.1411392 0.2155904
Moved 79.44923 272.1577 289 -0.1525039 0.2126738
Moved 79.46928 262.5 288 -0.1692708 0.2083334
Stationary 79.48023 262.5 288 -0.1692708 0.2083334
Moved 79.49314 259.4886 288 -0.174499 0.2083334
Moved 79.50947 255.4125 288 -0.1815756 0.2083334
Moved 79.52476 253.7328 288 -0.1844917 0.2083334
Moved 79.53996 251.928 288 -0.187625 0.2083334
Moved 79.55509 250.5 288 -0.1901042 0.2083334
Moved 79.57111 249.5 288 -0.1918403 0.2083334
Moved 79.5861 248.8082 288 -0.1930413 0.2083334
Stationary 79.60166 248.8082 288 -0.1930413 0.2083334
Moved 79.62302 247.6823 288 -0.1949961 0.2083334
Stationary 79.63508 247.6823 288 -0.1949961 0.2083334
Moved 79.64698 246.7515 288 -0.1966119 0.2083334
Stationary 79.66361 247 288 -0.1961806 0.2083334
Moved 79.67878 245.5 288 -0.1987847 0.2083334
Moved 79.69382 244.9519 288 -0.1997362 0.2083334
Moved 79.71064 242.6406 286.8203 -0.203749 0.2032132
Moved 79.7252 234.6424 277.2994 -0.2176347 0.1618898
Moved 79.74088 227.4017 267.1625 -0.2302053 0.1178927
Moved 79.76017 220.2447 256.1425 -0.2426308 0.07006302
Moved 79.77381 213.0686 248.0686 -0.2550892 0.03502012
Moved 79.78651 208.7354 242.3138 -0.2626121 0.01004285
Moved 79.80164 204.4291 237.4291 -0.2700884 -0.01115852
Moved 79.81992 202.0641 234.0962 -0.2741942 -0.02562417
Moved 79.83311 197.8222 229.8223 -0.2815587 -0.04417406
Moved 79.84904 195.3384 227.1692 -0.2858709 -0.05568929
Moved 79.86533 192.4676 223.2013 -0.290855 -0.07291105
Moved 79.8798 191.2981 222.2981 -0.2928852 -0.07683119
Moved 79.89497 191 220.8601 -0.2934028 -0.08307245
Moved 79.91068 189.5 221 -0.2960069 -0.08246528
Stationary 79.9286 189.5 221 -0.2960069 -0.08246528
Moved 79.94001 190 220 -0.2951389 -0.08680556
Ended 79.95594 190 220 -0.2951389 -0.08680556
Began 80.30952 412 345 0.09027779 0.4557292
Stationary 80.32676 412 345 0.09027779 0.4557292
Stationary 80.34095 412 345 0.09027779 0.4557292
Stationary 80.35664 412 345 0.09027779 0.4557292
Stationary 80.37119 412 345 0.09027779 0.4557292
Stationary 80.38682 412 345 0.09027779 0.4557292
Stationary 80.40141 412 345 0.09027779 0.4557292
Stationary 80.4206 412 345 0.09027779 0.4557292
Stationary 80.43382 412 345 0.09027779 0.4557292
Stationary 80.44898 412 345 0.09027779 0.4557292
Stationary 80.46497 412 345 0.09027779 0.4557292
Stationary 80.47987 412 345 0.09027779 0.4557292
Moved 80.4961 412 334.9322 0.09027779 0.4120321
Moved 80.51072 412 331.5 0.09027779 0.3971354
Moved 80.52686 403.0569 327.0253 0.07475146 0.3777139
Moved 80.54337 399.8294 322.7726 0.06914831 0.3592561
Moved 80.55756 397 320 0.06423608 0.3472222
Moved 80.57252 395.0987 317.0987 0.06093532 0.3346299
Moved 80.58839 392.2204 315.6102 0.05593822 0.3281692
Moved 80.60407 390.1707 312.1707 0.05237967 0.3132407
Moved 80.62504 387.4698 308.2047 0.04769058 0.2960272
Moved 80.63697 384.5892 305.5892 0.0426896 0.2846754
Moved 80.65009 382.2452 302.3678 0.03862008 0.2706936
Moved 80.66569 380.7205 300.7205 0.03597312 0.263544
Moved 80.6815 378.2839 297.5677 0.03174283 0.24986
Moved 80.69865 376.8509 295.8509 0.029255 0.2424084
Moved 80.71333 376 294.4089 0.02777778 0.2361498
Moved 80.72688 374.9741 292.9741 0.02599672 0.2299224
Stationary 80.7425 375 293 0.02604165 0.2300348
Stationary 80.75806 375 293 0.02604165 0.2300348
Stationary 80.77299 375 293 0.02604165 0.2300348
Moved 80.78791 386.6255 293 0.04622474 0.2300348
Moved 80.80436 399.9851 308.549 0.06941862 0.2975217
Moved 80.82151 418.0055 315.5406 0.1007039 0.3278672
Moved 80.83555 438.9525 322.9881 0.1370703 0.3601914
Moved 80.85221 458.4149 329.9288 0.1708591 0.390316
Moved 80.86787 487.5 338 0.2213541 0.4253473
Moved 80.88157 506.7517 342.1255 0.2547773 0.4432529
Moved 80.89725 532.1309 348.5014 0.2988384 0.4709263
Moved 80.91352 547.0829 351.1295 0.3247969 0.4823331
Moved 80.92826 561.014 354.0028 0.3489828 0.4948039
Moved 80.94465 568.1841 355.4368 0.3614307 0.5010279
Moved 80.96055 574.5317 356.8829 0.372451 0.5073045
Moved 80.97449 580.2609 357 0.3823973 0.5078126
Moved 80.98856 581.6461 357 0.3848023 0.5078126
Moved 81.00751 582.8683 357 0.3869241 0.5078126
Stationary 81.02058 583 357 0.3871528 0.5078126
Moved 81.03605 584 357 0.3888889 0.5078126
Stationary 81.05405 584 357 0.3888889 0.5078126
Moved 81.06641 584 352.6484 0.3888889 0.4889256
Moved 81.08207 571.2789 346.8198 0.3668037 0.4636276
Moved 81.09742 564.2433 343.6757 0.3545892 0.4499816
Moved 81.11311 547.1761 337.2528 0.3249585 0.4221042
Moved 81.12876 526.6873 331.9218 0.2893877 0.3989662
Moved 81.14396 505.0518 329.0735 0.251826 0.3866041
Moved 81.16322 472.2634 321.4921 0.1949017 0.3536984
Moved 81.17731 450.0581 317.0117 0.156351 0.334252
Moved 81.18919 438.0482 314.4551 0.1355004 0.3231561
Moved 81.20609 429.502 313.0717 0.1206632 0.3171516
Moved 81.22199 422.2707 311.6541 0.1081088 0.3109989
Moved 81.23692 417.8497 312 0.1004335 0.3125001
Moved 81.25147 414.5516 312 0.09470768 0.3125001
Moved 81.26957 413.5 312 0.09288193 0.3125001
Moved 81.28226 412.9539 312 0.09193376 0.3125001
Stationary 81.297 412.9539 312 0.09193376 0.3125001
Stationary 81.3148 412.9539 312 0.09193376 0.3125001
Stationary 81.32847 413 312 0.09201392 0.3125001
Stationary 81.34367 413 312 0.09201392 0.3125001
Ended 81.35822 421 320 0.1059028 0.3472222
Began 81.75974 252 251 -0.1875 0.04774293
Stationary 81.77494 252 251 -0.1875 0.04774293
Stationary 81.79017 252 251 -0.1875 0.04774293
Stationary 81.80888 252 251 -0.1875 0.04774293
Stationary 81.82298 252 251 -0.1875 0.04774293
Moved 81.83619 236.1785 251 -0.2149678 0.04774293
Moved 81.85218 230.7124 241.3562 -0.2244577 0.00588629
Moved 81.86909 220.7613 238.3604 -0.2417338 -0.007116531
Moved 81.88398 215.2651 235.1326 -0.2512758 -0.02112601
Moved 81.90037 203.0612 231.3538 -0.2724633 -0.03752709
Moved 81.91636 195.6891 229.7378 -0.285262 -0.04454083
Moved 81.93089 190.8916 228.2972 -0.293591 -0.05079323
Moved 81.94544 186.5971 226.8657 -0.3010466 -0.05700642
Moved 81.96168 181.2632 225.421 -0.310307 -0.06327669
Moved 81.97596 177.9885 223.9943 -0.3159922 -0.06946936
Moved 81.99174 174.7341 222.9114 -0.3216422 -0.07416938
Moved 82.00697 171.8914 222 -0.3265775 -0.07812487
Moved 82.02311 169.0181 221.009 -0.3315659 -0.08242608
Moved 82.0373 166.1472 219.5736 -0.33655 -0.08865622
Moved 82.05225 163.275 219.1375 -0.3415365 -0.09054913
Moved 82.06977 161.6955 219 -0.3442787 -0.09114584
Moved 82.08646 157.7769 217.2589 -0.3510818 -0.09870252
Moved 82.10017 155.1897 216.0948 -0.3555734 -0.1037549
Moved 82.11546 151.0584 216 -0.3627458 -0.1041667
Moved 82.14231 138.2609 215 -0.3849637 -0.108507
Moved 82.154 132.5018 215 -0.3949621 -0.108507
Stationary 82.16486 132.5018 215 -0.3949621 -0.108507
Moved 82.17625 127.8043 215 -0.4031176 -0.108507
Moved 82.19205 123.5014 215 -0.4105879 -0.108507
Moved 82.20783 122.5597 220.7612 -0.4122227 -0.08350161
Moved 82.22288 120.9202 225.1597 -0.4150691 -0.06441104
Moved 82.24043 121 228 -0.4149306 -0.05208334
Moved 82.25428 121 232.8378 -0.4149306 -0.03108608
Moved 82.26957 137.4684 242.6066 -0.3863396 0.01131336
Moved 82.28455 159.77 259.8467 -0.3476215 0.08614025
Moved 82.30061 189.3601 279.5734 -0.2962499 0.1717594
Moved 82.31562 218.5 295.5 -0.2456597 0.2408854
Moved 82.33057 238.2991 302.5608 -0.2112863 0.2715314
Moved 82.3466 258.0318 310.1661 -0.1770282 0.3045404
Moved 82.36335 274.605 316.642 -0.1482552 0.3326477
Moved 82.37705 286.7196 320.1799 -0.127223 0.3480029
Moved 82.39423 296.5 323 -0.110243 0.3602431
Moved 82.40922 303.8559 326.9424 -0.09747232 0.3773541
Moved 82.42457 308.2172 331.2172 -0.08990072 0.3959081
Moved 82.43888 311.0405 331.3469 -0.08499913 0.3964708
Moved 82.45768 312.9081 334.8162 -0.08175675 0.4115288
Moved 82.47077 313 336.351 -0.08159724 0.4181902
Stationary 82.48591 313 336 -0.08159724 0.4166667
Moved 82.5015 313 337.2246 -0.08159724 0.4219819
Stationary 82.51716 313 337.2246 -0.08159724 0.4219819
Moved 82.53138 303.1649 337 -0.09867214 0.4210071
Moved 82.54951 297.0149 327.6865 -0.1093492 0.380584
Moved 82.5629 280.5839 319.1503 -0.1378752 0.3435343
Moved 82.57877 267.258 311.5878 -0.1610104 0.3107108
Moved 82.59318 247.7477 300.8738 -0.1948826 0.2642094
Moved 82.60862 232.4018 293.2009 -0.2215246 0.2309068
Moved 82.62443 222.349 290.2426 -0.2389774 0.2180665
Moved 82.64033 214.6798 288.17 -0.252292 0.2090711
Moved 82.65522 211.1959 288 -0.2583405 0.2083334
Moved 82.67048 208.3154 288 -0.2633414 0.2083334
Moved 82.68623 206.2192 288 -0.2669805 0.2083334
Moved 82.7049 204.7811 288 -0.2694772 0.2083334
Moved 82.71748 204 288 -0.2708333 0.2083334
Moved 82.73197 204 295.6727 -0.2708333 0.241635
Moved 82.75089 204 297.5278 -0.2708333 0.2496867
Ended 82.76386 204 298.5 -0.2708333 0.2539063
Began 83.06944 436 208 0.1319444 -0.1388889
Stationary 83.08717 436 208 0.1319444 -0.1388889
Stationary 83.10084 436 208 0.1319444 -0.1388889
Stationary 83.11967 436 208 0.1319444 -0.1388889
Stationary 83.13288 436 208 0.1319444 -0.1388889
Moved 83.14729 436 194.5 0.1319444 -0.1974826
Moved 83.16682 425.1317 195.1316 0.1130758 -0.1947412
Moved 83.18125 420.8127 190.8127 0.1055776 -0.2134863
Moved 83.19605 417.8988 187.8988 0.1005187 -0.2261338
Moved 83.21159 411.9814 182.9813 0.09024546 -0.2474768
Moved 83.22626 407.6275 180.085 0.08268663 -0.2600479
Moved 83.241 403.2915 175.2915 0.07515893 -0.2808529
Moved 83.25706 400.3444 172.3444 0.07004239 -0.2936442
Moved 83.27338 395.6783 169.2261 0.0619416 -0.3071784
Moved 83.28709 392.5688 166.5688 0.05654305 -0.3187118
Moved 83.30692 390.5742 164.5742 0.05308018 -0.3273689
Moved 83.32163 386.8038 161.5359 0.04653446 -0.3405561
Moved 83.33314 382.4771 159.8257 0.03902279 -0.3479788
Moved 83.34846 380.7755 158.3877 0.03606856 -0.35422
Moved 83.3794 373.5072 157 0.02344996 -0.360243
Moved 83.39167 369.3247 156 0.0161887 -0.3645834
Moved 83.40379 366.0031 155.001 0.01042202 -0.3689191
Stationary 83.4156 366.0031 155.001 0.01042202 -0.3689191
Moved 83.42655 358.8062 155 -0.002072491 -0.3689236
Moved 83.44166 352.4943 155 -0.01303073 -0.3689236
Moved 83.4575 345.3806 155 -0.02538081 -0.3689236
Moved 83.47669 339.2214 155 -0.03607396 -0.3689236
Moved 83.48872 334.41 155 -0.04442707 -0.3689236
Moved 83.50336 330.1121 155 -0.05188878 -0.3689236
Moved 83.52027 326.6414 155 -0.05791426 -0.3689236
Moved 83.5351 323.7008 155 -0.0630194 -0.3689236
Moved 83.54853 320.8195 155 -0.06802178 -0.3689236
Moved 83.5691 317.946 162.1888 -0.07301033 -0.3377221
Moved 83.5814 316.5327 164.9346 -0.07546399 -0.3258047
Moved 83.59666 313.1856 171.6288 -0.08127503 -0.2967499
Moved 83.6128 310.3126 177.3749 -0.0862629 -0.2718104
Moved 83.63007 309.5 180.5 -0.08767363 -0.2582465
Moved 83.64176 306.1526 187.6185 -0.09348515 -0.2273502
Moved 83.65745 301.9219 194.7969 -0.1008301 -0.1961941
Moved 83.67274 294.1964 212.6073 -0.1142424 -0.1188918
Moved 83.68925 285.5556 228.6481 -0.1292437 -0.0492704
Moved 83.7042 272.8898 243.1102 -0.151233 0.01349926
Moved 83.71983 259.9324 256.0676 -0.1737285 0.06973784
Moved 83.73487 244.5 270 -0.2005208 0.1302083
Moved 83.74979 236.1159 276.2303 -0.2150766 0.1572499
Moved 83.76624 226.4747 284.4377 -0.2318147 0.1928723
Moved 83.78379 220.4319 289.5681 -0.2423058 0.2151393
Moved 83.79661 217.0852 292.9148 -0.2481159 0.2296651
Moved 83.81321 214.1971 295.8029 -0.25313 0.2421998
Moved 83.83167 213 297.6638 -0.2552083 0.250277
Moved 83.84394 211.7387 298 -0.2573981 0.2517361
Moved 83.85935 212 299.2459 -0.2569445 0.2571439
Moved 83.87376 212 299.765 -0.2569445 0.2593965
Moved 83.88822 212 301.2052 -0.2569445 0.2656476
Moved 83.90751 212 302 -0.2569445 0.2690972
Moved 83.92124 212 303.0886 -0.2569445 0.273822
Moved 83.93781 218.2707 305.5677 -0.2460578 0.284582
Moved 83.94883 229.7935 308.9312 -0.2260529 0.2991805
Moved 83.96717 238.4905 312.184 -0.2109539 0.3132985
Moved 83.98249 257.5 318 -0.1779514 0.3385417
Moved 83.99711 269.626 319.9584 -0.1568992 0.3470418
Moved 84.01292 283.949 321.3949 -0.1320329 0.3532764
Moved 84.0283 296.487 322.8319 -0.1102656 0.3595136
Moved 84.04353 310.5924 324.2592 -0.08577713 0.3657084
Moved 84.05827 326.0229 327.4046 -0.058988 0.3793603
Moved 84.07328 339.088 328.8407 -0.03630553 0.3855935
Moved 84.09583 370.9744 331.6638 0.01905277 0.3978465
Stationary 84.10615 370.9744 331.6638 0.01905277 0.3978465
Moved 84.11912 381.7061 333.1009 0.03768414 0.4040838
Moved 84.13526 391.5 333 0.05468749 0.4036459
Moved 84.15092 398.8797 333 0.0674995 0.4036459
Moved 84.16627 404.6801 333 0.07756972 0.4036459
Moved 84.18198 406 333 0.07986113 0.4036459
Moved 84.19703 408.9775 333 0.08503035 0.4036459
Ended 84.21232 409 333 0.08506946 0.4036459
Began 84.5182 299 244 -0.1059028 0.01736111
Stationary 84.53721 299 244 -0.1059028 0.01736111
Stationary 84.55146 299 244 -0.1059028 0.01736111
Moved 84.57001 285.4856 244 -0.1293653 0.01736111
Moved 84.58381 277.3661 237.4271 -0.1434616 -0.01116687
Moved 84.59968 267.2921 234.2263 -0.1609511 -0.02505938
Moved 84.62263 236.642 232.0535 -0.2141631 -0.03449016
Stationary 84.63325 236.642 232.0535 -0.2141631 -0.03449016
Moved 84.64445 219.9715 232 -0.243105 -0.03472222
Moved 84.66035 206.1322 230.2369 -0.2671317 -0.0423744
Moved 84.67545 195.5873 230 -0.2854388 -0.04340265
Moved 84.69077 189.0922 230 -0.296715 -0.04340265
Moved 84.70765 184.7791 230 -0.3042029 -0.04340265
Moved 84.72187 182 230 -0.3090278 -0.04340265
Moved 84.73627 181.3037 230 -0.3102367 -0.04340265
Moved 84.75187 179.9835 230 -0.3125287 -0.04340265
Stationary 84.76829 179.9835 230 -0.3125287 -0.04340265
Moved 84.78297 179 230 -0.3142361 -0.04340265
Stationary 84.79819 179 230 -0.3142361 -0.04340265
Stationary 84.81324 179 230 -0.3142361 -0.04340265
Stationary 84.83088 179 230 -0.3142361 -0.04340265
Moved 84.84522 179 239.2745 -0.3142361 -0.003148715
Moved 84.86802 208.8764 245.3752 -0.2623674 0.02333019
Stationary 84.87913 208.8764 245.3752 -0.2623674 0.02333019
Moved 84.89347 224.0594 248.2399 -0.236008 0.03576332
Moved 84.90589 248.0175 251.113 -0.1944141 0.0482338
Moved 84.92115 269.4284 251 -0.1572423 0.04774293
Moved 84.93665 299.412 251 -0.1051875 0.04774293
Moved 84.95206 332.3068 241.4718 -0.04807853 0.006388029
Moved 84.96976 353.3106 238.6708 -0.01161352 -0.0057692
Moved 84.9838 398.3535 226.6616 0.06658584 -0.05789228
Moved 85.0008 427.6182 216.6836 0.1173928 -0.1011997
Moved 85.0174 442.0867 208.6995 0.1425117 -0.135853
Moved 85.02879 456.9722 201.0139 0.1683545 -0.1692104
Moved 85.04481 466.4442 193.4604 0.184799 -0.2019945
Moved 85.06416 474.353 187.7177 0.1985294 -0.2269198
Moved 85.07676 478.6375 184.5219 0.2059678 -0.2407905
Moved 85.09577 482.9272 179.7152 0.2134153 -0.2616528
Moved 85.10777 486.1644 175.7534 0.2190354 -0.2788481
Moved 85.12342 488.5239 173.4761 0.2231317 -0.2887322
Moved 85.13831 489.9545 171.0909 0.2256154 -0.2990845
Moved 85.15345 491.4088 171 0.2281402 -0.2994793
Moved 85.17448 491 169.0513 0.2274306 -0.307937
Stationary 85.18565 491 169.0513 0.2274306 -0.307937
Stationary 85.19877 491 169 0.2274306 -0.3081596
Moved 85.2154 485.3554 166.3872 0.2176308 -0.3194999
Moved 85.23014 476.6373 164.7728 0.2024952 -0.3265067
Moved 85.2458 435.9487 165 0.1318554 -0.3255209
Moved 85.26231 379.9138 183.7367 0.03457248 -0.2441984
Moved 85.27677 325.4833 196.4213 -0.05992487 -0.1891437
Moved 85.29206 291.0166 204.5967 -0.1197628 -0.1536603
Moved 85.31208 245.9657 215.5085 -0.1979763 -0.1062997
Moved 85.3271 215.1972 225.4373 -0.2513937 -0.06320636
Moved 85.33906 193.0846 226.8553 -0.2897837 -0.05705132
Moved 85.3531 170.1889 232.4528 -0.3295332 -0.032757
Moved 85.37174 144.9596 235.5833 -0.3733341 -0.01916992
Moved 85.38612 118.9796 237.2234 -0.4184382 -0.01205127
Moved 85.40043 100.5 238.5 -0.4505208 -0.00651055
Moved 85.41654 89.52579 241.2423 -0.4695733 0.005391969
Moved 85.43125 81.11012 245.5339 -0.4841838 0.02401895
Moved 85.44694 77.33665 249.3267 -0.490735 0.0404803
Moved 85.46259 77 253.2692 -0.4913195 0.05759187
Moved 85.48002 81.07699 258.9121 -0.4842413 0.08208395
Moved 85.49332 98.36956 273.3168 -0.4542195 0.1446041
Moved 85.50837 116.9902 286.147 -0.4218921 0.2002911
Moved 85.52805 144.6385 298.8192 -0.3738915 0.2552918
Moved 85.54002 184.5999 308.9 -0.3045141 0.299045
Moved 85.55479 213.203 314.6406 -0.2548559 0.3239611
Moved 85.57252 240.6132 316.8527 -0.2072688 0.3335622
Moved 85.5853 268.532 318.2911 -0.1587986 0.3398053
Moved 85.60117 291.8374 319.7283 -0.1183378 0.346043
Moved 85.61756 319.1402 321.1653 -0.0709372 0.3522799
Moved 85.63364 330.7557 321 -0.05077135 0.3515625
Moved 85.64744 344.8953 322 -0.02622344 0.3559029
Moved 85.66279 357.5637 322 -0.004229769 0.3559029
Moved 85.67826 362.4521 322 0.004257188 0.3559029
Moved 85.69389 366.0798 323.0399 0.01055524 0.3604165
Moved 85.71098 370.4756 324.4919 0.01818679 0.3667183
Moved 85.72984 371.9134 324 0.02068296 0.3645835
Moved 85.74113 373.0197 325.0198 0.02260372 0.3690095
Moved 85.7562 374.4566 325 0.02509825 0.3689236
Moved 85.77113 375.8942 325 0.02759404 0.3689236
Moved 85.78889 377.33 325 0.03008686 0.3689236
Moved 85.80091 378.7584 325 0.03256664 0.3689236
Moved 85.81736 380.2039 325 0.03507629 0.3689236
Moved 85.83207 383.8935 326 0.04148178 0.3732638
Moved 85.84821 386.56 326 0.0461112 0.3732638
Moved 85.86375 390.4214 326 0.05281486 0.3732638
Moved 85.87928 394.1658 326 0.05931571 0.3732638
Moved 85.90281 397.4605 326 0.06503553 0.3732638
Ended 85.91541 397.4605 326 0.06503553 0.3732638
PhraseEnd 86.81538
