you must be getting old
Basic
0.8 0.8
575.9999 230.4
Began 87.82465 368 290 0.01388892 0.2170139
Ended 87.83744 368 290 0.01388892 0.2170139
Began 88.03385 337 288 -0.03993057 0.2083334
Stationary 88.05286 337 288 -0.03993057 0.2083334
Stationary 88.07163 337 288 -0.03993057 0.2083334
Stationary 88.08573 337 288 -0.03993057 0.2083334
Stationary 88.09846 337 288 -0.03993057 0.2083334
Ended 88.11539 337 288 -0.03993057 0.2083334
Began 88.17551 340 287 -0.03472224 0.2039932
Stationary 88.19184 340 287 -0.03472224 0.2039932
Stationary 88.20606 340 287 -0.03472224 0.2039932
Stationary 88.22105 340 287 -0.03472224 0.2039932
Stationary 88.23698 340 287 -0.03472224 0.2039932
Stationary 88.2523 340 287 -0.03472224 0.2039932
Stationary 88.26871 340 287 -0.03472224 0.2039932
Stationary 88.28355 340 287 -0.03472224 0.2039932
Stationary 88.2978 340 287 -0.03472224 0.2039932
Stationary 88.31577 340 287 -0.03472224 0.2039932
Stationary 88.32999 340 287 -0.03472224 0.2039932
Stationary 88.34959 340 287 -0.03472224 0.2039932
Moved 88.3606 349.0621 296.0621 -0.01898944 0.2433251
Moved 88.37794 350.1143 297.1143 -0.01716275 0.2478919
Moved 88.39237 353.1888 300.5944 -0.01182497 0.2629966
Moved 88.40821 356.076 303.076 -0.006812402 0.2737677
Moved 88.42368 358.948 305.9481 -0.001826324 0.2862331
Moved 88.44144 361.8053 307.8053 0.003134236 0.2942939
Moved 88.45295 363.3491 309.3491 0.005814359 0.3009946
Moved 88.47193 366.5575 311.5575 0.01138449 0.3105796
Moved 88.48423 368.8167 312.9083 0.01530677 0.3164424
Moved 88.49998 371.6496 315.6496 0.02022497 0.3283404
Moved 88.51621 375.5205 318.5205 0.02694525 0.3408009
Moved 88.53175 378.394 320.197 0.03193409 0.3480775
Moved 88.54639 383.9047 323.2698 0.04150122 0.361414
Moved 88.56355 390.3751 327.225 0.05273454 0.3785809
Moved 88.5886 401.4753 332.3901 0.07200585 0.4009989
Moved 88.60426 410.1359 337.0776 0.08704148 0.421344
Moved 88.61735 418.7584 338.4597 0.102011 0.4273426
Stationary 88.62946 418.7584 338.4597 0.102011 0.4273426
Moved 88.63981 431.2811 338 0.1237519 0.4253473
Moved 88.65498 444.0342 338 0.1458928 0.4253473
Moved 88.67072 460.4615 338 0.1744123 0.4253473
Moved 88.68467 476.2264 338 0.201782 0.4253473
Moved 88.70072 488.5 338 0.2230903 0.4253473
Moved 88.71851 497.6197 338 0.238923 0.4253473
Moved 88.73106 508.671 338 0.2581093 0.4253473
Moved 88.74992 518.7563 338 0.2756187 0.4253473
Moved 88.76176 528.8571 338 0.2931547 0.4253473
Moved 88.77753 533.2474 338 0.3007767 0.4253473
Moved 88.79298 537.6989 338 0.3085049 0.4253473
Moved 88.80933 541.8661 338 0.3157398 0.4253473
Moved 88.831 544.5 338 0.3203126 0.4253473
Stationary 88.84193 544.5 338 0.3203126 0.4253473
Moved 88.85316 545.128 338 0.3214028 0.4253473
Stationary 88.87083 545.128 338 0.3214028 0.4253473
Moved 88.88441 546 338 0.3229167 0.4253473
Stationary 88.90311 546 338 0.3229167 0.4253473
Moved 88.91489 547.0041 338 0.3246599 0.4253473
Stationary 88.9307 547.0041 338 0.3246599 0.4253473
Stationary 88.94563 547.0041 338 0.3246599 0.4253473
Moved 88.96262 548.0055 338 0.3263984 0.4253473
Stationary 88.97861 548.0055 338 0.3263984 0.4253473
Ended 88.99274 549.3745 338 0.3287752 0.4253473
Backspace 89.86985
Began 91.73505 412 313 0.09027779 0.3168403
Stationary 91.75486 412 313 0.09027779 0.3168403
Stationary 91.77369 412 313 0.09027779 0.3168403
Stationary 91.78809 412 313 0.09027779 0.3168403
Stationary 91.80012 412 313 0.09027779 0.3168403
Stationary 91.81577 412 313 0.09027779 0.3168403
Stationary 91.83073 412 313 0.09027779 0.3168403
Stationary 91.84571 412 313 0.09027779 0.3168403
Moved 91.86198 403.8565 313 0.07613979 0.3168403
Moved 91.87824 399.498 313 0.06857298 0.3168403
Moved 91.89393 396.6066 304.3033 0.06355309 0.2790941
Moved 91.90879 393.7375 302.8687 0.058572 0.2728678
Moved 91.92457 390.8613 300.8613 0.05357862 0.2641551
Moved 91.94047 386.9713 296.9713 0.04682519 0.2472715
Moved 91.95545 384.109 295.5545 0.04185587 0.241122
Moved 91.9719 381.4589 293.4863 0.03725499 0.2321453
Moved 91.98621 377.1466 291.0978 0.0297685 0.2217786
Moved 92.00095 374.2094 289.6047 0.02466917 0.2152982
Moved 92.0228 371.732 289 0.02036802 0.2126738
Stationary 92.03379 371.732 289 0.02036802 0.2126738
Stationary 92.07279 372 289 0.02083331 0.2126738
Stationary 92.08402 372 289 0.02083331 0.2126738
Stationary 92.09461 372 289 0.02083331 0.2126738
Moved 92.10606 383.4204 298.1364 0.0406605 0.2523281
Moved 92.12482 398.6898 300.738 0.06716975 0.2636198
Moved 92.14692 451.1111 304.4269 0.158179 0.2796306
Moved 92.16395 483.3519 307.7213 0.2141526 0.2939291
Moved 92.1768 498.5042 308.9619 0.2404586 0.2993138
Stationary 92.19016 498.5042 308.9619 0.2404586 0.2993138
Moved 92.2024 519.9005 311.7867 0.277605 0.3115744
Moved 92.21824 533.2901 313.829 0.3008509 0.3204386
Moved 92.23295 543.848 315.264 0.3191806 0.3266666
Moved 92.24772 553.9412 315.7059 0.3367035 0.3285846
Moved 92.26414 561.7133 316 0.3501967 0.3298611
Moved 92.27851 567.3289 316 0.359946 0.3298611
Moved 92.29389 570.5621 316 0.3655592 0.3298611
Moved 92.30985 573.3188 316 0.3703451 0.3298611
Moved 92.3252 574.5892 316 0.3725507 0.3298611
Stationary 92.34309 575 316 0.3732639 0.3298611
Stationary 92.35548 575 316 0.3732639 0.3298611
Stationary 92.36991 575 316 0.3732639 0.3298611
Stationary 92.38544 575 316 0.3732639 0.3298611
Moved 92.40092 563 316 0.3524306 0.3298611
Moved 92.41758 550.4478 308.9652 0.3306386 0.2993283
Moved 92.43238 533.224 308 0.3007361 0.2951389
Moved 92.44779 508.4235 307 0.2576797 0.2907986
Moved 92.46397 489.5228 307 0.224866 0.2907986
Moved 92.47858 472.4281 307 0.1951877 0.2907986
Moved 92.49659 458.3771 307 0.1707936 0.2907986
Moved 92.50956 448.5 307 0.1536458 0.2907986
Moved 92.52821 444.8893 307 0.1473773 0.2907986
Moved 92.54121 442.9842 307 0.1440698 0.2907986
Moved 92.55622 441.557 307 0.1415921 0.2907986
Moved 92.57218 441 314.8994 0.140625 0.3250841
Moved 92.58607 439.6829 316.3171 0.1383384 0.3312373
Stationary 92.60184 439.6829 316.3171 0.1383384 0.3312373
Moved 92.61713 440 319.3939 0.1388889 0.3445914
Moved 92.63172 440 322.7234 0.1388889 0.3590425
Ended 92.654 440 322.7234 0.1388889 0.3590425
Began 92.94074 516 140 0.2708333 -0.4340278
Stationary 92.95655 516 140 0.2708333 -0.4340278
Stationary 92.97111 516 140 0.2708333 -0.4340278
Stationary 92.98615 516 140 0.2708333 -0.4340278
Stationary 93.0019 516 140 0.2708333 -0.4340278
Stationary 93.01871 516 140 0.2708333 -0.4340278
Stationary 93.03715 516 140 0.2708333 -0.4340278
Stationary 93.05161 516 140 0.2708333 -0.4340278
Stationary 93.06382 516 140 0.2708333 -0.4340278
Stationary 93.07868 516 140 0.2708333 -0.4340278
Moved 93.0944 506.8349 149.165 0.2549217 -0.394249
Moved 93.11228 502.5719 153.4281 0.2475207 -0.375746
Moved 93.12617 500.246 154.8359 0.2434827 -0.3696356
Moved 93.14173 497.2934 157.7067 0.2383565 -0.3571758
Moved 93.15815 492.8732 160.5634 0.2306827 -0.3447771
Moved 93.17335 488.2651 164.735 0.2226824 -0.3266711
Moved 93.18793 481.2751 174.4149 0.210547 -0.2846576
Moved 93.20405 476.8168 180.979 0.2028069 -0.2561675
Moved 93.22059 472.3091 188.1516 0.194981 -0.2250363
Moved 93.23435 468.0262 195.2897 0.1875455 -0.1940551
Moved 93.24973 463.7142 204.6667 0.1800594 -0.1533561
Moved 93.26853 459.5 219 0.1727431 -0.09114584
Moved 93.2812 455.8048 230.3174 0.1663278 -0.04202512
Moved 93.29676 451.799 249.0048 0.1593734 0.03908317
Moved 93.3108 449 272 0.1545139 0.138889
Moved 93.32719 445.091 287.4087 0.1477274 0.2057669
Moved 93.34315 440.8658 304.5367 0.140392 0.2801071
Moved 93.36353 434.457 330.9003 0.1292657 0.3945327
Stationary 93.37409 434.457 330.9003 0.1292657 0.3945327
Moved 93.38761 430.5 338 0.1223958 0.4253473
Moved 93.40455 429.4698 340.5302 0.1206074 0.4363288
Moved 93.42249 427.7951 342.2049 0.1176999 0.4435977
Moved 93.43562 427 343.6412 0.1163194 0.4498318
Moved 93.45026 425.9227 344 0.1144492 0.451389
Stationary 93.46629 425.9227 344 0.1144492 0.451389
Moved 93.48051 424.047 344 0.1111927 0.451389
Moved 93.49641 421.2236 344 0.1062909 0.451389
Moved 93.51328 416.4433 344 0.09799184 0.451389
Moved 93.52738 394.7852 316.7852 0.0603909 0.3332691
Moved 93.54301 371.9351 295.3141 0.02072066 0.2400788
Moved 93.55854 335.5435 267.6348 -0.04245918 0.1199428
Moved 93.57737 298.7366 243.3514 -0.10636 0.01454632
Moved 93.58982 268.6926 231.1686 -0.1585198 -0.03833069
Moved 93.60551 243.1984 222.0112 -0.2027806 -0.07807627
Moved 93.62278 230.4928 218.2285 -0.2248389 -0.09449416
Moved 93.63584 209.4834 216 -0.2613135 -0.1041667
Moved 93.65076 194.8402 216 -0.2867357 -0.1041667
Moved 93.66871 186.1501 216 -0.3018228 -0.1041667
Moved 93.6815 179.036 216 -0.3141736 -0.1041667
Moved 93.69688 173.3406 216 -0.3240614 -0.1041667
Moved 93.71125 172.1384 216 -0.3261487 -0.1041667
Stationary 93.72947 172 216 -0.3263889 -0.1041667
Stationary 93.74207 172 216 -0.3263889 -0.1041667
Moved 93.7609 172 223.8574 -0.3263889 -0.07006328
Moved 93.77372 172 226.5714 -0.3263889 -0.05828381
Moved 93.78846 185.0678 234.3439 -0.3037017 -0.02454917
Moved 93.80479 200.9893 245.3262 -0.2760603 0.02311707
Moved 93.81913 226.4237 260.6909 -0.2319033 0.08980394
Moved 93.83466 253.4146 275.9745 -0.1850441 0.1561396
Moved 93.8509 291.6225 295.8737 -0.1187109 0.2425076
Moved 93.86732 327.2117 310.499 -0.05692419 0.3059855
Moved 93.88581 354.4002 321.5895 -0.009721817 0.3541214
Moved 93.89884 378.5 331.5 0.03211804 0.3971354
Moved 93.9152 390.5653 338.7585 0.05306482 0.4286397
Moved 93.92976 402.1025 345.939 0.0730946 0.4598049
Moved 93.94407 405 347 0.078125 0.4644099
Moved 93.95832 407.7938 348.8969 0.08297533 0.4726429
Moved 93.97398 409.34 350.34 0.08565978 0.4789064
Stationary 93.98981 409.34 350.34 0.08565978 0.4789064
Moved 94.0055 410.216 350 0.08718052 0.4774306
Ended 94.02387 410 350 0.08680553 0.4774306
Began 94.34101 397 205 0.06423608 -0.1519096
Stationary 94.36134 397 205 0.06423608 -0.1519096
Stationary 94.3772 397 205 0.06423608 -0.1519096
Stationary 94.39155 397 205 0.06423608 -0.1519096
Stationary 94.40687 397 205 0.06423608 -0.1519096
Stationary 94.42365 397 205 0.06423608 -0.1519096
Stationary 94.43964 397 205 0.06423608 -0.1519096
Moved 94.45557 388.1231 193.5868 0.04882477 -0.2014461
Moved 94.48185 383.8262 188.8262 0.04136496 -0.2221085
Moved 94.53382 375.6199 180.2397 0.0271178 -0.259376
Moved 94.54917 373.3402 178.1702 0.02316013 -0.2683586
Moved 94.56159 371.7208 175.4415 0.02034858 -0.2802017
Moved 94.57636 370.7295 174.7295 0.01862757 -0.2832922
Moved 94.58793 369.2285 171.457 0.0160218 -0.2974955
Moved 94.60682 366.6039 168.6039 0.0114651 -0.3098789
Moved 94.62205 366.36 167.36 0.01104169 -0.3152779
Moved 94.63728 366 165.9199 0.01041666 -0.321528
Moved 94.65144 364.5 166 0.007812531 -0.3211806
Moved 94.67036 365 165 0.008680523 -0.3255209
Moved 94.68336 363.9307 163.9308 0.006824211 -0.3301615
Stationary 94.70179 364 164 0.006944462 -0.3298611
Stationary 94.71329 364 164 0.006944462 -0.3298611
Moved 94.73823 362.6271 164 0.004560947 -0.3298611
Stationary 94.74879 362.6271 164 0.004560947 -0.3298611
Moved 94.76148 360.7251 164 0.001258776 -0.3298611
Moved 94.7761 357.8541 164 -0.003725589 -0.3298611
Moved 94.79771 342.6916 188.0779 -0.03004931 -0.2253564
Stationary 94.81025 342.6916 188.0779 -0.03004931 -0.2253564
Moved 94.82355 325.1932 210.2793 -0.06042842 -0.128996
Moved 94.84046 308.6026 231.8165 -0.08923154 -0.03551854
Moved 94.85728 289.784 253.9113 -0.1219027 0.06037872
Moved 94.87107 273.9445 273.0657 -0.149402 0.1435144
Moved 94.8849 263.8358 284.6161 -0.1669516 0.1936466
Moved 94.89933 256.5 293 -0.1796875 0.2300348
Moved 94.91431 247.3618 299.6985 -0.1955524 0.259108
Moved 94.93281 241.4871 305.5129 -0.2057516 0.2843444
Moved 95.04881 221.5 316.5 -0.2404514 0.3320314
Stationary 95.06263 221.5 316.5 -0.2404514 0.3320314
Stationary 95.07319 221.5 316.5 -0.2404514 0.3320314
Ended 95.08869 222 316 -0.2395833 0.3298611
Began 95.43864 428 262 0.1180556 0.09548625
Stationary 95.45267 428 262 0.1180556 0.09548625
Stationary 95.46967 428 262 0.1180556 0.09548625
Stationary 95.48322 428 262 0.1180556 0.09548625
Stationary 95.49918 428 262 0.1180556 0.09548625
Moved 95.52634 417.6081 262 0.100014 0.09548625
Moved 95.53785 414.7333 262 0.09502307 0.09548625
Stationary 95.54862 414.7333 262 0.09502307 0.09548625
Moved 95.56226 411.5158 262 0.08943714 0.09548625
Moved 95.57829 408.0471 262 0.08341521 0.09548625
Moved 95.59296 402.618 262 0.07398949 0.09548625
Moved 95.60938 395.5 262 0.06163195 0.09548625
Moved 95.62443 391.1364 262 0.0540562 0.09548625
Moved 95.64112 383.9798 262 0.04163161 0.09548625
Moved 95.65516 379.6403 262 0.03409781 0.09548625
Moved 95.67014 375.1001 262 0.02621547 0.09548625
Moved 95.6861 367.9728 262 0.01384176 0.09548625
Moved 95.70167 364.4734 262 0.007766261 0.09548625
Moved 95.72202 358.8979 262 -0.001913272 0.09548625
Moved 95.73365 354.124 262 -0.01020141 0.09548625
Moved 95.74757 348.377 262 -0.02017874 0.09548625
Moved 95.76337 341.0385 262 -0.0329192 0.09548625
Moved 95.77906 334.9046 262 -0.04356835 0.09548625
Moved 95.79322 325.6042 271.5953 -0.05971499 0.1371323
Moved 95.81583 300.2894 276.2132 -0.1036643 0.1571753
Stationary 95.82731 300.2894 276.2132 -0.1036643 0.1571753
Moved 95.83979 292 279 -0.1180556 0.169271
Moved 95.85542 281.2562 281.9146 -0.136708 0.1819211
Moved 95.87315 271.2453 284.787 -0.154088 0.1943884
Moved 95.88667 266.5 288.5 -0.1623264 0.2105034
Moved 95.90168 254.706 291.6974 -0.1828021 0.2243813
Moved 95.91932 245.9654 296.0173 -0.1979768 0.243131
Moved 95.93211 236.2843 299.3578 -0.2147842 0.2576296
Moved 95.94846 227.6742 303.6629 -0.2297322 0.2763147
Moved 95.96629 221.3846 306.3077 -0.2406517 0.2877939
Moved 95.98057 216.7272 309.1818 -0.2487375 0.3002684
Moved 96.0041 209.6988 314.3013 -0.2609396 0.3224882
Moved 96.0174 206.8268 317.1732 -0.2659258 0.3349534
Moved 96.03214 205.5 318.5 -0.2682292 0.3407118
Stationary 96.04292 205.5 318.5 -0.2682292 0.3407118
Moved 96.05561 204 321.9533 -0.2708333 0.3557003
Moved 96.07169 204 322.5 -0.2708333 0.3580729
Moved 96.09107 204 324 -0.2708333 0.3645835
Moved 96.10358 204 326.5455 -0.2708333 0.3756314
Moved 96.11805 219.1957 329.799 -0.2444519 0.3897525
Moved 96.13221 240.8004 331.8 -0.2069438 0.3984377
Moved 96.14902 262.559 332 -0.1691685 0.3993056
Moved 96.16486 284.8344 332 -0.1304958 0.3993056
Moved 96.18269 306.7259 332 -0.09248984 0.3993056
Moved 96.19465 323.7698 328.051 -0.06289971 0.3821657
Moved 96.21131 340.9492 324.0042 -0.03307439 0.3646016
Moved 96.22703 356.5418 322.8899 -0.006003753 0.3597653
Moved 96.24259 376.9572 321 0.02943963 0.3515625
Moved 96.2569 394.1357 319.9887 0.05926333 0.3471734
Moved 96.27177 417.3596 318.54 0.09958275 0.3408856
Moved 96.28773 434.3746 318.1161 0.1291227 0.3390456
Moved 96.30369 451.8347 316.6804 0.1594353 0.3328143
Moved 96.31843 470.6559 315.2344 0.192111 0.3265385
Moved 96.33665 481.0735 314.103 0.210197 0.3216275
Moved 96.35487 494.9836 312.7017 0.2343465 0.3155454
Moved 96.36701 503.4359 313 0.2490207 0.3168403
Moved 96.38001 512.1589 313 0.2641647 0.3168403
Moved 96.3957 515.8506 312.3831 0.2705739 0.3141629
Moved 96.41114 519.114 312 0.2762396 0.3125001
Moved 96.42683 521.9943 312 0.28124 0.3125001
Moved 96.4427 522.6833 311 0.2824364 0.3081597
Moved 96.45734 523 309.9957 0.2829861 0.3038007
Moved 96.47227 524.4445 308.5555 0.2854939 0.2975501
Moved 96.49122 524 305.2358 0.2847222 0.2831416
Moved 96.50391 524 299.6509 0.2847222 0.2589018
Moved 96.51917 514.907 288.4225 0.2689357 0.2101671
Moved 96.53422 502.4231 274.0289 0.2472623 0.1476948
Moved 96.55024 486 249 0.21875 0.03906263
Moved 96.56593 474.2776 233.5382 0.1983987 -0.02804597
Moved 96.58106 457.9466 213.5732 0.1700461 -0.1146996
Moved 96.6002 445.9506 196.0571 0.1492199 -0.1907243
Moved 96.61329 434.4447 181.3059 0.1292443 -0.2547486
Moved 96.62794 423 159.5 0.109375 -0.3493923
Moved 96.64588 414.3 146.45 0.09427079 -0.4060329
Moved 96.65815 407.0479 134.8767 0.0816805 -0.4562643
Moved 96.67332 400.9013 128.5515 0.07100926 -0.4837173
Moved 96.68925 396.2635 123.2634 0.06295741 -0.5066692
Moved 96.70521 394.6443 121.6443 0.06014631 -0.5136967
Moved 96.72025 392.2011 121 0.05590469 -0.5164931
Moved 96.7353 390.7732 121 0.05342573 -0.5164931
Moved 96.75098 386.9914 121 0.04685998 -0.5164931
Moved 96.76701 382.7383 132.9595 0.03947623 -0.4645855
Moved 96.78132 379.49 139.0199 0.03383681 -0.4382817
Moved 96.79975 369.3937 161.1866 0.01630858 -0.3420717
Moved 96.81287 359.3935 184.3862 -0.001052916 -0.2413794
Moved 96.82877 348 214.5 -0.02083335 -0.1106771
Moved 96.84879 340.1719 234.6276 -0.03442377 -0.02331787
Moved 96.8617 334.3714 247.6644 -0.04449416 0.03326562
Moved 96.87464 327.7717 259.611 -0.05595196 0.08511716
Moved 96.8895 325.0753 264.8495 -0.06063324 0.1078537
Moved 96.90464 320.8305 269.1696 -0.06800264 0.126604
Moved 96.92057 319.1751 270.8249 -0.07087648 0.1337887
Moved 96.93607 317.7355 272.2645 -0.07337586 0.140037
Moved 96.9542 317.2961 273 -0.07413865 0.1432292
Moved 96.9669 317 274.1415 -0.07465278 0.1481838
Moved 96.98191 317 274.5839 -0.07465278 0.1501036
Moved 96.99671 317 276.4901 -0.07465278 0.158377
Ended 97.01356 317 278 -0.07465278 0.1649306
Began 97.34571 564 344 0.3541667 0.451389
Stationary 97.36964 564 344 0.3541667 0.451389
Stationary 97.38618 564 344 0.3541667 0.451389
Stationary 97.3979 564 344 0.3541667 0.451389
Stationary 97.4127 564 344 0.3541667 0.451389
Moved 97.42942 552.9528 344 0.3349876 0.451389
Moved 97.44425 550.9971 339.3264 0.3315921 0.4311043
Moved 97.46037 548.324 336.162 0.3269514 0.4173699
Moved 97.47523 545.5824 333.5824 0.3221917 0.4061736
Moved 97.49149 542.6827 331.3414 0.3171575 0.3964469
Moved 97.50651 540.8959 329.8959 0.3140553 0.3901731
Stationary 97.52451 541 330 0.3142361 0.3906251
Moved 97.53632 540 329 0.3125 0.3862849
Stationary 97.55167 540 329 0.3125 0.3862849
Moved 97.57059 538.626 327.626 0.3101147 0.3803214
Moved 97.5828 539 327.0603 0.3107639 0.3778661
Moved 97.60423 539 326.1733 0.3107639 0.3740163
Stationary 97.61649 539 326.1733 0.3107639 0.3740163
Moved 97.62876 537.7526 326 0.3085982 0.3732638
Moved 97.64512 538 323.6107 0.3090279 0.3628935
Moved 97.66105 538 321.8651 0.3090279 0.3553174
Moved 97.67585 538 319 0.3090279 0.342882
Moved 97.69108 538 313.4216 0.3090279 0.31867
Moved 97.70661 538 307.4028 0.3090279 0.2925468
Moved 97.72581 543.9356 300.6257 0.3193327 0.2631325
Moved 97.73832 553.1542 293.8458 0.3353371 0.233706
Moved 97.7526 558.8672 286.666 0.3452557 0.2025432
Moved 97.775 573.7425 274.2575 0.3710807 0.1486871
Stationary 97.78635 573.7425 274.2575 0.3710807 0.1486871
Moved 97.79826 578.6509 272.0095 0.3796023 0.1389301
Moved 97.81834 585.5394 266.3455 0.3915614 0.1143469
Moved 97.82987 591.2825 262.0381 0.4015321 0.09565182
Moved 97.84516 596.2895 255.9474 0.4102248 0.0692161
Moved 97.86091 598.2047 251.386 0.4135498 0.04941848
Moved 97.87962 599.6373 248.7253 0.416037 0.03787054
Moved 97.89246 600 245.8884 0.4166666 0.02555755
Moved 97.9069 600 243.8312 0.4166666 0.01662837
Moved 97.9231 595.5706 240.8926 0.4089767 0.003873905
Moved 97.93888 588.0248 239.0062 0.3958763 -0.004313125
Moved 97.95713 572.2252 237.5659 0.3684466 -0.01056459
Moved 97.97025 554.877 238 0.338328 -0.008680556
Moved 97.98426 531.9695 247.2008 0.2985583 0.0312535
Moved 98.0005 504.9849 254.0038 0.2517098 0.06078045
Moved 98.02027 483.837 259.5166 0.2149948 0.08470761
Moved 98.03635 447.7786 271.9896 0.1523934 0.138844
Stationary 98.04798 447.7786 271.9896 0.1523934 0.138844
Moved 98.0619 434.3421 277.7368 0.1290662 0.1637883
Moved 98.07789 416.1376 280.2477 0.09746104 0.1746864
Moved 98.09141 399.1821 282.0682 0.0680244 0.1825876
Moved 98.10801 386.5 282 0.04600696 0.1822917
Moved 98.12354 365.5964 282 0.009716004 0.1822917
Moved 98.13847 344.4788 269.6091 -0.02694655 0.128512
Moved 98.15366 325.912 264.1268 -0.0591806 0.104717
Moved 98.16929 304.2063 256.3712 -0.09686407 0.07105537
Moved 98.18891 289.4902 250.5961 -0.1224129 0.04599002
Moved 98.20148 281.0492 247.4197 -0.1370675 0.03220347
Moved 98.22178 271.5 245 -0.1536458 0.02170139
Stationary 98.23411 271.5 245 -0.1536458 0.02170139
Moved 98.24549 269.393 243.1965 -0.1573039 0.01387384
Moved 98.26218 266.5138 243 -0.1623024 0.01302083
Moved 98.27796 264.3158 242.3158 -0.1661184 0.0100512
Moved 98.2916 262.8797 242 -0.1686116 0.008680689
Stationary 98.30689 262.8797 242 -0.1686116 0.008680689
Moved 98.32383 261.0019 241 -0.1718717 0.004340278
Stationary 98.34187 261 241 -0.171875 0.004340278
Ended 98.35413 259.5959 241 -0.1743127 0.004340278
PhraseEnd 99.17469
