breathing is difficult
Basic
0.6 0.6
432 172.8
Began 390.3225 381 242 0.04861106 0.01157425
Stationary 390.3519 381 242 0.04861106 0.01157425
Stationary 390.3716 381 242 0.04861106 0.01157425
Stationary 390.3911 381 242 0.04861106 0.01157425
Stationary 390.4109 381 242 0.04861106 0.01157425
Stationary 390.4301 381 242 0.04861106 0.01157425
Stationary 390.4508 381 242 0.04861106 0.01157425
Stationary 390.4699 381 242 0.04861106 0.01157425
Stationary 390.4901 381 242 0.04861106 0.01157425
Moved 390.5085 381 234.5914 0.04861106 -0.03129959
Moved 390.5282 381 230.4747 0.04861106 -0.05512291
Moved 390.5484 381 229.5 0.04861106 -0.06076372
Moved 390.569 381 223.5417 0.04861106 -0.09524434
Moved 390.5893 381 221.3347 0.04861106 -0.1080165
Moved 390.6086 381 218.801 0.04861106 -0.1226791
Moved 390.6284 381 215.0161 0.04861106 -0.1445827
Moved 390.648 381 212.1501 0.04861106 -0.1611681
Stationary 390.6708 381 211.5791 0.04861106 -0.1644728
Moved 390.703 381 207.1277 0.04861106 -0.1902333
Moved 390.7229 381 204.3942 0.04861106 -0.2060523
Moved 390.7458 381 203.2533 0.04861106 -0.2126545
Moved 390.7672 381 199.785 0.04861106 -0.2327253
Moved 390.7866 381 198.2749 0.04861106 -0.2414645
Moved 390.8065 381 196.8368 0.04861106 -0.2497871
Moved 390.8256 381 195.4019 0.04861106 -0.2580911
Moved 390.8442 381 195 0.04861106 -0.2604167
Stationary 390.8621 381 195 0.04861106 -0.2604167
Stationary 390.8808 381 195 0.04861106 -0.2604167
Moved 390.9129 369.4198 195 0.02180507 -0.2604167
Moved 390.9337 352.8334 214.1666 -0.01658936 -0.1494985
Moved 390.9545 339.2951 226.5344 -0.04792795 -0.07792579
Moved 390.9763 323.8296 239.3193 -0.08372788 -0.003938852
Moved 390.999 302.8851 254.7964 -0.1322105 0.08562706
Moved 391.0192 294.6153 261.3847 -0.1513536 0.1237541
Moved 391.0393 289.9036 265.0643 -0.1622602 0.1450479
Moved 391.0679 285.0956 270.9044 -0.1733899 0.1788452
Moved 391.0898 280 274.5 -0.1851852 0.199653
Moved 391.1172 278.2751 278.7249 -0.189178 0.2241025
Moved 391.1501 275 287.3453 -0.1967592 0.2739889
Moved 391.1713 275 289.6097 -0.1967592 0.2870931
Moved 391.1918 275 291.0444 -0.1967592 0.295396
Moved 391.2119 275 292.4838 -0.1967592 0.3037255
Moved 391.2317 275 293 -0.1967592 0.306713
Moved 391.2514 275 294.4867 -0.1967592 0.3153167
Stationary 391.2707 275 294 -0.1967592 0.3125
Moved 391.2904 275 295 -0.1967592 0.318287
Stationary 391.3099 275 295 -0.1967592 0.318287
Stationary 391.3285 275 295 -0.1967592 0.318287
Moved 391.3589 268.372 295 -0.2121019 0.318287
Moved 391.3789 264.0695 295 -0.2220614 0.318287
Moved 391.401 251.5 295 -0.2511574 0.318287
Moved 391.4215 245.1955 295 -0.2657511 0.318287
Moved 391.4409 239.9211 295 -0.2779604 0.318287
Moved 391.4612 228.4253 288.7443 -0.304571 0.2820852
Moved 391.4807 223.9734 286.6578 -0.3148763 0.2700106
Moved 391.5011 219.6895 285.2299 -0.3247928 0.261747
Moved 391.5239 211.4806 280.7403 -0.343795 0.2357656
Moved 391.5444 207.5739 278.3826 -0.3528382 0.2221215
Moved 391.5764 199.1326 272.7551 -0.3723782 0.1895553
Moved 391.5995 192.0023 268.0023 -0.3888835 0.1620505
Moved 391.6217 188.2136 265.1425 -0.3976536 0.1455003
Moved 391.6449 179.5 257.5 -0.4178241 0.1012731
Moved 391.6672 176.2169 253.3254 -0.4254238 0.07711464
Moved 391.6891 175 250 -0.4282407 0.05787037
Stationary 391.7104 175 250 -0.4282407 0.05787037
Stationary 391.7308 175 250 -0.4282407 0.05787037
Moved 391.7531 188.5 250 -0.3969907 0.05787037
Moved 391.7745 201.0086 261.533 -0.3680357 0.1246122
Moved 391.8065 246 282.5 -0.2638889 0.2459491
Moved 391.8278 292.8304 305.2144 -0.1554851 0.3773979
Moved 391.8476 309.1146 312.143 -0.1177902 0.4174944
Moved 391.8845 327.6523 321.8262 -0.07487898 0.4735311
Moved 391.9063 345.6543 332.2617 -0.03320759 0.5339222
Moved 391.9236 351.7137 335.3568 -0.01918137 0.5518336
Moved 391.9441 358.5874 338.235 -0.003269811 0.5684896
Moved 391.9642 363.648 339 0.008444388 0.5729169
Moved 391.9822 373.1656 339 0.03047585 0.5729169
Moved 392.0007 377.4939 339 0.0404951 0.5729169
Moved 392.03 384.7659 339 0.05732854 0.5729169
Moved 392.0482 387.6253 333.3115 0.06394744 0.5399969
Moved 392.0667 390.5049 330.7475 0.07061332 0.5251591
Moved 392.085 392.3484 326.6516 0.07488053 0.5014561
Moved 392.1025 395.5274 320.9452 0.08223941 0.468433
Moved 392.1305 403.0213 304.9573 0.09958643 0.3759105
Moved 392.1541 408.1009 292.7982 0.1113447 0.3055454
Moved 392.1732 409.9872 287.0513 0.1157111 0.2722878
Moved 392.1942 411.4298 282.2808 0.1190505 0.2446807
Moved 392.2122 413 276.1261 0.1226852 0.2090631
Moved 392.2411 414 270.8617 0.125 0.178598
Moved 392.26 414 262.2528 0.125 0.1287778
Moved 392.2801 414 256.9337 0.125 0.09799604
Moved 392.299 414 252.6143 0.125 0.07299918
Moved 392.3184 414 248.5 0.125 0.04918982
Moved 392.3397 414 246.8632 0.125 0.03971754
Stationary 392.3594 414 247 0.125 0.04050944
Moved 392.378 414 245.9891 0.125 0.03465953
Stationary 392.3975 414 246 0.125 0.03472222
Moved 392.4168 417.6889 246 0.133539 0.03472222
Moved 392.4464 439.5699 269.7 0.1841897 0.1718747
Moved 392.4648 459.339 285.4092 0.2299514 0.2627851
Moved 392.4866 473.741 295.494 0.2632893 0.3211458
Moved 392.5066 492.1319 307.8791 0.3058608 0.392819
Moved 392.5256 497.1713 311.1142 0.3175263 0.4115407
Moved 392.5453 498.093 312.093 0.3196598 0.417205
Moved 392.5634 499.5724 312 0.3230843 0.4166669
Moved 392.5825 501.2181 312 0.3268937 0.4166669
Stationary 392.6006 501.2181 312 0.3268937 0.4166669
Stationary 392.618 501 312 0.3263889 0.4166669
Moved 392.647 501 294.8788 0.3263889 0.3175861
Moved 392.6656 485.5015 275.9184 0.2905127 0.2078611
Moved 392.6841 476.8642 253.9948 0.270519 0.08098815
Moved 392.7024 464.5102 229.0205 0.2419218 -0.06353873
Moved 392.7208 444.7589 190.558 0.1962011 -0.2861228
Moved 392.7418 439.0775 179.1549 0.1830496 -0.3521127
Moved 392.7651 436.6404 172.2808 0.1774082 -0.3918936
Moved 392.7845 431.1124 161.2247 0.1646119 -0.4558752
Moved 392.805 430.1147 159.2294 0.1623026 -0.4674228
Moved 392.8264 428.6788 156.3577 0.1589788 -0.4840415
Moved 392.8604 425.5 150.5 0.1516204 -0.5179398
Moved 392.8863 424.2325 149.2325 0.1486864 -0.5252746
Moved 392.9066 422.7947 149 0.1453581 -0.5266202
Moved 392.9255 420.9217 149 0.1410224 -0.5266202
Moved 392.9439 418 149 0.1342593 -0.5266202
Moved 392.9626 413.2077 155.6365 0.123166 -0.4882147
Moved 392.9847 397.7896 171.9471 0.08747597 -0.3938242
Moved 393.004 382.5978 192.3275 0.05230964 -0.2758825
Moved 393.0255 369.6522 214.9517 0.022343 -0.1449557
Moved 393.045 346.0628 247.9058 -0.03226201 0.04575094
Moved 393.0751 334.6519 265.4641 -0.0586761 0.1473618
Moved 393.0945 331.5906 269.5458 -0.0657624 0.1709829
Moved 393.1142 330.3723 273.2555 -0.06858274 0.1924508
Moved 393.1328 328.9454 276.1092 -0.07188563 0.2089654
Moved 393.1512 327.0651 278.9349 -0.07623821 0.2253181
Moved 393.1692 327 280.368 -0.07638887 0.233611
Moved 393.1873 327 281.8027 -0.07638887 0.2419142
Moved 393.2053 327 283.8758 -0.07638887 0.2539109
Moved 393.2231 327 286.7025 -0.07638887 0.270269
Ended 393.2416 327 287.5 -0.07638887 0.2748843
Began 393.6947 528 384 0.3888889 0.8333336
Stationary 393.7266 528 384 0.3888889 0.8333336
Stationary 393.7458 528 384 0.3888889 0.8333336
Stationary 393.7671 528 384 0.3888889 0.8333336
Stationary 393.7862 528 384 0.3888889 0.8333336
Stationary 393.805 528 384 0.3888889 0.8333336
Moved 393.8275 511.3816 375.9178 0.3504204 0.7865617
Moved 393.8476 505.5176 374.1382 0.3368462 0.7762626
Moved 393.8677 499.754 370.877 0.3235046 0.7573902
Moved 393.8881 494 368 0.3101851 0.7407408
Moved 393.9128 487.8974 364.8974 0.2960587 0.7227859
Moved 393.9374 481.111 362.0555 0.2803494 0.7063396
Moved 393.9574 478.2433 360.6216 0.2737114 0.698042
Moved 393.9773 476.4037 360.2018 0.2694531 0.6956125
Moved 393.997 472.217 358.739 0.2597615 0.6871471
Moved 394.0162 466.4654 355.1552 0.2464477 0.6664072
Moved 394.0375 461.0691 351.3018 0.2339562 0.6441078
Moved 394.0667 446.3599 341.5733 0.1999072 0.5878085
Moved 394.0855 437.2897 333.2897 0.1789114 0.5398708
Moved 394.1067 420.9245 314.0943 0.141029 0.4287865
Moved 394.1257 417 308 0.1319444 0.3935185
Moved 394.1551 411.2587 296.888 0.1186544 0.329213
Moved 394.1742 409.3909 292.5863 0.1143307 0.3043187
Moved 394.1949 407.761 288.2831 0.110558 0.2794165
Moved 394.2149 398.6744 274.4574 0.08952419 0.1994062
Moved 394.2349 393 264.5 0.07638891 0.1417824
Moved 394.2561 390.0302 262.3736 0.06951431 0.1294768
Moved 394.2755 381.9222 254.4612 0.0507459 0.08368739
Moved 394.2948 379.0483 253.0242 0.04409333 0.07537153
Moved 394.3142 376.1679 251.584 0.03742566 0.06703695
Moved 394.3331 369.7631 251 0.0225998 0.06365723
Moved 394.3681 320.3788 256.6124 -0.09171566 0.09613638
Moved 394.3887 300.6463 260.4791 -0.1373928 0.1185135
Moved 394.4089 288.8197 261 -0.1647693 0.1215278
Moved 394.4294 268.097 261 -0.2127385 0.1215278
Moved 394.4494 258.0389 261 -0.236021 0.1215278
Moved 394.4761 243.1727 261 -0.2704335 0.1215278
Moved 394.4969 235.9819 261 -0.287079 0.1215278
Moved 394.5183 227.3072 261 -0.3071592 0.1215278
Moved 394.5397 214.706 250.353 -0.3363287 0.05991318
Moved 394.5598 210.7241 248.2413 -0.3455459 0.04769308
Moved 394.5912 200.5901 243.436 -0.3690043 0.01988464
Moved 394.6143 192.521 238.6807 -0.3876829 -0.007635046
Moved 394.6347 188.213 236.4043 -0.3976552 -0.02080829
Moved 394.6554 184.9346 233.9346 -0.4052439 -0.03510104
Moved 394.6765 181.5 232.5 -0.4131944 -0.04340278
Moved 394.6963 180.5 233 -0.4155093 -0.04050926
Moved 394.7166 179.7918 233 -0.4171487 -0.04050926
Ended 394.7446 180 233 -0.4166667 -0.04050926
Began 395.3268 377 370 0.03935188 0.7523148
Stationary 395.358 377 370 0.03935188 0.7523148
Stationary 395.3779 377 370 0.03935188 0.7523148
Stationary 395.397 377 370 0.03935188 0.7523148
Stationary 395.4174 377 370 0.03935188 0.7523148
Stationary 395.4366 377 370 0.03935188 0.7523148
Stationary 395.4561 377 370 0.03935188 0.7523148
Moved 395.4758 364.2469 357.9959 0.009830793 0.6828468
Moved 395.4952 360.9297 353.9297 0.002152026 0.6593152
Moved 395.5154 358.3305 351.3306 -0.003864517 0.6442741
Moved 395.5416 351.0474 346.6982 -0.02072364 0.6174667
Moved 395.5631 347.8229 344.9114 -0.02818773 0.6071264
Moved 395.5848 341.0735 342.0367 -0.04381145 0.5904905
Moved 395.605 338.1924 342 -0.05048066 0.590278
Moved 395.625 334.5 340.5 -0.05902777 0.5815973
Moved 395.6534 329.1738 338.5869 -0.07135704 0.5705258
Moved 395.673 323.5998 337.15 -0.08425981 0.5622104
Moved 395.6925 308.9076 329.0901 -0.1182694 0.5155677
Moved 395.7151 298.8494 322.1782 -0.1415522 0.4755681
Moved 395.7362 291 315.5 -0.1597222 0.4369213
Moved 395.7578 277.4097 303.2621 -0.1911812 0.3661004
Moved 395.7784 272.2407 297.6542 -0.2031465 0.3336472
Moved 395.8001 263.6091 286.1454 -0.2231272 0.2670454
Moved 395.8223 261.2002 281.3002 -0.2287033 0.2390061
Moved 395.8422 258.3235 275.6469 -0.2353624 0.20629
Moved 395.8764 251.4729 259.9458 -0.2512201 0.1154271
Moved 395.8968 251.2785 255.8353 -0.2516702 0.0916398
Moved 395.9174 251 252.6852 -0.2523148 0.07340962
Moved 395.9393 250 245.8931 -0.2546296 0.03410339
Moved 395.96 250 243.7814 -0.2546296 0.02188294
Moved 395.98 250 239.8297 -0.2546296 -0.0009852869
Moved 396.0016 250 233.0706 -0.2546296 -0.04010077
Moved 396.0263 250 232.0951 -0.2546296 -0.04574599
Moved 396.0479 250 230.2369 -0.2546296 -0.0564992
Moved 396.069 250 229.5 -0.2546296 -0.06076372
Moved 396.1008 264.9139 230 -0.2201067 -0.05787019
Moved 396.1212 274.1597 238.1598 -0.1987043 -0.01064936
Moved 396.1411 298.4233 252.2117 -0.1425386 0.07066956
Moved 396.1613 320.1248 265.2749 -0.0923036 0.1462668
Moved 396.1815 344.0966 276.9985 -0.03681352 0.2141119
Moved 396.2028 408.9188 300.8339 0.1132379 0.3520482
Moved 396.224 423.2783 302.9198 0.1464775 0.3641192
Moved 396.244 433.5954 305.7415 0.1703596 0.3804486
Moved 396.264 447.9511 308.2378 0.2035905 0.3948947
Moved 396.2835 453 309.5 0.2152778 0.4021993
Moved 396.3149 459.6307 310 0.2306266 0.4050926
Moved 396.3348 462.2822 310.6411 0.2367644 0.4088027
Moved 396.3552 467 311 0.2476852 0.4108796
Moved 396.3752 468.9546 311 0.2522098 0.4108796
Moved 396.3951 469.5 311 0.2534722 0.4108796
Moved 396.4145 470.1877 311 0.255064 0.4108796
Moved 396.4383 471 311 0.2569444 0.4108796
Stationary 396.4585 471 311 0.2569444 0.4108796
Moved 396.4841 460.166 302.083 0.2318657 0.3592769
Moved 396.5058 449.3415 296.6707 0.206809 0.3279557
Moved 396.5382 363.0482 268.7026 0.007055998 0.1661031
Moved 396.558 343.0636 260.5318 -0.03920456 0.1188185
Moved 396.5775 330.6066 255.2275 -0.06804029 0.08812252
Moved 396.5974 320.4445 249.5397 -0.0915636 0.05520662
Moved 396.6165 312.168 244.168 -0.1107222 0.02412037
Moved 396.6355 309.3475 241.3475 -0.1172511 0.00779823
Moved 396.6546 307.2325 240.2324 -0.1221471 0.001345034
Moved 396.673 305.7942 240 -0.1254765 0
Moved 396.6916 304.5 239 -0.1284722 -0.00578686
Moved 396.7111 305 239 -0.1273148 -0.00578686
Stationary 396.7442 305 239 -0.1273148 -0.00578686
Stationary 396.7632 305 239 -0.1273148 -0.00578686
Stationary 396.7825 305 239 -0.1273148 -0.00578686
Stationary 396.802 305 239 -0.1273148 -0.00578686
Moved 396.8216 315.2238 239 -0.1036485 -0.00578686
Moved 396.8486 318.6348 244.7218 -0.09575277 0.02732524
Moved 396.8685 322.7972 248.5315 -0.08611748 0.04937207
Moved 396.8932 341.9034 260.6453 -0.04189039 0.1194749
Moved 396.9137 357.5 270.5 -0.005787015 0.1765046
Moved 396.9341 377.0787 282.0545 0.03953407 0.2433712
Moved 396.9698 422.6419 299.9105 0.1450044 0.3467042
Moved 396.9908 436.8829 305.5532 0.1779696 0.3793588
Moved 397.0136 445.784 307.6526 0.1985741 0.391508
Moved 397.0358 463.8397 311.6914 0.2403696 0.4148808
Moved 397.0569 473.9547 313.1364 0.2637839 0.423243
Moved 397.0793 487.7227 314 0.2956543 0.4282409
Moved 397.1003 492.3448 315.1149 0.3063537 0.4346929
Moved 397.1213 498 316.5 0.3194444 0.4427085
Moved 397.1424 502.8375 316 0.3306424 0.4398148
Moved 397.1619 503.5 316 0.3321759 0.4398148
Moved 397.192 505.3663 316 0.3364961 0.4398148
Stationary 397.2126 505.3663 316 0.3364961 0.4398148
Moved 397.2334 505 305.701 0.3356481 0.3802146
Moved 397.2531 490.7054 295.2033 0.3025587 0.3194638
Moved 397.2727 477.3535 283.5959 0.2716515 0.2522916
Moved 397.2946 429.6288 251.2755 0.1611779 0.06525198
Moved 397.3196 405.3922 236.5948 0.1050745 -0.01970556
Moved 397.3401 371.9845 212.2384 0.02774179 -0.1606574
Moved 397.36 358.4322 203.1458 -0.003629178 -0.2132769
Moved 397.3795 347.9558 194.2478 -0.02788007 -0.2647695
Moved 397.4131 331.8215 182.4929 -0.06522799 -0.3327958
Moved 397.4368 320.1483 173.5741 -0.0922494 -0.384409
Moved 397.4624 312.8405 168.4203 -0.1091656 -0.4142343
Moved 397.4824 309.9704 166.9852 -0.1158092 -0.4225388
Moved 397.5022 307.0547 167 -0.1225585 -0.4224537
Moved 397.5217 305.2437 167 -0.1267507 -0.4224537
Moved 397.5429 299.2207 167 -0.1406929 -0.4224537
Moved 397.5639 297.3467 167 -0.1450307 -0.4224537
Moved 397.5833 295.7372 167 -0.1487565 -0.4224537
Moved 397.6028 295 167 -0.150463 -0.4224537
Moved 397.6329 295 175.3771 -0.150463 -0.3739753
Moved 397.6541 295 180.4761 -0.150463 -0.3444672
Moved 397.6758 310.143 189.0001 -0.1154097 -0.295138
Moved 397.7019 348.912 215.3201 -0.02566661 -0.1428237
Moved 397.7279 383.6354 238.7756 0.0547115 -0.007085448
Moved 397.7481 400.646 245.9358 0.09408792 0.03435064
Moved 397.7679 413.6418 253.4906 0.1241707 0.07807061
Moved 397.7882 431.7988 263.0991 0.1662009 0.1336751
Moved 397.808 437.5172 266.2586 0.1794381 0.1519597
Moved 397.8276 443 270.5 0.1921296 0.1765046
Moved 397.8598 450.4264 275.2843 0.2093204 0.2041917
Moved 397.8804 454.0175 279.0175 0.2176331 0.225796
Moved 397.9009 456.9114 279 0.2243319 0.2256946
Moved 397.922 457.8883 280.8882 0.2265932 0.236622
Moved 397.9437 463 281 0.2384259 0.2372685
Moved 397.9646 466.5876 281 0.2467304 0.2372685
Moved 397.9858 481.1766 281 0.2805015 0.2372685
Moved 398.0131 490.1105 281 0.3011817 0.2372685
Moved 398.0347 507.2564 269.9146 0.3408714 0.1731166
Moved 398.0546 515.8972 267.0342 0.3608731 0.1564482
Moved 398.0954 537.1434 260.1426 0.4100541 0.1165662
Moved 398.1185 540.7256 259.1372 0.4183464 0.1107477
Moved 398.1413 545.7289 257.2711 0.429928 0.09994861
Moved 398.1605 547.1597 255.8403 0.43324 0.09166859
Moved 398.1796 548.2081 254.7919 0.4356668 0.08560111
Stationary 398.1985 548.2081 254.7919 0.4356668 0.08560111
Moved 398.2172 548 249.4144 0.4351853 0.05448183
Moved 398.2364 548 247.9741 0.4351853 0.04614671
Moved 398.2553 530.5653 247 0.3948271 0.04050944
Moved 398.2741 512.1799 247 0.3522683 0.04050944
Moved 398.304 472.8922 259.8405 0.2613245 0.1148178
Moved 398.3233 437.1595 267.1817 0.1786099 0.1573015
Moved 398.3425 415.1873 273.2032 0.1277484 0.1921483
Moved 398.3621 401.466 277.5114 0.09598623 0.2170796
Moved 398.3813 388.3777 284.8112 0.06568919 0.2593238
Moved 398.4008 373.1235 293.7012 0.0303785 0.3107712
Moved 398.4254 366.1517 296.2322 0.01424005 0.3254177
Moved 398.4441 361.8404 299.1064 0.004260143 0.3420507
Moved 398.4633 356.0697 301.9303 -0.009097905 0.3583931
Moved 398.4825 354.6328 303.3672 -0.01242419 0.3667086
Moved 398.5118 353.5 304.5 -0.0150463 0.3732641
Moved 398.5308 352.6799 305.3201 -0.01694461 0.3780097
Moved 398.5497 351.6266 306.3734 -0.01938298 0.3841054
Stationary 398.5684 351.6266 306.3734 -0.01938298 0.3841054
Moved 398.5859 352 309.1016 -0.01851852 0.3998937
Ended 398.6044 352 309.1016 -0.01851852 0.3998937
PhraseEnd 399.6246
