the quick brown fox jumps over the lazy dog
Basic
0.4 0.4
288 217.6
Began 1362.638 377 439 0.05902782 0.3262869
Stationary 1362.696 377 439 0.05902782 0.3262869
Stationary 1362.746 377 439 0.05902782 0.3262869
Stationary 1362.796 377 439 0.05902782 0.3262869
Stationary 1362.847 377 439 0.05902782 0.3262869
Stationary 1362.897 377 439 0.05902782 0.3262869
Moved 1362.947 362.6275 439 0.009123385 0.3262869
Moved 1363.001 355.4212 439 -0.0158985 0.3262869
Moved 1363.056 348.7014 439 -0.03923111 0.3262869
Moved 1363.105 346.5 439 -0.04687503 0.3262869
Moved 1363.156 347 439 -0.0451389 0.3262869
Moved 1363.206 361.2894 421.7684 0.004477203 0.2470975
Moved 1363.262 385.0161 395.3146 0.08686141 0.1255265
Moved 1363.317 401.3837 374.6163 0.1436932 0.03040595
Moved 1363.371 402 368.0042 0.1458333 1.907349E-05
Moved 1363.454 385.5432 364 0.08869171 -0.01838221
Moved 1363.506 357.3521 377.471 -0.009193943 0.04352486
Moved 1363.559 318.1818 405.3434 -0.1452021 0.1716151
Moved 1363.611 285.1216 427.5856 -0.2599944 0.2738308
Moved 1363.662 256.0558 446.4721 -0.3609175 0.3606255
Moved 1363.714 251.5 454.5 -0.3767361 0.3975184
Ended 1363.763 252 455 -0.375 0.3998162
Began 1364.018 280 451 -0.2777778 0.3814338
Stationary 1364.067 280 451 -0.2777778 0.3814338
Moved 1364.119 264.8 440.6 -0.3305556 0.33364
Moved 1364.171 251.4378 435.2919 -0.376952 0.3092457
Moved 1364.222 240.5429 431.5143 -0.4147817 0.2918855
Moved 1364.278 229.9846 428.9923 -0.4514423 0.2802956
Moved 1364.334 227.5832 429 -0.4597808 0.280331
Moved 1364.391 225.9936 429 -0.4653002 0.280331
Moved 1364.449 234.2861 429 -0.4365065 0.280331
Moved 1364.509 305.6288 429 -0.1887889 0.280331
Moved 1364.565 344.4452 426.9505 -0.05400964 0.2709123
Moved 1364.619 379.2654 423.1469 0.06689355 0.2534325
Moved 1364.672 394.813 422 0.1208785 0.2481619
Moved 1364.729 406.89 421 0.1628126 0.2435661
Moved 1364.783 416.5 421 0.1961805 0.2435661
Moved 1364.838 433.3487 418 0.2546829 0.2297794
Moved 1364.89 440.7171 415.283 0.2802676 0.2172932
Moved 1364.943 442 409.8078 0.2847222 0.1921315
Moved 1364.994 424.965 393.8042 0.225573 0.1185856
Moved 1365.075 328.5 304 -0.109375 -0.2941175
Moved 1365.128 285.9823 226.9646 -0.257006 -0.6481407
Moved 1365.178 281.0561 216.1122 -0.2741108 -0.6980139
Moved 1365.229 279.9688 214.9689 -0.277886 -0.7032681
Moved 1365.28 280 214 -0.2777778 -0.7077205
Moved 1365.33 323.5 243.5 -0.1267361 -0.5721508
Moved 1365.38 380.6074 281.7383 0.07155359 -0.3964234
Moved 1365.43 426.5 312 0.2309028 -0.2573528
Moved 1365.48 465.0119 341.8854 0.3646246 -0.1200121
Moved 1365.533 482.6378 358.6378 0.4258257 -0.04302474
Moved 1365.612 495.3587 377.0762 0.4699957 0.04171049
Ended 1365.661 495 379 0.46875 0.05055162
Began 1366.16 355 345 -0.01736112 -0.1056985
Stationary 1366.224 355 345 -0.01736112 -0.1056985
Stationary 1366.278 355 345 -0.01736112 -0.1056985
Stationary 1366.33 355 345 -0.01736112 -0.1056985
Stationary 1366.386 355 345 -0.01736112 -0.1056985
Stationary 1366.44 355 345 -0.01736112 -0.1056985
Stationary 1366.491 355 345 -0.01736112 -0.1056985
Stationary 1366.547 355 345 -0.01736112 -0.1056985
Stationary 1366.599 355 345 -0.01736112 -0.1056985
Stationary 1366.65 355 345 -0.01736112 -0.1056985
Moved 1366.706 355 337.8382 -0.01736112 -0.1386111
Moved 1366.755 368.9161 320.6259 0.03095865 -0.2177118
Moved 1366.805 371 311.821 0.03819451 -0.2581756
Moved 1366.856 373.384 306.616 0.04647211 -0.2820955
Moved 1366.905 373.9846 303 0.04855782 -0.2987133
Moved 1366.953 374 298.6312 0.04861116 -0.3187905
Stationary 1367.001 374 298.6312 0.04861116 -0.3187905
Moved 1367.048 374 307.3123 0.04861116 -0.2788956
Moved 1367.096 374 340.3149 0.04861116 -0.1272294
Moved 1367.145 360.1184 380.272 0.000411123 0.05639722
Moved 1367.221 345.2086 427.5828 -0.05135894 0.2738179
Moved 1367.272 336.1193 442.821 -0.082919 0.3438467
Moved 1367.331 325.5216 451.4783 -0.1197165 0.3836322
Moved 1367.385 323 454.2905 -0.1284722 0.3965559
Moved 1367.449 330.2115 456.0302 -0.1034325 0.4045506
Moved 1367.501 398.1017 437.5466 0.1322977 0.3196075
Moved 1367.558 471.5575 429.7869 0.3873524 0.283947
Moved 1367.615 505.8588 428 0.5064541 0.2757353
Moved 1367.667 514.6286 428 0.5369049 0.2757353
Moved 1367.719 515.5 428 0.5399306 0.2757353
Moved 1367.798 472.8868 433.2076 0.3919681 0.2996673
Moved 1367.852 376.0259 442.443 0.05564556 0.3421094
Moved 1367.906 332.9201 443 -0.0940273 0.3446691
Moved 1367.961 301.5 445.5 -0.203125 0.356158
Moved 1368.013 290.1427 447 -0.24256 0.3630516
Moved 1368.065 282 449.711 -0.2708333 0.3755102
Moved 1368.119 281 451 -0.2743056 0.3814338
Moved 1368.169 281 452 -0.2743056 0.3860295
Moved 1368.217 313.0308 427.5362 -0.1630874 0.2736039
Moved 1368.269 346.1022 383.7412 -0.04825615 0.07234027
Moved 1368.353 386.7806 314.3656 0.09298831 -0.2464815
Moved 1368.411 397.6173 293.7653 0.1306158 -0.3411519
Moved 1368.464 403.0548 270.7808 0.1494959 -0.4467796
Moved 1368.525 404 262 0.1527777 -0.4871323
Ended 1368.576 405 260 0.15625 -0.4963236
Began 1368.788 392 399 0.1111111 0.1424633
Stationary 1368.846 392 399 0.1111111 0.1424633
Moved 1368.897 383.6357 408.4099 0.0820683 0.185707
Moved 1368.952 373.8054 412.3982 0.04793555 0.2040358
Moved 1369.006 354.4098 420.3934 -0.01941033 0.2407787
Moved 1369.065 343.2726 424.7274 -0.0580813 0.2606959
Moved 1369.115 339.8343 426 -0.07001997 0.2665441
Moved 1369.166 337.0638 427 -0.07963963 0.2711398
Moved 1369.214 336.5 427 -0.08159719 0.2711398
Moved 1369.264 335.9796 427 -0.08340411 0.2711398
Moved 1369.313 336 417.3563 -0.08333334 0.2268214
Moved 1369.364 336 388.5247 -0.08333334 0.09432296
Moved 1369.417 335 362.0128 -0.08680553 -0.02751491
Moved 1369.469 333.9464 353.8928 -0.09046399 -0.06483107
Moved 1369.525 334 349.5 -0.09027779 -0.08501825
Moved 1369.606 351 364.5 -0.03124997 -0.01608456
Moved 1369.67 402.9505 403.7128 0.1491335 0.1641216
Moved 1369.725 441.2499 433.3999 0.2821177 0.300551
Moved 1369.782 463.1879 457.9172 0.3582914 0.4132227
Moved 1369.838 470.6589 468.9883 0.3842323 0.4641005
Moved 1369.889 472 473.6215 0.3888889 0.4853931
Moved 1369.939 472 475.0106 0.3888889 0.4917767
Stationary 1369.989 472 475 0.3888889 0.491728
Moved 1370.041 451.0809 457.2564 0.316253 0.4101857
Moved 1370.095 409.2258 421.3871 0.1709229 0.2453451
Moved 1370.18 363.2741 373.4016 0.01136839 0.02482344
Moved 1370.235 331 338.5 -0.1006945 -0.13557
Moved 1370.288 312.8828 315.8593 -0.1636015 -0.2396172
Moved 1370.342 297.503 295.5031 -0.2170034 -0.3331662
Moved 1370.397 287.6431 281.9293 -0.2512394 -0.3955457
Moved 1370.45 280.0434 273.1301 -0.2776272 -0.4359832
Ended 1370.502 277.6833 270.6833 -0.2858219 -0.4472276
Began 1370.832 413 453 0.1840278 0.390625
Stationary 1370.893 413 453 0.1840278 0.390625
Stationary 1370.949 413 453 0.1840278 0.390625
Stationary 1371.002 413 453 0.1840278 0.390625
Stationary 1371.057 413 453 0.1840278 0.390625
Stationary 1371.111 413 453 0.1840278 0.390625
Moved 1371.165 413 438.6559 0.1840278 0.3247056
Moved 1371.22 402 420 0.1458333 0.2389706
Moved 1371.274 392.1961 398.5229 0.1117921 0.140271
Moved 1371.326 385.2592 371.0368 0.08770556 0.0139559
Moved 1371.378 384 357.6795 0.08333341 -0.04742875
Moved 1371.428 384 343.2555 0.08333341 -0.1137154
Moved 1371.477 384 338.5195 0.08333341 -0.1354803
Moved 1371.525 384 338 0.08333341 -0.1378677
Stationary 1371.594 384 338 0.08333341 -0.1378677
Stationary 1371.642 384 338 0.08333341 -0.1378677
Moved 1371.692 380.2822 371.0245 0.07042424 0.01389966
Moved 1371.747 378 395.2688 0.06249995 0.1253161
Moved 1371.8 375 425.1743 0.05208329 0.2627494
Moved 1371.853 375 443.1869 0.05208329 0.3455279
Moved 1371.916 375 455.9738 0.05208329 0.4042915
Moved 1371.969 375 460 0.05208329 0.4227942
Stationary 1372.019 375 460 0.05208329 0.4227942
Moved 1372.07 385.1476 440.273 0.08731813 0.3321371
Moved 1372.156 410.4813 347.8342 0.1752822 -0.09267387
Moved 1372.211 415.2254 315.4224 0.1917547 -0.2416252
Moved 1372.27 420.0257 275.8715 0.2084226 -0.4233846
Moved 1372.323 421 249.5 0.2118056 -0.5445771
Moved 1372.382 422 240.6343 0.2152778 -0.5853205
Moved 1372.435 422 240 0.2152778 -0.5882354
Moved 1372.488 435.4089 301.514 0.2618364 -0.3055424
Moved 1372.544 449.3053 352.916 0.310088 -0.06932007
Moved 1372.598 466.5134 401.2835 0.3698382 0.1529572
Moved 1372.65 477.6924 429.6156 0.4086541 0.2831599
Moved 1372.734 485.9499 458.7994 0.4373258 0.4172769
Moved 1372.79 487 472.5149 0.4409722 0.4803075
Moved 1372.844 473.2555 478.2482 0.3932482 0.5066553
Moved 1372.9 448.3255 479 0.3066857 0.5101104
Moved 1372.951 393.2387 464.0796 0.1154122 0.4415423
Moved 1373.004 340.0756 442.0378 -0.06918208 0.3402471
Moved 1373.059 314 431 -0.1597222 0.289522
Moved 1373.115 298.6339 418.7255 -0.2130766 0.2331134
Moved 1373.169 286.2001 401.3002 -0.2562496 0.1530339
Moved 1373.228 279.5512 384.6536 -0.2793361 0.07653321
Moved 1373.31 276 371.1055 -0.2916667 0.01427146
Ended 1373.364 275 367 -0.2951389 -0.004595448
Began 1373.571 526 483 0.5763888 0.5284926
Stationary 1373.62 526 483 0.5763888 0.5284926
Stationary 1373.671 526 483 0.5763888 0.5284926
Stationary 1373.721 526 483 0.5763888 0.5284926
Moved 1373.773 512.338 477.1829 0.5289513 0.5017599
Moved 1373.825 505.1102 469.1102 0.5038549 0.464661
Moved 1373.877 493.0387 453.0773 0.4619399 0.3909804
Moved 1373.93 482.5 441 0.4253472 0.3354779
Moved 1373.987 467.6362 421.5453 0.3737368 0.2460722
Moved 1374.041 449.4751 399.5939 0.3106776 0.1451925
Moved 1374.094 432.537 377.5518 0.2518646 0.04389609
Moved 1374.148 414.8222 357.8222 0.1903547 -0.0467731
Moved 1374.203 388.1285 332.419 0.09766848 -0.1635155
Moved 1374.258 361.0392 312.1993 0.003608316 -0.2564369
Moved 1374.311 338.1523 295.6914 -0.07585995 -0.3323004
Moved 1374.368 321.389 285.7963 -0.134066 -0.3777743
Moved 1374.421 313.2836 282.1418 -0.1622098 -0.3945689
Moved 1374.474 304.3412 282 -0.1932599 -0.3952206
Moved 1374.572 288.8247 316.8764 -0.2471364 -0.2349429
Moved 1374.627 283 373.2693 -0.2673611 0.0242159
Moved 1374.678 282 422.5424 -0.2708333 0.2506543
Moved 1374.729 282 451.2228 -0.2708333 0.3824579
Moved 1374.78 282 465.7319 -0.2708333 0.4491358
Moved 1374.83 282 471.467 -0.2708333 0.475492
Moved 1374.881 282 473 -0.2708333 0.4825368
Moved 1374.931 282 474.4872 -0.2708333 0.4893715
Moved 1374.983 290.1887 474 -0.2424003 0.4871325
Moved 1375.033 295.7333 474 -0.2231482 0.4871325
Moved 1375.11 310.454 461.0307 -0.1720348 0.4275308
Moved 1375.163 318.7079 452.2921 -0.1433752 0.3873716
Moved 1375.214 324.6126 446 -0.122873 0.3584559
Ended 1375.264 325 446 -0.1215278 0.3584559
Began 1375.482 397 497 0.1284722 0.592831
Stationary 1375.536 397 497 0.1284722 0.592831
Stationary 1375.585 397 497 0.1284722 0.592831
Stationary 1375.663 397 497 0.1284722 0.592831
Stationary 1375.73 397 497 0.1284722 0.592831
Moved 1375.783 389.8042 497 0.1034869 0.592831
Moved 1375.835 377.3812 497 0.06035135 0.592831
Moved 1375.888 362.1404 487 0.007431806 0.5468751
Moved 1375.946 355.5 483.5 -0.01562499 0.5307904
Moved 1376.003 346.959 477.959 -0.04528128 0.5053263
Moved 1376.058 338.1736 455.8679 -0.07578619 0.4038049
Moved 1376.111 333.5667 436.8338 -0.09178215 0.3163318
Moved 1376.165 334 422.1114 -0.09027779 0.2486738
Moved 1376.244 342.934 394.132 -0.05925686 0.1200918
Moved 1376.296 347.1642 382.5076 -0.04456893 0.06667082
Moved 1376.348 357.0869 349.5654 -0.01011491 -0.08471798
Moved 1376.399 359.3502 336.9494 -0.002256259 -0.1426958
Moved 1376.449 360 328.9602 0 -0.179411
Moved 1376.499 360 325.3552 0 -0.1959781
Moved 1376.549 360 324 0 -0.2022058
Moved 1376.599 347.4613 324 -0.04353702 -0.2022058
Moved 1376.65 333.1562 336.475 -0.09320758 -0.1448758
Moved 1376.699 319.3064 351.6936 -0.1412972 -0.07493735
Moved 1376.782 291.9575 390.0851 -0.2362588 0.1014939
Moved 1376.838 281.3705 410.2591 -0.2730193 0.1942054
Moved 1376.89 274.9937 430.0253 -0.2951609 0.2850426
Moved 1376.943 275 441.9645 -0.2951389 0.3399104
Ended 1377 275 448 -0.2951389 0.3676471
Began 1377.32 439 356 0.2743055 -0.05514707
Stationary 1377.386 439 356 0.2743055 -0.05514707
Stationary 1377.441 439 356 0.2743055 -0.05514707
Stationary 1377.494 439 356 0.2743055 -0.05514707
Stationary 1377.544 439 356 0.2743055 -0.05514707
Stationary 1377.595 439 356 0.2743055 -0.05514707
Stationary 1377.646 439 356 0.2743055 -0.05514707
Moved 1377.699 450.4283 363 0.3139873 -0.02297794
Moved 1377.753 461.8589 366.4294 0.3536769 -0.007217633
Moved 1377.806 472.1039 369.0346 0.3892496 0.004754628
Moved 1377.86 485 372.5 0.4340278 0.02068015
Moved 1377.914 491.3401 374 0.4560418 0.02757367
Moved 1377.965 493.6774 376 0.4641575 0.03676457
Moved 1378.02 494 377.2817 0.4652777 0.04265491
Moved 1378.071 462.0142 378 0.3542158 0.04595589
Moved 1378.125 412.3857 378 0.1818947 0.04595589
Moved 1378.179 347.084 378 -0.04484721 0.04595589
Moved 1378.233 311.7219 378 -0.1676323 0.04595589
Moved 1378.316 262.92 378 -0.3370832 0.04595589
Moved 1378.371 255.8885 378 -0.3614984 0.04595589
Moved 1378.429 253.5 378 -0.3697917 0.04595589
Moved 1378.481 254 378 -0.3680556 0.04595589
Moved 1378.536 270.9905 363.019 -0.3090608 -0.02289057
Moved 1378.593 278.8002 341.9989 -0.2819436 -0.1194904
Moved 1378.646 280 324.4725 -0.2777778 -0.2000346
Moved 1378.698 280 311.1679 -0.2777778 -0.2611769
Moved 1378.753 271.7907 296.372 -0.3062823 -0.3291729
Moved 1378.805 268.1312 289.2624 -0.3189889 -0.3618457
Moved 1378.884 267 286 -0.3229167 -0.3768383
Stationary 1378.938 267 286 -0.3229167 -0.3768383
Moved 1378.995 289.9941 310.9941 -0.2430759 -0.2619753
Moved 1379.048 309.9971 330.9971 -0.1736211 -0.17005
Moved 1379.098 334.6816 353.5842 -0.0879112 -0.06624895
Moved 1379.149 369.0341 381.0341 0.03136844 0.05989945
Moved 1379.201 392.3939 403.3939 0.1124789 0.162656
Moved 1379.254 421.2294 434.2677 0.2126022 0.3045391
Ended 1379.304 459.5294 491.7941 0.3455881 0.5689065
Began 1379.784 415 420 0.1909722 0.2389706
Stationary 1379.843 415 420 0.1909722 0.2389706
Stationary 1379.895 415 420 0.1909722 0.2389706
Moved 1379.949 395.3508 409.0522 0.1227458 0.1886592
Moved 1380.004 382.5299 398.7065 0.07822871 0.1411144
Moved 1380.059 370.4563 387.4563 0.03630668 0.08941308
Moved 1380.111 364.0528 379.1057 0.01407236 0.05103701
Moved 1380.163 356.4985 372.2493 -0.01215808 0.01952789
Moved 1380.217 350.9152 367.9152 -0.03154457 -0.0003898845
Moved 1380.268 337.4374 362.1458 -0.07834233 -0.02690344
Moved 1380.324 327.568 359.856 -0.1126112 -0.03742667
Moved 1380.378 315.0158 359 -0.1561953 -0.04136016
Moved 1380.43 307.4097 359 -0.1826052 -0.04136016
Moved 1380.499 302.9448 359 -0.1981085 -0.04136016
Stationary 1380.552 303 359 -0.1979167 -0.04136016
Moved 1380.606 332.587 370.7761 -0.09518392 0.01275792
Moved 1380.66 384.7072 384.1632 0.08578912 0.07427952
Moved 1380.713 418.5 400.5 0.203125 0.1493567
Moved 1380.767 448.926 418.7408 0.3087708 0.2331837
Moved 1380.821 465.1225 430.3419 0.3650087 0.2864977
Moved 1380.871 475.5484 440.5484 0.4012098 0.3334026
Moved 1380.922 478.881 443.881 0.4127814 0.348718
Moved 1380.978 480.1611 445.1611 0.417226 0.3546005
Stationary 1381.058 480 445 0.4166667 0.3538603
Moved 1381.111 468.6338 439.4788 0.3772007 0.3284874
Moved 1381.165 446.5 425.5 0.3003472 0.2642463
Moved 1381.222 421.6647 405.9985 0.2141136 0.1746257
Moved 1381.278 408.2552 393.9414 0.1675528 0.1192162
Moved 1381.333 392.531 379.531 0.1129548 0.0529919
Moved 1381.391 380.9605 370.9605 0.07277951 0.01360529
Moved 1381.443 375.7612 365.7612 0.05472645 -0.01028846
Ended 1381.498 372.7793 362.7793 0.04437238 -0.02399206
PhraseEnd 1382.321
