you must be getting old
Basic
0.8 0.8
575.9999 435.2
Began 148.9027 438 398 0.1354167 0.06893383
Stationary 148.924 438 398 0.1354167 0.06893383
Stationary 148.939 438 398 0.1354167 0.06893383
Stationary 148.9546 438 398 0.1354167 0.06893383
Stationary 148.9693 438 398 0.1354167 0.06893383
Stationary 148.9854 438 398 0.1354167 0.06893383
Stationary 149.0012 438 398 0.1354167 0.06893383
Stationary 149.0167 438 398 0.1354167 0.06893383
Stationary 149.0315 438 398 0.1354167 0.06893383
Moved 149.0469 428.8943 408.2438 0.1196083 0.09247209
Moved 149.0648 427.2474 408.3763 0.116749 0.09277636
Moved 149.0841 418.8601 413.5699 0.1021876 0.1047104
Moved 149.0992 415.0354 415.9764 0.09554759 0.1102398
Moved 149.1151 410.2232 419.5826 0.08719311 0.1185262
Moved 149.1294 406.8192 421.7872 0.08128338 0.1235919
Moved 149.1447 402 424 0.07291667 0.1286765
Stationary 149.1575 402 424 0.07291667 0.1286765
Moved 149.1705 401 424.5 0.07118054 0.1298254
Moved 149.1871 398.549 427.4509 0.06692544 0.136606
Moved 149.203 396.1428 428.9286 0.06274782 0.1400014
Moved 149.2189 393.7255 431.2745 0.05855129 0.1453918
Moved 149.2401 390 438.5 0.05208336 0.1619945
Moved 149.2548 388.4863 442.0274 0.04945539 0.1700998
Moved 149.2704 386.0776 447.806 0.04527361 0.1833778
Moved 149.2848 383.6657 453.8357 0.0410863 0.1972327
Moved 149.2993 381.9078 457.1844 0.0380344 0.2049274
Moved 149.3141 378.2003 464.5993 0.03159784 0.2219653
Stationary 149.3268 378.2003 464.5993 0.03159784 0.2219653
Moved 149.3404 377.5378 468.8487 0.03044762 0.2317296
Moved 149.3568 375.3293 476.6951 0.02661332 0.2497589
Moved 149.3726 374.1245 483.3774 0.02452173 0.2651135
Moved 149.3946 373 497.4328 0.02256945 0.2974099
Moved 149.4096 373 501.931 0.02256945 0.3077458
Moved 149.4243 373 504.5 0.02256945 0.3136489
Moved 149.4391 373 509.5203 0.02256945 0.3251845
Moved 149.4534 373 512.6621 0.02256945 0.3324038
Moved 149.4699 380.2682 516.115 0.0351879 0.3403378
Moved 149.4844 383.7331 518.4887 0.04120328 0.3457921
Moved 149.4991 385.9008 520.9008 0.04496656 0.3513345
Stationary 149.5117 385.9008 520.9008 0.04496656 0.3513345
Moved 149.5264 392.2699 522.654 0.0560242 0.3553631
Moved 149.557 417.8819 527.1176 0.1004894 0.3656195
Moved 149.5821 473.2277 529.1779 0.1965759 0.3703538
Moved 149.597 512.1168 529 0.2640917 0.3699449
Moved 149.6118 534.0205 524.3598 0.302119 0.3592827
Moved 149.6273 551.4106 519.4316 0.3323101 0.3479586
Moved 149.6436 566.8356 514.0632 0.3590897 0.3356233
Moved 149.6591 575.3344 512.8094 0.3738444 0.3327422
Moved 149.6806 582.3255 511.6124 0.3859818 0.3299918
Moved 149.6957 584.5 509 0.3897569 0.323989
Moved 149.7096 587.3109 510 0.394637 0.3262868
Moved 149.7313 588 509 0.3958333 0.323989
Moved 149.7467 588 507.8369 0.3958333 0.3213163
Stationary 149.7621 588 508 0.3958333 0.3216912
Stationary 149.7742 588 508 0.3958333 0.3216912
Moved 149.7867 588 506.5 0.3958333 0.3182446
Moved 149.8046 574.808 506 0.3729306 0.3170956
Moved 149.8202 564.152 505.0169 0.3544306 0.3148367
Moved 149.8354 555.6391 505 0.3396512 0.3147978
Moved 149.8507 541.6091 505 0.3152935 0.3147978
Moved 149.8662 524.6191 505 0.2857971 0.3147978
Moved 149.8882 502.2979 505 0.247045 0.3147978
Moved 149.9043 492.517 505 0.2300643 0.3147978
Moved 149.9212 481.8433 514.0282 0.2115335 0.3355428
Moved 149.9351 473.6605 514.3342 0.1973272 0.336246
Moved 149.9483 461 518.5 0.1753473 0.345818
Moved 149.9639 456.6259 519.6783 0.1677532 0.3485256
Moved 149.9785 450.7711 522.6458 0.1575888 0.3553441
Stationary 149.9915 450.7711 522.6458 0.1575888 0.3553441
Ended 150.0053 442 523 0.1423611 0.3561581
Began 150.2767 570 183 0.3645834 -0.425092
Stationary 150.2957 570 183 0.3645834 -0.425092
Stationary 150.3139 570 183 0.3645834 -0.425092
Stationary 150.3294 570 183 0.3645834 -0.425092
Stationary 150.3444 570 183 0.3645834 -0.425092
Stationary 150.362 570 183 0.3645834 -0.425092
Stationary 150.3769 570 183 0.3645834 -0.425092
Stationary 150.3911 570 183 0.3645834 -0.425092
Stationary 150.4054 570 183 0.3645834 -0.425092
Stationary 150.4193 570 183 0.3645834 -0.425092
Stationary 150.435 570 183 0.3645834 -0.425092
Moved 150.4511 560.7743 183 0.3485665 -0.425092
Moved 150.4698 559.5366 183 0.3464177 -0.425092
Moved 150.4859 556.1282 183 0.3405004 -0.425092
Moved 150.5163 553.7198 183 0.3363191 -0.425092
Stationary 150.5301 553.7198 183 0.3363191 -0.425092
Moved 150.545 551.0287 183 0.3316471 -0.425092
Moved 150.5595 549.3854 183 0.3287941 -0.425092
Moved 150.5738 546.7933 183 0.3242939 -0.425092
Moved 150.5916 544.3825 189.4698 0.3201085 -0.4102256
Moved 150.6135 537.2666 197.7334 0.3077545 -0.3912376
Moved 150.6293 529.2451 208.6731 0.2938283 -0.3661005
Moved 150.6449 520.3806 224.2592 0.2784385 -0.3302869
Moved 150.6608 511.9576 240.9479 0.2638154 -0.2919396
Moved 150.6809 500.8144 261.6736 0.2444695 -0.2443162
Moved 150.6997 483.7323 302.6603 0.2148131 -0.1501372
Moved 150.7143 470.974 338.7095 0.1926632 -0.06730347
Moved 150.7292 462.459 365.9407 0.1778802 -0.004731908
Moved 150.7444 453 394 0.1614583 0.05974269
Moved 150.7596 448.9893 409.0427 0.1544953 0.09430763
Moved 150.7749 444.2041 431.9796 0.1461877 0.1470119
Moved 150.791 440.5371 451.4687 0.1398214 0.1917939
Moved 150.8067 436.9402 474.7123 0.1335767 0.2452029
Moved 150.8215 435.559 489.9692 0.1311787 0.2802603
Moved 150.8447 431.3099 518.9011 0.1238019 0.3467396
Moved 150.858 429.2151 530.0321 0.1201651 0.3723165
Stationary 150.8708 429.2151 530.0321 0.1201651 0.3723165
Moved 150.8833 426.8099 536.4752 0.1159895 0.3871214
Moved 150.8976 425.6995 541.2021 0.1140616 0.3979828
Moved 150.9139 421.5 546 0.1067709 0.4090073
Moved 150.9298 420.5841 547.4159 0.1051808 0.4122608
Moved 150.946 419 549 0.1024306 0.4159008
Moved 150.9602 416.387 549 0.097894 0.4159008
Moved 150.9763 412.9501 549 0.09192728 0.4159008
Moved 151.0019 400.6069 549 0.07049815 0.4159008
Moved 151.0181 385 528 0.04340276 0.3676471
Moved 151.0314 360.7831 508.2516 0.001359582 0.3222694
Moved 151.0461 333.4368 485.1973 -0.04611668 0.2692954
Moved 151.0605 296.5766 448.5766 -0.1101101 0.1851484
Moved 151.0744 275.6094 425.4935 -0.1465115 0.1321082
Moved 151.0882 255.1514 402.581 -0.1820288 0.07945997
Moved 151.1026 243.737 390.2585 -0.2018454 0.05114559
Stationary 151.1156 243.737 390.2585 -0.2018454 0.05114559
Moved 151.1289 233.1193 379.4312 -0.220279 0.02626665
Moved 151.151 217.4284 362.4284 -0.2475201 -0.01280238
Moved 151.1699 211.5127 355.2153 -0.2577904 -0.02937668
Moved 151.184 204 348 -0.2708333 -0.04595589
Moved 151.198 201 345 -0.2760417 -0.05284927
Moved 151.2117 197.1143 341.1143 -0.2827876 -0.06177777
Moved 151.2254 193.5518 338.3679 -0.2889726 -0.06808857
Stationary 151.2389 193.5518 338.3679 -0.2889726 -0.06808857
Moved 151.2527 189.9433 335.9622 -0.2952374 -0.07361637
Moved 151.2694 187.5691 334.7845 -0.2993592 -0.07632228
Moved 151.2857 185.1756 333.5878 -0.3035145 -0.07907202
Moved 151.3122 182.168 334 -0.3087361 -0.07812494
Moved 151.3262 181.5 334 -0.3098958 -0.07812494
Stationary 151.3408 181.5 334 -0.3098958 -0.07812494
Moved 151.3532 182 356.8984 -0.3090278 -0.02550918
Moved 151.3699 194.5638 366.1678 -0.2872156 -0.004209911
Moved 151.3844 200 379.5 -0.2777778 0.0264247
Moved 151.398 208.4367 391.0458 -0.2631308 0.05295463
Moved 151.4117 217.0489 401.0559 -0.248179 0.07595571
Moved 151.4259 226.6979 410.6979 -0.2314272 0.09811111
Stationary 151.439 226.6979 410.6979 -0.2314272 0.09811111
Moved 151.4584 252.5 434 -0.1866319 0.1516545
Moved 151.4728 264.0488 447.4696 -0.1665819 0.1826048
Moved 151.4879 280.8697 460.3914 -0.1373789 0.2122965
Stationary 151.5005 280.8697 460.3914 -0.1373789 0.2122965
Moved 151.5141 298.1045 475.2239 -0.1074575 0.2463785
Moved 151.5295 309.3336 486.3336 -0.08796249 0.2719063
Moved 151.5452 322.8836 499.8836 -0.06443813 0.3030414
Ended 151.5618 340 512.5 -0.03472224 0.3320313
Began 152.0866 390 325 0.05208336 -0.09880515
Stationary 152.1024 390 325 0.05208336 -0.09880515
Stationary 152.1167 390 325 0.05208336 -0.09880515
Stationary 152.1309 390 325 0.05208336 -0.09880515
Moved 152.1463 390 319.4034 0.05208336 -0.111665
Moved 152.1639 390 314.3555 0.05208336 -0.1232641
Moved 152.1791 390 310.9125 0.05208336 -0.1311752
Moved 152.1942 390 307.297 0.05208336 -0.139483
Moved 152.2094 390 302.3365 0.05208336 -0.1508811
Moved 152.226 390 298 0.05208336 -0.1608456
Moved 152.2417 380.1292 295.7697 0.03494658 -0.1659705
Moved 152.2586 383 288.2986 0.03993057 -0.1831373
Moved 152.272 383 281.3402 0.03993057 -0.1991263
Moved 152.2877 381.8544 277.5631 0.03794163 -0.2078054
Moved 152.3033 382 271.3392 0.03819443 -0.2221066
Moved 152.321 382 266.2365 0.03819443 -0.2338317
Moved 152.3371 381.0329 263.0988 0.03651552 -0.2410415
Moved 152.351 381 261.157 0.0364583 -0.2455033
Stationary 152.3648 381 261.157 0.0364583 -0.2455033
Moved 152.3849 380 257.2866 0.03472224 -0.2543966
Moved 152.3995 378.5 256.5 0.03211804 -0.2562041
Moved 152.4133 378.2155 256 0.03162406 -0.257353
Stationary 152.4264 378.2155 256 0.03162406 -0.257353
Moved 152.4398 378 255.006 0.03124997 -0.259637
Stationary 152.4557 378 255 0.03124997 -0.2596507
Moved 152.4755 376.5893 255 0.02880089 -0.2596507
Stationary 152.4892 376.5893 255 0.02880089 -0.2596507
Moved 152.5042 375.7653 255 0.02737038 -0.2596507
Moved 152.5197 373.5083 255 0.0234519 -0.2596507
Moved 152.5405 365.4886 263.8183 0.009528772 -0.2393881
Moved 152.5563 358.1504 274.7744 -0.003211089 -0.2142133
Moved 152.5708 348.8922 291.2156 -0.01928434 -0.1764347
Moved 152.5869 334.228 319.1077 -0.04474305 -0.1123443
Moved 152.6009 315.2151 362.1141 -0.07775147 -0.01352465
Moved 152.6172 301.4057 400.9837 -0.1017262 0.0757898
Moved 152.6322 282.7747 455.5994 -0.1340717 0.2012854
Moved 152.6476 267.3339 503.2802 -0.1608786 0.3108461
Moved 152.6632 262.0758 521.7472 -0.1700072 0.3532794
Moved 152.6777 255.5849 528.1472 -0.1812762 0.3679852
Moved 152.6979 248.6833 538.975 -0.1932581 0.3928654
Moved 152.7118 243.6251 544.3749 -0.2020397 0.4052732
Moved 152.7261 240.1223 547.8777 -0.208121 0.413322
Moved 152.74 236.5024 551.4976 -0.2144056 0.4216398
Stationary 152.7528 236.5024 551.4976 -0.2144056 0.4216398
Moved 152.7665 234.0103 552.6599 -0.2187322 0.4243103
Moved 152.7804 231.7455 553.6273 -0.222664 0.4265332
Moved 152.7957 229.3373 554.8314 -0.226845 0.4293
Moved 152.8115 226.9276 556.0362 -0.2310285 0.4320685
Stationary 152.8269 227 556 -0.2309028 0.4319853
Ended 152.8523 225.5693 556 -0.2333866 0.4319853
Began 153.08 395 349 0.06076388 -0.04365802
Stationary 153.1033 395 349 0.06076388 -0.04365802
Stationary 153.1194 395 349 0.06076388 -0.04365802
Stationary 153.1348 395 349 0.06076388 -0.04365802
Stationary 153.1507 395 349 0.06076388 -0.04365802
Stationary 153.1638 395 349 0.06076388 -0.04365802
Stationary 153.179 395 349 0.06076388 -0.04365802
Stationary 153.1939 395 349 0.06076388 -0.04365802
Stationary 153.2109 395 349 0.06076388 -0.04365802
Stationary 153.2272 395 349 0.06076388 -0.04365802
Stationary 153.2434 395 349 0.06076388 -0.04365802
Stationary 153.2576 395 349 0.06076388 -0.04365802
Stationary 153.2733 395 349 0.06076388 -0.04365802
Moved 153.2895 395 339.7968 0.06076388 -0.06480526
Moved 153.3114 395 337.5 0.06076388 -0.07008272
Stationary 153.3265 395 337.5 0.06076388 -0.07008272
Moved 153.3399 395 336.6887 0.06076388 -0.07194702
Stationary 153.3544 395 336.6887 0.06076388 -0.07194702
Moved 153.3703 387.246 337 0.04730217 -0.07123155
Moved 153.3872 386.5 337 0.04600696 -0.07123155
Moved 153.4074 385.2444 337 0.04382715 -0.07123155
Moved 153.4224 383.0817 337 0.04007236 -0.07123155
Moved 153.4382 379.5035 337 0.03386028 -0.07123155
Moved 153.4534 374.4989 337 0.02517179 -0.07123155
Moved 153.4748 370 349 0.01736112 -0.04365802
Moved 153.4901 363.7408 350.5061 0.006494448 -0.04019738
Moved 153.5055 350.4493 361.163 -0.01658104 -0.01570989
Moved 153.5273 326.8277 382.0657 -0.0575908 0.03232017
Moved 153.5429 314.9083 391.4734 -0.07828426 0.05393705
Moved 153.5579 301.5 404 -0.1015625 0.08272067
Moved 153.574 289.8473 416.868 -0.1217929 0.1122886
Moved 153.5891 277.9348 429.9718 -0.1424744 0.1423985
Moved 153.6049 269.8905 438.9982 -0.1564402 0.1631393
Moved 153.6207 259.3928 449.6072 -0.1746653 0.1875167
Moved 153.6425 251.0899 459.1829 -0.18908 0.2095196
Moved 153.6578 242.7396 467.2604 -0.203577 0.2280799
Moved 153.6737 237.9724 474.3793 -0.2118535 0.2444379
Moved 153.6892 234.3505 482.1823 -0.2181416 0.2623673
Moved 153.7045 231.8226 488.4434 -0.2225302 0.2767542
Moved 153.7196 230.7091 495.7454 -0.2244634 0.2935326
Moved 153.7384 229.5138 498.4587 -0.2265386 0.2997674
Moved 153.7532 228.6726 502.3098 -0.227999 0.3086162
Moved 153.7702 229 508.5124 -0.2274306 0.3228686
Moved 153.7839 229 512.5 -0.2274306 0.3320313
Moved 153.8062 239.7322 519.7322 -0.2087983 0.3486493
Moved 153.8208 244.7919 521.8959 -0.200014 0.3536212
Moved 153.8355 254.8744 523.3054 -0.1825098 0.35686
Moved 153.8504 268.2666 525.7111 -0.1592593 0.3623878
Moved 153.8655 282.9656 526 -0.1337403 0.3630515
Moved 153.8804 317.3524 526 -0.074041 0.3630515
Moved 153.8956 357.0213 515.6306 -0.005171299 0.3392247
Moved 153.9105 394.1931 506.1115 0.05936303 0.3173517
Moved 153.9264 413 501.5 0.09201392 0.3067556
Moved 153.9411 430.4969 496.9341 0.1223905 0.2962641
Moved 153.9628 446.5952 492.1246 0.1503389 0.2852127
Moved 153.9776 461.0883 487.3039 0.1755006 0.2741358
Moved 153.9921 478.1732 478.4134 0.2051619 0.2537073
Moved 154.0073 487.8518 474.8117 0.221965 0.2454314
Moved 154.0264 508.9038 459.5661 0.2585136 0.2104001
Moved 154.0411 513.9868 455.438 0.2673381 0.2009146
Moved 154.0668 526.4852 445.5148 0.2890368 0.1781132
Moved 154.0811 533.9416 439.382 0.301982 0.1640212
Moved 154.0968 538 433.5 0.3090279 0.1505055
Moved 154.1111 539.7274 424.9086 0.3120266 0.1307643
Moved 154.1312 540 412.1686 0.3125 0.1014905
Moved 154.1454 540 393.4764 0.3125 0.05853962
Moved 154.1607 526.1563 372.8966 0.2884657 0.01125139
Moved 154.1767 506.8772 335.0121 0.2549952 -0.07579944
Moved 154.1917 491.8589 307.6625 0.2289217 -0.1386432
Moved 154.2067 483.2911 292.5948 0.214047 -0.1732655
Moved 154.2229 474.8129 278.3549 0.1993279 -0.205986
Moved 154.239 466.4324 267.2703 0.1847785 -0.2314562
Moved 154.2535 458.0243 253.8954 0.1701811 -0.2621889
Moved 154.2701 451.7017 246.3308 0.1592044 -0.2795708
Moved 154.2906 444.3091 239.3091 0.14637 -0.2957053
Moved 154.3067 437.7554 232.1064 0.134992 -0.3122554
Moved 154.326 420.648 220.824 0.1052917 -0.3381802
Moved 154.3414 409.7276 218.495 0.08633264 -0.3435318
Moved 154.3577 398.7595 216.0576 0.06729074 -0.3491323
Moved 154.3735 385.022 217 0.04344091 -0.3469669
Moved 154.3883 375 217 0.02604165 -0.3469669
Moved 154.4033 354.9118 246.6765 -0.008833744 -0.2787763
Moved 154.4189 338.8875 268.1594 -0.03665369 -0.2294132
Moved 154.4339 328.0909 286.1819 -0.05539783 -0.1880012
Moved 154.4555 320.0622 301.456 -0.06933652 -0.1529044
Moved 154.4723 314 317 -0.0798611 -0.1171874
Moved 154.4868 309.6812 332.9564 -0.087359 -0.08052287
Moved 154.5041 306.9253 345.3734 -0.09214354 -0.05199117
Moved 154.5196 302.035 372.3077 -0.1006337 0.009898159
Moved 154.5339 299.6771 409.0898 -0.1047272 0.09441587
Ended 154.5486 299.6771 409.0898 -0.1047272 0.09441587
Began 155.0098 565 528 0.3559028 0.3676471
Stationary 155.0368 565 528 0.3559028 0.3676471
Stationary 155.0493 565 528 0.3559028 0.3676471
Stationary 155.0638 565 528 0.3559028 0.3676471
Moved 155.0781 565 539.418 0.3559028 0.3938832
Moved 155.0938 565 543.8994 0.3559028 0.4041807
Moved 155.1089 570.8612 547.512 0.3660785 0.4124816
Moved 155.1251 572 551.1523 0.3680556 0.4208462
Moved 155.143 573 555.2912 0.3697917 0.4303567
Moved 155.1607 573 557.8109 0.3697917 0.4361463
Moved 155.1756 574 557.6033 0.3715278 0.4356693
Stationary 155.1893 574 557.6033 0.3715278 0.4356693
Moved 155.2046 574 558.8102 0.3715278 0.4384427
Stationary 155.2245 574 559 0.3715278 0.4388788
Stationary 155.2386 574 559 0.3715278 0.4388788
Stationary 155.2517 574 559 0.3715278 0.4388788
Stationary 155.2647 574 559 0.3715278 0.4388788
Stationary 155.2827 574 559 0.3715278 0.4388788
Stationary 155.2956 574 559 0.3715278 0.4388788
Stationary 155.3097 574 559 0.3715278 0.4388788
Stationary 155.3244 574 559 0.3715278 0.4388788
Stationary 155.3393 574 559 0.3715278 0.4388788
Stationary 155.3544 574 559 0.3715278 0.4388788
Stationary 155.3775 574 559 0.3715278 0.4388788
Moved 155.3919 574 543.9817 0.3715278 0.4043698
Moved 155.407 574 532.9728 0.3715278 0.3790736
Moved 155.4218 559.5822 494.6788 0.3464969 0.2910819
Moved 155.4366 555.5 472.5 0.3394097 0.2401195
Stationary 155.45 555.5 472.5 0.3394097 0.2401195
Moved 155.4643 550.8113 452.3269 0.3312696 0.1937658
Moved 155.4786 548.1285 436.771 0.3266119 0.1580216
Moved 155.4944 545.7159 422.2956 0.3224235 0.1247601
Moved 155.5113 546 410.6428 0.3229167 0.09798443
Moved 155.5368 546 391.5 0.3229167 0.05399824
Moved 155.5514 546 385.617 0.3229167 0.04048025
Moved 155.5662 552.1962 379.5741 0.333674 0.02659489
Moved 155.5822 556.2756 372.4487 0.3407564 0.01022213
Moved 155.5975 558.5906 367.8189 0.3447753 -0.0004160404
Moved 155.6129 559.5 366 0.3463542 -0.004595589
Moved 155.6276 561.7045 364.2955 0.3501815 -0.008512245
Moved 155.6433 562.9059 363.0941 0.3522673 -0.01127278
Moved 155.659 564.1096 360.7809 0.3543569 -0.01658811
Stationary 155.673 564.1096 360.7809 0.3543569 -0.01658811
Moved 155.6936 565.0931 359.9069 0.3560644 -0.01859623
Moved 155.7094 565 358.5787 0.3559028 -0.0216482
Moved 155.7242 566.5 359 0.358507 -0.02068008
Stationary 155.7377 566.5 359 0.358507 -0.02068008
Stationary 155.7507 566.5 359 0.358507 -0.02068008
Stationary 155.768 566.5 359 0.358507 -0.02068008
Moved 155.7823 557.2745 359 0.3424904 -0.02068008
Moved 155.797 544.5 359 0.3203126 -0.02068008
Moved 155.8121 528.514 363.1501 0.292559 -0.01114397
Moved 155.827 510.8497 367.5929 0.2618919 -0.0009354424
Moved 155.849 492.9639 370.0048 0.2308401 0.004606598
Moved 155.8644 469.9763 376.0588 0.1909311 0.01851762
Moved 155.8796 447.3824 382.0046 0.1517055 0.03217978
Moved 155.8945 432.5 386 0.125868 0.0413603
Moved 155.9114 408.7266 392.2729 0.08459486 0.05577411
Moved 155.9264 392.6737 397.1004 0.05672522 0.06686674
Stationary 155.9421 392.6737 397.1004 0.05672522 0.06686674
Moved 155.9567 361.761 405.5598 0.003057271 0.08630462
Moved 155.9724 343.8567 410.3716 -0.02802663 0.09736121
Moved 155.9897 331 412 -0.05034723 0.101103
Moved 156.0176 296.5918 415.9606 -0.1100836 0.1102036
Moved 156.0347 281.9611 416 -0.1354842 0.1102941
Moved 156.0506 268.9366 417.3694 -0.1580961 0.1134407
Moved 156.069 255 417 -0.1822917 0.1125919
Moved 156.0851 236.6278 418.1143 -0.2141878 0.1151524
Moved 156.1008 188.0994 419.7686 -0.2984385 0.1189536
Moved 156.1163 162.5 420.5 -0.3428819 0.1206342
Ended 156.1303 162.5 420.5 -0.3428819 0.1206342
PhraseEnd 157.0305
