the five boxing wizards jump quickly
Basic
0.8 0.8
575.9999 435.2
Began 157.6929 395 462 0.06076388 0.2159927
Stationary 157.7164 395 462 0.06076388 0.2159927
Stationary 157.7298 395 462 0.06076388 0.2159927
Stationary 157.7457 395 462 0.06076388 0.2159927
Stationary 157.7627 395 462 0.06076388 0.2159927
Stationary 157.779 395 462 0.06076388 0.2159927
Stationary 157.7915 395 462 0.06076388 0.2159927
Stationary 157.8068 395 462 0.06076388 0.2159927
Stationary 157.823 395 462 0.06076388 0.2159927
Moved 157.8388 382.5652 468.4927 0.03917575 0.2309116
Moved 157.8551 378.9495 472.0337 0.03289834 0.239048
Moved 157.8721 370.3195 478.2604 0.01791582 0.2533557
Moved 157.8911 363.2473 484.1272 0.00563778 0.2668364
Moved 157.9066 357.6853 490.1434 -0.004018583 0.2806604
Moved 157.923 351.8571 497.1715 -0.01413707 0.2968096
Moved 157.9385 345.8152 501.9478 -0.02462637 0.3077846
Moved 157.9597 342.591 505.409 -0.03022395 0.3157377
Moved 157.9753 337.6566 509.0075 -0.03879055 0.3240062
Moved 157.9907 331.5 515.5 -0.04947916 0.3389246
Moved 158.0069 327.7514 517.2486 -0.05598709 0.3429427
Moved 158.025 324.0058 519.9962 -0.06248993 0.3492559
Moved 158.0402 320.3937 521.2021 -0.06876096 0.3520269
Moved 158.0626 315.396 524.604 -0.07743751 0.3598438
Moved 158.0808 314.5 525.5 -0.07899307 0.3619026
Moved 158.0951 314 526.7319 -0.0798611 0.3647332
Moved 158.1107 314 527.9338 -0.0798611 0.3674949
Moved 158.1264 314 529.1323 -0.0798611 0.3702489
Stationary 158.1411 314 529.1323 -0.0798611 0.3702489
Moved 158.1558 314 530.2766 -0.0798611 0.3728782
Moved 158.1708 332.235 530 -0.04820321 0.3722427
Moved 158.1852 353.985 509.1165 -0.01044273 0.3242567
Moved 158.2009 384.9825 479.1707 0.04337244 0.2554473
Moved 158.2218 412.3037 447.5225 0.090805 0.1827263
Moved 158.2361 442.3646 403.835 0.1429941 0.08234154
Moved 158.25 455.1155 377.7099 0.165131 0.02231135
Moved 158.2643 458.0226 367.6063 0.1701782 -0.0009046583
Moved 158.279 461.6263 355.3704 0.1764344 -0.02902017
Moved 158.2924 464.1636 346.4274 0.1808395 -0.04956933
Moved 158.3069 466.5651 339.3048 0.1850088 -0.06593557
Moved 158.3236 467.4838 335.0649 0.1866038 -0.07567806
Moved 158.338 468.5 332.5 0.1883681 -0.0815717
Moved 158.3517 468 330.723 0.1875 -0.08565497
Moved 158.3721 468 329.1603 0.1875 -0.08924555
Moved 158.3868 468 327.9566 0.1875 -0.09201141
Moved 158.402 468 326.7615 0.1875 -0.09475765
Moved 158.4167 468 325.5488 0.1875 -0.09754413
Moved 158.4312 450.4335 326 0.1570027 -0.09650743
Moved 158.4467 434.4138 326 0.1291906 -0.09650743
Moved 158.4621 416.5973 340.3026 0.09825915 -0.06364304
Moved 158.4773 401.5744 350.2926 0.07217781 -0.04068796
Moved 158.4942 380.9357 363.6298 0.03634676 -0.0100417
Moved 158.5098 362.0543 379.6434 0.003566444 0.02675407
Moved 158.5322 349.2523 393.1021 -0.01865916 0.05767932
Moved 158.547 336.5599 404.5961 -0.04069466 0.08409041
Moved 158.5624 323.4424 416.5069 -0.06346799 0.1114588
Moved 158.5765 310.1862 433.5812 -0.08648232 0.1506922
Moved 158.5909 298.4249 446.0326 -0.1069011 0.1793029
Moved 158.6059 291 457.5 -0.1197917 0.2056526
Moved 158.6214 283.6003 466.2496 -0.1326383 0.2257573
Moved 158.6362 272.1391 481.9102 -0.1525363 0.2617421
Moved 158.651 263.2147 492.7546 -0.1680301 0.2866605
Moved 158.6662 255.9521 501.2225 -0.1806387 0.306118
Moved 158.6886 248.7401 508.2599 -0.1931596 0.3222885
Moved 158.7036 240.5 516.5 -0.2074653 0.3412225
Moved 158.7176 232.5233 522.9119 -0.2213137 0.3559557
Moved 158.7319 221.1387 534.8475 -0.2410787 0.3833812
Moved 158.7487 216 540.5 -0.25 0.3963695
Stationary 158.7638 216 540.5 -0.25 0.3963695
Moved 158.7784 194.1551 554.7069 -0.2879252 0.4290141
Ended 158.794 194.1551 554.7069 -0.2879252 0.4290141
Began 158.9995 351 394 -0.01562499 0.05974269
Stationary 159.0188 351 394 -0.01562499 0.05974269
Stationary 159.0314 351 394 -0.01562499 0.05974269
Stationary 159.0445 351 394 -0.01562499 0.05974269
Stationary 159.0566 351 394 -0.01562499 0.05974269
Stationary 159.0701 351 394 -0.01562499 0.05974269
Stationary 159.0863 351 394 -0.01562499 0.05974269
Stationary 159.1015 351 394 -0.01562499 0.05974269
Stationary 159.1169 351 394 -0.01562499 0.05974269
Stationary 159.1326 351 394 -0.01562499 0.05974269
Moved 159.1502 340.0677 394 -0.03460471 0.05974269
Moved 159.1684 331.1276 388.9733 -0.05012572 0.04819229
Moved 159.184 326.293 386.0732 -0.05851917 0.04152859
Moved 159.1999 320.3498 384.87 -0.06883711 0.03876378
Moved 159.2152 315.6945 383.6736 -0.07691927 0.03601474
Moved 159.2316 309.5 382.5 -0.08767363 0.03331802
Moved 159.2464 303.3064 382 -0.09842634 0.03216912
Moved 159.2619 298.9873 382 -0.1059248 0.03216912
Moved 159.2777 295.3254 382 -0.1122822 0.03216912
Moved 159.2928 292.8225 382 -0.1166276 0.03216912
Moved 159.315 290.4038 382 -0.1208268 0.03216912
Moved 159.3302 288 382 -0.125 0.03216912
Moved 159.3441 285.5882 382 -0.1291872 0.03216912
Moved 159.3586 284.0863 382 -0.1317947 0.03216912
Moved 159.3725 281.7658 382 -0.1358233 0.03216912
Moved 159.387 280.6771 382 -0.1377134 0.03216912
Moved 159.4015 278.619 382 -0.1412864 0.03216912
Moved 159.4158 277.5499 392.151 -0.1431426 0.05549404
Moved 159.4302 277 391.3035 -0.1440972 0.05354675
Stationary 159.4436 277 391.3035 -0.1440972 0.05354675
Moved 159.4668 277 399.2478 -0.1440972 0.0718011
Moved 159.4813 289.6472 404.0589 -0.1221403 0.082856
Moved 159.496 297.2723 408.8699 -0.1089022 0.09391056
Moved 159.512 312.3977 415.3626 -0.08264289 0.1088296
Moved 159.5264 321.5 419.5 -0.06684028 0.1183364
Moved 159.5412 343.5765 428.9047 -0.02851297 0.1399463
Moved 159.5568 358.6822 434.8845 -0.00228785 0.1536867
Moved 159.5715 378.9553 445.5646 0.03290854 0.1782274
Moved 159.5916 391.1794 449.5198 0.054131 0.1873157
Moved 159.6064 407.4556 456.9344 0.08238822 0.204353
Moved 159.6279 418.3325 462.1663 0.1012717 0.2163747
Moved 159.6431 429.9666 466.9866 0.1214697 0.2274509
Moved 159.6575 439.5954 470.5983 0.1381864 0.2357497
Moved 159.6718 446.8389 474.4194 0.150762 0.24453
Moved 159.6875 454.015 478.0075 0.1632205 0.2527746
Moved 159.7043 458 480 0.1701389 0.257353
Moved 159.7204 464.9464 481.4732 0.1821987 0.2607381
Moved 159.7356 469.8521 483.9261 0.1907155 0.2663743
Moved 159.7519 473.5139 485.1713 0.1970727 0.2692356
Moved 159.7675 477.0523 486.3508 0.2032158 0.2719458
Moved 159.7903 478.5 486 0.2057292 0.2711397
Moved 159.805 479 486 0.2065972 0.2711397
Stationary 159.8189 479 486 0.2065972 0.2711397
Stationary 159.8325 479 486 0.2065972 0.2711397
Moved 159.846 479 462.3134 0.2065972 0.2167127
Stationary 159.8597 479 462.3134 0.2065972 0.2167127
Moved 159.8736 453.5 426 0.1623264 0.1332721
Moved 159.8894 438.9637 391.9275 0.1370899 0.05498045
Moved 159.9056 422.1677 359.2519 0.10793 -0.02010128
Moved 159.9217 408.6035 331.08 0.08438104 -0.08483467
Moved 159.9451 387.5317 298.7976 0.04779816 -0.1590129
Moved 159.9617 380.5768 287.6207 0.0357236 -0.1846952
Moved 159.9768 373.5624 277.4998 0.02354577 -0.2079509
Moved 159.9912 366.6763 267.9017 0.01159079 -0.2300052
Moved 160.0073 358.3332 259.3332 -0.002893731 -0.249694
Moved 160.0227 347.2671 248.2671 -0.0221058 -0.2751215
Moved 160.0385 338 240.5 -0.03819443 -0.2929688
Moved 160.0533 331.5 236.5 -0.04947916 -0.3021599
Moved 160.0724 325.8093 230.8092 -0.05935892 -0.3152362
Moved 160.0869 320.6251 226.4689 -0.06835923 -0.3252094
Moved 160.1076 316.8597 223.9065 -0.07489641 -0.3310973
Moved 160.1216 314.5128 221.5128 -0.07897087 -0.3365974
Moved 160.136 310.6367 220.5455 -0.08570024 -0.33882
Moved 160.1497 305.7289 221 -0.09422064 -0.3377758
Moved 160.1674 302.2894 221 -0.100192 -0.3377758
Moved 160.1835 296.6588 232.7505 -0.1099673 -0.3107756
Stationary 160.1985 296.6588 232.7505 -0.1099673 -0.3107756
Moved 160.2134 283.6507 263.7105 -0.1325508 -0.2396357
Moved 160.2288 268.627 309.1191 -0.1586338 -0.135296
Moved 160.2449 257.192 361.9744 -0.1784861 -0.01384553
Moved 160.2681 238.0681 476.4781 -0.2116874 0.2492603
Moved 160.2849 229.7003 526.7984 -0.2262148 0.364886
Moved 160.2998 224.0201 569.2551 -0.2360762 0.4624429
Moved 160.315 221.5 588 -0.2404514 0.5055147
Moved 160.3306 220.1783 593.9299 -0.2427459 0.5191404
Moved 160.3464 218.5418 599.6454 -0.2455871 0.5322737
Moved 160.3633 217.0599 604.7606 -0.24816 0.544027
Ended 160.3786 217 607.2759 -0.2482639 0.5498069
Began 160.822 379 287 0.03298611 -0.1861213
Stationary 160.8461 379 287 0.03298611 -0.1861213
Stationary 160.8613 379 287 0.03298611 -0.1861213
Stationary 160.8778 379 287 0.03298611 -0.1861213
Stationary 160.8916 379 287 0.03298611 -0.1861213
Stationary 160.907 379 287 0.03298611 -0.1861213
Moved 160.9335 379 271.1194 0.03298611 -0.2226117
Moved 160.948 391 273 0.05381942 -0.2182904
Moved 160.9621 389.1317 270.3024 0.05057596 -0.2244889
Moved 160.977 390.7632 267.4737 0.05340822 -0.2309888
Moved 160.9921 391.9758 266.0242 0.05551346 -0.2343193
Moved 161.0086 393.1788 263.6423 0.05760215 -0.2397924
Moved 161.025 393 262.6251 0.05729169 -0.2421299
Moved 161.0434 394 260.4196 0.05902775 -0.2471977
Moved 161.0594 394 258.4282 0.05902775 -0.2517736
Moved 161.0727 394 257.008 0.05902775 -0.2550368
Moved 161.089 394 255.0992 0.05902775 -0.2594227
Moved 161.1038 394 252.7139 0.05902775 -0.2649038
Moved 161.1191 394 251.6514 0.05902775 -0.2673452
Moved 161.1331 394 249.4481 0.05902775 -0.2724078
Moved 161.1488 394 247.3976 0.05902775 -0.2771195
Moved 161.1639 394 244.9856 0.05902775 -0.2826618
Moved 161.179 394 243.7864 0.05902775 -0.2854173
Moved 161.1991 394 242.5834 0.05902775 -0.2881815
Moved 161.2139 394 240 0.05902775 -0.2941177
Stationary 161.2285 394 239.5978 0.05902775 -0.2950418
Moved 161.2431 394 236.4999 0.05902775 -0.3021602
Moved 161.2588 394 234.0905 0.05902775 -0.3076966
Moved 161.2731 394 231.6776 0.05902775 -0.3132408
Moved 161.2882 394 230.6357 0.05902775 -0.3156348
Moved 161.3065 394 229.5 0.05902775 -0.3182445
Moved 161.322 394 230 0.05902775 -0.3170955
Stationary 161.3361 394 230 0.05902775 -0.3170955
Moved 161.3649 398.3571 262.0536 0.06659225 -0.2434429
Moved 161.3803 407.0715 287.2147 0.0817214 -0.1856281
Moved 161.3956 417 314 0.09895831 -0.1240808
Moved 161.4119 429.3069 342.716 0.1203244 -0.0580975
Moved 161.4289 437.4735 362.6839 0.1345027 -0.01221531
Moved 161.4445 443.511 377.2265 0.1449844 0.0212006
Moved 161.4609 450.8067 390.3124 0.1576506 0.05126929
Moved 161.4764 458 403.5 0.1701389 0.0815717
Moved 161.492 461.3154 410.6307 0.1758947 0.09795666
Moved 161.5072 470.5 429 0.1918403 0.1401655
Moved 161.5294 479.869 451.6725 0.208106 0.1922622
Moved 161.5456 484.6789 463.6973 0.2164565 0.2198928
Moved 161.5611 489.4626 478.3879 0.2247615 0.2536488
Moved 161.5753 492.1546 487.041 0.2294351 0.2735316
Moved 161.5902 494.567 495.4846 0.2336233 0.2929333
Moved 161.6066 496.5232 503.0927 0.2370194 0.3104154
Moved 161.6238 498.7914 510.3743 0.2409574 0.3271468
Moved 161.6384 501.1967 516.4919 0.2451333 0.3412038
Moved 161.6531 502.2616 519.7849 0.246982 0.3487704
Moved 161.6746 502 523.2061 0.2465278 0.3566317
Moved 161.6958 502 525.8593 0.2465278 0.3627281
Moved 161.7108 502 527.8241 0.2465278 0.3672429
Moved 161.7247 502 529.0269 0.2465278 0.3700067
Moved 161.7384 502 530.212 0.2465278 0.3727299
Moved 161.7554 502 531.1537 0.2465278 0.3748936
Moved 161.772 502 532.0008 0.2465278 0.3768401
Stationary 161.7858 502 532.0008 0.2465278 0.3768401
Stationary 161.8014 502 532.0008 0.2465278 0.3768401
Stationary 161.8182 502 532.0008 0.2465278 0.3768401
Stationary 161.8331 502 532.0008 0.2465278 0.3768401
Stationary 161.8564 502 532.0008 0.2465278 0.3768401
Stationary 161.8716 502 532.0008 0.2465278 0.3768401
Stationary 161.8853 502 532 0.2465278 0.3768383
Stationary 161.8997 502 532 0.2465278 0.3768383
Moved 161.9147 491.5858 532 0.2284476 0.3768383
Moved 161.9297 482.1266 510.2531 0.2120253 0.3268684
Moved 161.9452 468.5 498 0.1883681 0.2987133
Moved 161.9603 450.7378 481.9009 0.157531 0.261721
Moved 161.9754 429.3099 457.5665 0.1203297 0.2058055
Moved 161.9911 401.4407 431.6113 0.07194564 0.1461657
Moved 162.0199 368.8401 401.3024 0.01534745 0.07652203
Moved 162.0361 348.1998 388.4666 -0.02048645 0.047028
Moved 162.052 332.5 376.5 -0.04774306 0.01953132
Moved 162.0682 322.1797 368.9318 -0.06566022 0.002141069
Moved 162.0853 296.9116 351.9388 -0.1095285 -0.03690538
Moved 162.101 284.9376 344.7626 -0.1303166 -0.05339482
Moved 162.1181 274.2869 337.5246 -0.1488076 -0.07002614
Moved 162.1333 269.9173 333.938 -0.1563936 -0.0782675
Moved 162.1489 258.6295 326.8934 -0.1759905 -0.09445444
Moved 162.1654 248.2676 320.9894 -0.1939799 -0.1080205
Moved 162.1874 232 310.5 -0.2222222 -0.1321232
Moved 162.2023 227.9719 308.4125 -0.2292155 -0.1369197
Moved 162.2185 223.5495 304.9122 -0.2368931 -0.1449628
Moved 162.2348 215.3395 300.6697 -0.2511467 -0.154711
Moved 162.2497 210.5302 298.2651 -0.2594962 -0.1602363
Moved 162.2665 207.5 294.5 -0.2647569 -0.1688879
Moved 162.2823 203.766 292.844 -0.2712396 -0.172693
Moved 162.2974 201.4388 291.7194 -0.2752799 -0.1752772
Stationary 162.3118 201.4388 291.7194 -0.2752799 -0.1752772
Moved 162.3321 197.827 290.9135 -0.2815504 -0.1771289
Moved 162.3571 197 291 -0.2829861 -0.1769302
Moved 162.372 195.9001 289.9001 -0.2848957 -0.1794574
Stationary 162.3869 195.9001 289.9001 -0.2848957 -0.1794574
Stationary 162.4035 195.9001 289.9001 -0.2848957 -0.1794574
Moved 162.4235 194.8595 290 -0.2867023 -0.1792279
Stationary 162.4396 195 290 -0.2864583 -0.1792279
Stationary 162.4543 195 290 -0.2864583 -0.1792279
Stationary 162.4737 195 290 -0.2864583 -0.1792279
Stationary 162.4873 195 290 -0.2864583 -0.1792279
Stationary 162.5014 195 290 -0.2864583 -0.1792279
Moved 162.5224 195 298.8224 -0.2864583 -0.1589559
Moved 162.5383 201.0962 300.7418 -0.2758747 -0.1545455
Moved 162.5543 208.2188 306.1823 -0.2635091 -0.1420443
Moved 162.5704 216.6049 314.6049 -0.2489499 -0.122691
Moved 162.5862 227.985 325.985 -0.2291927 -0.09654186
Moved 162.6024 243.6969 339.0555 -0.201915 -0.06650835
Moved 162.6179 257.3112 351.4647 -0.1782792 -0.0379946
Moved 162.6374 306.2901 393.5344 -0.09324641 0.05867275
Moved 162.6526 331.5734 415.2057 -0.04935179 0.1084691
Moved 162.6683 345.9006 427.1268 -0.02447818 0.1358614
Moved 162.6899 375.5 454.5 0.02690971 0.1987592
Moved 162.7054 392.4996 468.2497 0.05642295 0.2303532
Moved 162.7216 406.6476 480.6796 0.08098543 0.2589146
Moved 162.737 419.9349 493.9349 0.1040537 0.2893724
Moved 162.7522 427.7128 501.7128 0.117557 0.3072446
Moved 162.7683 434.5423 507.9519 0.1294137 0.3215807
Moved 162.784 440.9763 513.9763 0.1405838 0.3354234
Moved 162.8006 445.1511 518.1511 0.1478318 0.3450162
Moved 162.8169 449.7368 522.7368 0.1557931 0.3555534
Moved 162.8321 455.6459 527.5167 0.166052 0.3665366
Moved 162.8551 463.5 535.5 0.1796875 0.3848805
Moved 162.8705 466.4929 537.4929 0.1848835 0.3894598
Moved 162.8855 467.9495 538.9495 0.1874124 0.3928068
Moved 162.9007 468 540.1581 0.1875 0.395584
Moved 162.9201 469.3535 540 0.1898499 0.3952206
Stationary 162.9344 469.3535 540 0.1898499 0.3952206
Stationary 162.9475 469 540 0.1892361 0.3952206
Stationary 162.9616 469 540 0.1892361 0.3952206
Stationary 162.9745 469 540 0.1892361 0.3952206
Moved 162.9881 469 517.0993 0.1892361 0.3425995
Moved 163.0124 456.0492 455.0329 0.1667521 0.1999837
Moved 163.0274 453.0467 433.2336 0.1615395 0.1498935
Moved 163.0423 443.8464 392.2322 0.1455668 0.05568074
Moved 163.0567 435.541 355.0108 0.1311475 -0.0298465
Moved 163.0718 418.6501 304.3267 0.101823 -0.1463082
Moved 163.0867 407.6171 273.947 0.08266859 -0.2161145
Moved 163.1017 401.7045 262.4089 0.07240362 -0.2426265
Moved 163.117 394.2419 240.1853 0.05944774 -0.2936919
Moved 163.1316 389.336 228.34 0.05093053 -0.32091
Moved 163.1465 385.3924 217.1772 0.04408405 -0.3465597
Moved 163.1712 381.7854 205.2847 0.0378219 -0.3738864
Moved 163.186 378.1692 197.0614 0.03154368 -0.3927817
Moved 163.2009 376.6696 192.0089 0.02894036 -0.4043913
Moved 163.2156 374.1691 187.3381 0.02459914 -0.4151237
Moved 163.2298 372 184.5 0.02083331 -0.4216452
Moved 163.2445 370.3577 180.5366 0.0179822 -0.4307523
Moved 163.2596 368.976 176.9281 0.01558341 -0.4390438
Moved 163.2743 367.7737 175.7737 0.01349606 -0.4416966
Moved 163.289 366.5645 174.5645 0.01139663 -0.4444752
Moved 163.3035 365.3642 172.3641 0.00931278 -0.449531
Moved 163.3247 364.5 171.5 0.007812531 -0.4515165
Moved 163.3403 361.803 172 0.003130138 -0.4503676
Moved 163.3585 357.2302 172 -0.004808679 -0.4503676
Moved 163.375 352.4404 183.399 -0.01312431 -0.424175
Moved 163.3903 344.942 196.7729 -0.02614234 -0.3934445
Moved 163.408 332.2137 231.8737 -0.0482402 -0.3127903
Moved 163.4266 325.2423 256.1519 -0.06034322 -0.257004
Moved 163.4416 316.688 285.4981 -0.07519435 -0.1895723
Moved 163.4566 310.3782 311.4871 -0.08614891 -0.1298551
Moved 163.4714 305.7254 341.9663 -0.09422674 -0.05982
Moved 163.4939 302.5 356.5 -0.09982639 -0.02642463
Moved 163.5126 298.7965 372.0793 -0.106256 0.009373358
Moved 163.5279 296.1216 386.2701 -0.1108999 0.04198106
Moved 163.5434 293.7056 398.4719 -0.1150944 0.07001811
Moved 163.5595 289.9393 411.8893 -0.1216332 0.1008485
Moved 163.5733 288 426 -0.125 0.1332721
Ended 163.5881 288 426 -0.125 0.1332721
Began 163.9228 286 515 -0.1284722 0.3377758
Stationary 163.9458 286 515 -0.1284722 0.3377758
Stationary 163.9616 286 515 -0.1284722 0.3377758
Moved 163.982 276.2817 515 -0.1453443 0.3377758
Moved 163.9986 271.5222 515 -0.1536072 0.3377758
Moved 164.0134 267 515 -0.1614583 0.3377758
Moved 164.0285 260.1152 515 -0.173411 0.3377758
Moved 164.0434 251.9592 515 -0.1875708 0.3377758
Moved 164.0582 243.4752 515 -0.2023 0.3377758
Moved 164.073 234.9956 515 -0.2170216 0.3377758
Moved 164.0879 226.6038 515 -0.2315907 0.3377758
Moved 164.1054 218.5 515 -0.2456597 0.3377758
Moved 164.1203 213.9766 515 -0.2535129 0.3377758
Moved 164.1351 209.1438 515 -0.2619031 0.3377758
Moved 164.1495 204.3198 515 -0.2702782 0.3377758
Moved 164.164 202.2545 524.6093 -0.2738638 0.3598559
Stationary 164.1778 202.2545 524.6093 -0.2738638 0.3598559
Moved 164.1958 198.0018 525.9982 -0.2812468 0.3630473
Moved 164.2106 197 526.6993 -0.2829861 0.3646584
Stationary 164.2237 197 526.6993 -0.2829861 0.3646584
Moved 164.2374 196.0984 527.9016 -0.2845514 0.367421
Moved 164.2604 196 530.3101 -0.2847222 0.3729553
Stationary 164.2747 196 530.3101 -0.2847222 0.3729553
Moved 164.2881 196 530.7187 -0.2847222 0.3738941
Stationary 164.3023 196 530.7187 -0.2847222 0.3738941
Moved 164.3152 196 531.5 -0.2847222 0.3756894
Moved 164.3301 196 531 -0.2847222 0.3745404
Stationary 164.3457 196 531 -0.2847222 0.3745404
Stationary 164.3621 196 531 -0.2847222 0.3745404
Moved 164.3761 205.8961 531 -0.2675416 0.3745404
Moved 164.3926 230.698 512.0161 -0.2244826 0.3309194
Moved 164.4162 311.7412 480.4501 -0.08378264 0.2583873
Moved 164.435 342.1573 469.8686 -0.03097683 0.2340731
Moved 164.4504 363.3757 464.0154 0.005860627 0.2206237
Moved 164.4655 406.7293 455.3793 0.08112729 0.2007796
Moved 164.4805 426.2513 455 0.1150196 0.1999081
Moved 164.4962 442.4324 455 0.1431118 0.1999081
Moved 164.5161 459.887 455 0.1734149 0.1999081
Moved 164.5314 470.7594 455 0.1922907 0.1999081
Moved 164.547 481.4977 455 0.2109335 0.1999081
Moved 164.5625 485.8236 455 0.2184438 0.1999081
Moved 164.5859 493.1538 455 0.2311698 0.1999081
Moved 164.6009 494.9203 455 0.2342367 0.1999081
Moved 164.6155 497.2577 455 0.2382945 0.1999081
Stationary 164.6295 497.2577 455 0.2382945 0.1999081
Moved 164.6467 498.2686 455 0.2400497 0.1999081
Stationary 164.6601 498.2686 455 0.2400497 0.1999081
Stationary 164.6734 498.2686 455 0.2400497 0.1999081
Stationary 164.6856 498.2686 455 0.2400497 0.1999081
Stationary 164.6993 498.2686 455 0.2400497 0.1999081
Stationary 164.7147 498.2686 455 0.2400497 0.1999081
Stationary 164.7372 498.2686 455 0.2400497 0.1999081
Stationary 164.7508 498.2686 455 0.2400497 0.1999081
Stationary 164.764 498.2686 455 0.2400497 0.1999081
Moved 164.7776 498 452.1498 0.2395833 0.1933591
Moved 164.7929 498 447.4858 0.2395833 0.1826421
Moved 164.8089 483.3177 441.3262 0.2140932 0.1684886
Moved 164.8248 473.5 432.5 0.1970486 0.1482077
Moved 164.8401 455.5 419.5 0.1657986 0.1183364
Moved 164.8593 389.9699 379.2496 0.05203114 0.02584941
Moved 164.8748 354.8017 357.6356 -0.009024777 -0.02381528
Moved 164.8976 332.5915 342.2994 -0.04758422 -0.05905468
Moved 164.9133 317.192 332.6234 -0.07431944 -0.08128812
Moved 164.9289 295.0358 317.4835 -0.1127851 -0.1160765
Moved 164.9448 280.2617 306.9463 -0.1384345 -0.1402888
Moved 164.9598 269.1192 298.3149 -0.1577792 -0.1601219
Stationary 164.9746 269.1192 298.3149 -0.1577792 -0.1601219
Moved 164.9887 245.6149 285.8074 -0.1985853 -0.1888616
Moved 165.0038 233.9095 278.5457 -0.218907 -0.2055475
Moved 165.0195 227.5 275 -0.2300347 -0.2136949
Moved 165.0346 219.1066 272.3688 -0.2446066 -0.2197407
Moved 165.0568 210.8694 268.944 -0.2589072 -0.2276102
Moved 165.0762 197.8539 264.1415 -0.2815037 -0.2386453
Moved 165.0932 192.5 262 -0.2907986 -0.2435661
Moved 165.1085 184.8933 260.1124 -0.3040048 -0.2479035
Moved 165.1243 177.1423 259.2285 -0.3174612 -0.2499346
Moved 165.1401 171.1477 259 -0.3278686 -0.2504595
Moved 165.1567 165.0298 259 -0.3384899 -0.2504595
Moved 165.172 160.4118 259 -0.3465073 -0.2504595
Moved 165.1875 156 259 -0.3541667 -0.2504595
Moved 165.2019 152.779 259 -0.3597587 -0.2504595
Moved 165.2249 148.9642 259 -0.3663817 -0.2504595
Stationary 165.2406 148.9642 259 -0.3663817 -0.2504595
Moved 165.2557 144.7508 259 -0.3736965 -0.2504595
Moved 165.2752 137.5 271.5 -0.3862848 -0.2217371
Moved 165.2906 134.7724 280.1976 -0.3910201 -0.2017517
Moved 165.3062 132.1103 293.3384 -0.3956419 -0.171557
Moved 165.3213 129.7157 314.5585 -0.3997991 -0.1227976
Moved 165.3363 128.6483 330.9242 -0.4016523 -0.08519258
Stationary 165.351 128.6483 330.9242 -0.4016523 -0.08519258
Moved 165.365 126 353 -0.40625 -0.03446691
Moved 165.3886 118.5908 410.206 -0.4191132 0.09698069
Moved 165.4043 116.1721 430.7095 -0.4233124 0.1440934
Moved 165.4211 114.8832 443.1678 -0.42555 0.1727203
Moved 165.4374 113.6745 453.9296 -0.4276485 0.1974485
Moved 165.4527 112.5 461.5 -0.4296875 0.2148438
Moved 165.4734 113 466.1842 -0.4288194 0.2256071
Moved 165.4909 113 471.7767 -0.4288194 0.2384576
Moved 165.5065 113 474.1143 -0.4288194 0.2438288
Moved 165.5222 113 477.7791 -0.4288194 0.2522497
Moved 165.5389 123.2829 481.407 -0.4109672 0.2605859
Moved 165.5606 127.0055 484.0027 -0.4045043 0.2665505
Moved 165.5771 140.3537 488.4935 -0.3813304 0.2768692
Moved 165.592 155.9919 493.3052 -0.3541808 0.2879255
Moved 165.6063 174.1808 498.1149 -0.3226028 0.2989772
Moved 165.6207 192.3759 501.4752 -0.291014 0.3066984
Moved 165.6359 204.3302 502.5773 -0.2702602 0.309231
Moved 165.6508 220.6157 506.7574 -0.2419867 0.318836
Moved 165.6701 231.5043 510.359 -0.2230827 0.3271117
Moved 165.6859 240.9437 512.9859 -0.206695 0.3331479
Moved 165.7031 248.2238 516.6119 -0.194056 0.3414795
Moved 165.7271 258.5 521 -0.1762153 0.3515625
Moved 165.7447 260.6327 522.6327 -0.1725127 0.3553141
Moved 165.7614 261.8016 523 -0.1704834 0.3561581
Moved 165.7785 263.5 524.5 -0.1675347 0.3596048
Moved 165.7943 263 524 -0.1684028 0.3584559
Stationary 165.8116 263 524 -0.1684028 0.3584559
Stationary 165.8253 263 524 -0.1684028 0.3584559
Moved 165.8403 263 525.5 -0.1684028 0.3619026
Moved 165.8598 263 525 -0.1684028 0.3607537
Stationary 165.873 263 525 -0.1684028 0.3607537
Stationary 165.8963 263 525 -0.1684028 0.3607537
Moved 165.9111 263 501.7885 -0.1684028 0.3074185
Moved 165.9263 258.3834 484.4478 -0.1764177 0.267573
Moved 165.9427 254.2862 462.7185 -0.183531 0.2176436
Moved 165.959 251.869 439.7551 -0.1877275 0.1648786
Moved 165.9748 250.7309 421.9636 -0.1897033 0.1239972
Moved 165.9906 249.5271 408.3252 -0.1917932 0.09265904
Moved 166.0064 250 396.7885 -0.1909722 0.06614994
Moved 166.0224 250 387 -0.1909722 0.04365813
Moved 166.0426 250 377.2936 -0.1909722 0.02135487
Moved 166.0679 250 365.9653 -0.1909722 -0.004675178
Moved 166.0844 248.5251 361.1006 -0.1935328 -0.01585343
Moved 166.1001 247.3289 358.9867 -0.1956096 -0.02071072
Moved 166.1171 245.2561 357.1281 -0.1992082 -0.02498143
Moved 166.1329 243.9238 354.8477 -0.2015212 -0.03022138
Moved 166.1497 240.168 352.4454 -0.2080416 -0.03574133
Moved 166.1655 237.5372 351.8457 -0.2126091 -0.03711925
Moved 166.1812 233.7944 350.5981 -0.2191069 -0.03998588
Moved 166.197 230.5 349.5 -0.2248264 -0.04250912
Moved 166.2132 226.5222 349.1741 -0.2317324 -0.04325811
Moved 166.2386 218.0531 349 -0.2464356 -0.04365802
Moved 166.2539 214.752 349 -0.2521667 -0.04365802
Moved 166.2688 210 349 -0.2604167 -0.04365802
Moved 166.2838 204.3522 349 -0.2702219 -0.04365802
Moved 166.2983 200.7155 349 -0.2765357 -0.04365802
Moved 166.3127 196.1344 349 -0.2844889 -0.04365802
Moved 166.3279 193.6561 349 -0.2887915 -0.04365802
Moved 166.3431 191.2518 349 -0.2929656 -0.04365802
Ended 166.3586 190 356 -0.2951389 -0.02757353
Began 166.8246 483 350 0.2135417 -0.0413603
Stationary 166.8446 483 350 0.2135417 -0.0413603
Stationary 166.8657 483 350 0.2135417 -0.0413603
Stationary 166.8795 483 350 0.2135417 -0.0413603
Stationary 166.8935 483 350 0.2135417 -0.0413603
Stationary 166.9071 483 350 0.2135417 -0.0413603
Stationary 166.9221 483 350 0.2135417 -0.0413603
Stationary 166.9369 483 350 0.2135417 -0.0413603
Stationary 166.9506 483 350 0.2135417 -0.0413603
Stationary 166.9667 483 350 0.2135417 -0.0413603
Stationary 166.9827 483 350 0.2135417 -0.0413603
Moved 167.0025 472.1802 350 0.1947573 -0.0413603
Moved 167.0183 470.096 350 0.1911389 -0.0413603
Moved 167.0367 467.6898 350 0.1869614 -0.0413603
Moved 167.0521 464.4488 356.8033 0.1813347 -0.02572775
Moved 167.0675 460.807 360.1287 0.1750122 -0.01808665
Moved 167.0836 458.4737 362.5263 0.1709612 -0.01257735
Moved 167.0997 456.7274 364.2726 0.1679296 -0.008564837
Moved 167.1151 454.243 366.7571 0.1636162 -0.002855904
Moved 167.1307 452 369 0.1597222 0.002297794
Moved 167.1462 449.4462 373.1075 0.1552886 0.01173609
Moved 167.1683 446.0272 379.9457 0.1493527 0.02744871
Moved 167.1839 442.4104 385.9826 0.1430736 0.04132033
Moved 167.2017 436.7926 401.2259 0.1333205 0.07634626
Moved 167.2211 435 407.5 0.1302084 0.09076291
Moved 167.2377 434.2482 415.0142 0.1289032 0.108029
Moved 167.2539 433.0389 425.6502 0.1268036 0.1324683
Moved 167.2712 433 436.7935 0.1267361 0.1580732
Moved 167.2876 433 447.6342 0.1267361 0.182983
Moved 167.3044 433 456 0.1267361 0.2022059
Moved 167.3214 433 467.1647 0.1267361 0.2278602
Moved 167.3444 433 487.1388 0.1267361 0.2737564
Moved 167.36 433 493.2969 0.1267361 0.2879065
Moved 167.3748 433 499.2832 0.1267361 0.3016618
Moved 167.3908 433 505.3125 0.1267361 0.3155159
Moved 167.4104 433 508.9988 0.1267361 0.3239863
Moved 167.4264 433 511.7326 0.1267361 0.330268
Moved 167.4417 433 514.1432 0.1267361 0.3358071
Moved 167.4566 441.9604 514 0.1422923 0.3354781
Moved 167.4717 440 514 0.1388889 0.3354781
Stationary 167.4867 440 514 0.1388889 0.3354781
Moved 167.5123 456.3479 439.1726 0.1672707 0.16354
Moved 167.5275 457 396.5966 0.1684028 0.06570915
Moved 167.5428 457 362.7964 0.1684028 -0.01195676
Moved 167.5633 447.2594 320.6884 0.151492 -0.1087124
Moved 167.582 447 283 0.1510417 -0.1953125
Moved 167.5988 447 261.5 0.1510417 -0.244715
Moved 167.6145 447 241 0.1510417 -0.2918199
Moved 167.6342 447 228.1903 0.1510417 -0.3212539
Moved 167.6513 447 213.1302 0.1510417 -0.3558588
Moved 167.6681 447 205.934 0.1510417 -0.3723944
Moved 167.6918 447 199.2445 0.1510417 -0.3877654
Moved 167.7087 447 195.0437 0.1510417 -0.397418
Moved 167.7243 447 191.4342 0.1510417 -0.4057118
Moved 167.7399 447 187.8683 0.1510417 -0.4139057
Moved 167.761 447 185.6256 0.1510417 -0.4190588
Moved 167.7769 454.6815 184 0.1643775 -0.4227941
Moved 167.7922 455.5 184 0.1657986 -0.4227941
Moved 167.8076 458.1179 184 0.1703435 -0.4227941
Moved 167.8234 470.7535 208.2316 0.1922804 -0.3671149
Moved 167.8391 478.3145 220.6819 0.2054071 -0.3385067
Moved 167.862 483.7459 233.5513 0.2148367 -0.3089355
Moved 167.879 491.1593 251.0784 0.2277071 -0.2686619
Moved 167.896 496.3333 264.2666 0.2366898 -0.238358
Moved 167.9121 516.4439 336.7383 0.271604 -0.07183286
Moved 167.9321 519.3101 351.5503 0.2765799 -0.03779804
Moved 167.9494 523.2741 369.5556 0.283462 0.003574456
Moved 167.9661 527.3524 387.5715 0.2905424 0.04497136
Moved 167.9831 531.1258 406.671 0.2970934 0.08885791
Moved 167.9999 535.9817 428.4175 0.3055238 0.1388271
Moved 168.0161 539.3597 447.2516 0.3113883 0.1821041
Moved 168.04 546.5 477.5 0.3237847 0.2516085
Moved 168.0556 549.1596 490.6384 0.3284021 0.2817977
Moved 168.073 552.7462 503.1539 0.3346287 0.3105558
Moved 168.0894 574.8104 553.3602 0.3729347 0.4259197
Ended 168.1087 574.8104 553.3602 0.3729347 0.4259197
Began 168.5477 265 445 -0.1649306 0.1769302
Stationary 168.5717 265 445 -0.1649306 0.1769302
Stationary 168.5868 265 445 -0.1649306 0.1769302
Stationary 168.603 265 445 -0.1649306 0.1769302
Stationary 168.6172 265 445 -0.1649306 0.1769302
Moved 168.6318 249.2307 445 -0.1923078 0.1769302
Moved 168.6487 242.5448 445 -0.2039154 0.1769302
Moved 168.6644 234.3207 445 -0.2181932 0.1769302
Moved 168.6824 215.6769 445 -0.2505609 0.1769302
Moved 168.7031 200.258 445 -0.2773299 0.1769302
Moved 168.7186 187 445 -0.3003472 0.1769302
Moved 168.7349 168.716 452.254 -0.3320903 0.1935984
Moved 168.7511 149.7601 460.09 -0.3649999 0.2116038
Moved 168.7691 132.9956 466.073 -0.3941048 0.2253516
Moved 168.7852 121.7891 470.6844 -0.4135606 0.2359476
Moved 168.8075 105.5 475 -0.4418403 0.245864
Moved 168.8247 98.97411 477.5129 -0.4531699 0.2516382
Moved 168.8491 94.15459 478.9614 -0.4615372 0.2549664
Moved 168.8675 90.62375 481 -0.4676671 0.2596507
Moved 168.8824 89.5 484 -0.4696181 0.2665442
Stationary 168.8969 89.5 484 -0.4696181 0.2665442
Moved 168.91 88.19659 487.2137 -0.4718809 0.2739285
Moved 168.926 86.99484 490.0103 -0.4739673 0.2803546
Moved 168.9419 87 493.6215 -0.4739583 0.2886524
Moved 168.957 87 495.1824 -0.4739583 0.292239
Moved 168.9723 87 500.2562 -0.4739583 0.3038976
Moved 168.9887 99 505 -0.453125 0.3147978
Moved 169.0158 139.0134 517.5205 -0.3836572 0.3435674
Moved 169.0318 186.4599 522.546 -0.3012848 0.3551149
Moved 169.0469 252.2787 522 -0.1870162 0.3538603
Moved 169.063 333 526.5 -0.046875 0.3642004
Moved 169.0791 403.5 529.5 0.0755208 0.3710938
Moved 169.094 443.7212 530 0.1453493 0.3722427
Moved 169.1085 464.7415 530 0.181843 0.3722427
Moved 169.1235 475.8593 530 0.2011445 0.3722427
Moved 169.1382 484.1081 530 0.2154654 0.3722427
Moved 169.1561 491.5199 530 0.2283331 0.3722427
Moved 169.1794 500.7227 530 0.2443102 0.3722427
Moved 169.1949 503.2413 530 0.2486828 0.3722427
Moved 169.2096 505.0524 530 0.2518272 0.3722427
Moved 169.2243 506.242 530 0.2538924 0.3722427
Moved 169.2393 507.4468 530 0.255984 0.3722427
Moved 169.254 508.6619 522.3381 0.2580937 0.3546371
Moved 169.2687 509.8676 522 0.2601868 0.3538603
Moved 169.2838 511.0714 520.9286 0.2622768 0.3513984
Moved 169.3025 512.275 518.4499 0.2643664 0.3457029
Moved 169.3179 513.4821 517.5179 0.266462 0.3435614
Moved 169.3396 516 516.5 0.2708333 0.3412225
Moved 169.3554 516.4463 514.1074 0.2716082 0.3357249
Moved 169.3709 517.7893 513.2107 0.2739398 0.3336643
Moved 169.3867 518.9953 512.0047 0.2760335 0.3308932
Moved 169.403 519 510.7983 0.2760417 0.328121
Moved 169.4195 519 509.5953 0.2760417 0.3253568
Moved 169.4346 519 507.7614 0.2760417 0.3211429
Moved 169.4541 500.6724 492.7618 0.244223 0.2866769
Stationary 169.4691 500.6724 492.7618 0.244223 0.2866769
Moved 169.4835 422.1509 423.2955 0.1079009 0.1270577
Moved 169.5054 370.9534 380.5657 0.01901634 0.02887334
Moved 169.521 364.5 371.5 0.007812531 0.00804235
Moved 169.5379 348.6853 352.3566 -0.01964357 -0.03594518
Moved 169.5563 336.2595 337.3114 -0.04121609 -0.07051609
Moved 169.572 323.0265 319.3088 -0.0641901 -0.1118822
Moved 169.5881 313.8752 305.3127 -0.08007788 -0.1440424
Moved 169.6081 301.3216 282.7911 -0.1018722 -0.1957924
Moved 169.6236 296.4885 273.3817 -0.110263 -0.2174135
Moved 169.6388 292.262 265.5239 -0.1176008 -0.235469
Moved 169.6539 289.767 258.301 -0.1219324 -0.2520657
Moved 169.6776 288.6804 252.4019 -0.1238188 -0.2656208
Moved 169.6928 286 243.5 -0.1284722 -0.2860754
Moved 169.7082 286 239.0698 -0.1284722 -0.296255
Moved 169.7233 286 235.191 -0.1284722 -0.3051676
Moved 169.7393 285.0884 233.1768 -0.1300549 -0.3097961
Moved 169.7584 285 230.799 -0.1302083 -0.3152598
Moved 169.7742 285 229.7032 -0.1302083 -0.3177774
Moved 169.7897 285 228.5 -0.1302083 -0.3205423
Moved 169.8068 285 227.2842 -0.1302083 -0.323336
Moved 169.8214 285 226.0803 -0.1302083 -0.3261022
Moved 169.8453 285 224.6805 -0.1302083 -0.3293186
Moved 169.8631 295.5 225 -0.1119792 -0.3285846
Moved 169.8793 296.0305 225 -0.1110582 -0.3285846
Moved 169.8937 311.0847 225 -0.08492236 -0.3285846
Moved 169.9122 327.9146 233.6097 -0.05570386 -0.3088012
Moved 169.9274 348.0386 241.3666 -0.0207663 -0.2909776
Moved 169.9424 403.7255 262.4296 0.07591226 -0.242579
Moved 169.9575 459.0012 282.7613 0.171877 -0.195861
Moved 169.9725 470.7141 290.0284 0.192212 -0.1791625
Moved 169.9879 481.8948 298.1404 0.211623 -0.1605228
Moved 170.0115 499.8282 309.9018 0.2427572 -0.1334977
Moved 170.0266 508.2839 313.5502 0.2574373 -0.1251144
Moved 170.0426 515.2897 319.9081 0.2696002 -0.1105052
Moved 170.0622 520.5 322.5 0.2786458 -0.1045496
Moved 170.0779 527.7811 327.9842 0.2912866 -0.09194809
Moved 170.0929 532.9969 332.9969 0.3003419 -0.08042981
Moved 170.1082 536.6196 336.6196 0.3066312 -0.07210578
Moved 170.1235 540.2245 341.6326 0.3128898 -0.06058687
Moved 170.1381 541.5383 342.5383 0.3151707 -0.05850561
Moved 170.1533 544 345 0.3194445 -0.05284927
Moved 170.1781 549.8822 349.9214 0.3296566 -0.04154079
Moved 170.1968 553.4912 352.3275 0.3359222 -0.03601222
Moved 170.2157 555.7401 354.7401 0.3398266 -0.0304685
Moved 170.2326 558 355.5 0.34375 -0.02872243
Moved 170.2494 559.7801 356.7801 0.3468405 -0.02578104
Moved 170.2672 561.5237 357.7618 0.3498677 -0.02352511
Moved 170.2835 563.7914 358.8957 0.3538046 -0.02091983
Moved 170.2991 567.2964 360.0988 0.3598896 -0.01815537
Moved 170.3169 573 361 0.3697917 -0.01608456
Moved 170.3362 575.4133 362 0.3739814 -0.0137867
Moved 170.3594 577.8258 362 0.3781698 -0.0137867
Moved 170.3756 580.2098 362 0.3823087 -0.0137867
Moved 170.3914 581.3207 362 0.3842374 -0.0137867
Moved 170.4076 583.4321 363.2161 0.387903 -0.0109925
Moved 170.4245 585.6754 364 0.3917975 -0.009191107
Moved 170.4405 586.5 364 0.3932292 -0.009191107
Moved 170.4566 587.0422 365.0422 0.3941705 -0.006796402
Stationary 170.4796 587.0422 365.0422 0.3941705 -0.006796402
Stationary 170.4979 587 365 0.3940972 -0.006893383
Moved 170.5126 582.0981 367.7003 0.3855869 -0.0006886791
Moved 170.5366 565.708 374.3168 0.357132 0.01451471
Moved 170.5513 546.4143 381.2067 0.3236359 0.03034641
Moved 170.5677 527.2592 387.169 0.2903805 0.04404643
Moved 170.5835 500.6856 397.5483 0.2442458 0.06789601
Moved 170.5996 478.075 406.17 0.2049913 0.08770677
Moved 170.6189 456.5041 414.1162 0.1675419 0.1059656
Moved 170.6355 434.1761 421.2602 0.128778 0.122381
Moved 170.6521 413.6615 429.7864 0.09316228 0.1419726
Moved 170.6688 405.7044 435.8245 0.07934787 0.1558467
Moved 170.6871 371.5 457 0.01996525 0.2045037
Moved 170.7107 361.8437 462.8477 0.003200918 0.2179405
Moved 170.7276 353.1765 469.8488 -0.01184642 0.2340275
Moved 170.7441 345.9198 477.0802 -0.02444472 0.2506439
Moved 170.7652 338.5 491 -0.0373264 0.2826287
Moved 170.7809 335.5 497 -0.04253473 0.2964155
Moved 170.7977 336 500.935 -0.04166667 0.3054573
Moved 170.8137 336 504.8138 -0.04166667 0.3143701
Moved 170.83 336 509.5614 -0.04166667 0.325279
Moved 170.8459 336 511.688 -0.04166667 0.3301656
Moved 170.8618 336 515.5 -0.04166667 0.3389246
Moved 170.8857 336 517.506 -0.04166667 0.3435341
Moved 170.9052 336 520.1621 -0.04166667 0.3496373
Moved 170.9215 336 521.0569 -0.04166667 0.3516934
Ended 170.9368 336 521.0569 -0.04166667 0.3516934
PhraseEnd 172.8645
