the quick brown fox jumps over the lazy dog
Basic
0.8 0.8
575.9999 230.4
Began 156.2869 328 340 -0.05555556 0.4340278
Stationary 156.3089 328 340 -0.05555556 0.4340278
Stationary 156.3242 328 340 -0.05555556 0.4340278
Stationary 156.3396 328 340 -0.05555556 0.4340278
Stationary 156.3539 328 340 -0.05555556 0.4340278
Stationary 156.3689 328 340 -0.05555556 0.4340278
Stationary 156.3847 328 340 -0.05555556 0.4340278
Stationary 156.4006 328 340 -0.05555556 0.4340278
Moved 156.4162 322.2578 340 -0.06552458 0.4340278
Moved 156.4329 316.8394 332.4379 -0.07493161 0.401206
Moved 156.4515 314 331.5 -0.0798611 0.3971354
Moved 156.4678 309.2098 328.6049 -0.08817736 0.38457
Moved 156.4842 307.3294 328 -0.09144195 0.3819445
Moved 156.4998 305.7283 326.7283 -0.09422176 0.3764249
Moved 156.5163 304.7476 327 -0.09592437 0.3776042
Moved 156.5315 302.2175 326 -0.1003169 0.3732638
Moved 156.5477 300.7772 324.7772 -0.1028173 0.3679567
Moved 156.5631 299.5 325 -0.1050347 0.3689236
Moved 156.579 298.9469 325 -0.105995 0.3689236
Moved 156.5939 298 325 -0.1076389 0.3689236
Stationary 156.6154 298 325 -0.1076389 0.3689236
Stationary 156.6298 298 325 -0.1076389 0.3689236
Stationary 156.6438 298 325 -0.1076389 0.3689236
Moved 156.6577 296.5 325 -0.110243 0.3689236
Moved 156.6725 297 323.7986 -0.109375 0.3637093
Stationary 156.6874 297 324 -0.109375 0.3645835
Stationary 156.7109 297 324 -0.109375 0.3645835
Moved 156.7455 341.8831 307.0585 -0.03145304 0.2910524
Moved 156.7612 362.3957 294.4556 0.004159213 0.2363527
Moved 156.7769 378.3264 284.0715 0.03181667 0.1912828
Moved 156.7986 392.0464 275.075 0.05563617 0.1522353
Moved 156.8143 402.6772 264.369 0.07409231 0.1057681
Moved 156.8291 411.3677 255.6323 0.08918002 0.06784864
Moved 156.8437 416.5 249 0.09809025 0.03906263
Moved 156.8587 423.8233 240.1766 0.1108044 0.0007666482
Moved 156.8736 427.8152 234.1848 0.1177347 -0.02523965
Moved 156.8892 430.6898 230.4653 0.1227253 -0.04138311
Moved 156.9039 432.2836 227.4329 0.1254924 -0.05454488
Moved 156.9187 433.7082 226.2917 0.1279657 -0.05949763
Moved 156.9373 434.5 225.5 0.1293403 -0.06293403
Moved 156.9593 434 224.5 0.1284722 -0.06727418
Moved 156.9741 434 225 0.1284722 -0.06510417
Stationary 156.9886 434 225 0.1284722 -0.06510417
Moved 157.0022 428.2862 225 0.1185525 -0.06510417
Moved 157.0175 411.0163 236.985 0.08857005 -0.013086
Moved 157.0327 369.0864 261.57 0.01577504 0.09361983
Moved 157.0491 326.5776 283.5431 -0.05802494 0.1889893
Moved 157.0668 301.544 298.2094 -0.1014861 0.252645
Moved 157.083 276.3414 309.4969 -0.1452406 0.3016362
Moved 157.0992 268.7505 312.4998 -0.1584193 0.3146694
Moved 157.1219 263.8918 315.7027 -0.1668545 0.3285709
Moved 157.1377 260.7269 318.2731 -0.1723491 0.339727
Moved 157.1525 259.4415 320.1169 -0.1745807 0.3477298
Moved 157.1694 257.994 322.0059 -0.1770937 0.3559286
Moved 157.1845 256.9143 324.1714 -0.1789683 0.3653275
Moved 157.2 257 327.65 -0.1788195 0.3804255
Ended 157.2162 256 332 -0.1805556 0.3993056
Began 157.5974 188 341 -0.2986111 0.4383681
Stationary 157.6219 188 341 -0.2986111 0.4383681
Stationary 157.6362 188 341 -0.2986111 0.4383681
Moved 157.6507 171.9173 335.2842 -0.3265325 0.4135598
Moved 157.6669 164.7491 332.7498 -0.3389774 0.4025601
Moved 157.684 151.5023 327.8755 -0.3619753 0.3814043
Moved 157.6997 144.5 325 -0.3741319 0.3689236
Moved 157.7155 138.7607 324.3521 -0.3840961 0.3661116
Moved 157.7325 131.5717 322.9144 -0.3965769 0.3598714
Moved 157.7486 124.5 321.5 -0.4088542 0.3537328
Moved 157.7648 117.1803 321 -0.4215621 0.3515625
Moved 157.781 111.427 319.6068 -0.4315504 0.3455154
Moved 157.797 107.5108 320 -0.4383492 0.3472222
Moved 157.813 104.4641 320 -0.4436387 0.3472222
Moved 157.8285 102.361 320 -0.4472899 0.3472222
Moved 157.8445 100.1468 320 -0.451134 0.3472222
Moved 157.8607 98.71007 320 -0.4536284 0.3472222
Stationary 157.8763 98.71007 320 -0.4536284 0.3472222
Moved 157.8981 97.62711 320 -0.4555086 0.3472222
Stationary 157.9136 98 320 -0.4548612 0.3472222
Stationary 157.9285 98 320 -0.4548612 0.3472222
Stationary 157.9433 98 320 -0.4548612 0.3472222
Stationary 157.9583 98 320 -0.4548612 0.3472222
Stationary 157.9728 98 320 -0.4548612 0.3472222
Stationary 157.9883 98 320 -0.4548612 0.3472222
Moved 158.0046 114.3251 320 -0.426519 0.3472222
Moved 158.0273 186.1583 328 -0.3018085 0.3819445
Moved 158.0462 224.8188 328 -0.2346896 0.3819445
Moved 158.0702 333.2031 322.0699 -0.04652247 0.3562061
Moved 158.0863 376.3962 318.8139 0.02846569 0.3420743
Moved 158.1029 403.567 318.3833 0.07563711 0.3402053
Moved 158.1388 443 318 0.1440972 0.3385417
Moved 158.155 448.8329 316.3096 0.1542238 0.3312049
Moved 158.1711 457.2263 314.9623 0.1687957 0.3253571
Moved 158.1868 461.4136 315 0.1760653 0.3255209
Moved 158.2019 466.7337 315 0.1853015 0.3255209
Moved 158.2204 469.692 313.654 0.1904375 0.3196788
Moved 158.237 473.5775 314 0.1971833 0.3211807
Moved 158.2607 480 314 0.2083334 0.3211807
Moved 158.286 487.4973 312.8342 0.2213494 0.316121
Moved 158.3006 492.3952 312 0.2298528 0.3125001
Moved 158.3176 498.1386 310.9653 0.2398241 0.3080094
Moved 158.3337 505.3532 311 0.2523494 0.3081597
Moved 158.3493 512.5309 309.0938 0.2648107 0.2998863
Moved 158.3654 519.7922 309 0.2774171 0.2994793
Moved 158.3814 523.5155 309 0.2838811 0.2994793
Moved 158.3964 529.8171 307.061 0.2948214 0.2910633
Moved 158.4119 532.7146 307 0.2998517 0.2907986
Moved 158.4341 534.7969 305.2031 0.3034669 0.2829994
Moved 158.4487 536.2332 303.7668 0.3059603 0.276766
Stationary 158.4635 536.2332 303.7668 0.3059603 0.276766
Moved 158.4788 536 301.8991 0.3055556 0.2686594
Moved 158.4958 536 297.3959 0.3055556 0.2491139
Moved 158.5115 484.2082 274.1041 0.2156392 0.1480211
Moved 158.5276 426.1346 241.3341 0.1148171 0.005790393
Moved 158.5433 376.5 214.5 0.02864584 -0.1106771
Moved 158.5586 340.3246 189.917 -0.03415875 -0.2173742
Moved 158.5745 318.268 175.1786 -0.07245142 -0.281343
Moved 158.5973 278.8107 146.6486 -0.1409537 -0.4051711
Moved 158.6134 266.1309 136.7684 -0.1629672 -0.4480538
Moved 158.6318 261.7363 134.4908 -0.1705967 -0.4579389
Moved 158.6481 258.6172 132.8086 -0.1760117 -0.4652403
Moved 158.6658 258 133 -0.1770834 -0.4644099
Stationary 158.6807 258 133 -0.1770834 -0.4644099
Stationary 158.695 258 133 -0.1770834 -0.4644099
Stationary 158.7096 258 133 -0.1770834 -0.4644099
Moved 158.7263 271.2871 141.1766 -0.1540155 -0.4289208
Moved 158.7428 298 154.5 -0.1076389 -0.3710938
Moved 158.7661 412.7782 194.8335 0.09162888 -0.1960352
Moved 158.7818 446.2446 205.7482 0.1497303 -0.1486623
Moved 158.7972 475.173 212.0345 0.1999531 -0.1213779
Moved 158.813 494 217 0.2326389 -0.09982626
Moved 158.8283 513.25 221.0625 0.266059 -0.08219402
Moved 158.8438 531.8443 225.7111 0.2983408 -0.06201798
Moved 158.8585 545.7713 228.6771 0.3225196 -0.04914443
Moved 158.8742 557.9218 231.2305 0.3436142 -0.0380622
Moved 158.8902 569 238.5 0.3628472 -0.00651055
Moved 158.906 574.9371 239.9685 0.3731547 -0.0001366933
Moved 158.9282 580.709 241.4272 0.3831754 0.006194645
Moved 158.9434 586.2608 244.1304 0.3928139 0.01792696
Moved 158.9581 590.9962 245.9988 0.4010351 0.02603637
Moved 158.9729 594.887 247.4435 0.4077899 0.03230678
Moved 158.9878 597.7531 248.8766 0.4127658 0.03852686
Moved 159.0022 600.6299 249 0.4177602 0.03906263
Moved 159.0178 601.7509 249.7509 0.4197063 0.04232142
Moved 159.0331 603.1896 250 0.4222043 0.04340278
Moved 159.0523 605.4321 250 0.4260974 0.04340278
Ended 159.0808 605.4321 250 0.4260974 0.04340278
Began 159.2761 394 182 0.05902775 -0.251736
Stationary 159.2994 394 182 0.05902775 -0.251736
Stationary 159.3146 394 182 0.05902775 -0.251736
Moved 159.3304 382.5138 182 0.03908642 -0.251736
Moved 159.3463 377.2782 177.4086 0.02999686 -0.2716642
Moved 159.3649 371.952 171.976 0.02075002 -0.2952433
Moved 159.3802 359.5 167 -0.0008680672 -0.3168403
Moved 159.3963 350.3152 163.1051 -0.01681395 -0.3337454
Moved 159.4134 343.0723 160.2289 -0.02938844 -0.3462287
Moved 159.4289 336.879 156.5273 -0.04014064 -0.3622946
Moved 159.4451 333.4835 154.7417 -0.04603561 -0.3700446
Moved 159.461 330.3021 152.3021 -0.05155888 -0.3806332
Moved 159.4776 327.7298 150.8649 -0.05602472 -0.3868712
Moved 159.4932 326.5 151 -0.05815972 -0.3862847
Moved 159.5087 326.3182 150 -0.05847533 -0.3906249
Moved 159.5255 326 148.881 -0.05902778 -0.3954817
Moved 159.5405 324.5 149 -0.06163195 -0.3949652
Stationary 159.5559 324.5 149 -0.06163195 -0.3949652
Moved 159.5763 325 149 -0.06076388 -0.3949652
Stationary 159.5913 325 149 -0.06076388 -0.3949652
Stationary 159.6048 325 149 -0.06076388 -0.3949652
Stationary 159.6185 325 149 -0.06076388 -0.3949652
Stationary 159.6333 325 149 -0.06076388 -0.3949652
Moved 159.6478 333.8146 159.0739 -0.04546069 -0.3512419
Moved 159.664 337.0511 163.7349 -0.03984179 -0.3310118
Moved 159.6808 339.1416 168.4248 -0.03621251 -0.3106564
Moved 159.7009 340.5764 172.1528 -0.03372151 -0.2944756
Moved 159.7165 341 176.035 -0.03298611 -0.2776256
Moved 159.7402 341 184.9297 -0.03298611 -0.2390205
Moved 159.7577 331.7304 193.1798 -0.04907921 -0.2032125
Moved 159.7744 324.6819 201.7817 -0.06131612 -0.1658779
Moved 159.7907 306.5768 225.2659 -0.0927486 -0.06395009
Moved 159.8059 286.8399 249.2657 -0.127014 0.04021605
Moved 159.8211 275.7258 263.699 -0.1463094 0.1028601
Moved 159.8363 267.4651 274.4019 -0.1606508 0.149314
Moved 159.8519 260.1865 287.2644 -0.1732874 0.2051407
Moved 159.8715 257.4291 292.1418 -0.1780745 0.22631
Moved 159.8867 254.562 296.6569 -0.183052 0.2459068
Moved 159.9123 250.9121 304.1757 -0.1893887 0.2785405
Moved 159.9282 249.5 308.5 -0.1918403 0.297309
Moved 159.9431 249 310.6907 -0.1927084 0.3068173
Moved 159.9628 249 314.067 -0.1927084 0.3214713
Moved 159.9828 249 318.8888 -0.1927084 0.3423993
Moved 159.9995 249 320.3243 -0.1927084 0.34863
Moved 160.0148 271.8834 325.0411 -0.1529802 0.3691021
Moved 160.0305 309.5879 331.9634 -0.08752096 0.3991469
Moved 160.046 358 331 -0.003472231 0.3949653
Moved 160.0615 410.0596 331 0.08690901 0.3949653
Moved 160.0866 472.3677 331 0.1950829 0.3949653
Moved 160.1059 537.0811 318.8699 0.3074324 0.3423175
Moved 160.1219 555.499 317.4334 0.339408 0.3360825
Moved 160.1373 574.052 314.9913 0.3716181 0.3254832
Moved 160.1524 587.1375 313.5403 0.394336 0.3191853
Moved 160.168 593.9664 314 0.4061917 0.3211807
Moved 160.1839 602.7496 314 0.4214402 0.3211807
Moved 160.1997 607.1547 314 0.429088 0.3211807
Moved 160.2148 610.6467 314 0.4351505 0.3211807
Moved 160.2304 612.2619 314 0.4379547 0.3211807
Stationary 160.2524 612 314 0.4375001 0.3211807
Stationary 160.2678 612 314 0.4375001 0.3211807
Stationary 160.2823 612 314 0.4375001 0.3211807
Moved 160.3014 594.963 314 0.4079218 0.3211807
Moved 160.3181 555.5391 314 0.3394777 0.3211807
Moved 160.3331 494.264 312.8302 0.2330972 0.3161033
Moved 160.3481 433.2517 308.9465 0.1271732 0.2992471
Moved 160.3639 377.9867 303.2551 0.03122688 0.2745447
Moved 160.3793 323.6398 290.728 -0.06312542 0.2201735
Moved 160.3946 292.867 286.9852 -0.1165503 0.2039291
Moved 160.418 233.7494 287 -0.219185 0.2039932
Moved 160.4339 216.2608 296.1812 -0.2495472 0.2438418
Moved 160.4534 201.9645 301.0178 -0.2743673 0.264834
Moved 160.4703 190.4704 305.5736 -0.2943223 0.2846077
Moved 160.4855 185.4923 308.8808 -0.3029648 0.298962
Moved 160.5008 181.6669 310.7777 -0.3096061 0.3071949
Moved 160.516 179.8653 312.1347 -0.3127339 0.3130847
Moved 160.5321 180 313.5764 -0.3125 0.3193418
Moved 160.5479 180 314.5 -0.3125 0.3233507
Moved 160.5636 180 316.4608 -0.3125 0.3318612
Moved 160.5874 233.2948 321.3313 -0.2199743 0.3530005
Moved 160.6037 269 321 -0.1579861 0.3515625
Moved 160.6198 313.6818 314.889 -0.08041359 0.3250393
Moved 160.6357 350.6919 307.4616 -0.01615986 0.2928023
Moved 160.6521 386.577 295.5692 0.04614056 0.241186
Moved 160.6681 418.0938 282.2455 0.1008574 0.1833571
Moved 160.6843 433.1532 277.4234 0.127002 0.162428
Moved 160.7009 446.8193 267.3445 0.150728 0.1186831
Moved 160.7165 456.4591 259.035 0.1674637 0.08261734
Moved 160.7317 465.5301 250.7048 0.183212 0.04646209
Moved 160.758 479.856 223.36 0.2080834 -0.07222229
Moved 160.7755 481.9011 213.6923 0.2116339 -0.114183
Moved 160.7955 483.3346 196.9852 0.2141225 -0.1866959
Moved 160.8119 483 185.5315 0.2135417 -0.2364083
Moved 160.8289 483 166.4021 0.2135417 -0.3194352
Moved 160.8445 475.2033 158.0167 0.2000058 -0.3558301
Moved 160.8607 473.7668 152.0674 0.1975119 -0.3816521
Moved 160.8766 472.3148 146.6295 0.1949909 -0.4052539
Moved 160.8912 472 142.6433 0.1944444 -0.4225551
Moved 160.9073 471 140.4493 0.1927083 -0.4320777
Moved 160.9315 470.0161 139.0161 0.1910003 -0.438298
Moved 160.9476 470 137.933 0.1909722 -0.4429992
Moved 160.9638 468.5 138 0.1883681 -0.4427084
Moved 160.979 469 137 0.1892361 -0.4470485
Ended 160.9939 469 137 0.1892361 -0.4470485
Began 161.4202 386 264 0.0451389 0.1041668
Stationary 161.4464 386 264 0.0451389 0.1041668
Stationary 161.461 386 264 0.0451389 0.1041668
Stationary 161.4742 386 264 0.0451389 0.1041668
Stationary 161.4877 386 264 0.0451389 0.1041668
Stationary 161.5082 386 264 0.0451389 0.1041668
Stationary 161.5223 386 264 0.0451389 0.1041668
Stationary 161.5354 386 264 0.0451389 0.1041668
Stationary 161.5501 386 264 0.0451389 0.1041668
Stationary 161.5647 386 264 0.0451389 0.1041668
Stationary 161.5801 386 264 0.0451389 0.1041668
Stationary 161.5952 386 264 0.0451389 0.1041668
Stationary 161.6105 386 264 0.0451389 0.1041668
Stationary 161.6263 386 264 0.0451389 0.1041668
Stationary 161.6422 386 264 0.0451389 0.1041668
Stationary 161.6569 386 264 0.0451389 0.1041668
Stationary 161.6746 386 264 0.0451389 0.1041668
Moved 161.6894 374.6397 264 0.02541624 0.1041668
Moved 161.7147 365.1053 264 0.00886336 0.1041668
Moved 161.7305 357.9969 264 -0.003477522 0.1041668
Moved 161.7459 352.5 264 -0.01302082 0.1041668
Moved 161.7624 342.4799 264 -0.03041677 0.1041668
Moved 161.778 333.7924 251.6886 -0.04549928 0.0507319
Moved 161.7943 326.1591 250.5795 -0.05875163 0.04591783
Moved 161.8143 317.5424 246.2712 -0.0737111 0.02721906
Moved 161.8294 306.5296 241.9486 -0.09283055 0.008457635
Moved 161.8454 296.1323 237.6282 -0.1108814 -0.01029439
Moved 161.8628 283.1861 233.2965 -0.1333575 -0.02909502
Moved 161.8862 278.5739 231.858 -0.1413647 -0.03533841
Moved 161.9036 274.2714 232 -0.1488344 -0.03472222
Moved 161.9192 270.9716 230.9858 -0.1545632 -0.03912396
Moved 161.9348 268.0912 231 -0.1595639 -0.0390625
Moved 161.9502 265.2114 231 -0.1645636 -0.0390625
Moved 161.9655 262.3305 231 -0.1695652 -0.0390625
Moved 161.981 260.3433 231 -0.1730151 -0.0390625
Moved 161.9958 257.2421 231 -0.1783991 -0.0390625
Moved 162.011 255.692 231 -0.1810902 -0.0390625
Moved 162.0269 256 239.7522 -0.1805556 -0.001075533
Moved 162.0501 262.7922 249.0874 -0.1687635 0.03944199
Moved 162.0665 278.625 257.3409 -0.141276 0.07526451
Moved 162.0832 302.0861 266.8534 -0.1005449 0.1165513
Moved 162.1023 372 284 0.02083331 0.1909724
Moved 162.1183 443.0964 298.8109 0.1442646 0.2552555
Moved 162.1335 498.4354 311.8926 0.2403392 0.3120339
Moved 162.1496 514.6617 316.4155 0.26851 0.3316645
Moved 162.1647 532.4492 319.5749 0.2993909 0.3453771
Moved 162.1796 546.2451 323.898 0.3233421 0.3641408
Moved 162.195 555.1979 326.7708 0.3388854 0.3766094
Moved 162.2181 572.8432 329.7108 0.3695195 0.3893699
Moved 162.2341 577.4633 331.1544 0.3775406 0.3956354
Moved 162.2496 581.1863 331.5931 0.3840041 0.3975397
Moved 162.265 583.0327 332 0.3872095 0.3993056
Moved 162.28 584.4681 332 0.3897015 0.3993056
Moved 162.2951 585.5 332 0.3914931 0.3993056
Moved 162.3093 586.5 332 0.3932292 0.3993056
Stationary 162.3229 586.5 332 0.3932292 0.3993056
Stationary 162.3373 586.5 332 0.3932292 0.3993056
Moved 162.362 586 332 0.3923612 0.3993056
Moved 162.3849 558.7685 317.6492 0.3450842 0.337019
Moved 162.4003 512.725 292.5936 0.2651475 0.2282708
Moved 162.4171 419.6019 243.9174 0.1034755 0.01700243
Moved 162.4332 385.0827 223.6497 0.04354634 -0.0709649
Moved 162.4497 365.0227 211.4354 0.008719936 -0.1239781
Moved 162.4667 341.965 198.448 -0.03131084 -0.1803472
Moved 162.4842 322.8156 187.918 -0.06455634 -0.2260504
Moved 162.5009 295.0759 175.4841 -0.1127155 -0.2800167
Moved 162.5182 274.6625 165.3312 -0.1481554 -0.3240832
Moved 162.5354 258.7544 156.1356 -0.1757737 -0.3639947
Moved 162.5603 233.8078 142.9039 -0.2190837 -0.4214238
Moved 162.5767 228.6071 141.2024 -0.2281126 -0.4288091
Moved 162.5924 225.5063 139.7532 -0.233496 -0.435099
Moved 162.6082 224.5 140 -0.2352431 -0.4340278
Moved 162.6253 225 140 -0.234375 -0.4340278
Moved 162.6447 223.8777 140 -0.2363235 -0.4340278
Stationary 162.6606 223.8777 140 -0.2363235 -0.4340278
Stationary 162.6756 224 140 -0.2361111 -0.4340278
Stationary 162.6909 224 140 -0.2361111 -0.4340278
Stationary 162.7058 224 140 -0.2361111 -0.4340278
Ended 162.7298 224 140 -0.2361111 -0.4340278
Began 163.028 512 234 0.2638889 -0.02604154
Stationary 163.0469 512 234 0.2638889 -0.02604154
Stationary 163.0615 512 234 0.2638889 -0.02604154
Stationary 163.078 512 234 0.2638889 -0.02604154
Stationary 163.0936 512 234 0.2638889 -0.02604154
Stationary 163.1174 512 234 0.2638889 -0.02604154
Moved 163.1327 501.8578 234 0.2462808 -0.02604154
Moved 163.1478 500.8228 234 0.244484 -0.02604154
Moved 163.1684 496.6645 234 0.2372648 -0.02604154
Moved 163.1844 492.6835 234 0.2303533 -0.02604154
Moved 163.2028 483.0592 234 0.2136445 -0.02604154
Moved 163.2217 477.3402 234 0.2037157 -0.02604154
Moved 163.2391 473.2854 234 0.1966761 -0.02604154
Moved 163.2552 470.1199 234 0.1911803 -0.02604154
Moved 163.2717 467.2385 224.3347 0.186178 -0.06799169
Moved 163.2886 465.184 226 0.1826112 -0.06076403
Moved 163.3052 463.7232 224.7231 0.180075 -0.0663058
Moved 163.3218 462.2738 224.2738 0.1775587 -0.06825607
Moved 163.3382 461.5 223.5 0.1762153 -0.07161459
Moved 163.3549 460.4055 223 0.1743151 -0.07378473
Moved 163.38 458.9299 221.9299 0.1717532 -0.07842913
Moved 163.3966 457.5 222 0.1692709 -0.07812487
Moved 163.4173 456.9764 222 0.1683619 -0.07812487
Stationary 163.4333 456.9764 222 0.1683619 -0.07812487
Stationary 163.4476 456.9764 222 0.1683619 -0.07812487
Stationary 163.463 456.9764 222 0.1683619 -0.07812487
Moved 163.4785 457 231.1936 0.1684028 -0.03822208
Moved 163.4943 457 235.5903 0.1684028 -0.01913919
Moved 163.5103 457 239.9951 0.1684028 -2.119276E-05
Moved 163.5268 456 246.0458 0.1666667 0.02624035
Moved 163.5522 451.7365 261.4223 0.1592647 0.09297875
Moved 163.5683 449.9318 271.4774 0.1561316 0.1366209
Moved 163.584 448.5 278.5 0.1536458 0.1671007
Moved 163.6004 445.8253 284.524 0.1490023 0.1932468
Moved 163.6166 443.9727 292.1364 0.145786 0.2262865
Moved 163.6321 443 297.8508 0.1440972 0.2510884
Moved 163.6512 442 306.0393 0.1423611 0.2866291
Moved 163.6677 441 307.7754 0.140625 0.2941641
Moved 163.6831 441 309.1949 0.140625 0.300325
Moved 163.6985 441 310.2441 0.140625 0.3048791
Stationary 163.7195 441 310.2441 0.140625 0.3048791
Stationary 163.7332 441 310 0.140625 0.3038195
Moved 163.7468 446.6523 303.7197 0.150438 0.2765611
Moved 163.7616 456.3952 284.012 0.1673529 0.1910242
Moved 163.7775 466.9447 257.166 0.1856678 0.07450542
Moved 163.7919 474.7285 230.0861 0.1991814 -0.04302926
Moved 163.8068 481.055 204.7802 0.2101649 -0.1528639
Moved 163.8227 491.1915 174.4254 0.2277631 -0.2846117
Moved 163.8384 495.5531 162.1173 0.2353352 -0.3380324
Moved 163.8569 501.3102 145.0693 0.2453303 -0.4120253
Moved 163.8801 506.3047 136.3907 0.2540012 -0.449693
Moved 163.8957 509.4262 130.1476 0.2594205 -0.4767899
Moved 163.9106 510.6521 126.6958 0.2615488 -0.4917718
Moved 163.9259 511.8343 125.1658 0.2636012 -0.4984125
Moved 163.943 513.2187 123.7813 0.2660047 -0.5044217
Moved 163.9574 514 124 0.2673611 -0.5034723
Moved 163.9725 515.1008 124 0.2692722 -0.5034723
Moved 163.988 517.5897 124 0.2735933 -0.5034723
Moved 164.0033 521.9037 139.4863 0.2810828 -0.4362573
Moved 164.0191 527.5503 153.8757 0.290886 -0.3738031
Moved 164.0422 546.5488 234.1307 0.3238694 -0.0254741
Moved 164.058 553.8162 261.9014 0.3364864 0.09505829
Moved 164.0767 559.229 276.0724 0.3458837 0.1565645
Moved 164.0921 563.7349 287.9598 0.3537065 0.2081589
Moved 164.108 568.05 297.7834 0.361198 0.2507961
Moved 164.1233 571.2345 304.469 0.3667266 0.2798135
Moved 164.1389 574 310 0.3715278 0.3038195
Moved 164.1539 577.8699 315.1165 0.3782464 0.3260266
Moved 164.1687 581.1252 321.2503 0.3838979 0.3526489
Moved 164.1839 583.5005 324.001 0.3880217 0.3645876
Moved 164.2073 586.3777 327.3777 0.3930168 0.3792436
Moved 164.2228 587 328.8126 0.3940972 0.3854712
Moved 164.2381 587 329.5 0.3940972 0.388455
Stationary 164.2529 587 329.5 0.3940972 0.388455
Moved 164.2674 587 329 0.3940972 0.3862849
Moved 164.286 570.6195 329 0.3656589 0.3862849
Moved 164.3011 531.312 320.104 0.2974166 0.3476735
Moved 164.3166 463.8985 303.6302 0.1803793 0.2761731
Moved 164.3321 395 290 0.06076388 0.2170139
Moved 164.3476 327.7934 279.1234 -0.0559143 0.1698066
Moved 164.3709 283.8301 272.6824 -0.1322394 0.1418509
Moved 164.3864 223 262.5 -0.2378472 0.09765626
Moved 164.4017 197.8254 262.0869 -0.2815531 0.09586335
Moved 164.4184 178.692 256.3668 -0.3147708 0.07103629
Moved 164.434 161.9686 253.4922 -0.3438046 0.05855998
Moved 164.449 144.6927 250.4487 -0.3737974 0.0453504
Moved 164.465 131.0128 245.5751 -0.3975473 0.02419737
Moved 164.484 118.8808 241.7202 -0.4186097 0.007466211
Moved 164.5003 116.5564 241.2782 -0.4226452 0.005547736
Moved 164.5162 114.8491 241 -0.4256093 0.004340278
Stationary 164.5376 114.8491 241 -0.4256093 0.004340278
Stationary 164.5527 115 241 -0.4253472 0.004340278
Stationary 164.5677 115 241 -0.4253472 0.004340278
Stationary 164.5817 115 241 -0.4253472 0.004340278
Ended 164.5955 115 241 -0.4253472 0.004340278
Began 165.0289 521 320 0.2795139 0.3472222
Stationary 165.0513 521 320 0.2795139 0.3472222
Stationary 165.0673 521 320 0.2795139 0.3472222
Stationary 165.0871 521 320 0.2795139 0.3472222
Stationary 165.1029 521 320 0.2795139 0.3472222
Stationary 165.1183 521 320 0.2795139 0.3472222
Stationary 165.1342 521 320 0.2795139 0.3472222
Stationary 165.1497 521 320 0.2795139 0.3472222
Moved 165.1659 528.9321 327.1389 0.293285 0.3782071
Moved 165.1824 535.9315 330.2329 0.3054367 0.391636
Moved 165.2007 543.6525 333.3262 0.3188412 0.4050618
Moved 165.2181 549.4556 336.2278 0.328916 0.4176555
Moved 165.2345 554.6474 337.0983 0.3379295 0.4214335
Moved 165.2514 558.9581 338.986 0.3454133 0.4296269
Moved 165.2678 562.2284 340.0761 0.351091 0.4343582
Moved 165.2834 563.5 340 0.3532987 0.4340278
Moved 165.3067 566.5 341 0.358507 0.4383681
Moved 165.3314 567 341 0.359375 0.4383681
Stationary 165.3477 567 341 0.359375 0.4383681
Stationary 165.3631 567 341 0.359375 0.4383681
Stationary 165.3791 567 341 0.359375 0.4383681
Stationary 165.3943 567 341 0.359375 0.4383681
Moved 165.4102 556.6566 332.0844 0.3414177 0.3996718
Moved 165.4267 548.2336 328.3401 0.3267944 0.3834208
Moved 165.4423 540.1373 323.0915 0.3127384 0.3606403
Moved 165.4585 525.8052 311.6442 0.2878563 0.3109557
Moved 165.4743 511.7026 302.6949 0.2633725 0.2721134
Moved 165.4986 487.2321 286.1508 0.220889 0.2003075
Moved 165.5206 432.0579 248.2863 0.1251006 0.03596465
Moved 165.5377 409.1572 232.6705 0.08534238 -0.03181193
Moved 165.5544 391.54 220.286 0.054757 -0.08556406
Moved 165.5726 379.5489 210.9116 0.03393904 -0.1262515
Moved 165.5899 369 203 0.01562499 -0.1605903
Moved 165.6062 360.2438 196.6829 0.0004232675 -0.1880084
Moved 165.6259 343.0135 185.2081 -0.02949037 -0.237812
Moved 165.6482 337.8898 180.8898 -0.03838576 -0.2565547
Moved 165.6656 333.5361 178.024 -0.0459443 -0.2689928
Moved 165.6893 328.2982 175.649 -0.05503792 -0.279301
Moved 165.7065 327.6947 174.6947 -0.05608555 -0.283443
Moved 165.7277 325.1413 174 -0.06051857 -0.2864582
Moved 165.7449 323.7042 172.7042 -0.06301355 -0.2920821
Moved 165.7634 321.8357 172 -0.06625742 -0.2951388
Stationary 165.7798 321.8357 172 -0.06625742 -0.2951388
Moved 165.7953 320.9857 172 -0.06773308 -0.2951388
Stationary 165.8117 321 172 -0.06770834 -0.2951388
Moved 165.827 319.4111 181.7668 -0.07046689 -0.2527481
Moved 165.8426 316.9297 187.1407 -0.07477488 -0.2294239
Moved 165.8674 315.5279 191.4163 -0.07720851 -0.210867
Moved 165.8858 303.2814 212.0934 -0.09846974 -0.1211225
Moved 165.902 281.5192 242.1611 -0.1362514 0.009379918
Moved 165.9216 260.03 268.564 -0.173559 0.1239756
Moved 165.9386 227.7994 298.5745 -0.229515 0.2542295
Moved 165.9539 215.6244 309.3756 -0.2506522 0.3011094
Moved 165.9707 204.7955 320.2045 -0.2694522 0.3481097
Moved 165.9857 198.5642 327.0447 -0.2802704 0.3777985
Moved 166.0011 194.8964 332.1554 -0.2866382 0.3999799
Moved 166.0168 192.0275 336.4588 -0.291619 0.4186582
Moved 166.0408 193 340.0241 -0.2899306 0.4341325
Moved 166.0572 193 343 -0.2899306 0.4470487
Stationary 166.0722 193 343 -0.2899306 0.4470487
Stationary 166.0863 193 343.3724 -0.2899306 0.4486649
Moved 166.1054 202.3927 343.7975 -0.2736239 0.4505102
Moved 166.1225 211.6016 345.2288 -0.2576361 0.4567224
Moved 166.1382 228 346.5 -0.2291667 0.4622397
Moved 166.1535 246.4946 346 -0.1970581 0.4600695
Moved 166.1698 262.0444 346 -0.1700618 0.4600695
Moved 166.1852 271.2016 340.8774 -0.1541638 0.4378359
Moved 166.2081 277.3535 336.9116 -0.1434835 0.4206234
Moved 166.2229 281.5 334 -0.1362847 0.4079863
Moved 166.238 283.9011 333.0494 -0.1321162 0.4038604
Moved 166.2532 285.3857 333 -0.1295388 0.4036459
Moved 166.273 287.1895 332 -0.1264072 0.3993056
Moved 166.289 287 331 -0.1267361 0.3949653
Moved 166.3039 287 330.4034 -0.1267361 0.3923758
Ended 166.3196 287 329.5 -0.1267361 0.388455
Began 166.6764 383 310 0.03993057 0.3038195
Stationary 166.7006 383 310 0.03993057 0.3038195
Stationary 166.7188 383 310 0.03993057 0.3038195
Stationary 166.7363 383 310 0.03993057 0.3038195
Stationary 166.7524 383 310 0.03993057 0.3038195
Stationary 166.768 383 310 0.03993057 0.3038195
Stationary 166.7879 383 310 0.03993057 0.3038195
Stationary 166.8033 383 310 0.03993057 0.3038195
Stationary 166.8194 383 310 0.03993057 0.3038195
Stationary 166.8351 383 310 0.03993057 0.3038195
Stationary 166.8504 383 310 0.03993057 0.3038195
Stationary 166.8668 383 310 0.03993057 0.3038195
Moved 166.8818 371.3051 300.904 0.01962699 0.2643404
Stationary 166.8979 371.3051 300.904 0.01962699 0.2643404
Moved 166.9129 374 301.6826 0.02430558 0.2677197
Moved 166.9299 374 300.4318 0.02430558 0.2622907
Moved 166.9464 374 298.9951 0.02430558 0.2560554
Moved 166.9671 374 296.1161 0.02430558 0.2435597
Moved 166.9839 374 294.6804 0.02430558 0.237328
Moved 167.0074 373 293.4189 0.02256945 0.2318528
Moved 167.0234 373 292.1082 0.02256945 0.2261643
Moved 167.0393 371.6688 292 0.02025835 0.2256946
Moved 167.0544 368.4575 290.2288 0.01468316 0.2180069
Moved 167.07 365.5867 290 0.009699166 0.2170139
Moved 167.086 361.7064 289 0.0029625 0.2126738
Moved 167.1013 358.8285 289 -0.002033934 0.2126738
Moved 167.1204 353.4975 289 -0.01128901 0.2126738
Moved 167.1408 350.9327 289 -0.01574177 0.2126738
Moved 167.1564 349.5 289 -0.01822915 0.2126738
Moved 167.1796 348.5 289 -0.01996528 0.2126738
Moved 167.1944 347.8108 289 -0.02116188 0.2126738
Stationary 167.2212 348 289 -0.02083335 0.2126738
Stationary 167.2372 348 289 -0.02083335 0.2126738
Moved 167.2523 348 296 -0.02083335 0.2430556
Moved 167.2684 348 297.1983 -0.02083335 0.2482565
Moved 167.2883 357.272 297 -0.004736111 0.247396
Moved 167.3056 375.5 297 0.02690971 0.247396
Moved 167.3255 388.6377 297 0.04971825 0.247396
Moved 167.343 398.4679 289.636 0.06678462 0.2154343
Moved 167.3673 422.637 280.1556 0.1087447 0.1742864
Moved 167.3847 431.2996 277.2335 0.123784 0.1616036
Moved 167.4005 436.4688 273.3541 0.1327584 0.144766
Moved 167.4199 442.0179 269.2366 0.1423921 0.1268949
Moved 167.4364 444.3871 267.6129 0.1465055 0.1198475
Moved 167.4539 445.8326 265.3347 0.149015 0.1099597
Moved 167.4694 447.2054 262.5891 0.1513983 0.09804302
Moved 167.4862 448 259.0651 0.1527778 0.08274808
Moved 167.5066 448 251.5 0.1527778 0.04991333
Moved 167.5227 440.2688 247.1008 0.1393556 0.03081958
Moved 167.5459 434.39 242.7925 0.1291494 0.01212014
Moved 167.5616 431.5 239.5 0.124132 -0.002170139
Moved 167.5766 419.2783 237.0619 0.1029138 -0.01275222
Moved 167.5921 404.9625 234.1925 0.07805988 -0.02520614
Moved 167.6077 393.2255 234 0.05768307 -0.02604154
Moved 167.6232 379.1338 234 0.03321841 -0.02604154
Moved 167.6387 364.373 234 0.007592068 -0.02604154
Moved 167.6561 350.5596 234 -0.01638953 -0.02604154
Moved 167.6803 332.7139 247.8574 -0.04737172 0.0341034
Moved 167.6971 324.1292 252.4354 -0.06227572 0.05397321
Moved 167.7216 302.8702 266.0927 -0.09918366 0.1132496
Moved 167.7384 292.7795 274.7604 -0.1167023 0.15087
Moved 167.7536 283.6973 285.2031 -0.1324699 0.1961939
Moved 167.7695 274.9919 294.0081 -0.1475835 0.2344101
Moved 167.7855 267.9166 299.7858 -0.159867 0.2594869
Moved 167.8014 258.1478 310.6883 -0.1768268 0.3068069
Moved 167.8179 251.9587 318.3016 -0.1875717 0.3398508
Moved 167.8334 245.1808 326.524 -0.199339 0.3755386
Moved 167.8533 238.283 332.5736 -0.2113143 0.4017953
Moved 167.8694 233.671 338.329 -0.2193211 0.4267751
Moved 167.8934 228.7871 345.3193 -0.2278001 0.4571152
Ended 167.9099 227.5 349.5 -0.2300347 0.4752606
Began 168.1894 545 272 0.3211805 0.138889
Stationary 168.2136 545 272 0.3211805 0.138889
Stationary 168.2307 545 272 0.3211805 0.138889
Stationary 168.2488 545 272 0.3211805 0.138889
Stationary 168.2638 545 272 0.3211805 0.138889
Stationary 168.2816 545 272 0.3211805 0.138889
Stationary 168.2963 545 272 0.3211805 0.138889
Moved 168.3108 558.4535 263.031 0.3445374 0.09996097
Moved 168.3276 567.7346 259.1327 0.3606504 0.0830412
Moved 168.3442 575.0302 257.5939 0.3733163 0.07636257
Moved 168.3631 583.0167 256 0.3871817 0.06944445
Moved 168.3786 589.0974 253.4513 0.3977386 0.05838236
Moved 168.3943 593.143 254 0.4047622 0.06076403
Moved 168.4101 597.4543 254 0.412247 0.06076403
Moved 168.431 600.7295 254 0.4179332 0.06076403
Moved 168.4472 602.1558 254 0.4204093 0.06076403
Moved 168.4636 603.5 254 0.4227431 0.06076403
Moved 168.4801 604.0146 254 0.4236366 0.06076403
Stationary 168.496 604.0146 254 0.4236366 0.06076403
Stationary 168.51 604 254 0.4236111 0.06076403
Stationary 168.5329 604 254 0.4236111 0.06076403
Moved 168.5476 605.1398 254 0.42559 0.06076403
Stationary 168.563 605.1398 254 0.42559 0.06076403
Stationary 168.5805 605.1398 254 0.42559 0.06076403
Stationary 168.5944 605.1398 254 0.42559 0.06076403
Stationary 168.6079 605.1398 254 0.42559 0.06076403
Stationary 168.623 605.1398 254 0.42559 0.06076403
Stationary 168.6384 605 254 0.4253472 0.06076403
Moved 168.6535 594.7516 254 0.4075548 0.06076403
Moved 168.6705 576.5 266 0.3758681 0.1128472
Moved 168.6948 458.9001 271.8612 0.1717016 0.1382865
Moved 168.7134 379.9289 271 0.03459886 0.1345486
Moved 168.7342 308.9422 271 -0.08864202 0.1345486
Moved 168.7526 235.8685 271 -0.2155061 0.1345486
Moved 168.7701 218.4314 271 -0.2457788 0.1345486
Moved 168.787 201.4453 271 -0.2752685 0.1345486
Moved 168.8051 188.0866 271 -0.2984607 0.1345486
Moved 168.8216 175.1311 271 -0.320953 0.1345486
Moved 168.8372 165.4498 271 -0.3377607 0.1345486
Moved 168.8522 158.5 271 -0.3498264 0.1345486
Moved 168.8776 148.8361 271 -0.3666041 0.1345486
Moved 168.8972 143.0468 271 -0.3766549 0.1345486
Moved 168.9145 141.1434 271 -0.3799594 0.1345486
Moved 168.9319 139.6375 271 -0.3825739 0.1345486
Moved 168.9485 139 271 -0.3836806 0.1345486
Stationary 168.9652 139 271 -0.3836806 0.1345486
Moved 168.9814 139 272.2781 -0.3836806 0.1400961
Stationary 168.9979 139 272 -0.3836806 0.138889
Stationary 169.0142 139 272 -0.3836806 0.138889
Moved 169.0289 143.8126 273 -0.3753253 0.1432292
Moved 169.0567 161.3968 268.4709 -0.3447973 0.123572
Moved 169.0732 171.0057 257.9943 -0.3281151 0.07810037
Moved 169.089 176.3981 251.5223 -0.3187534 0.05001016
Moved 169.1052 182.1735 238.4795 -0.3087265 -0.006599294
Moved 169.1216 185.956 220.2858 -0.3021596 -0.08556525
Moved 169.1376 187.4208 198.6885 -0.2996167 -0.1793035
Moved 169.1524 187 180.3063 -0.3003472 -0.2590872
Moved 169.1689 176.7369 162.6053 -0.3181651 -0.3359143
Moved 169.1857 170.3007 142.0524 -0.3293391 -0.4251197
Moved 169.2054 167.5442 133.6327 -0.3341247 -0.4616636
Moved 169.2326 166 127.8044 -0.3368056 -0.4869599
Moved 169.2496 164.5 125 -0.3394097 -0.499132
Moved 169.2662 165 124.5 -0.3385417 -0.5013021
Moved 169.2833 165 123.8014 -0.3385417 -0.5043343
Stationary 169.2996 165 123.8014 -0.3385417 -0.5043343
Stationary 169.3144 165 123.8014 -0.3385417 -0.5043343
Moved 169.3296 177.5445 124 -0.316763 -0.5034723
Moved 169.3464 187.8011 138.1437 -0.2989563 -0.4420847
Moved 169.3669 202.961 151.6918 -0.2726371 -0.3832823
Moved 169.3843 235.7215 178.1998 -0.2157612 -0.2682299
Moved 169.4083 354.5 253.5 -0.009548627 0.05859376
Moved 169.426 385.8582 269.0618 0.04489265 0.1261363
Moved 169.4428 418.8904 289.194 0.1022403 0.2135155
Moved 169.4599 432 297 0.125 0.247396
Moved 169.4766 440.7559 302.8257 0.1402012 0.2726809
Moved 169.4937 449.6682 309.8341 0.1556738 0.3030995
Moved 169.5111 451.2499 312.4999 0.1584201 0.3146698
Moved 169.5316 452.3097 313.3097 0.1602599 0.3181846
Moved 169.5487 453 314.8347 0.1614583 0.3248034
Moved 169.5685 454.2653 316.2653 0.1636551 0.3310128
Moved 169.5939 454 318.1371 0.1631945 0.3391368
Stationary 169.6101 454 318.1371 0.1631945 0.3391368
Moved 169.6252 454 319.3729 0.1631945 0.3445003
Stationary 169.6416 454 319.3729 0.1631945 0.3445003
Moved 169.6581 454 320.1642 0.1631945 0.3479351
Stationary 169.6798 454 320 0.1631945 0.3472222
Moved 169.6951 454 321.5 0.1631945 0.3537328
Moved 169.7118 445.9508 321 0.1492201 0.3515625
Stationary 169.7285 445.9508 321 0.1492201 0.3515625
Moved 169.7443 447 321 0.1510417 0.3515625
Ended 169.7686 447 321 0.1510417 0.3515625
Began 170.0682 327 235 -0.05729165 -0.02170139
Stationary 170.0958 327 235 -0.05729165 -0.02170139
Stationary 170.117 327 235 -0.05729165 -0.02170139
Moved 170.1332 315.9823 235 -0.07641967 -0.02170139
Moved 170.1496 308.3752 227.1251 -0.08962636 -0.05588055
Moved 170.1667 297.9902 224.2476 -0.1076559 -0.06836998
Moved 170.1831 289.0252 221.0094 -0.1232201 -0.08242449
Moved 170.1994 274.6946 215.2778 -0.1480996 -0.1073011
Moved 170.2157 265.9861 213.2817 -0.1632186 -0.1159646
Moved 170.2321 253.3194 210.4043 -0.1852095 -0.1284536
Moved 170.2532 230.5391 203.4521 -0.2247585 -0.1586278
Moved 170.2696 223.9327 201.7731 -0.2362279 -0.1659155
Moved 170.2856 218.9029 200.2257 -0.2449602 -0.1726314
Moved 170.3018 211.2616 197.7539 -0.2582264 -0.1833598
Moved 170.3179 206.6913 196.4229 -0.2661609 -0.1891369
Moved 170.3333 201.9471 196 -0.2743974 -0.1909722
Moved 170.3493 198.0956 195 -0.2810842 -0.1953125
Moved 170.3659 196.1055 195 -0.2845391 -0.1953125
Moved 170.3865 194.6738 195 -0.2870247 -0.1953125
Moved 170.4021 193.5 195 -0.2890625 -0.1953125
Moved 170.426 194 195 -0.2881945 -0.1953125
Stationary 170.4415 194 195 -0.2881945 -0.1953125
Moved 170.4566 207.0024 205.8044 -0.2656208 -0.1484182
Moved 170.4728 221.6818 215.4192 -0.2401357 -0.1066874
Moved 170.4899 246.5706 229.8638 -0.1969261 -0.04399406
Moved 170.5068 275 245.5 -0.1475694 0.02387153
Moved 170.5281 374.2628 280.7986 0.02476186 0.1770775
Moved 170.5461 409.2298 293.4027 0.08546837 0.2317826
Moved 170.5643 432.7408 301.4815 0.1262862 0.266847
Moved 170.5831 457.2688 308.8438 0.1688695 0.298801
Moved 170.6098 491.3759 317.2376 0.2280832 0.3352327
Moved 170.6271 500.0721 319.4604 0.2431808 0.3448805
Moved 170.6442 508.6884 322.4754 0.2581396 0.3579662
Moved 170.6609 515.9312 324.1862 0.270714 0.3653916
Moved 170.6807 527.1875 326.0469 0.2902561 0.3734674
Moved 170.697 532.4702 326.4901 0.2994274 0.3753909
Moved 170.7137 536.7786 327 0.3069072 0.3776042
Moved 170.7316 539.0251 327 0.3108076 0.3776042
Moved 170.7481 540.4711 327 0.3133179 0.3776042
Moved 170.7637 541.9017 327 0.3158017 0.3776042
Moved 170.7879 542.5 327 0.3168403 0.3776042
Stationary 170.8032 542.5 327 0.3168403 0.3776042
Moved 170.8217 543.2492 327 0.318141 0.3776042
Stationary 170.8376 543.2492 327 0.318141 0.3776042
Moved 170.8519 544.1712 327 0.3197417 0.3776042
Moved 170.8681 545.6131 327 0.322245 0.3776042
Moved 170.8838 547.0507 327 0.3247409 0.3776042
Stationary 170.8996 547.0507 327 0.3247409 0.3776042
Moved 170.9144 548.9177 327 0.3279822 0.3776042
Moved 170.9302 549.5 327 0.3289931 0.3776042
Stationary 170.9574 549.5 327 0.3289931 0.3776042
Stationary 170.9725 549.5 327 0.3289931 0.3776042
Moved 170.9878 549 327 0.328125 0.3776042
Moved 171.0033 526.9648 316.7906 0.2898695 0.3332929
Moved 171.0194 501.7154 307.3337 0.2460337 0.2922473
Moved 171.0367 394.5457 273.0471 0.05997516 0.1434336
Moved 171.0536 372.5 265 0.02170138 0.108507
Moved 171.0701 352.8385 257.4041 -0.01243316 0.07553856
Moved 171.0909 334.9401 248.4219 -0.04350685 0.03655328
Moved 171.1078 326.8598 243.9299 -0.05753507 0.01705713
Moved 171.1321 317.795 241 -0.07327259 0.004340278
Moved 171.148 317.1544 240 -0.07438481 0
Moved 171.1652 315.7156 240 -0.07688258 0
Stationary 171.1821 315.7156 240 -0.07688258 0
Moved 171.1983 314.6853 240 -0.07867135 0
Stationary 171.2145 315 240 -0.078125 0
Stationary 171.2354 315 240 -0.078125 0
Ended 171.2506 315 240 -0.078125 0
PhraseEnd 172.3982
