breathing is difficult
Basic
0.6 0.6
432 326.4
Began 847.127 431 129 0.1643519 -0.7322302
Stationary 847.1625 431 129 0.1643519 -0.7322302
Stationary 847.1907 431 129 0.1643519 -0.7322302
Stationary 847.2237 431 129 0.1643519 -0.7322302
Moved 847.2543 422.8203 139.2246 0.1454173 -0.700905
Moved 847.2847 415.0477 152.5237 0.1274252 -0.6601602
Moved 847.3141 400.9756 180.4209 0.09485086 -0.5746908
Moved 847.3439 380.666 225.7349 0.04783789 -0.4358613
Moved 847.3752 362.4971 270.7572 0.005780359 -0.2979252
Moved 847.4047 353.962 296.2987 -0.01397679 -0.219673
Moved 847.4342 334.4139 354.8174 -0.05922705 -0.04038783
Moved 847.4637 320.2339 395.9452 -0.09205128 0.08561644
Moved 847.4928 308.9727 419.0546 -0.1181188 0.1564174
Moved 847.5216 300.2574 433.571 -0.1382931 0.2008915
Moved 847.55 296.7177 438.3765 -0.1464869 0.2156142
Moved 847.5779 293.5038 443.9923 -0.1539263 0.2328196
Moved 847.6062 292.0954 447.8093 -0.1571866 0.2445137
Moved 847.6349 290.6903 452.6194 -0.1604391 0.2592506
Moved 847.6807 291 454.6154 -0.1597222 0.2653658
Moved 847.7094 291 458.0233 -0.1597222 0.2758065
Moved 847.7384 291 460.4318 -0.1597222 0.2831855
Moved 847.7669 288.1616 461 -0.1662925 0.2849264
Moved 847.7949 287.1716 461.8284 -0.1685842 0.2874645
Moved 847.8315 268.2551 462 -0.2123725 0.2879903
Moved 847.8605 237.8113 430.6105 -0.2828442 0.1918213
Moved 847.8915 214.0216 404.8238 -0.3379129 0.112818
Moved 847.9282 201.1912 386.416 -0.3676129 0.05642162
Moved 847.9575 188.0778 360.8862 -0.3979681 -0.02179492
Moved 848.0081 178.3272 340.6544 -0.4205389 -0.08377936
Moved 848.0375 177 335.2567 -0.4236111 -0.1003165
Moved 848.0656 177 333 -0.4236111 -0.1072304
Moved 848.0965 185.7152 332 -0.403437 -0.1102941
Moved 848.1256 219.3791 347.5153 -0.3255113 -0.06275934
Moved 848.155 265.0045 373.5815 -0.219897 0.01710032
Moved 848.186 302.6754 402.0809 -0.1326957 0.1044146
Moved 848.2158 344 443.5 -0.03703703 0.2313112
Moved 848.2495 357.9698 474.9213 -0.004699627 0.3275777
Moved 848.28 362.4011 490.0054 0.005558034 0.373791
Moved 848.3281 363 498.7059 0.006944438 0.4004472
Moved 848.3567 363 503.2339 0.006944438 0.4143197
Moved 848.3848 364 505.5 0.009259283 0.4212623
Moved 848.4129 364.9266 505 0.01140416 0.4197304
Stationary 848.4419 365 505 0.01157403 0.4197304
Moved 848.4702 370.0987 478.232 0.02337654 0.3377206
Moved 848.4977 386.5056 437.236 0.06135563 0.2121199
Moved 848.5259 402.4861 404.125 0.09834746 0.110677
Moved 848.5541 409 392 0.113426 0.07352946
Moved 848.5824 412.6242 390 0.1218153 0.06740196
Moved 848.6262 417.0593 390 0.1320816 0.06740196
Moved 848.6547 436.9452 411.9452 0.1781138 0.134636
Moved 848.6824 478.0804 467.7829 0.2733344 0.3057074
Moved 848.7096 494.5592 488.6883 0.3114797 0.3697558
Moved 848.7375 517.7244 517.0693 0.3651027 0.4567074
Moved 848.7647 519.5408 520.6226 0.3693075 0.4675936
Moved 848.7922 521 523.9514 0.3726852 0.4777924
Moved 848.8198 521 524 0.3726852 0.4779412
Stationary 848.8464 521 524 0.3726852 0.4779412
Moved 848.873 503.0245 488.9564 0.3310753 0.3705773
Moved 848.9172 447.8653 357.2204 0.2033919 -0.03302574
Moved 848.9467 436.4272 319.8527 0.1769149 -0.1475102
Moved 848.9744 429.4132 293.7908 0.1606788 -0.2273567
Moved 849.0026 425.5559 269.0018 0.1517498 -0.3033034
Moved 849.0308 423.3695 260.739 0.1466886 -0.3286184
Moved 849.0578 422.1674 259.1675 0.1439062 -0.333433
Moved 849.0862 417.5143 259 0.1331348 -0.333946
Moved 849.1144 398.2047 282.5906 0.0884368 -0.261671
Moved 849.1432 360.9787 352.6469 0.002265473 -0.04703775
Moved 849.1716 344.5239 388.9521 -0.03582423 0.06419168
Moved 849.2278 334.2117 411.1533 -0.0596952 0.13221
Moved 849.2589 333 417 -0.06249999 0.1501226
Ended 849.2878 333 417 -0.06249999 0.1501226
Began 849.6025 552 475 0.4444444 0.3278186
Stationary 849.6443 552 475 0.4444444 0.3278186
Moved 849.6732 545.0301 475 0.4283104 0.3278186
Moved 849.7035 533.2777 475 0.4011058 0.3278186
Moved 849.7338 523 466.5 0.3773148 0.301777
Moved 849.7628 512.8475 464.2825 0.3538137 0.2949833
Moved 849.7929 503.5075 460.7537 0.3321933 0.2841719
Moved 849.8225 492.5 456 0.306713 0.2696078
Moved 849.8521 477.5288 446.3305 0.2720574 0.2399831
Moved 849.8822 449.9428 430.2952 0.2082009 0.1908555
Moved 849.9117 416.431 409.2693 0.1306272 0.126438
Moved 849.9447 386.317 392.8381 0.06091892 0.076097
Moved 849.9748 358.5806 379.5753 -0.003285706 0.0354635
Moved 850.0048 335.9145 369.4573 -0.05575344 0.004464692
Moved 850.0353 306.1889 356.796 -0.1245627 -0.03432601
Moved 850.0666 285.5277 349.5793 -0.1723896 -0.05643573
Moved 850.0966 274.5 347.5 -0.1979167 -0.06280638
Ended 850.1479 264 347 -0.2222222 -0.06433815
Began 850.5139 356 373 -0.009259283 0.01531863
Stationary 850.5497 356 373 -0.009259283 0.01531863
Stationary 850.5769 356 373 -0.009259283 0.01531863
Moved 850.6052 344.5302 373 -0.03580968 0.01531863
Moved 850.634 333.5 373 -0.06134262 0.01531863
Moved 850.663 311.0414 373 -0.1133301 0.01531863
Moved 850.6917 294.1846 363.1846 -0.1523504 -0.01475297
Moved 850.7223 280.9537 363.1907 -0.1829776 -0.01473427
Moved 850.7526 269.9148 359.5659 -0.2085306 -0.02583962
Moved 850.7819 266.677 358.9193 -0.2160254 -0.02782083
Moved 850.8112 261 358 -0.2291666 -0.03063726
Moved 850.84 257.1616 357 -0.238052 -0.03370098
Moved 850.8698 254.6743 356 -0.2438094 -0.03676471
Moved 850.8983 252.5 355 -0.2488426 -0.03982834
Moved 850.9269 253 355 -0.2476852 -0.03982834
Moved 850.9576 265.7088 366.4379 -0.2182667 -0.004785949
Moved 850.9877 304.1219 394.0813 -0.1293474 0.07990599
Moved 851.0354 349.3321 423.9403 -0.0246943 0.1713858
Moved 851.0639 397.3697 457.7807 0.08650392 0.2750634
Moved 851.092 421.9211 472.7527 0.1433358 0.3209335
Moved 851.1234 442.5862 484.9914 0.1911718 0.3584295
Moved 851.1531 456 490.5 0.2222222 0.3753064
Moved 851.1821 458.7681 490.442 0.2286298 0.3751287
Moved 851.2109 460 491 0.2314815 0.3768382
Stationary 851.2459 460 491 0.2314815 0.3768382
Stationary 851.2737 460 491 0.2314815 0.3768382
Moved 851.3029 435.0349 460.1211 0.1736918 0.2822337
Moved 851.3501 381 405.5 0.04861106 0.1148897
Moved 851.3801 348.9705 380.7764 -0.02553125 0.03914329
Moved 851.4088 327.5588 360.5588 -0.07509534 -0.02279777
Moved 851.4385 314.1504 350.4587 -0.1061333 -0.05374179
Moved 851.469 300.7633 341.5724 -0.137122 -0.08096667
Moved 851.4985 292.3547 334.3547 -0.1565863 -0.1030799
Moved 851.5269 286.7548 330.3774 -0.1695491 -0.1152653
Moved 851.5552 285 329.5 -0.1736111 -0.1179533
Moved 851.5837 286 330 -0.1712963 -0.1164215
Stationary 851.6111 286 330 -0.1712963 -0.1164215
Moved 851.6564 333.5529 373.6125 -0.06122023 0.01719512
Moved 851.6848 375.5227 402.8369 0.03593216 0.1067305
Moved 851.7169 407.2736 422.8491 0.1094296 0.1680425
Moved 851.7444 421.4377 433.4377 0.1422169 0.2004832
Moved 851.7715 431.1722 440.8792 0.1647505 0.2232817
Moved 851.7982 434.9871 445.9871 0.1735812 0.238931
Moved 851.8252 441.8931 455.6164 0.1895673 0.2684325
Moved 851.8521 449.1434 465.1912 0.2063504 0.297767
Moved 851.879 460.2959 478.7551 0.2321663 0.3393232
Moved 851.9055 463.9705 485.2842 0.2406725 0.3593266
Moved 851.9515 472.5259 495.2629 0.2604766 0.3898988
Moved 851.9848 474.5 496 0.2650462 0.3921568
Stationary 852.0125 474.5 496 0.2650462 0.3921568
Moved 852.0464 454.355 467.9518 0.2184145 0.3062251
Moved 852.0773 418.5 418 0.1354167 0.1531863
Moved 852.1086 366.3015 344.8593 0.01458675 -0.0708969
Moved 852.1381 332.1631 299.8732 -0.06443739 -0.2087219
Moved 852.1667 322 283.5 -0.08796295 -0.2588848
Moved 852.1949 305.4765 255.6353 -0.1262119 -0.3442547
Moved 852.2231 297.8707 241.7415 -0.1438178 -0.3868215
Moved 852.2733 292.3462 235.3462 -0.156606 -0.4064149
Moved 852.3021 292 235 -0.1574074 -0.4074755
Moved 852.3314 292 256.1329 -0.1574074 -0.34273
Moved 852.3624 317.4481 296.0065 -0.09849986 -0.2205682
Moved 852.3926 373.7191 378.5704 0.03175716 0.03238472
Moved 852.4214 418.3937 445.2851 0.1351705 0.2367804
Moved 852.4512 435.6951 470.0427 0.1752202 0.3126307
Moved 852.4802 441.9034 482.8067 0.1895911 0.3517362
Moved 852.5098 444.3426 486.3426 0.1952375 0.3625692
Stationary 852.5405 444 486 0.1944444 0.3615196
Moved 852.5908 455.5094 461.5473 0.2210865 0.2866033
Moved 852.6216 479.6035 417.1666 0.2768598 0.1506331
Moved 852.6519 511.2223 358.111 0.3500516 -0.0302973
Moved 852.6823 529.0539 335.6527 0.3913284 -0.09910332
Moved 852.7119 540.4692 324.2247 0.4177527 -0.1341156
Moved 852.741 546.6882 319.1559 0.4321486 -0.1496447
Moved 852.77 548.5 317.5 0.4363426 -0.154718
Stationary 852.7975 548.5 317.5 0.4363426 -0.154718
Stationary 852.8248 548.5 317.5 0.4363426 -0.154718
Moved 852.8527 483.4068 353.7361 0.285664 -0.04370054
Moved 852.8988 389.5 413 0.06828706 0.1378676
Moved 852.9299 365.4245 434.5755 0.01255671 0.2039691
Moved 852.9605 341.5739 468.2703 -0.04265303 0.3072008
Ended 852.9945 325 492 -0.08101851 0.379902
PhraseEnd 854.0855
