the force is with you
Basic
0.8 0.8
575.9999 435.2
Began 201.9879 378 556 0.03124997 0.4319853
Stationary 202.0165 378 556 0.03124997 0.4319853
Stationary 202.034 378 556 0.03124997 0.4319853
Stationary 202.0502 378 556 0.03124997 0.4319853
Stationary 202.0671 378 556 0.03124997 0.4319853
Stationary 202.0843 378 556 0.03124997 0.4319853
Moved 202.1013 365.9716 566.9349 0.01036741 0.4571115
Moved 202.1218 362.8198 568.7868 0.004895404 0.4613668
Moved 202.1409 356.5 574.5 -0.006076396 0.4744945
Moved 202.1604 352.152 576.424 -0.01362503 0.4789155
Moved 202.1796 349.1674 578.8326 -0.01880657 0.48445
Moved 202.2068 344.4098 583.5902 -0.02706639 0.495382
Stationary 202.2256 344.4098 583.5902 -0.02706639 0.495382
Moved 202.243 341.3412 585.4392 -0.03239382 0.4996306
Moved 202.2686 338.1692 589.8308 -0.03790066 0.5097216
Moved 202.2877 336.9441 591.0559 -0.04002769 0.5125366
Moved 202.3048 337 592.2645 -0.03993057 0.5153136
Moved 202.3235 335.6876 592 -0.04220911 0.514706
Stationary 202.341 335.6876 592 -0.04220911 0.514706
Stationary 202.357 335.6876 592 -0.04220911 0.514706
Stationary 202.3728 335.6876 592 -0.04220911 0.514706
Stationary 202.3893 335.6876 592 -0.04220911 0.514706
Moved 202.4057 334.9346 592 -0.04351638 0.514706
Moved 202.4235 335 580 -0.04340276 0.4871324
Moved 202.4508 355.2035 534.519 -0.00832729 0.3826265
Moved 202.4688 365.8718 508.4245 0.01019411 0.3226666
Moved 202.486 376.838 483.0448 0.02923258 0.2643493
Moved 202.5051 389.6854 462.5244 0.05153709 0.2171975
Moved 202.5252 410.7733 431.7834 0.08814812 0.1465611
Moved 202.5434 422.26 418.814 0.1080903 0.1167601
Moved 202.562 434.364 405.4996 0.1291043 0.08616634
Moved 202.5806 442.3641 397.6359 0.1429932 0.06809716
Moved 202.6005 456.6667 383.3333 0.1678242 0.03523266
Moved 202.6184 458.9449 381.0551 0.1717793 0.02999797
Moved 202.6442 460.1479 378.7041 0.1738679 0.02459582
Moved 202.6627 460 378 0.1736111 0.02297794
Moved 202.6797 460 376.5134 0.1736111 0.01956211
Stationary 202.6958 460 376.5134 0.1736111 0.01956211
Stationary 202.712 460 376.5134 0.1736111 0.01956211
Moved 202.7293 442.3348 377 0.1429425 0.02068015
Moved 202.7465 424.9248 388.6198 0.1127167 0.04737998
Moved 202.7645 403.5 402.5 0.0755208 0.0792739
Moved 202.7844 360.4119 431.4164 0.0007151068 0.1457178
Moved 202.8021 318.5004 464.8123 -0.07204797 0.2224547
Moved 202.8286 286.565 491.3706 -0.1274914 0.2834803
Moved 202.8521 238.9461 523.8495 -0.2101631 0.3581103
Moved 202.8701 227.0877 528.7703 -0.2307505 0.3694171
Moved 202.8887 218.0129 533.4936 -0.2465055 0.3802702
Moved 202.907 211.8634 536.0546 -0.2571816 0.3861549
Moved 202.9244 206.0027 537.4993 -0.2673563 0.3894746
Ended 202.9416 206.0027 537.4993 -0.2673563 0.3894746
Began 203.2097 365 369 0.008680523 0.002297794
Stationary 203.2314 365 369 0.008680523 0.002297794
Stationary 203.2474 365 369 0.008680523 0.002297794
Stationary 203.264 365 369 0.008680523 0.002297794
Stationary 203.2803 365 369 0.008680523 0.002297794
Stationary 203.2964 365 369 0.008680523 0.002297794
Stationary 203.3125 365 369 0.008680523 0.002297794
Moved 203.3293 357.3133 364.1085 -0.004664473 -0.00894189
Moved 203.3469 350.4672 360.5869 -0.01654997 -0.01703368
Moved 203.3658 344.0215 357.5107 -0.02774041 -0.02410209
Moved 203.3836 336.806 353.903 -0.04026741 -0.03239197
Moved 203.4025 324.7989 350.1196 -0.06111309 -0.04108563
Moved 203.4204 319.4282 350 -0.07043724 -0.0413603
Moved 203.4375 313.7701 349.154 -0.08026027 -0.04330425
Moved 203.4546 309.8629 349 -0.08704361 -0.04365802
Moved 203.473 306.2005 349 -0.09340198 -0.04365802
Moved 203.4993 299.8961 349 -0.104347 -0.04365802
Moved 203.5181 296.5 349 -0.110243 -0.04365802
Moved 203.5362 292.4585 349 -0.1172595 -0.04365802
Moved 203.5538 290.0539 349 -0.1214341 -0.04365802
Moved 203.5713 286.211 357.3945 -0.128106 -0.02436919
Moved 203.5883 287 360 -0.1267361 -0.01838236
Moved 203.6051 285.5 360.5 -0.1293403 -0.01723346
Moved 203.6225 286 364.167 -0.1284722 -0.008807464
Moved 203.6393 286 368.7211 -0.1284722 0.001657009
Moved 203.6558 296.1967 373.5319 -0.1107695 0.01271108
Moved 203.6813 317 385.5 -0.07465278 0.0402114
Moved 203.698 365.0986 398.4612 0.008851662 0.06999356
Moved 203.7146 414.8233 410.4818 0.09517938 0.09761436
Moved 203.7308 459.5261 419.0455 0.1727883 0.117292
Moved 203.7474 474.9164 423.2291 0.1995077 0.126905
Moved 203.7639 490.4002 426.7847 0.2263893 0.1350751
Moved 203.7805 503.5829 429.9166 0.2492758 0.1422715
Moved 203.7971 514.2673 432.3168 0.2678252 0.1477868
Moved 203.8135 522.1695 435.5848 0.2815443 0.155296
Moved 203.8297 528.3199 439.192 0.2922221 0.1635845
Moved 203.8595 535.4312 441.4771 0.3045681 0.1688351
Moved 203.876 537 444 0.3072917 0.1746324
Moved 203.8923 539.8848 445.8848 0.3123 0.1789633
Moved 203.9082 543.4919 448.6613 0.3185623 0.185343
Moved 203.9247 546.0611 451.0611 0.3230228 0.1908573
Moved 203.9405 547.2424 453.4849 0.3250737 0.1964267
Moved 203.9574 548 455.65 0.326389 0.2014016
Moved 203.9736 548 456.8552 0.326389 0.2041709
Moved 203.9899 548 459.1051 0.326389 0.2093408
Stationary 204.0088 548 459.1051 0.326389 0.2093408
Moved 204.0354 511.1056 470.1683 0.2623361 0.2347618
Moved 204.0527 498.5 473.5 0.2404514 0.2424173
Moved 204.0697 478.9987 479.1432 0.2065949 0.2553844
Moved 204.0869 458.1217 486.9527 0.1703502 0.2733289
Moved 204.1071 430.4827 495.3748 0.1223659 0.2926812
Moved 204.1269 387 512.5 0.04687503 0.3320313
Moved 204.1445 376.6488 514.5289 0.02890423 0.3366933
Moved 204.1619 355.5296 518.4117 -0.007761046 0.3456153
Moved 204.1802 341.0989 519.9084 -0.03281441 0.3490544
Moved 204.1972 330.003 521.1108 -0.05207811 0.351817
Moved 204.2234 311 521 -0.08506946 0.3515625
Moved 204.2403 299.5509 521 -0.1049463 0.3515625
Moved 204.2572 290.5121 514.5121 -0.1206388 0.3366547
Moved 204.2737 284.6909 512.2303 -0.130745 0.3314116
Moved 204.291 280.8103 509.8735 -0.1374821 0.3259962
Moved 204.3074 275.9367 506.2025 -0.1459433 0.3175609
Moved 204.3243 272.5774 502.5775 -0.1517753 0.3092313
Moved 204.3417 263.7458 480.9887 -0.167108 0.2596248
Moved 204.3585 258.6708 464.9301 -0.1759188 0.2227253
Moved 204.3754 252.5599 422.207 -0.186528 0.1245566
Moved 204.4015 251.0293 388.9243 -0.1891853 0.04807964
Moved 204.4203 264 319.5 -0.1666667 -0.111443
Moved 204.4374 268.9807 298.8732 -0.1580196 -0.1588392
Moved 204.454 274.95 278.1699 -0.1476562 -0.206411
Moved 204.4761 284.686 256.2065 -0.1307535 -0.2568785
Moved 204.4931 288.6531 245.8672 -0.1238661 -0.2806361
Moved 204.5108 295.6213 220.3254 -0.1117686 -0.3393258
Moved 204.5286 297.6339 214.9152 -0.1082744 -0.3517574
Moved 204.5459 298.9707 210.1173 -0.1059537 -0.3627819
Moved 204.5637 299 207.6576 -0.1059028 -0.3684339
Moved 204.59 299 205.2522 -0.1059028 -0.373961
Moved 204.6069 299 206 -0.1059028 -0.3722427
Stationary 204.6239 299 206 -0.1059028 -0.3722427
Stationary 204.6401 299 206 -0.1059028 -0.3722427
Stationary 204.6563 299 206 -0.1059028 -0.3722427
Moved 204.672 288.9939 226.0123 -0.1232745 -0.3262584
Moved 204.689 282 246 -0.1354167 -0.2803309
Moved 204.7063 275.3424 282.9457 -0.146975 -0.1954371
Moved 204.7238 268.3834 321.8913 -0.1590566 -0.1059483
Moved 204.7408 265.723 351.3243 -0.1636754 -0.03831737
Moved 204.7671 264 437.5 -0.1666667 0.1596967
Moved 204.7843 264 476.6927 -0.1666667 0.2497535
Moved 204.8015 264 496.3829 -0.1666667 0.2949975
Moved 204.8188 264 517.0824 -0.1666667 0.3425607
Moved 204.8345 274.5037 556.7775 -0.1484311 0.4337718
Moved 204.8514 276.9157 574.8679 -0.1442436 0.4753398
Moved 204.8677 291 614.5 -0.1197917 0.5664063
Ended 204.8844 291 614.5 -0.1197917 0.5664063
Began 205.4889 498 455 0.2395833 0.1999081
Stationary 205.516 498 455 0.2395833 0.1999081
Stationary 205.5342 498 455 0.2395833 0.1999081
Stationary 205.5633 498 455 0.2395833 0.1999081
Stationary 205.5811 498 455 0.2395833 0.1999081
Stationary 205.5977 498 455 0.2395833 0.1999081
Stationary 205.6138 498 455 0.2395833 0.1999081
Stationary 205.631 498 455 0.2395833 0.1999081
Moved 205.6469 482.1786 455 0.2121156 0.1999081
Moved 205.6646 477.5172 455 0.2040228 0.1999081
Moved 205.6819 472.126 459.0236 0.1946632 0.2091534
Moved 205.6995 463.1066 463.9733 0.1790046 0.2205269
Moved 205.7163 457.1169 465.1766 0.1686057 0.2232919
Moved 205.7398 452.4662 465 0.1605316 0.2228861
Moved 205.7593 446.5 466.5 0.1501736 0.2263328
Moved 205.7786 437.8887 467.7038 0.1352234 0.2290988
Moved 205.7957 433.3563 468 0.1273547 0.2297794
Moved 205.8146 427.4789 468 0.1171509 0.2297794
Moved 205.8338 422.7848 468 0.1090014 0.2297794
Moved 205.8538 406.6409 469 0.08097381 0.2320773
Moved 205.8722 395.7854 469 0.06212742 0.2320773
Moved 205.8899 383.4655 469 0.04073874 0.2320773
Moved 205.9097 354.5602 453.1693 -0.009444132 0.1957016
Moved 205.9399 324.4619 436.7695 -0.06169807 0.1580181
Moved 205.9598 285.6064 408.3593 -0.1291556 0.09273729
Moved 205.9786 273.1809 398.3447 -0.1507276 0.06972598
Moved 205.9975 261.2404 387.5164 -0.1714577 0.04484458
Moved 206.0158 247.7065 376.6689 -0.1949541 0.01991945
Moved 206.0388 227 358 -0.2309028 -0.02297794
Moved 206.0555 220.3056 351.1191 -0.242525 -0.03878888
Moved 206.073 213.9067 343.8881 -0.2536342 -0.05540428
Moved 206.0914 206.7252 339.1501 -0.2661022 -0.06629117
Moved 206.109 199.5062 332.9218 -0.2786351 -0.08060239
Moved 206.1363 184.2448 320.8892 -0.3051305 -0.1082509
Moved 206.1536 178.304 316.0867 -0.3154445 -0.1192862
Ended 206.1702 177 315 -0.3177083 -0.1217831
Began 206.481 346 524 -0.02430554 0.3584559
Stationary 206.5007 346 524 -0.02430554 0.3584559
Stationary 206.5172 346 524 -0.02430554 0.3584559
Stationary 206.5327 346 524 -0.02430554 0.3584559
Stationary 206.5487 346 524 -0.02430554 0.3584559
Moved 206.5657 333.6055 524 -0.04582379 0.3584559
Moved 206.5825 325.7818 524 -0.05940654 0.3584559
Moved 206.5999 317.5 524 -0.07378475 0.3584559
Moved 206.6172 310.5 524 -0.08593749 0.3584559
Moved 206.6364 294.9322 519.0525 -0.112965 0.3470876
Moved 206.6561 268.8696 512.6609 -0.1582126 0.332401
Moved 206.6749 250.22 507.7253 -0.1905902 0.3210601
Moved 206.6932 240 504.5 -0.2083333 0.3136489
Moved 206.712 227.7285 501.8185 -0.229638 0.3074875
Moved 206.7311 209.123 494.5615 -0.2619393 0.2908122
Moved 206.7527 202.6649 492.9042 -0.2731512 0.2870043
Moved 206.7705 195.4488 490.4829 -0.2856792 0.2814405
Moved 206.7985 185.3882 486.6941 -0.3031454 0.2727347
Moved 206.8181 180.4826 484.2413 -0.3116622 0.2670987
Moved 206.8367 175.6508 482.9127 -0.3200506 0.2640458
Moved 206.8556 166.0237 478.0118 -0.3367645 0.2527846
Moved 206.8739 163.5 477.5 -0.3411459 0.2516085
Moved 206.8909 159.0539 475.3513 -0.3488648 0.2466713
Moved 206.9078 154.607 474.1517 -0.3565851 0.2439149
Moved 206.9257 150.8564 474 -0.3630965 0.2435662
Moved 206.943 147.2458 472.7486 -0.3693649 0.2406908
Moved 206.9611 145.0925 473 -0.3731033 0.2412684
Moved 206.9874 143.5 473 -0.3758681 0.2412684
Moved 207.0044 144 473 -0.375 0.2412684
Stationary 207.0214 144 473 -0.375 0.2412684
Moved 207.0384 159.1963 483.8545 -0.3486176 0.2662098
Moved 207.0592 221.5 496 -0.2404514 0.2941177
Moved 207.0775 248.2056 493 -0.1940874 0.2872243
Moved 207.1021 316.0006 494.2069 -0.07638779 0.2899975
Moved 207.1244 350.7627 494 -0.01603693 0.2895221
Moved 207.1476 408.5456 494 0.08428053 0.2895221
Moved 207.1663 446.2332 494 0.1497105 0.2895221
Moved 207.1957 478.1966 495 0.2052025 0.2918199
Moved 207.215 490.136 495 0.2259305 0.2918199
Moved 207.2323 502 496.5 0.2465278 0.2952666
Moved 207.25 509.0422 497.7203 0.2587538 0.2980707
Moved 207.2669 517.4294 498 0.273315 0.2987133
Moved 207.2842 522.4128 498 0.2819666 0.2987133
Moved 207.302 531.7623 499.2541 0.2981984 0.3015949
Moved 207.3196 535.3894 499 0.3044955 0.3010111
Moved 207.3368 535.666 499 0.3049756 0.3010111
Stationary 207.3561 536 499 0.3055556 0.3010111
Stationary 207.3932 536 499 0.3055556 0.3010111
Moved 207.4109 521.7223 499 0.2807679 0.3010111
Moved 207.4284 511.5 503.5 0.2630208 0.3113511
Moved 207.4469 492.863 506.3865 0.2306649 0.3179838
Moved 207.4643 474.05 510.9875 0.1980034 0.3285558
Moved 207.4827 448.8167 516.996 0.1541957 0.3423622
Moved 207.5033 410.7071 525.2155 0.08803308 0.3612489
Moved 207.5209 396.1836 527.636 0.06281868 0.3668108
Moved 207.5388 385.8822 528 0.04493445 0.3676471
Moved 207.5607 375.3483 528 0.02664633 0.3676471
Moved 207.603 355.5 528 -0.007812493 0.3676471
Moved 207.6215 352.4547 528 -0.0130995 0.3676471
Moved 207.6389 350.0484 528 -0.01727708 0.3676471
Moved 207.6564 346.6242 528 -0.02322193 0.3676471
Moved 207.6745 345.7645 528 -0.02471444 0.3676471
Moved 207.6925 344.5 528 -0.02690971 0.3676471
Moved 207.7105 344 515.4449 -0.02777778 0.3387982
Moved 207.7285 344 499.3251 -0.02777778 0.3017582
Moved 207.7475 344 460.1541 -0.02777778 0.2117512
Moved 207.7653 360.5 433.5 0.0008680672 0.1505055
Moved 207.7937 370.5 399 0.01822919 0.07123166
Moved 207.8119 378.6677 376.8549 0.03240928 0.02034664
Moved 207.8299 387.1856 359.6288 0.04719727 -0.01923526
Moved 207.8494 394.373 346.4828 0.05967535 -0.04944213
Moved 207.8689 398.7402 336.0846 0.06725721 -0.07333504
Moved 207.8864 404.8835 325.8608 0.07792279 -0.09682719
Moved 207.909 412.0663 315.9005 0.09039298 -0.1197139
Ended 207.9271 414.4753 313.5247 0.09457521 -0.1251731
Began 208.2168 444 432 0.1458333 0.1470589
Stationary 208.2415 444 432 0.1458333 0.1470589
Stationary 208.2578 444 432 0.1458333 0.1470589
Stationary 208.2737 444 432 0.1458333 0.1470589
Stationary 208.2895 444 432 0.1458333 0.1470589
Moved 208.306 444 444.1688 0.1458333 0.1750203
Moved 208.3233 435.5347 450.6632 0.1311367 0.1899431
Moved 208.3415 432.1964 456.6726 0.125341 0.2037514
Moved 208.3596 429.3631 462.2738 0.120422 0.2166218
Moved 208.3773 422.7722 472.3417 0.1089795 0.2397558
Moved 208.3965 410.7488 491.1516 0.08810565 0.2829771
Moved 208.4147 405.3928 500.259 0.07880696 0.303904
Moved 208.4326 400.5805 506.2743 0.07045232 0.3177259
Moved 208.4578 393.3885 515.9172 0.05796619 0.3398834
Moved 208.4749 389.5 521 0.05121529 0.3515625
Moved 208.4923 389.6309 521.7383 0.05144246 0.3532589
Moved 208.5134 387 524 0.04687503 0.3584559
Moved 208.5306 387 524.8617 0.04687503 0.3604359
Moved 208.5478 385.9335 526.0665 0.04502342 0.3632042
Moved 208.5666 385 527 0.04340276 0.3653493
Stationary 208.5834 385 527 0.04340276 0.3653493
Moved 208.6 385 528.3113 0.04340276 0.3683625
Stationary 208.6163 385 528.3113 0.04340276 0.3683625
Moved 208.6423 385 529.047 0.04340276 0.370053
Stationary 208.6595 385 529.047 0.04340276 0.370053
Stationary 208.6751 385 529.047 0.04340276 0.370053
Moved 208.6915 394.0067 529 0.0590393 0.3699449
Moved 208.7074 406.2152 529 0.08023471 0.3699449
Moved 208.7246 425.4419 529 0.1136144 0.3699449
Moved 208.7417 443.281 519.0688 0.144585 0.3471251
Moved 208.7592 461.8301 517.034 0.1767883 0.3424495
Moved 208.776 500.5 507.5 0.2439236 0.3205423
Moved 208.7934 518.7154 503.8212 0.2755476 0.3120891
Moved 208.8242 545.3461 499.8654 0.3217813 0.3029996
Moved 208.8456 566.5 499 0.358507 0.3010111
Moved 208.8663 573.151 499 0.3700538 0.3010111
Moved 208.8852 577.9403 499 0.3783686 0.3010111
Moved 208.9043 589.2912 509.2184 0.398075 0.3244909
Moved 208.9228 596.6658 514.1105 0.4108781 0.335732
Moved 208.9406 600.9713 517.4785 0.418353 0.3434709
Moved 208.9643 604.0757 521.0757 0.4237426 0.3517366
Moved 208.9868 607 525.0984 0.4288194 0.3609798
Moved 209.0114 608.2957 526.2957 0.431069 0.363731
Moved 209.051 608 527 0.4305556 0.3653493
Stationary 209.0709 608 527 0.4305556 0.3653493
Moved 209.09 589.5291 527 0.3984881 0.3653493
Moved 209.1107 581.0837 527 0.3838258 0.3653493
Moved 209.1294 567.5708 527 0.360366 0.3653493
Moved 209.1479 555.1678 527 0.338833 0.3653493
Moved 209.1706 514.4777 527 0.2681904 0.3653493
Moved 209.1894 497.5739 527 0.2388436 0.3653493
Moved 209.2126 458.5 511 0.1710069 0.3285846
Moved 209.2313 448.9698 509.4377 0.1544616 0.3249948
Moved 209.2597 432.083 503.6332 0.1251441 0.3116572
Moved 209.2769 427.599 502.9198 0.1173593 0.310018
Moved 209.295 425.3746 501.6873 0.1134975 0.3071859
Moved 209.3123 423 502 0.109375 0.3079045
Moved 209.3295 423 501.2831 0.109375 0.3062573
Moved 209.3471 422.0783 501 0.1077748 0.3056066
Ended 209.3656 421.5 501 0.1067709 0.3056066
PhraseEnd 210.4645
