do not say anything
Basic
0.8 0.8
575.9999 435.2
Began 193.3708 318 437 -0.07291667 0.1585478
Stationary 193.3959 318 437 -0.07291667 0.1585478
Stationary 193.4194 318 437 -0.07291667 0.1585478
Stationary 193.4355 318 437 -0.07291667 0.1585478
Stationary 193.4511 318 437 -0.07291667 0.1585478
Stationary 193.471 318 437 -0.07291667 0.1585478
Moved 193.4862 307.9321 437 -0.09039562 0.1585478
Moved 193.5054 304.8437 437 -0.09575748 0.1585478
Moved 193.523 303.5993 437 -0.09791784 0.1585478
Moved 193.5392 304 426.5 -0.09722222 0.134421
Moved 193.5557 303 429.1571 -0.09895836 0.1405264
Moved 193.5716 303 428.5 -0.09895836 0.1390165
Moved 193.5936 301.8782 427.8782 -0.1009059 0.1375878
Moved 193.6124 301 426.3423 -0.1024305 0.1340587
Moved 193.6292 301 425.5 -0.1024305 0.1321232
Moved 193.6464 299.2263 424.2263 -0.1055099 0.1291965
Moved 193.6625 297.0519 423.0259 -0.1092849 0.1264383
Moved 193.6805 294.6391 421.8196 -0.1134737 0.1236663
Moved 193.7071 287.0431 416.2259 -0.1266613 0.1108132
Moved 193.7241 281.8215 413.4108 -0.1357266 0.1043446
Moved 193.7406 276.9977 409.9983 -0.1441012 0.0965034
Moved 193.7568 270.969 407.5876 -0.1545678 0.09096413
Moved 193.774 267.5177 404.6382 -0.1605596 0.08418715
Moved 193.795 263.2026 400.9216 -0.168051 0.075647
Moved 193.813 257.5 397.5 -0.1779514 0.06778494
Moved 193.8291 249.1103 391.0828 -0.1925168 0.05303948
Moved 193.8461 244.301 388.6505 -0.2008664 0.04745049
Moved 193.8652 240.8567 384.8567 -0.206846 0.03873324
Moved 193.892 235 381 -0.2170139 0.02987133
Moved 193.9088 231.8929 377.8929 -0.2224082 0.02273181
Moved 193.9251 229.1873 375.1873 -0.2271055 0.01651484
Moved 193.9426 226.7848 372.7849 -0.2312763 0.0109946
Moved 193.962 225.681 370.3619 -0.2331928 0.005427249
Moved 193.9798 224.5 369.5 -0.2352431 0.003446692
Moved 193.9953 224.2728 368.2728 -0.2356375 0.0006269007
Stationary 194.0138 224 368 -0.2361111 0
Stationary 194.0297 224 368 -0.2361111 0
Stationary 194.0458 224 368 -0.2361111 0
Moved 194.0722 244.0532 368 -0.2012965 0
Moved 194.09 262.0349 389.1628 -0.1700783 0.04862772
Moved 194.1072 305.0187 412.5362 -0.09545363 0.102335
Moved 194.125 335.2423 423.2472 -0.04298214 0.1269467
Moved 194.1415 378.4847 441.376 0.03209151 0.168603
Moved 194.1581 424.5 462 0.1119792 0.2159927
Moved 194.1742 458.3572 475.0367 0.170759 0.2459483
Moved 194.1906 479.0334 482.7286 0.2066553 0.2636227
Moved 194.2087 493.0508 489.0231 0.2309909 0.2780861
Moved 194.2259 503.8342 493.8152 0.2497121 0.2890975
Moved 194.2534 519 500.5 0.2760417 0.3044578
Moved 194.2704 523.254 500.8135 0.2834272 0.3051782
Moved 194.2864 528.0732 502.0183 0.2917937 0.3079465
Stationary 194.3024 528.0732 502.0183 0.2917937 0.3079465
Moved 194.3182 534.3754 505.1251 0.3027351 0.3150853
Moved 194.3344 536.6746 506.3373 0.3067267 0.3178706
Moved 194.3532 540.4847 507 0.3133415 0.3193934
Moved 194.37 541.9498 507 0.315885 0.3193934
Moved 194.386 543.1555 507 0.3179783 0.3193934
Ended 194.4032 544.3549 507 0.3200606 0.3193934
Began 194.897 421 209 0.1059028 -0.3653492
Stationary 194.9211 421 209 0.1059028 -0.3653492
Stationary 194.9375 421 209 0.1059028 -0.3653492
Stationary 194.9515 421 209 0.1059028 -0.3653492
Stationary 194.9696 421 209 0.1059028 -0.3653492
Stationary 194.9851 421 209 0.1059028 -0.3653492
Stationary 195.0019 421 209 0.1059028 -0.3653492
Moved 195.0179 421 196.3351 0.1059028 -0.3944507
Moved 195.0341 421 198.7439 0.1059028 -0.3889157
Moved 195.0523 421 197.5 0.1059028 -0.3917739
Moved 195.0738 421 196.2632 0.1059028 -0.3946158
Moved 195.0925 421 193.8562 0.1059028 -0.4001466
Stationary 195.114 421 194 0.1059028 -0.3998162
Moved 195.1306 421 192.5 0.1059028 -0.4032629
Moved 195.1484 421 191.2428 0.1059028 -0.4061517
Moved 195.166 421 190.5 0.1059028 -0.4078585
Stationary 195.1828 421 190.5 0.1059028 -0.4078585
Moved 195.1981 421 190 0.1059028 -0.4090074
Stationary 195.2139 421 190 0.1059028 -0.4090074
Moved 195.2379 421 189 0.1059028 -0.4113051
Stationary 195.2534 421 189 0.1059028 -0.4113051
Stationary 195.2686 421 189 0.1059028 -0.4113051
Stationary 195.2832 421 189 0.1059028 -0.4113051
Stationary 195.2983 421 189 0.1059028 -0.4113051
Moved 195.3126 430.5335 202.1086 0.1224541 -0.3811842
Moved 195.3289 440.1062 215.3827 0.1390732 -0.3506832
Moved 195.3459 452.9837 230.6476 0.16143 -0.3156076
Moved 195.3641 464.4067 246.5874 0.1812616 -0.2789812
Moved 195.3811 481.3749 273.3034 0.2107203 -0.2175932
Moved 195.406 501.6902 316.6448 0.2459899 -0.1180037
Moved 195.4245 509.5 334 0.2595486 -0.07812494
Moved 195.4433 515.7573 357.2718 0.2704119 -0.02465115
Moved 195.4624 525.1755 399.3162 0.286763 0.07195813
Moved 195.4828 528.8512 413.4049 0.2931444 0.1043312
Moved 195.5012 532.5 432.5 0.2994792 0.1482077
Moved 195.5202 536.0882 443.6568 0.3057086 0.1738438
Moved 195.5392 538.79 455.055 0.3103992 0.2000345
Moved 195.5564 543.0368 478.331 0.3177722 0.2535179
Moved 195.576 545.5258 490.6288 0.3220933 0.2817757
Moved 195.5984 547.9269 501.171 0.326262 0.3059995
Moved 195.6141 549.3147 508.6014 0.3286713 0.3230731
Moved 195.6312 550 516.1757 0.3298611 0.3404773
Moved 195.6478 551 529.381 0.3315973 0.3708204
Moved 195.6647 551 530.9551 0.3315973 0.3744372
Moved 195.681 551 537.5 0.3315973 0.3894761
Moved 195.6966 537.7603 540.8843 0.3086115 0.3972526
Moved 195.7127 526.7529 544.4157 0.2895016 0.405367
Moved 195.7293 514.9607 547.0079 0.269029 0.4113233
Moved 195.7498 500.4247 547 0.2437928 0.4113052
Moved 195.7771 455.528 547 0.1658472 0.4113052
Moved 195.7936 430.5014 547 0.1223983 0.4113052
Moved 195.8094 407.9553 539.4022 0.08325569 0.3938471
Moved 195.8266 392.9566 535.4891 0.05721629 0.3848555
Moved 195.8446 360.7135 528.7338 0.001238734 0.3693333
Moved 195.8658 312.8073 517.844 -0.0819318 0.3443107
Moved 195.8835 257.8693 500.8038 -0.1773103 0.3051557
Moved 195.8999 212.4367 491.9061 -0.2561863 0.2847108
Ended 195.9171 207 491 -0.265625 0.2826287
Began 196.5618 245 373 -0.1996528 0.01148897
Stationary 196.5882 245 373 -0.1996528 0.01148897
Stationary 196.6056 245 373 -0.1996528 0.01148897
Stationary 196.6234 245 373 -0.1996528 0.01148897
Stationary 196.6402 245 373 -0.1996528 0.01148897
Moved 196.6567 233.5574 363.8459 -0.2195184 -0.009545159
Moved 196.6734 230.9605 360.9605 -0.2240269 -0.0161753
Moved 196.6906 224.5 356 -0.2352431 -0.02757353
Moved 196.7082 220.085 353.851 -0.2429079 -0.03251139
Moved 196.7286 212.3114 347.3115 -0.2564037 -0.04753793
Moved 196.7454 208.7234 345.9078 -0.262633 -0.05076332
Moved 196.763 205.0732 343.3821 -0.2689701 -0.05656671
Moved 196.7802 203 342.5 -0.2725694 -0.05859369
Moved 196.7966 201.292 340.292 -0.2755348 -0.0636673
Moved 196.8129 199.2043 338.2043 -0.2791592 -0.06846443
Moved 196.8304 198.15 337.15 -0.2809896 -0.07088704
Moved 196.8474 196.9967 335.9968 -0.2829918 -0.07353685
Moved 196.8639 195.7943 334.7943 -0.2850793 -0.07629977
Moved 196.8841 192.5 334 -0.2907986 -0.07812494
Moved 196.9133 186.938 331.9793 -0.300455 -0.08276814
Moved 196.9339 182.108 332 -0.3088403 -0.08272059
Moved 196.9552 177.2662 332 -0.3172462 -0.08272059
Moved 196.975 166.5 332 -0.3359375 -0.08272059
Moved 196.9921 159.0779 332 -0.348823 -0.08272059
Moved 197.0087 152.0815 338.9049 -0.3609697 -0.06685454
Moved 197.025 148.4346 341.377 -0.3673011 -0.06117422
Moved 197.0425 143.4215 345.1838 -0.3760043 -0.05242684
Moved 197.0603 140.5 348.5 -0.3810764 -0.04480699
Moved 197.0776 140 356.5738 -0.3819444 -0.02625508
Moved 197.1051 147.4277 382.7839 -0.3690491 0.03397045
Moved 197.124 157.028 397.5421 -0.3523819 0.06788152
Moved 197.1413 165.3179 406.649 -0.3379898 0.0888076
Moved 197.1661 198.0035 430.3357 -0.2812439 0.1432346
Moved 197.1835 220.7145 443.293 -0.2418152 0.1730078
Moved 197.2012 251.5782 457.6515 -0.1882323 0.2060007
Moved 197.219 300.2305 476.0886 -0.1037665 0.2483655
Moved 197.2367 404.0466 510.3489 0.07646986 0.3270885
Moved 197.2538 429.3018 518.5544 0.1203156 0.345943
Moved 197.271 439.893 522.5256 0.1387031 0.355068
Moved 197.2983 454.2548 526.251 0.1636368 0.3636282
Moved 197.3156 457.3573 526 0.1690231 0.3630515
Moved 197.3323 458.6584 526.6584 0.171282 0.3645644
Ended 197.3488 459.5 527.5 0.1727431 0.3664982
Began 197.7045 194 334 -0.2881945 -0.07812494
Stationary 197.7278 194 334 -0.2881945 -0.07812494
Stationary 197.7435 194 334 -0.2881945 -0.07812494
Stationary 197.7588 194 334 -0.2881945 -0.07812494
Moved 197.7754 183.09 334 -0.3071355 -0.07812494
Moved 197.7958 178.6242 334 -0.3148886 -0.07812494
Moved 197.8144 174.8662 334 -0.3214128 -0.07812494
Moved 197.8318 168.7644 334 -0.3320062 -0.07812494
Moved 197.8495 164.3942 334 -0.3395934 -0.07812494
Moved 197.8685 151.5 323.5 -0.3619792 -0.1022518
Moved 197.8859 145.1777 325.2355 -0.3729554 -0.09826402
Moved 197.9032 138.189 324.0315 -0.3850885 -0.1010306
Moved 197.9203 133.3385 322.8347 -0.3935095 -0.1037806
Moved 197.9421 127.0448 321.6089 -0.404436 -0.106597
Moved 197.9585 123 322 -0.4114583 -0.1056985
Moved 197.9754 117.5281 322 -0.4209582 -0.1056985
Moved 197.9918 115.1159 322 -0.425146 -0.1056985
Moved 198.0078 113.8603 322 -0.427326 -0.1056985
Stationary 198.0235 113.8603 322 -0.427326 -0.1056985
Stationary 198.0393 114 322 -0.4270833 -0.1056985
Moved 198.0554 114 328.9232 -0.4270833 -0.08979055
Moved 198.073 120.8132 334.8932 -0.4152549 -0.07607243
Moved 198.0902 130.4032 343.2278 -0.3986056 -0.05692146
Moved 198.1184 161.8308 355.5096 -0.3440438 -0.0287002
Moved 198.1357 185.4747 356.9973 -0.3029953 -0.02528191
Moved 198.1538 234.9135 346.0289 -0.2171641 -0.05048514
Moved 198.1717 287.8957 325.6417 -0.1251812 -0.09733061
Moved 198.1893 339.7538 299.5678 -0.03514957 -0.1572431
Moved 198.2102 391.301 254.6614 0.05434208 -0.2604288
Moved 198.2265 407 237 0.08159719 -0.301011
Moved 198.2426 417.9486 219.1957 0.1006052 -0.3419217
Moved 198.2601 425.8888 207.6667 0.1143903 -0.3684128
Moved 198.2773 431.0805 198.8591 0.1234036 -0.3886509
Moved 198.3036 439.304 189.6959 0.1376806 -0.409706
Moved 198.3206 441 186.5 0.140625 -0.4170496
Moved 198.3371 442.6768 183.3231 0.1435362 -0.4243494
Moved 198.3532 444.0372 181.9628 0.145898 -0.4274753
Stationary 198.3704 444.0372 181.9628 0.145898 -0.4274753
Moved 198.3866 445.4937 179.0127 0.1484265 -0.4342539
Moved 198.4052 445 180 0.1475695 -0.4319853
Moved 198.4233 438.6837 197.2639 0.1366036 -0.3923164
Moved 198.4401 431.064 210.8827 0.1233751 -0.3610232
Moved 198.4584 426.2117 226.562 0.1149508 -0.3249954
Moved 198.4843 409.5 268.5 0.08593754 -0.2286305
Moved 198.5018 401.8339 289.3111 0.07262826 -0.1808108
Moved 198.5184 391.9935 322.0195 0.0555443 -0.1056537
Moved 198.5349 385.4003 342.7191 0.04409768 -0.05809027
Moved 198.5524 379.3972 357.4467 0.03367573 -0.02424927
Moved 198.5688 370.7585 375.8032 0.01867801 0.01792999
Moved 198.5857 365.5 386 0.009548591 0.0413603
Moved 198.6071 353.2732 409.3169 -0.01167841 0.09493779
Moved 198.6235 350.2933 419.0223 -0.01685191 0.1172387
Moved 198.6399 347.8357 429.7392 -0.02111852 0.1418639
Moved 198.6668 346.7103 438.0278 -0.02307236 0.1609094
Moved 198.6846 347 453.457 -0.02256945 0.1963625
Stationary 198.7007 347 453.457 -0.02256945 0.1963625
Moved 198.7164 354.6754 466.386 -0.00924401 0.2260708
Moved 198.7322 356.5909 473.7727 -0.005918555 0.2430439
Moved 198.7513 360.5 479.5 0.0008680672 0.2562041
Moved 198.7693 361.6665 482.3329 0.00289321 0.2627136
Moved 198.7888 364 487 0.006944462 0.2734376
Moved 198.8073 366.0298 490.0298 0.01046836 0.2803994
Stationary 198.8243 366.0298 490.0298 0.01046836 0.2803994
Stationary 198.8497 366 490 0.01041666 0.2803309
Stationary 198.8669 366 490 0.01041666 0.2803309
Stationary 198.8841 366 490 0.01041666 0.2803309
Moved 198.9002 366 473.9 0.01041666 0.2433363
Moved 198.9183 366 462.6812 0.01041666 0.2175579
Moved 198.9357 366 443.765 0.01041666 0.1740923
Moved 198.9536 366 431 0.01041666 0.144761
Moved 198.9725 356.7357 411.1882 -0.005667172 0.09923753
Moved 198.9949 350.8378 384.8648 -0.01590654 0.03875189
Moved 199.014 348.2672 376.4351 -0.02036951 0.01938203
Moved 199.041 346.5047 372.0094 -0.02342936 0.009212775
Moved 199.0591 345.2996 373 -0.02552159 0.01148897
Moved 199.0754 344.0964 373 -0.0276104 0.01148897
Moved 199.0936 341.7838 373 -0.03162533 0.01148897
Moved 199.1113 339.3809 373 -0.03579706 0.01148897
Moved 199.1288 332.5 388 -0.04774306 0.04595592
Moved 199.1455 327.1357 394.0126 -0.0570561 0.05977155
Moved 199.1635 318.0429 412.9142 -0.07284217 0.1032036
Moved 199.1806 314.948 423.2079 -0.07821527 0.1268565
Moved 199.1984 311.3002 431.6329 -0.08454826 0.1462153
Moved 199.2245 310 442.5661 -0.08680557 0.1713376
Moved 199.2428 310 448.228 -0.08680557 0.1843474
Moved 199.2609 310 451.0992 -0.08680557 0.190945
Moved 199.2792 310 453.4996 -0.08680557 0.1964604
Moved 199.2974 310 455.3207 -0.08680557 0.2006451
Moved 199.3165 310 456 -0.08680557 0.2022059
Moved 199.334 310 457.5 -0.08680557 0.2056526
Moved 199.3555 324.1011 457 -0.06232441 0.2045037
Moved 199.3743 334.9284 446.0716 -0.04352708 0.1793925
Moved 199.3938 373.2722 412.7278 0.02304204 0.1027752
Moved 199.4203 386.5 399.5 0.04600696 0.07238056
Moved 199.4381 400.9072 381.6083 0.07101938 0.03126916
Moved 199.4552 421.1627 358.5466 0.1061852 -0.02172183
Moved 199.4738 428.0915 350.5599 0.1182144 -0.04007368
Moved 199.4921 436.5 344 0.1328125 -0.05514707
Moved 199.5097 440.2731 340.7269 0.1393631 -0.06266805
Moved 199.5279 443.8866 338.0756 0.1456364 -0.06875999
Moved 199.5462 446.3373 336.8314 0.1498911 -0.07161906
Moved 199.5636 450.531 337 0.1571719 -0.07123155
Moved 199.5809 460.3583 337 0.1742331 -0.07123155
Moved 199.6085 490.4195 391.0822 0.2264228 0.05303821
Moved 199.625 506.0489 422.0978 0.2535571 0.1243056
Moved 199.6419 517.7986 453.2764 0.273956 0.1959477
Moved 199.6593 527.8884 479.1839 0.291473 0.2554777
Moved 199.6756 534 496.5 0.3020833 0.2952666
Moved 199.6969 538.4634 504.7744 0.3098322 0.3142793
Moved 199.7148 542.4496 514.7159 0.3167529 0.3371229
Moved 199.7314 546.0464 522.0929 0.3229973 0.3540738
Moved 199.7487 549.8563 535.1407 0.3296117 0.3840551
Stationary 199.7664 549.8563 535.1407 0.3296117 0.3840551
Moved 199.8006 551 538.5 0.3315973 0.3917739
Stationary 199.8193 551 538.5 0.3315973 0.3917739
Moved 199.8355 551 538 0.3315973 0.390625
Stationary 199.8522 551 538 0.3315973 0.390625
Moved 199.8684 530.7928 501.1401 0.2965154 0.3059286
Moved 199.8872 487.6316 408.358 0.2215827 0.09273428
Moved 199.9049 462.5978 352.3855 0.1781212 -0.03587899
Moved 199.9236 438.8414 301.6091 0.1368774 -0.1525526
Moved 199.9412 426.5 267.5 0.1154514 -0.2309283
Moved 199.9588 423.054 259.8455 0.1094689 -0.2485168
Moved 199.9856 414.1263 216.6948 0.09396926 -0.3476681
Moved 200.0048 412.8627 202.3522 0.0917755 -0.3806246
Moved 200.0255 410 171.5 0.08680553 -0.4515165
Moved 200.0417 410 167.088 0.08680553 -0.4616544
Moved 200.058 410 158.3588 0.08680553 -0.4817124
Moved 200.0744 410 151.7076 0.08680553 -0.4969954
Moved 200.0914 410 145.6487 0.08680553 -0.5109175
Moved 200.1088 410 143.4553 0.08680553 -0.5159575
Moved 200.128 410 139.5615 0.08680553 -0.5249047
Stationary 200.1483 410 140 0.08680553 -0.5238971
Moved 200.1744 402.4046 167.1265 0.07361905 -0.461566
Moved 200.1938 397.8885 195.6688 0.06577865 -0.3959816
Moved 200.2132 394.4085 242.8018 0.05973705 -0.2876798
Moved 200.2298 390.5 269 0.05295143 -0.2274816
Moved 200.2473 385.6204 296.0706 0.0444799 -0.165279
Moved 200.2669 381.03 323.8203 0.03651038 -0.101516
Moved 200.2851 377.414 346.7115 0.03023259 -0.04891649
Moved 200.305 369 380.5 0.01562499 0.02872243
Moved 200.3263 363.9378 403.4363 0.006836504 0.08142549
Moved 200.344 355.8435 438.8066 -0.007216148 0.1626991
Ended 200.3712 349.5901 466.5994 -0.01807273 0.2265612
PhraseEnd 201.2329
