if at first you do not succeed
Basic
0.8 0.8
575.9999 230.4
Began 113.6498 531 280 0.296875 0.1736113
Stationary 113.67 531 280 0.296875 0.1736113
Stationary 113.6856 531 280 0.296875 0.1736113
Stationary 113.6978 531 280 0.296875 0.1736113
Stationary 113.7157 531 280 0.296875 0.1736113
Stationary 113.7311 531 280 0.296875 0.1736113
Stationary 113.7439 531 280 0.296875 0.1736113
Stationary 113.7593 531 280 0.296875 0.1736113
Stationary 113.7748 531 280 0.296875 0.1736113
Stationary 113.7905 531 280 0.296875 0.1736113
Moved 113.8061 517.5157 280 0.2734648 0.1736113
Moved 113.8223 520.0493 280 0.2778633 0.1736113
Moved 113.8375 517.226 280 0.2729617 0.1736113
Moved 113.8527 515.3599 280 0.2697221 0.1736113
Moved 113.8698 512.452 280 0.2646737 0.1736113
Moved 113.8833 511.7618 271.3329 0.2634754 0.1359937
Moved 113.9005 507.6927 272.2309 0.256411 0.1398912
Moved 113.9218 500.7133 268.3567 0.244294 0.1230761
Stationary 113.9341 500.7133 268.3567 0.244294 0.1230761
Moved 113.947 497.8335 265.8335 0.2392942 0.1121247
Moved 113.9622 496.4796 265.4796 0.2369438 0.1105886
Moved 113.9775 494.0792 265 0.2327764 0.108507
Moved 113.9918 492.9452 265 0.2308077 0.108507
Stationary 114.0074 493 265 0.2309028 0.108507
Moved 114.022 491.0524 265 0.2275215 0.108507
Moved 114.0398 490.5 265 0.2265625 0.108507
Stationary 114.0526 490.5 265 0.2265625 0.108507
Moved 114.0736 489.7503 265 0.225261 0.108507
Stationary 114.0859 489.7503 265 0.225261 0.108507
Stationary 114.0992 489.7503 265 0.225261 0.108507
Moved 114.1154 490 275.6765 0.2256945 0.1548459
Moved 114.1312 489.3361 277.6639 0.2245418 0.1634718
Moved 114.1468 489 279.0986 0.2239584 0.1696988
Moved 114.1634 487.5 280.5 0.2213541 0.1757813
Moved 114.1777 486.0475 281 0.2188325 0.1779514
Moved 114.193 484.5878 281 0.2162983 0.1779514
Moved 114.2098 481.0359 281 0.2101318 0.1779514
Moved 114.2292 468.8843 281 0.1890353 0.1779514
Stationary 114.2409 468.8843 281 0.1890353 0.1779514
Moved 114.2544 459.981 274.9811 0.1735782 0.1518276
Moved 114.2698 448.5117 270.0669 0.1536661 0.1304988
Moved 114.285 434.0801 260.7968 0.1286113 0.09026369
Moved 114.3015 416.8493 250.7455 0.09869681 0.04663838
Moved 114.3182 404 244.5 0.07638887 0.01953125
Moved 114.3316 389.318 235.9355 0.05089932 -0.01764086
Moved 114.3481 376.7186 229.3593 0.02902538 -0.0461838
Moved 114.3633 361.218 220.609 0.002114698 -0.08416216
Moved 114.3838 338.1592 210.0531 -0.03791805 -0.1299779
Stationary 114.3969 338.1592 210.0531 -0.03791805 -0.1299779
Moved 114.4092 332.3296 208.0824 -0.04803892 -0.1385313
Moved 114.4246 326.6006 205.3003 -0.057985 -0.1506064
Moved 114.4428 324.0691 206 -0.06238006 -0.1475695
Moved 114.4558 318.5542 204.1385 -0.07195447 -0.1556485
Moved 114.475 315.3897 204 -0.07744841 -0.1562499
Moved 114.4893 310.5229 203 -0.08589779 -0.1605903
Moved 114.5015 307.6498 201.825 -0.09088576 -0.1656903
Moved 114.5172 305.3844 202 -0.09481882 -0.1649306
Stationary 114.537 305 202 -0.09548612 -0.1649306
Stationary 114.548 305 202 -0.09548612 -0.1649306
Stationary 114.562 305 202 -0.09548612 -0.1649306
Ended 114.5791 305 202 -0.09548612 -0.1649306
Began 114.9426 193 321 -0.2899306 0.3515625
Stationary 114.9638 193 321 -0.2899306 0.3515625
Stationary 114.9866 193 321 -0.2899306 0.3515625
Stationary 114.9977 193 321 -0.2899306 0.3515625
Stationary 115.0102 193 321 -0.2899306 0.3515625
Stationary 115.025 193 321 -0.2899306 0.3515625
Moved 115.0401 185.7267 312.9185 -0.3025578 0.3164867
Moved 115.0567 181.2331 307.3109 -0.3103592 0.292148
Moved 115.0714 174.3262 297.6567 -0.3223504 0.250246
Moved 115.0871 168.1089 292.1089 -0.3331443 0.2261671
Moved 115.1028 163.3783 287.3783 -0.3413572 0.2056351
Moved 115.1181 158.0363 283.6909 -0.3506315 0.1896306
Moved 115.1334 151.5281 279.7169 -0.3619303 0.1723823
Moved 115.1535 146.0171 277.0085 -0.3714981 0.1606275
Moved 115.166 141.1159 275.279 -0.3800071 0.1531206
Moved 115.18 135.692 272.846 -0.3894236 0.1425607
Moved 115.1951 130 271.5 -0.3993056 0.1367189
Moved 115.2121 128.0904 271.0452 -0.4026209 0.1347447
Moved 115.2274 126.6054 271 -0.4051989 0.1345486
Moved 115.2417 125.1732 271 -0.4076854 0.1345486
Moved 115.2575 123.7336 269.7336 -0.4101848 0.129052
Stationary 115.271 123.7336 269.7336 -0.4101848 0.129052
Moved 115.286 122.6795 270 -0.4120147 0.1302083
Stationary 115.3064 122.6795 270 -0.4120147 0.1302083
Stationary 115.3205 122.6795 270 -0.4120147 0.1302083
Stationary 115.3332 123 270 -0.4114583 0.1302083
Stationary 115.3485 123 270 -0.4114583 0.1302083
Stationary 115.3652 123 270 -0.4114583 0.1302083
Stationary 115.3807 123 270 -0.4114583 0.1302083
Moved 115.3955 137.9698 270 -0.385469 0.1302083
Moved 115.411 175.1645 290.6287 -0.3208949 0.2197425
Moved 115.4276 212.3246 304.971 -0.2563809 0.2819924
Moved 115.4426 248.7414 314.8535 -0.1931573 0.3248847
Moved 115.4638 321.2841 335.1949 -0.06721519 0.4131724
Moved 115.4778 340.6417 342.684 -0.03360812 0.4456772
Stationary 115.4905 340.6417 342.684 -0.03360812 0.4456772
Moved 115.5033 355.7011 349.1577 -0.007463284 0.4737746
Moved 115.5202 365.4617 353.3847 0.00948213 0.4921212
Moved 115.5347 371.53 356.265 0.02001733 0.5046225
Moved 115.5505 374.142 357.571 0.02455212 0.510291
Moved 115.5657 376.01 358 0.02779521 0.5121529
Moved 115.5865 378.5 359 0.03211804 0.5164932
Stationary 115.5993 378.5 359 0.03211804 0.5164932
Moved 115.6173 378 359 0.03124997 0.5164932
Stationary 115.6295 378 359 0.03124997 0.5164932
Moved 115.6423 379.8523 359 0.03446587 0.5164932
Ended 115.6581 380.5 359 0.03559031 0.5164932
Began 116.0368 336 297 -0.04166667 0.247396
Stationary 116.0575 336 297 -0.04166667 0.247396
Stationary 116.0727 336 297 -0.04166667 0.247396
Stationary 116.0884 336 297 -0.04166667 0.247396
Moved 116.1046 325.1962 283.7954 -0.0604232 0.1900843
Moved 116.1218 316.3769 272.5025 -0.07573463 0.14107
Moved 116.1362 306.6316 260.5703 -0.09265345 0.08928075
Moved 116.1512 298.8814 251.7216 -0.1061087 0.05087495
Moved 116.1678 287.5019 239.1445 -0.1258648 -0.003712972
Moved 116.182 280.6744 231.593 -0.137718 -0.03648851
Moved 116.1982 275.0218 226.0217 -0.1475316 -0.06066959
Moved 116.2131 271.1578 222.1578 -0.1542399 -0.07744008
Moved 116.2286 269.6138 219.2275 -0.1569206 -0.09015825
Moved 116.2431 268 218.1774 -0.1597222 -0.09471629
Moved 116.2594 267.0584 217.0583 -0.161357 -0.09957328
Stationary 116.2743 267 217 -0.1614583 -0.09982626
Stationary 116.2895 267 217 -0.1614583 -0.09982626
Stationary 116.3081 267 217 -0.1614583 -0.09982626
Stationary 116.3219 267 217 -0.1614583 -0.09982626
Stationary 116.3373 267 217 -0.1614583 -0.09982626
Stationary 116.35 267 217 -0.1614583 -0.09982626
Moved 116.3722 294.6464 237.4475 -0.1134611 -0.01107852
Moved 116.3878 324.4054 252.4547 -0.06179619 0.05405692
Moved 116.4127 361.0481 267.2771 0.001819581 0.1183902
Moved 116.426 401.2538 287.1269 0.07162125 0.2045438
Moved 116.4445 431.563 298.6634 0.1242414 0.2546156
Moved 116.4575 461.0164 309.911 0.1753757 0.3034332
Moved 116.4744 487.5 321.5 0.2213541 0.3537328
Moved 116.4877 506.3186 326.9172 0.2540254 0.377245
Moved 116.5011 525.9168 332.8975 0.28805 0.4032008
Moved 116.5259 549.7527 343.2823 0.3294317 0.4482739
Stationary 116.5396 549.7527 343.2823 0.3294317 0.4482739
Moved 116.5523 556.5 346 0.3411459 0.4600695
Moved 116.5654 559.9459 346.973 0.3471284 0.4642924
Moved 116.5778 562.8237 348.4119 0.3521245 0.4705377
Moved 116.5992 564.7406 348 0.3554525 0.4687501
Moved 116.6245 565 349 0.3559028 0.4730904
Stationary 116.6427 565 349 0.3559028 0.4730904
Stationary 116.6546 565 349 0.3559028 0.4730904
Moved 116.6664 546.7947 339.8384 0.3242964 0.4333266
Moved 116.6801 522.0969 334.3888 0.2814183 0.4096738
Stationary 116.6938 522.0969 334.3888 0.2814183 0.4096738
Moved 116.7066 505.3416 330.0854 0.2523291 0.3909956
Moved 116.7213 449.1105 322.7604 0.1547057 0.3592032
Moved 116.7375 406.9524 314.9557 0.08151464 0.3253284
Moved 116.757 354.0486 303.7621 -0.01033228 0.2767454
Stationary 116.7703 354.0486 303.7621 -0.01033228 0.2767454
Moved 116.7882 322.7445 299.0745 -0.06467962 0.2563998
Stationary 116.8021 322.7445 299.0745 -0.06467962 0.2563998
Moved 116.8153 309.7488 297.9791 -0.08724164 0.2516453
Moved 116.8296 295.4164 296.5416 -0.1121244 0.2454064
Moved 116.8447 283.5504 297 -0.132725 0.247396
Moved 116.8653 263.5266 297 -0.1674887 0.247396
Stationary 116.8771 263.5266 297 -0.1674887 0.247396
Moved 116.8903 254.6874 297 -0.1828344 0.247396
Moved 116.906 245.7171 297 -0.1984077 0.247396
Moved 116.9243 239.9915 297 -0.2083481 0.247396
Moved 116.9571 228.1707 297 -0.2288703 0.247396
Moved 116.9711 222.7971 304.355 -0.2381995 0.2793189
Moved 116.9849 220.038 304 -0.2429896 0.2777779
Moved 116.9981 219.0827 304 -0.2446481 0.2777779
Moved 117.0145 217.6521 304 -0.2471317 0.2777779
Moved 117.0303 216.5 304 -0.249132 0.2777779
Moved 117.044 215.0854 304 -0.2515878 0.2777779
Moved 117.0613 213.6501 304 -0.2540796 0.2777779
Moved 117.0812 197.4853 270.187 -0.2821436 0.13102
Moved 117.0964 189.0369 251.7527 -0.296811 0.05101006
Moved 117.1155 181.5598 237.2076 -0.3097921 -0.01211961
Moved 117.1299 176 218.5 -0.3194445 -0.09331598
Moved 117.1435 174.3898 212.7285 -0.3222399 -0.1183658
Moved 117.1585 172.9481 203.6887 -0.3247429 -0.1576009
Stationary 117.1706 172.9481 203.6887 -0.3247429 -0.1576009
Moved 117.1841 173 201.0442 -0.3246528 -0.1690789
Moved 117.1997 173 200.0814 -0.3246528 -0.1732579
Stationary 117.2145 173 200 -0.3246528 -0.1736111
Stationary 117.2332 173 200 -0.3246528 -0.1736111
Moved 117.2476 194.1256 200 -0.2879764 -0.1736111
Moved 117.2651 206.0106 210.1896 -0.2673427 -0.1293855
Moved 117.2777 233.5309 220.5715 -0.2195645 -0.08432495
Moved 117.2923 259.2776 233.1388 -0.1748652 -0.02977954
Moved 117.3077 285.1096 247.0548 -0.1300181 0.03061984
Moved 117.3236 307.8284 258.9751 -0.09057575 0.08235733
Moved 117.3381 328.6614 269.3779 -0.05440734 0.1275084
Moved 117.3532 346.8346 278.9173 -0.02285656 0.168912
Moved 117.3698 359.7975 285.3987 -0.0003516302 0.1970433
Moved 117.3844 370.6664 292.1331 0.01851805 0.2262721
Moved 117.4001 377.8599 296.916 0.03100679 0.2470311
Moved 117.4208 382.8442 300.8442 0.03966011 0.2640809
Stationary 117.4337 382.8442 300.8442 0.03966011 0.2640809
Moved 117.4451 384.247 302.247 0.04209549 0.2701693
Moved 117.4609 384 303.5 0.04166671 0.2756077
Stationary 117.4771 384 303.5 0.04166671 0.2756077
Moved 117.4904 384 304.0634 0.04166671 0.2780528
Stationary 117.5064 384 304.0634 0.04166671 0.2780528
Stationary 117.5225 384 304 0.04166671 0.2777779
Moved 117.54 385 304 0.04340276 0.2777779
Ended 117.5561 385 304 0.04340276 0.2777779
Began 117.9194 373 313 0.02256945 0.3168403
Stationary 117.9402 373 313 0.02256945 0.3168403
Stationary 117.9544 373 313 0.02256945 0.3168403
Stationary 117.9692 373 313 0.02256945 0.3168403
Stationary 117.9852 373 313 0.02256945 0.3168403
Stationary 118.0005 373 313 0.02256945 0.3168403
Stationary 118.0159 373 313 0.02256945 0.3168403
Stationary 118.0317 373 313 0.02256945 0.3168403
Stationary 118.0466 373 313 0.02256945 0.3168403
Moved 118.0642 362.9392 313 0.005102754 0.3168403
Stationary 118.0807 362.8999 313 0.005034581 0.3168403
Stationary 118.0939 362.8999 313 0.005034581 0.3168403
Moved 118.1083 361.6266 313 0.002823919 0.3168403
Moved 118.1254 360.7395 313 0.001283884 0.3168403
Stationary 118.1413 360.7395 313 0.001283884 0.3168403
Moved 118.1557 358.9577 313 -0.001809597 0.3168403
Moved 118.1723 357.5218 313 -0.004302412 0.3168403
Moved 118.1928 356.5 313 -0.006076396 0.3168403
Stationary 118.2051 356.5 313 -0.006076396 0.3168403
Moved 118.2196 355.6266 313 -0.007592738 0.3168403
Stationary 118.2373 356 313 -0.006944462 0.3168403
Stationary 118.2519 356 313 -0.006944462 0.3168403
Stationary 118.2647 356 313 -0.006944462 0.3168403
Stationary 118.2792 356 313 -0.006944462 0.3168403
Moved 118.2938 366.4675 313 0.01122832 0.3168403
Moved 118.3117 373.6655 313 0.02372474 0.3168403
Moved 118.3271 383.959 313 0.04159547 0.3168403
Moved 118.346 408.9135 313 0.08491933 0.3168403
Stationary 118.3584 408.9135 313 0.08491933 0.3168403
Moved 118.3711 422.1586 313 0.1079143 0.3168403
Moved 118.3877 439.7744 313 0.1384972 0.3168403
Moved 118.4037 457.0063 313 0.1684138 0.3168403
Moved 118.4183 478.2395 313 0.2052769 0.3168403
Moved 118.4331 498.1587 313 0.2398588 0.3168403
Moved 118.4484 512.7388 313 0.2651716 0.3168403
Moved 118.4646 529.9329 313 0.2950223 0.3168403
Moved 118.4806 538.5878 313 0.3100483 0.3168403
Moved 118.5011 559.7049 313 0.3467099 0.3168403
Stationary 118.5137 559.7049 313 0.3467099 0.3168403
Moved 118.5266 566.6776 313 0.3588153 0.3168403
Moved 118.5449 570.9944 313 0.3663098 0.3168403
Moved 118.5628 576.8785 313 0.3765252 0.3168403
Moved 118.5802 577.9933 313 0.3784606 0.3168403
Stationary 118.5945 578 313 0.3784722 0.3168403
Stationary 118.6065 578 313 0.3784722 0.3168403
Stationary 118.6195 578 313 0.3784722 0.3168403
Stationary 118.6325 578 313 0.3784722 0.3168403
Moved 118.6545 559.2531 313 0.3459255 0.3168403
Moved 118.6754 532.776 313 0.2999583 0.3168403
Moved 118.6899 502.9683 313 0.2482088 0.3168403
Moved 118.704 455.6365 313 0.1660356 0.3168403
Moved 118.7182 422.9383 304.8356 0.1092679 0.2814047
Stationary 118.7301 422.9383 304.8356 0.1092679 0.2814047
Moved 118.7429 403.7225 302.9748 0.07590704 0.2733281
Moved 118.7574 393.742 301.5346 0.0585799 0.2670773
Moved 118.7723 389.2827 302 0.05083793 0.2690972
Moved 118.7889 386.3085 302 0.04567445 0.2690972
Moved 118.8102 383.5 302 0.04079863 0.2690972
Stationary 118.8271 383.5 302 0.04079863 0.2690972
Stationary 118.8394 383.5 302 0.04079863 0.2690972
Stationary 118.8503 383.5 302 0.04079863 0.2690972
Moved 118.8729 384 306.5638 0.04166671 0.2889055
Moved 118.8868 391.6236 310.0891 0.05490199 0.304206
Moved 118.9008 395.5 311.5 0.06163195 0.31033
Ended 118.9136 395.5 311.5 0.06163195 0.31033
Began 119.2145 339 235 -0.03645834 -0.02170139
Stationary 119.2355 339 235 -0.03645834 -0.02170139
Stationary 119.2507 339 235 -0.03645834 -0.02170139
Moved 119.2793 326.9714 225.9785 -0.05734127 -0.06085714
Moved 119.2927 319.9109 221.2349 -0.06959912 -0.08144591
Moved 119.3058 310.7356 216.3678 -0.08552853 -0.1025702
Moved 119.3188 303.2715 212.1552 -0.09848698 -0.1208544
Stationary 119.3333 303.2715 212.1552 -0.09848698 -0.1208544
Moved 119.3458 294.6781 207.8391 -0.1134061 -0.1395871
Moved 119.3584 285.0229 204.3409 -0.1301686 -0.1547702
Moved 119.3785 277.6488 200.1892 -0.1429709 -0.1727899
Moved 119.3916 272.1698 198.2925 -0.152483 -0.1810222
Moved 119.407 267.5666 195.7111 -0.1604747 -0.1922263
Moved 119.4343 258.6963 195 -0.1758745 -0.1953125
Moved 119.475 248.9809 195 -0.1927414 -0.1953125
Moved 119.4946 247.5503 195 -0.1952251 -0.1953125
Moved 119.5369 246 195 -0.1979167 -0.1953125
Stationary 119.5594 246 195 -0.1979167 -0.1953125
Moved 119.5755 246 206.7338 -0.1979167 -0.1443846
Moved 119.5914 264.0758 215.0505 -0.166535 -0.1082876
Moved 119.6077 281.442 225.8875 -0.1363853 -0.06125239
Moved 119.623 305.4623 238.9558 -0.09468351 -0.004532073
Moved 119.638 335.769 251.9055 -0.0420677 0.05167339
Moved 119.6579 412.5222 276.4059 0.09118439 0.1580119
Moved 119.6726 451.6155 287.8817 0.1590546 0.2078198
Moved 119.6948 479.226 295.1647 0.2069896 0.2394303
Moved 119.7267 514.5826 303.8957 0.2683727 0.2773251
Moved 119.7412 529.6337 304.7371 0.294503 0.2809769
Moved 119.7566 542.5743 306.1749 0.3169693 0.2872177
Moved 119.7981 566.7758 309 0.3589858 0.2994793
Moved 119.8141 573.3528 310 0.3704041 0.3038195
Moved 119.8276 579.0652 310 0.3803216 0.3038195
Moved 119.8415 583.4014 311.4672 0.3878497 0.3101875
Moved 119.8595 587.786 311 0.3954619 0.3081597
Moved 119.8715 590.9205 311 0.4009037 0.3081597
Stationary 119.8835 590.9205 311 0.4009037 0.3081597
Moved 119.8968 593.7806 311 0.4058691 0.3081597
Moved 119.9136 598.3256 311 0.4137598 0.3081597
Ended 119.9292 601 311 0.4184028 0.3081597
Began 120.2304 405 229 0.078125 -0.04774293
Stationary 120.2531 405 229 0.078125 -0.04774293
Stationary 120.2741 405 229 0.078125 -0.04774293
Stationary 120.2883 405 229 0.078125 -0.04774293
Stationary 120.3005 405 229 0.078125 -0.04774293
Moved 120.3141 393.3871 213.0806 0.05796366 -0.1168378
Moved 120.3302 386.6362 202.4543 0.04624337 -0.1629586
Moved 120.3453 382.6696 195.3392 0.03935695 -0.1938401
Moved 120.3608 377.4359 187.1539 0.03027067 -0.2293666
Moved 120.3755 373.2682 180.1136 0.02303496 -0.2599233
Moved 120.3912 369.8626 174.7938 0.01712255 -0.2830131
Moved 120.4074 367.0187 170.5281 0.01218528 -0.3015274
Moved 120.4235 364.065 165.1949 0.007057264 -0.3246747
Moved 120.4371 361.2605 162.2605 0.002188385 -0.337411
Moved 120.4533 360.5 160 0.0008680672 -0.3472221
Moved 120.4729 357.6727 155.3455 -0.004040413 -0.3674241
Stationary 120.4863 357.6727 155.3455 -0.004040413 -0.3674241
Moved 120.5032 356.5 154.5 -0.006076396 -0.3710938
Moved 120.5163 357 153.8988 -0.005208328 -0.3737031
Moved 120.5298 355.5 154 -0.007812493 -0.3732637
Stationary 120.5453 355.5 154 -0.007812493 -0.3732637
Moved 120.5608 356 154 -0.006944462 -0.3732637
Stationary 120.5764 356 154 -0.006944462 -0.3732637
Stationary 120.5903 356 154 -0.006944462 -0.3732637
Stationary 120.6072 356 154 -0.006944462 -0.3732637
Moved 120.6275 381.1953 170.9971 0.03679745 -0.2994918
Moved 120.6432 399.8334 179.3334 0.06915517 -0.2633099
Stationary 120.6558 399.8334 179.3334 0.06915517 -0.2633099
Moved 120.6678 424.8817 188.8984 0.1126419 -0.221795
Moved 120.6849 436.671 192.1295 0.1331094 -0.2077712
Moved 120.7001 462.75 198.625 0.1783854 -0.179579
Moved 120.7197 488.8374 202.691 0.223676 -0.1619313
Stationary 120.7323 488.8374 202.691 0.223676 -0.1619313
Moved 120.7451 496.6576 204.1315 0.2372527 -0.1556794
Moved 120.7615 501.6988 204.5663 0.2460048 -0.1537922
Moved 120.7818 509.1636 206 0.2589647 -0.1475695
Stationary 120.7946 509.1636 206 0.2589647 -0.1475695
Moved 120.807 512 207.5 0.2638889 -0.141059
Moved 120.8228 515.9039 210.9039 0.2706664 -0.126285
Moved 120.8387 520.1607 213.7738 0.2780568 -0.1138289
Moved 120.8538 523.6306 219.2612 0.284081 -0.09001189
Moved 120.8695 527.7946 226.3243 0.29131 -0.05935603
Moved 120.8845 531.3817 232.7634 0.2975377 -0.03140874
Moved 120.9008 534.5506 239.9513 0.3030393 -0.0002113978
Moved 120.9183 538.7407 248.4814 0.3103138 0.03681196
Moved 120.9414 548.4577 267.9153 0.3271835 0.1211604
Moved 120.9555 552.655 277.31 0.3344706 0.1619358
Moved 120.9717 556.9506 286.8846 0.3419281 0.2034924
Moved 120.9847 559.8442 292.6885 0.3469518 0.2286828
Moved 120.9979 563.5 300 0.3532987 0.2604167
Stationary 121.0104 563.5 300 0.3532987 0.2604167
Moved 121.023 565.8981 305.7452 0.357462 0.2853523
Moved 121.0392 568.7524 312.8809 0.3624173 0.3163236
Moved 121.0539 569.8112 317.2448 0.3642556 0.335264
Moved 121.0697 570 321.7557 0.3645834 0.3548426
Moved 121.0951 570 332.2426 0.3645834 0.4003583
Moved 121.111 570 335 0.3645834 0.4123264
Moved 121.2052 393.3949 333.3563 0.05797722 0.4051924
Moved 121.2254 345.7001 326.4394 -0.02482616 0.3751711
Moved 121.2446 318.7037 321.2839 -0.07169501 0.352795
Moved 121.2643 305.1317 319.6813 -0.09525742 0.345839
Moved 121.2783 295.7844 319 -0.1114854 0.342882
Moved 121.2915 288.0273 317.8055 -0.1249527 0.3376974
Stationary 121.3038 288.0273 317.8055 -0.1249527 0.3376974
Moved 121.3164 283.1217 318 -0.1334692 0.3385417
Moved 121.3355 278.7824 318 -0.1410027 0.3385417
Moved 121.3479 277.9001 318 -0.1425345 0.3385417
Ended 121.3628 277 318 -0.1440972 0.3385417
Began 121.742 384 310 0.04166671 0.3038195
Stationary 121.7651 384 310 0.04166671 0.3038195
Stationary 121.7787 384 310 0.04166671 0.3038195
Moved 121.7932 365.0624 294.289 0.008788929 0.2356295
Moved 121.8152 334.1977 274.6713 -0.04479569 0.1504829
Moved 121.8296 321.5795 266.7372 -0.06670222 0.1160468
Stationary 121.8431 321.5795 266.7372 -0.06670222 0.1160468
Moved 121.8648 300.8013 253.0009 -0.1027756 0.05642746
Moved 121.8918 286.6284 245.5428 -0.1273812 0.0240575
Moved 121.9079 283.1847 243.0924 -0.1333598 0.01342204
Stationary 121.9228 283.1847 243.0924 -0.1333598 0.01342204
Moved 121.9363 280.1903 241.5952 -0.1385584 0.006923676
Moved 121.9505 279.1649 241 -0.1403387 0.004340278
Moved 121.967 278.0639 240.0638 -0.1422502 0.0002772278
Moved 121.9815 276.6377 240 -0.1447262 0
Stationary 121.9948 276.6377 240 -0.1447262 0
Moved 122.0127 275.6276 238.6277 -0.1464798 -0.005956094
Moved 122.03 276 239 -0.1458333 -0.004340146
Stationary 122.0423 276 239 -0.1458333 -0.004340146
Stationary 122.0557 276 239 -0.1458333 -0.004340146
Stationary 122.0717 276 239 -0.1458333 -0.004340146
Stationary 122.087 276 239 -0.1458333 -0.004340146
Moved 122.1046 285.0649 245.1948 -0.1300956 0.02254698
Moved 122.1241 290.5081 252.5081 -0.1206457 0.05428845
Moved 122.1372 294.696 255.696 -0.113375 0.0681252
Stationary 122.1498 294.696 255.696 -0.113375 0.0681252
Moved 122.1637 299.3495 261.4661 -0.1052959 0.09316869
Moved 122.1807 309.1096 268.6497 -0.08835129 0.1243478
Moved 122.1962 322.1091 277.7764 -0.06578274 0.1639602
Moved 122.2112 337.073 287.3526 -0.03980387 0.2055234
Moved 122.2301 357.9271 298.9611 -0.003598743 0.2559077
Moved 122.2433 377.8676 307.5146 0.03102005 0.2930325
Moved 122.2567 396.7312 314.1897 0.06376937 0.3220038
Moved 122.2769 415.5495 321.3652 0.09644017 0.3531475
Moved 122.29 433 327.5 0.1267361 0.3797743
Moved 122.3047 442.3824 331.2861 0.143025 0.3962072
Moved 122.3183 453.4217 334.4062 0.1621905 0.4097492
Moved 122.3344 461.7587 337.8793 0.1766644 0.4248236
Moved 122.3516 470.3439 341.1146 0.1915693 0.4388656
Moved 122.366 474.4793 342.4931 0.1987488 0.4448486
Moved 122.3806 478.6616 343 0.2060097 0.4470487
Moved 122.3976 480.3077 343 0.2088675 0.4470487
Moved 122.4165 483.5 344.5 0.2144098 0.4535591
Moved 122.4367 484.1256 344 0.2154958 0.451389
Stationary 122.4523 484.1256 344 0.2154958 0.451389
Stationary 122.4658 484 344 0.2152778 0.451389
Stationary 122.4779 484 344 0.2152778 0.451389
Stationary 122.4911 484 344 0.2152778 0.451389
Stationary 122.5031 484 344 0.2152778 0.451389
Stationary 122.5183 484 344 0.2152778 0.451389
Stationary 122.5335 484 344 0.2152778 0.451389
Stationary 122.5488 484 344 0.2152778 0.451389
Stationary 122.5644 484 344 0.2152778 0.451389
Moved 122.5853 470.978 335.5692 0.1926702 0.4147967
Moved 122.6019 462.4423 333.6978 0.1778512 0.4066746
Stationary 122.6146 462.4423 333.6978 0.1778512 0.4066746
Moved 122.6253 454.2014 332.1716 0.163544 0.4000505
Moved 122.6415 440.8343 328.3503 0.1403373 0.3834649
Moved 122.6593 420.2151 325.6906 0.1045401 0.3719208
Moved 122.675 402.0526 323.9139 0.07300794 0.3642096
Moved 122.7042 369.307 322.0256 0.01615808 0.3560138
Moved 122.7303 343.5 322 -0.02864584 0.3559029
Moved 122.7446 335.3103 322 -0.04286412 0.3559029
Moved 122.7647 325.3124 320.6161 -0.06022152 0.3498963
Moved 122.7794 318.8888 321 -0.07137362 0.3515625
Moved 122.7941 311.6753 319.735 -0.083897 0.3460723
Moved 122.813 302.4955 318.2991 -0.09983417 0.33984
Moved 122.8271 295.3459 316.8692 -0.1122467 0.3336337
Moved 122.8406 290 314 -0.1215278 0.3211807
Moved 122.8552 283.7489 309.3991 -0.1323804 0.3012116
Moved 122.8692 276.5561 301.4673 -0.1448679 0.2667855
Moved 122.8845 269.5 291.5 -0.1571181 0.2235245
Moved 122.8995 261.226 276.4519 -0.1714827 0.1582114
Moved 122.9183 252.4917 256.1474 -0.1866463 0.07008421
Moved 122.9328 245.7809 236.4988 -0.1982971 -0.01519627
Moved 122.947 241.1593 213.5165 -0.2063206 -0.1149459
Moved 122.9614 239.3968 206.2858 -0.2093805 -0.146329
Moved 122.9798 237.174 191.2183 -0.2132395 -0.2117262
Moved 122.9945 237 178.5632 -0.2135416 -0.2666525
Moved 123.0088 237 171.7761 -0.2135416 -0.2961105
Moved 123.024 237 166.5819 -0.2135416 -0.3186549
Moved 123.0384 237 161.2789 -0.2135416 -0.3416713
Moved 123.053 237 155.9812 -0.2135416 -0.3646648
Moved 123.0739 237 153.87 -0.2135416 -0.3738281
Moved 123.0876 237 149.5 -0.2135416 -0.392795
Moved 123.1024 237 146.0981 -0.2135416 -0.4075603
Moved 123.1165 237 144.6011 -0.2135416 -0.4140579
Moved 123.1297 237 143.1588 -0.2135416 -0.4203178
Moved 123.1459 237 141.7233 -0.2135416 -0.4265484
Stationary 123.1595 237 142 -0.2135416 -0.4253473
Stationary 123.1737 237 142 -0.2135416 -0.4253473
Stationary 123.1856 237 142 -0.2135416 -0.4253473
Stationary 123.1985 237 142 -0.2135416 -0.4253473
Moved 123.2188 245.1706 142 -0.1993566 -0.4253473
Stationary 123.2331 245.1706 142 -0.1993566 -0.4253473
Stationary 123.2451 245.1706 142 -0.1993566 -0.4253473
Moved 123.2598 245 150.0438 -0.1996528 -0.3904348
Moved 123.2768 245 155.9512 -0.1996528 -0.3647953
Moved 123.2918 245 163.8511 -0.1996528 -0.3305072
Moved 123.3115 245 175.3174 -0.1996528 -0.2807404
Moved 123.3249 245 182.3729 -0.1996528 -0.2501174
Moved 123.3387 236.8672 196.0364 -0.2137722 -0.1908143
Moved 123.3514 233.3305 213.017 -0.2199123 -0.1171137
Moved 123.3765 223.1552 245.5345 -0.2375779 0.02402147
Moved 123.3916 221 258 -0.2413195 0.07812501
Moved 123.406 218.8099 276.7606 -0.2451218 0.1595512
Moved 123.4197 215.6613 294.0325 -0.2505881 0.2345162
Moved 123.4352 213.3934 310.6724 -0.2545253 0.3067378
Moved 123.4499 211.9568 326.475 -0.2570194 0.3753257
Moved 123.4658 212 336.3509 -0.2569445 0.4181898
Moved 123.4842 212 342.585 -0.2569445 0.4452473
Moved 123.4992 212 348.4252 -0.2569445 0.4705955
Moved 123.5145 212 349.6997 -0.2569445 0.4761273
Moved 123.5344 212 352.8049 -0.2569445 0.4896045
Moved 123.5485 212 354 -0.2569445 0.4947918
Stationary 123.5626 212 354 -0.2569445 0.4947918
Stationary 123.5764 212 354 -0.2569445 0.4947918
Stationary 123.5887 212 354 -0.2569445 0.4947918
Stationary 123.6015 212 354 -0.2569445 0.4947918
Stationary 123.6151 212 354 -0.2569445 0.4947918
Stationary 123.6321 212 354 -0.2569445 0.4947918
Moved 123.6452 224.0637 346.647 -0.2360005 0.4628778
Moved 123.6614 232.2718 332.5923 -0.2217503 0.4018763
Moved 123.6838 245.6571 306.6857 -0.1985119 0.2894346
Moved 123.6979 250.0468 295.2084 -0.1908909 0.2396201
Moved 123.7111 254.3516 280.5934 -0.1834173 0.1761868
Stationary 123.7244 254.3516 280.5934 -0.1834173 0.1761868
Moved 123.7375 256.8752 271.4366 -0.1790361 0.1364438
Moved 123.7542 258.3659 261.4386 -0.1764481 0.09304948
Moved 123.7697 258.8086 256.5742 -0.1756795 0.07193672
Moved 123.7898 260 250.327 -0.1736111 0.0448223
Stationary 123.8042 260 250 -0.1736111 0.04340278
Ended 123.8175 260 250 -0.1736111 0.04340278
PhraseEnd 125.4909
