the world is a stage
Basic
0.4 0.4
288 115.2
Began 960.2847 364 283 0.01388892 0.3732639
Stationary 960.3248 364 283 0.01388892 0.3732639
Stationary 960.3631 364 283 0.01388892 0.3732639
Stationary 960.4018 364 283 0.01388892 0.3732639
Moved 960.441 345.9458 275.3152 -0.04879944 0.306556
Moved 960.4832 335.0289 272.0145 -0.08670509 0.2779034
Moved 960.5244 329.9699 271 -0.1042712 0.2690972
Moved 960.5667 323.1794 271 -0.1278493 0.2690972
Moved 960.6086 320.5 271 -0.1371527 0.2690972
Moved 960.6499 318.6266 271 -0.1436577 0.2690972
Moved 960.6901 319 270 -0.1423611 0.2604167
Moved 960.7311 319 268.6276 -0.1423611 0.248504
Stationary 960.769 319 268.6276 -0.1423611 0.248504
Moved 960.8107 344.4418 267.9264 -0.05402156 0.2424169
Moved 960.85 375.167 258.9374 0.05266309 0.164387
Moved 960.9091 402.3218 240.6782 0.1469508 0.00588735
Moved 960.9504 415 231 0.1909722 -0.07812501
Moved 960.9927 420.6196 225.3804 0.2104846 -0.1269065
Moved 961.0319 422 224 0.2152778 -0.1388886
Moved 961.0715 422 223 0.2152778 -0.1475695
Moved 961.1155 392.4588 222 0.1127043 -0.1562497
Moved 961.1574 333.4052 239.2379 -0.0923431 -0.006615322
Moved 961.2015 313.5 246.5 -0.1614583 0.05642388
Moved 961.245 286.5792 259.7104 -0.2549335 0.1710977
Moved 961.2849 271.3834 267.7444 -0.3076965 0.2408367
Moved 961.345 257.4346 277.5654 -0.35613 0.3260888
Moved 961.3856 256 280.4316 -0.3611111 0.3509689
Moved 961.4233 255 285.3848 -0.3645834 0.3939658
Moved 961.4639 255 288.2531 -0.3645834 0.4188639
Ended 961.509 255 293.3408 -0.3645834 0.463028
Began 961.7924 339 335 -0.07291667 0.8246529
Stationary 961.8399 339 335 -0.07291667 0.8246529
Stationary 961.8787 339 335 -0.07291667 0.8246529
Moved 961.919 331.1096 326.1234 -0.1003138 0.7475986
Moved 961.9611 321.1354 316.1354 -0.1349466 0.6608974
Moved 962.0013 315.6902 308.5353 -0.1538533 0.5949249
Moved 962.0441 307.8224 300.8224 -0.1811722 0.5279727
Moved 962.086 304 297 -0.1944444 0.494792
Moved 962.1276 300.8414 294.8414 -0.2054119 0.4760541
Moved 962.1749 296.3296 293 -0.2210778 0.4600695
Moved 962.2151 292 292 -0.2361111 0.4513892
Moved 962.2557 281 289 -0.2743056 0.4253475
Moved 962.2971 265.9086 284.3029 -0.3267063 0.3845734
Moved 962.3367 256 281.5 -0.3611111 0.3602431
Moved 962.3757 244.6291 276.543 -0.4005933 0.3172141
Moved 962.4147 240.3075 276 -0.4155989 0.3124998
Moved 962.4545 240 276 -0.4166666 0.3124998
Stationary 962.4933 240 276 -0.4166666 0.3124998
Moved 962.5319 296.1772 301.8064 -0.2216071 0.5365139
Moved 962.5949 374.0641 307 0.04883379 0.5815973
Moved 962.6351 409.1844 307 0.1707794 0.5815973
Moved 962.6749 426.3893 307 0.2305186 0.5815973
Moved 962.7156 443.4683 298.9073 0.2898204 0.511348
Moved 962.7555 451.0572 298 0.3161708 0.5034723
Moved 962.795 456.005 297 0.3333508 0.494792
Moved 962.835 456 292.3641 0.3333333 0.4545493
Moved 962.8734 437.9193 285.4597 0.2705533 0.3946151
Moved 962.9137 397.8187 277.6364 0.1313148 0.3267053
Moved 962.9608 340.1993 269.0332 -0.06875232 0.2520244
Moved 963.0275 300.5964 267 -0.2062626 0.2343753
Moved 963.0681 290.8226 267 -0.2401992 0.2343753
Moved 963.1063 290 267 -0.2430555 0.2343753
Moved 963.1469 296.9167 275.8929 -0.2190392 0.3115707
Moved 963.1878 327.2961 287.287 -0.1135552 0.4104773
Moved 963.2272 366.3526 288 0.02205774 0.4166667
Moved 963.2661 422.873 271.4237 0.2183089 0.2727755
Moved 963.3063 448.0165 261.9905 0.3056128 0.1908904
Moved 963.3478 469.8008 250.1195 0.3812529 0.08784321
Moved 963.3875 482.4964 240.5035 0.4253349 0.004371008
Moved 963.4511 488 235.2545 0.4444444 -0.04119344
Moved 963.4899 488 233.7136 0.4444444 -0.05456925
Moved 963.528 462.4569 227.1456 0.3557532 -0.1115831
Moved 963.5659 413 227 0.1840278 -0.1128472
Moved 963.605 351.6726 235.3879 -0.02891444 -0.04003525
Moved 963.6436 326.5 241 -0.1163194 0.008680556
Moved 963.6826 306.5651 245.3588 -0.1855378 0.04651732
Moved 963.7214 292.546 248 -0.2342154 0.06944445
Moved 963.7614 278.6692 250 -0.2823986 0.08680556
Moved 963.7993 274.6933 250 -0.2962038 0.08680556
Moved 963.8606 271 251.9464 -0.3090279 0.1037015
Moved 963.9011 271 257.7431 -0.3090279 0.15402
Ended 963.9402 280.1886 263.2506 -0.2771229 0.2018285
Began 964.1445 466 331 0.3680556 0.7899306
Stationary 964.1945 466 331 0.3680556 0.7899306
Stationary 964.234 466 331 0.3680556 0.7899306
Stationary 964.2723 466 331 0.3680556 0.7899306
Moved 964.3115 451.3094 324.9462 0.3170467 0.7373805
Moved 964.3519 440 316 0.2777778 0.6597223
Moved 964.3934 424.5 306 0.2239584 0.5729167
Moved 964.4354 406.8823 295.5294 0.1627858 0.4820262
Moved 964.4785 391.9759 287.4879 0.1110274 0.4122215
Moved 964.5198 382.1107 280.1107 0.07677317 0.3481831
Moved 964.56 372.1302 272.1302 0.04211888 0.2789082
Moved 964.5997 368.2841 268.2841 0.02876416 0.2455216
Moved 964.6399 364.2198 264.2198 0.01465231 0.210242
Moved 964.6791 356.7764 256.851 -0.01119308 0.1462756
Moved 964.7202 344.4577 247.6384 -0.05396642 0.06630607
Moved 964.7593 324.4431 238.2216 -0.1234614 -0.01543787
Moved 964.8195 299.3618 230.6724 -0.2105495 -0.08096881
Moved 964.8608 283.8122 224.604 -0.264541 -0.1336458
Moved 964.8992 268.5026 220.5009 -0.3176993 -0.1692632
Moved 964.938 261.9422 218.9711 -0.3404785 -0.1825428
Moved 964.9766 253.3424 217 -0.370339 -0.1996525
Moved 965.0143 250.7959 217 -0.3791811 -0.1996525
Moved 965.0527 250 217 -0.3819445 -0.1996525
Ended 965.0909 250 231.0049 -0.3819445 -0.07808289
Began 965.3904 248 260 -0.3888889 0.1736111
Stationary 965.4403 248 260 -0.3888889 0.1736111
Moved 965.4796 239.5843 252.5193 -0.4181102 0.1086746
Moved 965.5172 234.4639 246.4639 -0.4358894 0.05610996
Moved 965.5564 228.1549 240.1549 -0.4577955 0.001344946
Moved 965.5959 225.2938 237.2938 -0.4677299 -0.02349112
Moved 965.6349 222.3472 235.3472 -0.4779613 -0.0403889
Moved 965.6736 220.7424 233.7423 -0.4835334 -0.0543205
Moved 965.7129 219 231.5 -0.4895833 -0.07378473
Moved 965.752 216.6368 231 -0.4977889 -0.07812501
Moved 965.7905 216 230 -0.5 -0.0868053
Stationary 965.8278 216 230 -0.5 -0.0868053
Moved 965.8669 216 240.001 -0.5 8.742016E-06
Ended 965.9054 226.5 242.5 -0.4635417 0.02170166
Began 966.4169 318 322 -0.1458333 0.7118059
Stationary 966.4562 318 322 -0.1458333 0.7118059
Stationary 966.5046 318 322 -0.1458333 0.7118059
Stationary 966.5442 318 322 -0.1458333 0.7118059
Stationary 966.5818 318 322 -0.1458333 0.7118059
Moved 966.6213 306.8737 303.8105 -0.1844663 0.553911
Moved 966.6616 300.1827 297.1827 -0.2076988 0.496378
Moved 966.7032 290.1982 288.1982 -0.2423672 0.4183876
Moved 966.7435 281.5944 280.7972 -0.2722416 0.3541425
Moved 966.7831 275.5692 275.5692 -0.2931627 0.30876
Moved 966.8248 266.9724 266.9585 -0.3230127 0.234015
Moved 966.8757 260.9888 259.9776 -0.3437889 0.1734169
Moved 966.9171 257.6856 257 -0.3552583 0.1475695
Moved 966.9571 258 254.8157 -0.3541667 0.1286083
Stationary 966.9963 258 255 -0.3541667 0.1302086
Moved 967.0353 258 253.8499 -0.3541667 0.1202247
Moved 967.074 267.3181 252.6819 -0.321812 0.1100858
Moved 967.1136 274.5023 253 -0.296867 0.1128472
Moved 967.1525 283.4536 253 -0.2657863 0.1128472
Moved 967.1927 300.7056 268.8528 -0.2058833 0.2504579
Moved 967.2326 316.6137 282.2103 -0.1506469 0.3664089
Moved 967.2986 338.4052 291.1351 -0.07498197 0.4438809
Moved 967.3403 349.1628 293 -0.03762901 0.4600695
Moved 967.3841 353.9481 293 -0.02101354 0.4600695
Moved 967.4247 356.5 293 -0.01215279 0.4600695
Moved 967.4658 356 293 -0.01388892 0.4600695
Moved 967.5071 337.2926 275.4105 -0.07884502 0.3073833
Moved 967.5474 312.3494 256.512 -0.1654535 0.1433336
Moved 967.5858 278.7081 234.0901 -0.2822635 -0.05130132
Moved 967.6244 262.6781 224.2069 -0.3379233 -0.1370925
Moved 967.6664 240.0781 212.6312 -0.4163955 -0.2375762
Moved 967.733 227.0944 209 -0.4614778 -0.269097
Moved 967.7838 226.5 209 -0.4635417 -0.269097
Moved 967.8275 241.3052 222.7684 -0.4121347 -0.1495796
Moved 967.8726 276.0569 241.4227 -0.2914689 0.01235035
Moved 967.9153 323.5172 248.4397 -0.1266764 0.07326153
Moved 967.957 354.169 248 -0.02024651 0.06944445
Moved 967.9964 368.5183 248 0.02957761 0.06944445
Moved 968.0381 380.2174 248 0.07019937 0.06944445
Moved 968.0767 382.0363 248 0.07651493 0.06944445
Moved 968.1149 383.3734 248 0.08115768 0.06944445
Moved 968.1819 357.3377 235.8676 -0.009244084 -0.03587193
Moved 968.2247 332.3659 235 -0.09595186 -0.04340278
Moved 968.2665 313.3563 235 -0.1619573 -0.04340278
Moved 968.3099 300.127 246.291 -0.2078925 0.05460952
Moved 968.3511 289.2388 251.2538 -0.2456987 0.09768911
Moved 968.395 280.4517 257 -0.2762093 0.1475695
Moved 968.4368 279 261.496 -0.2812501 0.1865978
Ended 968.4812 279 271.115 -0.2812501 0.2700957
PhraseEnd 969.6993
