the force is with you
Basic
0.8 0.8
575.9999 230.4
Began 146.9271 316 305 -0.0763889 0.2821182
Stationary 146.9482 316 305 -0.0763889 0.2821182
Stationary 146.9643 316 305 -0.0763889 0.2821182
Stationary 146.9794 316 305 -0.0763889 0.2821182
Stationary 146.9936 316 305 -0.0763889 0.2821182
Stationary 147.0099 316 305 -0.0763889 0.2821182
Stationary 147.025 316 305 -0.0763889 0.2821182
Stationary 147.0397 316 305 -0.0763889 0.2821182
Stationary 147.0548 316 305 -0.0763889 0.2821182
Stationary 147.0711 316 305 -0.0763889 0.2821182
Stationary 147.086 316 305 -0.0763889 0.2821182
Stationary 147.1012 316 305 -0.0763889 0.2821182
Moved 147.123 304.4078 305 -0.09651418 0.2821182
Stationary 147.1389 304 305 -0.09722222 0.2821182
Moved 147.1526 302.9232 305 -0.09909157 0.2821182
Moved 147.1702 301.4549 305 -0.1016409 0.2821182
Moved 147.1855 300.5 305 -0.1032986 0.2821182
Moved 147.2005 299.789 305 -0.104533 0.2821182
Stationary 147.2155 299.789 305 -0.104533 0.2821182
Stationary 147.2325 300 305 -0.1041667 0.2821182
Stationary 147.2476 300 305 -0.1041667 0.2821182
Stationary 147.2619 300 305 -0.1041667 0.2821182
Stationary 147.283 300 305 -0.1041667 0.2821182
Stationary 147.2971 300 305 -0.1041667 0.2821182
Moved 147.3107 319.1533 305 -0.07091448 0.2821182
Moved 147.326 329.199 305 -0.05347401 0.2821182
Moved 147.3423 340.1527 305 -0.03445715 0.2821182
Moved 147.3573 351.8464 305 -0.01415558 0.2821182
Moved 147.3742 363.4774 290.9214 0.006037205 0.2210131
Moved 147.3892 376.1121 281.9128 0.02797231 0.1819134
Moved 147.4039 384.6901 277.655 0.04286476 0.163433
Moved 147.4238 392.3924 272.4861 0.05623683 0.1409986
Moved 147.4463 406.0096 258.2379 0.07987782 0.07915775
Stationary 147.4605 406.0096 258.2379 0.07987782 0.07915775
Moved 147.4752 409.5798 251.2269 0.08607612 0.04872799
Moved 147.4906 413.5 246 0.09288193 0.02604167
Moved 147.5048 413.778 240.8882 0.09336449 0.003854964
Moved 147.519 415.1733 237.6534 0.09578697 -0.01018471
Moved 147.534 415 233.8029 0.09548612 -0.0268972
Moved 147.55 415 231.9637 0.09548612 -0.03487958
Moved 147.5657 415 229.0586 0.09548612 -0.04748875
Moved 147.5817 405.888 229.0887 0.07966667 -0.04735788
Moved 147.6037 393.9659 229 0.05896852 -0.04774293
Moved 147.6254 373.6264 238.722 0.02365693 -0.005546676
Moved 147.6398 344.0147 250.661 -0.02775219 0.04627175
Moved 147.6553 306.7574 261.9273 -0.09243503 0.09517061
Moved 147.671 281.8132 269.9958 -0.1357409 0.1301903
Moved 147.6861 263.8628 276.8015 -0.1669049 0.1597285
Moved 147.7006 247.2804 284.3598 -0.1956937 0.192534
Moved 147.7154 240.2687 287.3134 -0.2078669 0.2053534
Moved 147.7298 230.5 293 -0.2248264 0.2300348
Moved 147.7452 224.9078 299.1152 -0.234535 0.2565766
Moved 147.7658 219.1899 304.8101 -0.244462 0.2812938
Moved 147.7797 216.2179 307.6732 -0.2496217 0.2937203
Moved 147.7941 213.3495 310.6505 -0.2546016 0.306643
Moved 147.8087 212.2489 314.2533 -0.2565123 0.3222801
Ended 147.8234 212 315 -0.2569445 0.3255209
Began 148.1741 372 211 0.02083331 -0.1258681
Stationary 148.1969 372 211 0.02083331 -0.1258681
Stationary 148.212 372 211 0.02083331 -0.1258681
Stationary 148.228 372 211 0.02083331 -0.1258681
Stationary 148.2441 372 211 0.02083331 -0.1258681
Stationary 148.2601 372 211 0.02083331 -0.1258681
Moved 148.2753 364.5082 204.3407 0.007826836 -0.1547713
Moved 148.29 362.0617 202.0618 0.003579408 -0.1646625
Moved 148.3054 359.3001 200.65 -0.001215078 -0.1707898
Moved 148.3239 352.332 196.5547 -0.01331255 -0.1885647
Moved 148.3387 348.6836 194.6836 -0.01964655 -0.1966858
Stationary 148.3529 348.6836 194.6836 -0.01964655 -0.1966858
Moved 148.3725 338.933 189.9666 -0.03657456 -0.2171591
Moved 148.3874 334.7766 188.2589 -0.0437906 -0.2245709
Moved 148.4023 330.7224 186.9075 -0.0508292 -0.2304364
Moved 148.4178 326.5 187 -0.05815972 -0.2300346
Moved 148.4327 324.0532 186 -0.06240766 -0.234375
Moved 148.4487 321.1784 184.5892 -0.06739866 -0.2404981
Moved 148.4641 320.1572 185 -0.06917153 -0.2387153
Moved 148.4801 318.7202 185 -0.07166624 -0.2387153
Moved 148.4953 317.5 185 -0.07378475 -0.2387153
Moved 148.5105 317.122 185 -0.07444103 -0.2387153
Stationary 148.5323 317 185 -0.07465278 -0.2387153
Moved 148.5467 316.2408 193.5183 -0.07597075 -0.2017435
Moved 148.5625 316 195.1965 -0.0763889 -0.1944595
Moved 148.5767 316 197.6304 -0.0763889 -0.1838958
Moved 148.5909 314.9278 200.1443 -0.07825033 -0.1729849
Moved 148.6052 315 201.5 -0.078125 -0.1671006
Moved 148.6232 315 203.1536 -0.078125 -0.1599238
Moved 148.6377 315 205.0148 -0.078125 -0.1518456
Moved 148.6519 315 207.4449 -0.078125 -0.1412979
Moved 148.6685 315 209.7623 -0.078125 -0.1312399
Moved 148.6921 315 213.9253 -0.078125 -0.1131715
Moved 148.7066 320.2732 217.26 -0.0689701 -0.09869788
Moved 148.721 326.7658 220.3829 -0.05769831 -0.08514352
Moved 148.7352 330.9009 223.6757 -0.05051925 -0.07085218
Moved 148.7521 360.2169 233.9128 0.0003765524 -0.02641983
Moved 148.7677 412.1294 249.0637 0.09050243 0.03933907
Moved 148.7828 455.2418 257.4768 0.1653503 0.0758542
Moved 148.7991 482.0909 263.2567 0.2119633 0.1009403
Moved 148.8144 503.2832 265.9711 0.2487556 0.1127218
Moved 148.8292 523.1931 269.7983 0.2833214 0.1293328
Moved 148.852 547.0779 274.9062 0.3247881 0.1515026
Moved 148.8673 557.1553 278.6832 0.3422835 0.167896
Moved 148.8837 563.3187 281.6594 0.352984 0.1808132
Moved 148.8985 566.5343 283 0.3585665 0.186632
Moved 148.9137 569.4106 284.2053 0.3635602 0.1918635
Moved 148.9292 569.644 284.644 0.3639653 0.1937673
Moved 148.9451 570 285 0.3645834 0.1953125
Stationary 148.9618 570 285 0.3645834 0.1953125
Moved 148.977 570 285.6497 0.3645834 0.1981325
Moved 148.9934 556.9755 287.0854 0.3419714 0.2043637
Moved 149.0157 539.0091 290.0517 0.3107797 0.2172383
Moved 149.0306 512.612 293.898 0.2649514 0.2339324
Moved 149.0455 462.9771 298.202 0.1787798 0.2526129
Moved 149.0605 426 304.5 0.1145833 0.2799481
Moved 149.0808 337.7768 304.382 -0.03858202 0.2794356
Moved 149.0964 302.3563 305.8377 -0.100076 0.2857541
Moved 149.1116 269.1382 306 -0.1577463 0.2864584
Moved 149.1266 247.3981 308 -0.1954893 0.2951389
Moved 149.1416 233.5701 309.1589 -0.2194963 0.3001686
Moved 149.1568 224.5 310.5 -0.2352431 0.3059896
Moved 149.1822 219.0215 311 -0.2447543 0.3081597
Moved 149.1976 214.7755 311 -0.2521258 0.3081597
Moved 149.2135 212.4763 312 -0.2561174 0.3125001
Moved 149.228 212 312.9624 -0.2569445 0.3166772
Moved 149.243 212 313.5 -0.2569445 0.3190103
Stationary 149.2585 212 313.5 -0.2569445 0.3190103
Moved 149.2727 212 313 -0.2569445 0.3168403
Moved 149.2881 222.3385 313 -0.2389958 0.3168403
Moved 149.3037 239.3562 285.0091 -0.2094511 0.195352
Moved 149.3195 254.8625 257.7953 -0.1825303 0.07723676
Moved 149.3418 285.5425 199.9149 -0.1292665 -0.1739803
Moved 149.3578 291.8704 181.537 -0.1182805 -0.2537457
Moved 149.3728 301.0358 162.9335 -0.1023684 -0.3344902
Moved 149.3883 305.2589 151.2878 -0.09503656 -0.3850353
Moved 149.4037 314 135.5 -0.0798611 -0.4535589
Moved 149.4193 317.8968 128.2064 -0.07309586 -0.4852152
Stationary 149.4342 317.8968 128.2064 -0.07309586 -0.4852152
Moved 149.4483 323.6307 119.554 -0.06314117 -0.5227693
Moved 149.4665 329.2938 112.7062 -0.05330935 -0.5524906
Moved 149.4822 331.7296 110.2704 -0.04908051 -0.5630626
Stationary 149.504 332 110 -0.04861113 -0.5642362
Moved 149.5195 332 108.7006 -0.04861113 -0.5698761
Stationary 149.5336 332 108.7006 -0.04861113 -0.5698761
Stationary 149.548 332 109 -0.04861113 -0.5685762
Stationary 149.5625 332 109 -0.04861113 -0.5685762
Moved 149.577 324.7395 117.2977 -0.06121621 -0.5325617
Moved 149.5919 317.5607 125.9271 -0.07367928 -0.495108
Moved 149.6075 307.8329 135.1671 -0.09056796 -0.4550039
Moved 149.632 285.8335 162.2103 -0.1287612 -0.3376288
Moved 149.6488 265.0632 187.8501 -0.1648208 -0.226345
Moved 149.6714 233.1597 228.1025 -0.2202088 -0.05163829
Moved 149.6866 225.1782 242.1149 -0.2340657 0.009179116
Moved 149.7023 219.2404 257.0889 -0.2443743 0.07417084
Moved 149.7185 215.5 267 -0.2508681 0.1171876
Moved 149.7339 210.7998 277.8672 -0.2590281 0.1643543
Moved 149.7494 207.6639 289.3445 -0.2644725 0.2141691
Moved 149.7654 205.3975 297.615 -0.2684071 0.2500651
Moved 149.7809 202.9425 305.1439 -0.2726693 0.2827425
Moved 149.7966 201.5253 315.3228 -0.2751297 0.326922
Moved 149.8122 201 325.5323 -0.2760417 0.3712342
Moved 149.8336 201 331.3599 -0.2760417 0.3965276
Moved 149.8581 201 340.7538 -0.2760417 0.4372995
Moved 149.8738 201 343.6279 -0.2760417 0.4497738
Ended 149.889 209 345 -0.2621528 0.4557292
Began 150.4263 551 281 0.3315973 0.1779514
Stationary 150.4497 551 281 0.3315973 0.1779514
Stationary 150.4647 551 281 0.3315973 0.1779514
Stationary 150.48 551 281 0.3315973 0.1779514
Moved 150.495 543.3083 281 0.3182437 0.1779514
Moved 150.5113 537.3613 281 0.3079189 0.1779514
Moved 150.5263 530.7163 281 0.2963825 0.1779514
Moved 150.541 523.3427 275.3427 0.283581 0.1533969
Moved 150.5629 509.4829 272 0.259519 0.138889
Moved 150.5778 504.8355 270.9452 0.2514506 0.1343109
Moved 150.593 499 271 0.2413195 0.1345486
Moved 150.6103 495.0996 270 0.234548 0.1302083
Moved 150.6252 490.8718 268.624 0.227208 0.124236
Moved 150.6398 487.7418 268 0.2217739 0.1215278
Moved 150.6547 484.1238 267.0413 0.2154927 0.1173666
Moved 150.6706 481.2072 267 0.2104293 0.1171876
Moved 150.6859 477.5985 265.1995 0.2041642 0.1093729
Moved 150.7011 470.8505 263.7701 0.1924487 0.1031686
Moved 150.7166 461.9857 260.6619 0.1770584 0.08967811
Moved 150.7314 453.3477 257.7826 0.162062 0.0771814
Moved 150.7466 445 255 0.1475695 0.06510431
Moved 150.7681 440.7588 252.7035 0.1402063 0.05513669
Moved 150.785 434.6683 249.8341 0.1296325 0.04268276
Moved 150.7996 422.8095 246.4429 0.1090442 0.02796399
Moved 150.8155 406.507 243.0845 0.08074127 0.01338747
Moved 150.831 391.9542 237.3817 0.05547598 -0.01136409
Moved 150.8469 364.0675 228.3558 0.007061587 -0.05053891
Moved 150.865 328.1119 218.0713 -0.05536121 -0.0951767
Moved 150.8816 288.8513 206.2802 -0.123522 -0.1463535
Moved 150.8967 245.479 191.5676 -0.1988212 -0.21021
Moved 150.9115 228.7177 185.087 -0.2279206 -0.2383374
Moved 150.9391 197.7263 175.608 -0.2817252 -0.2794791
Moved 150.9552 188.5 173 -0.2977431 -0.2907985
Moved 150.9706 177.2356 172.0393 -0.3172994 -0.2949683
Moved 150.9857 172.7657 172 -0.3250596 -0.2951388
Moved 151.0005 168.5 172 -0.3324653 -0.2951388
Moved 151.016 164.0785 172 -0.3401415 -0.2951388
Moved 151.031 162.6046 172 -0.3427004 -0.2951388
Moved 151.0464 159.1676 177.827 -0.3486674 -0.269848
Moved 151.0617 159 181.5137 -0.3489584 -0.2538469
Moved 151.0768 158 185.818 -0.3506944 -0.235165
Ended 151.099 158 189 -0.3506944 -0.2213541
Began 151.4447 284 322 -0.1319444 0.3559029
Stationary 151.4703 284 322 -0.1319444 0.3559029
Stationary 151.4863 284 322 -0.1319444 0.3559029
Stationary 151.5004 284 322 -0.1319444 0.3559029
Stationary 151.5144 284 322 -0.1319444 0.3559029
Stationary 151.5281 284 322 -0.1319444 0.3559029
Stationary 151.5431 284 322 -0.1319444 0.3559029
Moved 151.5599 271.5107 322 -0.1536272 0.3559029
Moved 151.5752 268.1267 331.0376 -0.1595022 0.3951286
Moved 151.5907 263.5383 330.8206 -0.1674682 0.3941865
Moved 151.6122 254.6106 332 -0.1829678 0.3993056
Moved 151.6279 250.605 332 -0.1899219 0.3993056
Moved 151.6437 244.7112 333 -0.2001543 0.4036459
Moved 151.6597 239.9629 333 -0.2083978 0.4036459
Moved 151.6754 235.6517 333 -0.2158825 0.4036459
Moved 151.6913 228.7598 333 -0.2278475 0.4036459
Moved 151.7068 223.0242 333 -0.2378053 0.4036459
Moved 151.73 218.698 333 -0.2453161 0.4036459
Moved 151.7446 212.5634 333 -0.2559663 0.4036459
Moved 151.7602 208.0748 323.8412 -0.263759 0.3638943
Moved 151.775 201.0103 323.2526 -0.2760237 0.3613394
Moved 151.7898 195.6616 322.1323 -0.2853097 0.3564773
Moved 151.8066 187.4472 320.7412 -0.2995709 0.3504393
Moved 151.8219 180.5151 319.303 -0.3116057 0.3441974
Moved 151.8371 173.3653 317.873 -0.3240187 0.3379907
Moved 151.8526 166.5 316.5 -0.3359375 0.3320314
Moved 151.8687 162.0164 317 -0.3437215 0.3342015
Moved 151.8921 156 317 -0.3541667 0.3342015
Moved 151.9081 153.0186 316 -0.3593428 0.3298611
Moved 151.9241 151.583 316 -0.3618351 0.3298611
Moved 151.9423 150.5 316 -0.3637153 0.3298611
Stationary 151.957 150.5 316 -0.3637153 0.3298611
Stationary 151.9724 150.5 316 -0.3637153 0.3298611
Moved 151.9876 160.3158 316 -0.346674 0.3298611
Moved 152.0035 178 316 -0.3159722 0.3298611
Moved 152.02 219.3966 328.0911 -0.2441032 0.3823401
Moved 152.0358 269.4665 329 -0.1571762 0.3862849
Moved 152.0587 361.3468 329 0.002338216 0.3862849
Moved 152.0755 394.4322 329 0.05977802 0.3862849
Moved 152.0907 423.7615 321.9949 0.1106971 0.3558806
Moved 152.1059 443.1779 321 0.1444062 0.3515625
Moved 152.1221 455.0709 319.6608 0.1650537 0.3457499
Moved 152.1374 474.0459 319 0.1979964 0.342882
Moved 152.1531 484.2758 317.6749 0.2157566 0.3371305
Moved 152.1688 492.0686 317 0.2292858 0.3342015
Moved 152.1844 497.8067 317 0.2392478 0.3342015
Moved 152.1994 500.907 317 0.2446302 0.3342015
Moved 152.2214 504.1397 317 0.2502426 0.3342015
Moved 152.2415 507 317 0.2552083 0.3342015
Stationary 152.2566 507 317 0.2552083 0.3342015
Stationary 152.2699 507 317 0.2552083 0.3342015
Stationary 152.2846 507 317 0.2552083 0.3342015
Stationary 152.2991 507 317 0.2552083 0.3342015
Stationary 152.3136 507 317 0.2552083 0.3342015
Moved 152.3297 472.5638 327.1557 0.1954232 0.37828
Moved 152.3461 433.8872 335.3521 0.1282764 0.4138545
Moved 152.3618 369.2888 339.8752 0.01612633 0.4334861
Moved 152.3843 288.1753 340 -0.1246956 0.4340278
Moved 152.4 279.6681 340 -0.1394651 0.4340278
Moved 152.4162 271.7029 340 -0.1532937 0.4340278
Moved 152.4306 264.5 340 -0.1657986 0.4340278
Moved 152.446 261.5862 340 -0.1708574 0.4340278
Moved 152.4619 258.8984 340 -0.1755237 0.4340278
Moved 152.4777 257.5033 340 -0.1779456 0.4340278
Moved 152.493 257 340 -0.1788195 0.4340278
Stationary 152.5084 257 340 -0.1788195 0.4340278
Stationary 152.5263 257 340 -0.1788195 0.4340278
Stationary 152.5473 257 340 -0.1788195 0.4340278
Moved 152.5623 273.5 326.5 -0.1501736 0.3754342
Moved 152.5771 291.4151 315.2094 -0.119071 0.3264299
Moved 152.5916 320.2775 297.4335 -0.06896273 0.2492777
Moved 152.6082 342.4625 284.7849 -0.03044702 0.1943787
Moved 152.6241 367.0676 272.4976 0.01227006 0.1410488
Moved 152.6399 386.7374 262.6313 0.04641905 0.09822621
Moved 152.6551 404.1042 251.5226 0.07656984 0.05001121
Moved 152.6703 415.9164 244.1772 0.09707697 0.01813041
Moved 152.6855 424.0591 240.4705 0.1112137 0.002041923
Moved 152.7101 439.918 231.8492 0.1387466 -0.03537655
Moved 152.7258 445.2713 229.3644 0.1480404 -0.04616142
Moved 152.7411 448.513 226.4869 0.1536684 -0.05865045
Moved 152.7567 451 214.8842 0.1579861 -0.1090098
Ended 152.772 451 202.5 0.1579861 -0.1627604
Began 153.1698 364 324 0.006944462 0.3645835
Stationary 153.1987 364 324 0.006944462 0.3645835
Stationary 153.2131 364 324 0.006944462 0.3645835
Stationary 153.2281 364 324 0.006944462 0.3645835
Moved 153.2432 351.3205 324 -0.01506854 0.3645835
Moved 153.2584 349.598 324 -0.01805909 0.3645835
Moved 153.2746 347.3331 330.6675 -0.0219911 0.3935222
Moved 153.2904 343.4482 333.184 -0.02873585 0.4044444
Moved 153.3052 341.3523 334.6477 -0.03237449 0.4107974
Moved 153.3216 338.8293 337.1708 -0.03675476 0.4217483
Moved 153.3363 337.5 337 -0.0390625 0.4210071
Moved 153.3505 336.037 338.963 -0.04160244 0.4295272
Stationary 153.3646 336.037 338.963 -0.04160244 0.4295272
Moved 153.3784 334.6331 340.3669 -0.04403968 0.4356202
Moved 153.3939 335 341.5 -0.04340276 0.4405384
Moved 153.409 333.054 342.946 -0.04678134 0.4468146
Stationary 153.4247 333 343 -0.046875 0.4470487
Moved 153.4439 333 345 -0.046875 0.4557292
Moved 153.4583 333 346.5 -0.046875 0.4622397
Moved 153.4793 333 346 -0.046875 0.4600695
Stationary 153.4945 333 346 -0.046875 0.4600695
Stationary 153.5094 333 346 -0.046875 0.4600695
Moved 153.5235 344.4585 346 -0.02698172 0.4600695
Moved 153.5382 352.125 341.2857 -0.01367193 0.4396082
Moved 153.5528 365.2654 334.9204 0.009141266 0.4119811
Moved 153.5677 379.7944 330.5616 0.03436536 0.3930627
Moved 153.5826 394.0748 326.2775 0.05915769 0.3744686
Moved 153.5977 414.5935 322.0813 0.09478033 0.3562557
Stationary 153.6115 414.5935 322.0813 0.09478033 0.3562557
Moved 153.6328 445.8655 316.2618 0.149072 0.3309975
Moved 153.6482 464.6684 313.2818 0.181716 0.3180633
Moved 153.6633 483.7008 310.209 0.2147584 0.3047268
Moved 153.6783 500.6969 310 0.2442655 0.3038195
Moved 153.6955 520.05 310 0.2778646 0.3038195
Moved 153.71 536.0328 310 0.3056125 0.3038195
Moved 153.7247 546.6026 310 0.3239629 0.3038195
Moved 153.7386 560.5153 310 0.3481168 0.3038195
Moved 153.7524 571.5915 310 0.3673463 0.3038195
Moved 153.7677 581.5 310 0.3845486 0.3038195
Moved 153.7891 588.8411 310 0.3972936 0.3038195
Moved 153.8034 593.2493 310 0.4049467 0.3038195
Moved 153.8192 596.6639 310 0.4108748 0.3038195
Moved 153.8357 597.9395 310 0.4130895 0.3038195
Moved 153.8521 599.3508 310 0.4155396 0.3038195
Moved 153.8686 600 310 0.4166666 0.3038195
Moved 153.8841 601.2199 310 0.4187846 0.3038195
Stationary 153.8996 601.2199 310 0.4187846 0.3038195
Stationary 153.9146 601.2199 310 0.4187846 0.3038195
Stationary 153.9317 601 310 0.4184028 0.3038195
Moved 153.9565 586.7346 310 0.3936364 0.3038195
Moved 153.9719 573.5891 313.7877 0.3708144 0.320259
Moved 153.9875 558.208 317 0.3441111 0.3342015
Moved 154.004 538.2714 318.4092 0.3094989 0.3403178
Moved 154.0217 517.3201 320.8343 0.2731251 0.3508433
Moved 154.0388 503.5507 321 0.24922 0.3515625
Moved 154.0548 491 321 0.2274306 0.3515625
Moved 154.0715 481.4748 321 0.2108938 0.3515625
Moved 154.0877 473.9298 321 0.1977949 0.3515625
Moved 154.1035 469.0192 321 0.1892694 0.3515625
Moved 154.1273 464 322.5 0.1805556 0.3580729
Stationary 154.1427 464 322.5 0.1805556 0.3580729
Moved 154.1572 464 322 0.1805556 0.3559029
Stationary 154.1767 464 322 0.1805556 0.3559029
Stationary 154.1923 464 322 0.1805556 0.3559029
Stationary 154.2077 464 322 0.1805556 0.3559029
Ended 154.2229 463 322 0.1788195 0.3559029
PhraseEnd 155.1629
