love means many things
Basic
0.6 0.6
432 326.4
Began 855.2233 582 168 0.513889 -0.6127451
Stationary 855.2608 582 168 0.513889 -0.6127451
Stationary 855.2943 582 168 0.513889 -0.6127451
Stationary 855.3233 582 168 0.513889 -0.6127451
Stationary 855.3511 582 168 0.513889 -0.6127451
Stationary 855.3786 582 168 0.513889 -0.6127451
Moved 855.4063 582 179.249 0.513889 -0.5782811
Moved 855.435 577.4023 185.3136 0.5032462 -0.5597009
Moved 855.4632 574.1406 188.5781 0.4956959 -0.5496994
Moved 855.4929 571.9921 194.0237 0.4907224 -0.5330158
Moved 855.5217 569.5873 199.8253 0.4851559 -0.5152411
Moved 855.5497 567.181 208.0951 0.4795855 -0.4899047
Moved 855.5818 563.7701 223.6094 0.47169 -0.4423732
Moved 855.6112 557.5 241.5 0.457176 -0.3875612
Moved 855.6534 543.3294 301.7482 0.4243736 -0.2029774
Moved 855.6873 532.5893 344.6429 0.3995122 -0.07155979
Moved 855.7198 519.3842 379.5397 0.3689448 0.03535448
Moved 855.7509 508.5434 406.6958 0.3438504 0.1185533
Moved 855.7817 496.9027 440.7431 0.3169045 0.2228649
Moved 855.8127 488.9795 462.041 0.2985637 0.2881159
Moved 855.8438 483.8445 473.311 0.2866771 0.3226441
Moved 855.8759 480.516 478.968 0.2789721 0.3399756
Moved 855.905 476.7716 480 0.2703047 0.3431373
Moved 855.9365 470.9256 480 0.2567722 0.3431373
Moved 855.9857 416.6007 438.7477 0.1310202 0.2167515
Moved 856.0159 357.4478 376.863 -0.005907814 0.02715391
Moved 856.0469 315.9683 306.9366 -0.1019252 -0.1870814
Moved 856.0807 308.2527 270.5272 -0.1197854 -0.2986299
Moved 856.1137 308 254.0399 -0.1203704 -0.3491424
Moved 856.1441 308 245.0251 -0.1203704 -0.3767612
Moved 856.1744 316.7147 237.5707 -0.1001975 -0.3995996
Moved 856.2036 318 236 -0.09722222 -0.4044118
Stationary 856.2319 318 236 -0.09722222 -0.4044118
Moved 856.2662 319 244.7003 -0.09490739 -0.3777563
Moved 856.3151 306.5236 326.4198 -0.123788 -0.1273903
Moved 856.348 287.4444 393.3889 -0.1679527 0.07778463
Moved 856.3857 268.5854 437.8291 -0.2116077 0.2139372
Moved 856.4241 253.5848 465.4766 -0.2463315 0.2986415
Moved 856.4604 246.7126 477.5748 -0.2622393 0.335707
Moved 856.4966 241.6748 489.813 -0.2739009 0.3732017
Ended 856.5366 241 496 -0.275463 0.3921568
Began 856.8455 492 217 0.3055556 -0.4626225
Stationary 856.8742 492 217 0.3055556 -0.4626225
Stationary 856.9033 492 217 0.3055556 -0.4626225
Stationary 856.9325 492 217 0.3055556 -0.4626225
Stationary 856.962 492 217 0.3055556 -0.4626225
Moved 856.9918 475.1657 236.8342 0.2665873 -0.4018559
Moved 857.0233 465.1315 248.0856 0.24336 -0.367385
Moved 857.0527 456.406 257.594 0.2231621 -0.3382536
Moved 857.082 448.7803 270.4395 0.2055098 -0.2988988
Moved 857.1162 442.4139 283.1721 0.190773 -0.2598894
Moved 857.1458 435.6857 296.6286 0.1751984 -0.2186624
Moved 857.1772 429.8085 308.3192 0.1615938 -0.1828457
Moved 857.2079 419.1102 330.2521 0.1368291 -0.115649
Moved 857.238 404.5 351 0.1030092 -0.05208343
Moved 857.2693 378.796 391.2946 0.0435093 0.07136836
Moved 857.2992 349.8806 429.2526 -0.02342463 0.187661
Moved 857.3278 323.9311 453.42 -0.08349279 0.2617034
Moved 857.3563 312.7648 463.209 -0.1093406 0.2916944
Moved 857.3925 285.3069 484.3083 -0.1729006 0.3563369
Moved 857.4424 267.1111 490.9722 -0.2150207 0.3767531
Moved 857.473 260.8191 493 -0.2295855 0.3829657
Moved 857.5031 257 494 -0.2384259 0.3860295
Moved 857.5338 256 494 -0.2407407 0.3860295
Stationary 857.5648 256 494 -0.2407407 0.3860295
Moved 857.5943 250.7872 486.6238 -0.2528075 0.3634309
Moved 857.6243 233.7679 463.494 -0.292204 0.2925675
Moved 857.6552 179.5976 415.8333 -0.4175981 0.146548
Moved 857.6865 133.5239 384.1505 -0.5242501 0.0494806
Moved 857.7183 106.5473 361.5473 -0.586696 -0.0197692
Moved 857.768 95.5 348.5 -0.6122685 -0.05974265
Moved 857.797 96 343.5389 -0.6111112 -0.07494207
Moved 857.8264 120.7022 327.4237 -0.55393 -0.1243146
Moved 857.8572 177.3218 304.1439 -0.4228661 -0.1956377
Moved 857.8881 239.6492 286.8377 -0.2785897 -0.248659
Moved 857.9189 287.6152 274.9456 -0.1675574 -0.2850932
Moved 857.9492 333 265.5 -0.06249999 -0.3140319
Moved 857.9781 373.4517 251.2056 0.03113816 -0.3578261
Moved 858.0074 400.6701 240.532 0.09414375 -0.390527
Moved 858.0363 415.861 234.9271 0.1293078 -0.4076988
Moved 858.0837 437.2035 225.8644 0.1787117 -0.4354646
Moved 858.1139 441.9683 224.5159 0.1897414 -0.439596
Stationary 858.1436 442 225 0.1898148 -0.4381128
Moved 858.1729 442 233.0557 0.1898148 -0.4134325
Moved 858.2032 424.9553 242.7399 0.1503596 -0.3837627
Moved 858.2333 359.7726 305.9799 -0.000526309 -0.1900127
Moved 858.2712 293.8589 356.1746 -0.1531045 -0.03622971
Moved 858.3016 272.14 366.3 -0.2033797 -0.005208465
Moved 858.3332 249.7605 373.497 -0.2551841 0.01684133
Moved 858.363 228.7489 378.3127 -0.3038219 0.03159551
Moved 858.4106 200.7123 381.7554 -0.3687215 0.04214268
Moved 858.4413 192.1841 382.908 -0.3884628 0.0456739
Moved 858.4744 189.6791 386.6418 -0.3942613 0.05711332
Ended 858.5128 189.6791 386.6418 -0.3942613 0.05711332
Began 858.8541 480 268 0.2777778 -0.3063726
Stationary 858.8948 480 268 0.2777778 -0.3063726
Stationary 858.9243 480 268 0.2777778 -0.3063726
Stationary 858.9523 480 268 0.2777778 -0.3063726
Stationary 858.9803 480 268 0.2777778 -0.3063726
Stationary 859.0082 480 268 0.2777778 -0.3063726
Stationary 859.0367 480 268 0.2777778 -0.3063726
Stationary 859.0659 480 268 0.2777778 -0.3063726
Stationary 859.0936 480 268 0.2777778 -0.3063726
Stationary 859.1229 480 268 0.2777778 -0.3063726
Moved 859.1524 480 285.3781 0.2777778 -0.2531311
Moved 859.1813 459.9188 302.196 0.2312935 -0.2016053
Moved 859.2133 432.5926 318.7037 0.1680384 -0.1510303
Moved 859.2446 398 331 0.08796295 -0.1133578
Moved 859.2742 338.23 342.9425 -0.05039344 -0.0767692
Moved 859.3033 286.3048 356.1547 -0.1705907 -0.03629068
Moved 859.3505 237.3371 371.4607 -0.2839418 0.01060262
Moved 859.3834 221.4819 375.1196 -0.3206437 0.02181231
Moved 859.4142 178.8634 382.697 -0.4192976 0.04502774
Moved 859.4452 164.0087 384 -0.4536837 0.04901971
Moved 859.475 161 385 -0.4606481 0.05208334
Stationary 859.5047 161 385 -0.4606481 0.05208334
Moved 859.5366 201.0832 378.5938 -0.3678629 0.03245662
Moved 859.5692 278.4127 345.2348 -0.1888596 -0.06974632
Moved 859.5993 334.5 308.5 -0.05902777 -0.1822917
Moved 859.629 368.0238 273.9762 0.0185736 -0.288063
Moved 859.6799 409.5832 235.4167 0.114776 -0.4061987
Moved 859.7125 429.552 220.2987 0.161 -0.4525163
Moved 859.7458 435.5169 220 0.1748076 -0.4534314
Moved 859.7756 437.2678 220 0.1788605 -0.4534314
Moved 859.8046 433.7074 280.7071 0.1706189 -0.2674415
Moved 859.834 424.3607 322.4217 0.1489832 -0.1396394
Moved 859.8638 399.4567 382.1496 0.09133498 0.04335048
Moved 859.8932 376.4015 419.3978 0.03796647 0.1574687
Moved 859.9236 356.9297 446.967 -0.007107208 0.2419332
Moved 859.9541 339.2275 471.3633 -0.04808456 0.3166769
Ended 860.0024 310 505 -0.1157407 0.4197304
Began 860.5225 386 446 0.06018519 0.2389706
Stationary 860.5563 386 446 0.06018519 0.2389706
Stationary 860.5859 386 446 0.06018519 0.2389706
Stationary 860.615 386 446 0.06018519 0.2389706
Stationary 860.6433 386 446 0.06018519 0.2389706
Moved 860.6737 376.0937 446 0.0372539 0.2389706
Moved 860.7032 372.6832 437.6832 0.02935936 0.2134903
Moved 860.7324 372 435.2817 0.02777775 0.2061328
Moved 860.7617 371 430.7491 0.025463 0.1922461
Moved 860.7906 371 422.1126 0.025463 0.1657862
Moved 860.8186 371 418.5596 0.025463 0.1549007
Moved 860.8477 371 410.3338 0.025463 0.1296991
Moved 860.8777 379.2932 404.4137 0.04466007 0.1115616
Moved 860.9062 380 400.5913 0.04629632 0.09985087
Moved 860.9353 380 394.6934 0.04629632 0.08178122
Moved 860.9645 380 381.3717 0.04629632 0.04096723
Moved 861.0132 380 354.1703 0.04629632 -0.04237026
Moved 861.0426 380 337.2921 0.04629632 -0.09408054
Moved 861.0732 382.6771 325.9686 0.05249331 -0.1287725
Moved 861.1045 387.4962 315.0076 0.06364862 -0.1623541
Moved 861.1354 392.3085 307.5373 0.07478813 -0.1852411
Moved 861.1644 394.5 305.5 0.07986108 -0.1914829
Moved 861.193 397.4016 306 0.08657774 -0.189951
Moved 861.222 404.3899 316.9748 0.1027544 -0.1563272
Moved 861.2594 421.5 351 0.1423611 -0.05208343
Moved 861.2883 441.4136 397.8272 0.1884574 0.09138248
Moved 861.3345 463.0526 441.3158 0.2385478 0.2246195
Moved 861.364 468.6241 451.8724 0.2514447 0.2569619
Moved 861.3928 470.0229 456.0229 0.2546826 0.2696779
Stationary 861.4212 470 456 0.2546296 0.2696078
Stationary 861.4492 470 456 0.2546296 0.2696078
Moved 861.4768 459.1223 399.6907 0.2294498 0.09709153
Moved 861.5056 431.6924 301.7313 0.1659547 -0.2030289
Moved 861.536 411 224 0.1180555 -0.4411764
Moved 861.5656 404.0081 185.0431 0.1018706 -0.5605298
Moved 861.5958 400.8805 168.1636 0.09463082 -0.612244
Moved 861.6425 397.278 162 0.08629153 -0.6311274
Moved 861.6724 389.3143 162 0.06785711 -0.6311274
Moved 861.7007 360.5 211 0.001157423 -0.481005
Moved 861.7304 329.251 279.7896 -0.07117828 -0.2702526
Moved 861.7601 307.5751 321.8026 -0.1213539 -0.1415363
Moved 861.79 298.6292 340.7416 -0.1420621 -0.08351205
Moved 861.8185 297.3445 349.2777 -0.145036 -0.05735987
Moved 861.8477 296 361.8282 -0.1481481 -0.01890856
Moved 861.8768 306.7182 386.1 -0.1233375 0.05545359
Ended 861.9042 306.7182 386.1 -0.1233375 0.05545359
Began 862.1011 292 329 -0.1574074 -0.1194852
Stationary 862.1307 292 329 -0.1574074 -0.1194852
Moved 862.1594 272.0943 329 -0.2034854 -0.1194852
Moved 862.1895 256.2441 329 -0.2401756 -0.1194852
Moved 862.2207 215.0614 329 -0.3355061 -0.1194852
Moved 862.25 166.5421 329 -0.4478192 -0.1194852
Moved 862.2793 137.865 329 -0.5142013 -0.1194852
Moved 862.3085 124.0268 329 -0.5462343 -0.1194852
Moved 862.338 118 329 -0.5601852 -0.1194852
Ended 862.3674 117.5 329 -0.5613425 -0.1194852
PhraseEnd 863.8483
