the five boxing wizards jump quickly
Basic
0.8 0.8
575.9999 230.4
Began 100.1123 319 290 -0.07118054 0.2170139
Stationary 100.1284 319 290 -0.07118054 0.2170139
Stationary 100.1424 319 290 -0.07118054 0.2170139
Stationary 100.1581 319 290 -0.07118054 0.2170139
Stationary 100.1725 319 290 -0.07118054 0.2170139
Stationary 100.188 319 290 -0.07118054 0.2170139
Stationary 100.2031 319 290 -0.07118054 0.2170139
Stationary 100.2189 319 290 -0.07118054 0.2170139
Stationary 100.2339 319 290 -0.07118054 0.2170139
Stationary 100.2499 319 290 -0.07118054 0.2170139
Stationary 100.2647 319 290 -0.07118054 0.2170139
Stationary 100.2801 319 290 -0.07118054 0.2170139
Stationary 100.2957 319 290 -0.07118054 0.2170139
Stationary 100.3115 319 290 -0.07118054 0.2170139
Moved 100.3271 310 280.692 -0.08680557 0.1766144
Stationary 100.3433 310 280.692 -0.08680557 0.1766144
Moved 100.3587 309 280 -0.08854166 0.1736113
Moved 100.3779 309 278.7006 -0.08854166 0.1679712
Moved 100.3902 308.2605 278.2606 -0.08982547 0.1660615
Moved 100.4058 307.5 277.5 -0.09114582 0.1627604
Stationary 100.4207 307.5 277.5 -0.09114582 0.1627604
Moved 100.4354 308 276.7513 -0.09027779 0.1595108
Stationary 100.4526 308 276.7513 -0.09027779 0.1595108
Stationary 100.466 308 277 -0.09027779 0.1605903
Stationary 100.4824 308 277 -0.09027779 0.1605903
Stationary 100.497 308 277 -0.09027779 0.1605903
Moved 100.5132 322.479 285.0623 -0.06514062 0.1955827
Moved 100.5346 338.4061 293.3169 -0.03748935 0.2314102
Stationary 100.547 338.4061 293.3169 -0.03748935 0.2314102
Moved 100.5602 348.3596 295.8577 -0.02020899 0.2424378
Moved 100.5761 370.551 297.3469 0.0183177 0.2489016
Moved 100.5906 381.0648 297 0.03657088 0.247396
Moved 100.606 391.5399 297 0.05475678 0.247396
Moved 100.6223 399.9846 291.6873 0.06941766 0.2243371
Moved 100.6369 406.4112 285.6916 0.08057505 0.1983142
Moved 100.652 412 281.5 0.09027779 0.1801215
Moved 100.6681 415.1942 277.8058 0.09582327 0.1640879
Moved 100.6866 420.3079 268.3842 0.1047012 0.1231954
Moved 100.6998 423 263 0.109375 0.0998264
Moved 100.7141 423 255.203 0.109375 0.06598526
Moved 100.7286 423 245.1218 0.109375 0.02223028
Moved 100.7451 423 238.7871 0.109375 -0.005264283
Moved 100.7623 423 232.9324 0.109375 -0.03067547
Moved 100.777 423 229.5 0.109375 -0.04557279
Moved 100.79 415.2451 226.449 0.0959117 -0.05881522
Moved 100.8064 408.1365 224.7842 0.08357026 -0.0660409
Moved 100.8227 400.7179 224 0.07069081 -0.06944432
Moved 100.8428 375.5 224 0.02690971 -0.06944432
Stationary 100.8552 375.5 224 0.02690971 -0.06944432
Moved 100.868 334.7739 244.7214 -0.04379533 0.02049248
Moved 100.8845 283.1477 261.9508 -0.1334242 0.0952726
Moved 100.8997 250.9965 269.4421 -0.1892422 0.1277868
Moved 100.9151 222.5067 278.8311 -0.2387036 0.1685378
Moved 100.9293 210.8225 284.5887 -0.2589887 0.1935275
Moved 100.9457 203.8534 289.488 -0.2710878 0.2147916
Moved 100.9627 199.1957 292.5363 -0.2791742 0.228022
Moved 100.9764 197.606 296.0909 -0.281934 0.2434503
Moved 100.9948 195.8603 299.2794 -0.2849647 0.2572889
Moved 101.0072 194.8359 302.4922 -0.2867432 0.2712339
Moved 101.0226 195 309.287 -0.2864583 0.3007249
Moved 101.0378 195 313.1855 -0.2864583 0.3176456
Moved 101.052 195 319 -0.2864583 0.342882
Moved 101.069 195 320.9589 -0.2864583 0.351384
Ended 101.0907 204 325 -0.2708333 0.3689236
Began 101.4328 395 250 0.06076388 0.04340278
Stationary 101.4547 395 250 0.06076388 0.04340278
Stationary 101.4691 395 250 0.06076388 0.04340278
Stationary 101.4843 395 250 0.06076388 0.04340278
Stationary 101.4987 395 250 0.06076388 0.04340278
Stationary 101.5154 395 250 0.06076388 0.04340278
Stationary 101.5307 395 250 0.06076388 0.04340278
Moved 101.5453 380 236.5 0.03472224 -0.01519084
Moved 101.5638 380.0932 238.0621 0.03488407 -0.008410878
Moved 101.5791 377.1907 235.1907 0.02984494 -0.02087381
Moved 101.5925 373.4637 232.4637 0.02337448 -0.03270931
Moved 101.6112 369.1555 229.437 0.01589499 -0.04584631
Moved 101.6237 366.5578 227.5579 0.01138508 -0.05400221
Moved 101.6397 362.532 224.688 0.004395917 -0.06645839
Moved 101.6542 358.5 222 -0.002604164 -0.07812487
Moved 101.6707 353.6607 219.6643 -0.01100566 -0.08826257
Moved 101.6862 348.6868 216.7911 -0.01964103 -0.1007328
Moved 101.7017 343.3793 213.9196 -0.02885532 -0.1131963
Moved 101.7178 339.0479 212.016 -0.03637527 -0.1214583
Moved 101.732 337.5843 210.5844 -0.0389161 -0.1276721
Moved 101.7474 335.1446 210 -0.04315175 -0.1302083
Moved 101.7663 333.7054 210 -0.04565042 -0.1302083
Moved 101.7788 332.6909 208.6909 -0.0474117 -0.1358901
Moved 101.793 330.1532 209 -0.05181742 -0.1345485
Moved 101.8094 326.1415 207.7139 -0.05878207 -0.1401309
Moved 101.825 323.5485 208 -0.06328393 -0.1388889
Moved 101.8404 320.6689 208 -0.06828312 -0.1388889
Moved 101.8548 317.7953 208 -0.07327215 -0.1388889
Moved 101.8706 313.8827 208 -0.08006484 -0.1388889
Moved 101.8863 310.7215 208 -0.08555298 -0.1388889
Moved 101.9018 304.7617 208 -0.09589989 -0.1388889
Moved 101.9205 300.0107 214.9751 -0.1041481 -0.108615
Moved 101.9328 297.561 217.439 -0.108401 -0.09792104
Moved 101.9472 297 218.8787 -0.109375 -0.09167235
Moved 101.9632 295.6853 220.3147 -0.1116575 -0.08543956
Moved 101.9772 296 224.2572 -0.1111111 -0.06832812
Moved 101.9936 296 227.7467 -0.1111111 -0.05318271
Moved 102.0162 322.5338 246.4305 -0.06504548 0.02791034
Stationary 102.0281 322.5338 246.4305 -0.06504548 0.02791034
Moved 102.0399 344.1652 261.1761 -0.02749093 0.09190997
Moved 102.0556 373.5068 277.7181 0.02344929 0.1637071
Moved 102.0743 410.4897 296.1987 0.08765578 0.2439183
Moved 102.0869 442.4939 310.1796 0.1432187 0.3045992
Moved 102.1026 465.87 319.72 0.183802 0.3460068
Moved 102.1176 486.9491 329.4429 0.2203978 0.3882072
Moved 102.1322 502.389 337.9395 0.2472031 0.4250845
Moved 102.1482 510.5423 339.8475 0.2613582 0.4333659
Moved 102.1658 517.8687 342.7475 0.2740777 0.4459527
Moved 102.1795 522.4326 344 0.282001 0.451389
Moved 102.1947 524.25 345.25 0.2851563 0.4568144
Moved 102.2106 525.5 345 0.2873265 0.4557292
Moved 102.2289 526 345 0.2881944 0.4557292
Stationary 102.2412 526 345 0.2881944 0.4557292
Stationary 102.2548 526 345 0.2881944 0.4557292
Stationary 102.2707 526 345 0.2881944 0.4557292
Moved 102.2866 509.6758 327.4201 0.2598538 0.3794277
Moved 102.3019 489.4444 306.4814 0.2247299 0.288548
Moved 102.3179 457.1864 278.336 0.1687265 0.1663889
Moved 102.3335 439.6635 261.0497 0.1383048 0.09136148
Moved 102.3495 409.1808 231.0627 0.08538344 -0.03879018
Moved 102.3646 387.2383 207.8541 0.04728869 -0.139522
Moved 102.3834 371.7914 188.1497 0.02047129 -0.2250449
Moved 102.4064 339.6969 153.2963 -0.03524844 -0.3763182
Moved 102.4186 330.1689 142.0304 -0.05179007 -0.4252154
Stationary 102.4305 330.1689 142.0304 -0.05179007 -0.4252154
Moved 102.442 325.1796 136.0155 -0.06045207 -0.4513217
Moved 102.4565 318.3703 131.6852 -0.07227372 -0.4701163
Moved 102.4722 313.6925 128.795 -0.08039498 -0.4826604
Moved 102.4931 306.0486 129 -0.09366553 -0.4817706
Stationary 102.5047 306.0486 129 -0.09366553 -0.4817706
Moved 102.5179 300.3553 129 -0.1035498 -0.4817706
Moved 102.5365 295.2958 129 -0.1123337 -0.4817706
Moved 102.5488 292.03 135.9301 -0.1180035 -0.4516925
Moved 102.565 287.7202 138.8533 -0.1254858 -0.4390051
Moved 102.5798 284.265 144.47 -0.1314843 -0.4146267
Moved 102.5953 281.4028 148.8959 -0.1364535 -0.3954172
Moved 102.6106 278.7885 153.6858 -0.1409922 -0.3746275
Moved 102.6259 275.6395 158.5406 -0.1464592 -0.3535561
Moved 102.6411 272.1438 167.3312 -0.1525281 -0.3154029
Moved 102.6575 268.6132 178.7516 -0.1586576 -0.265835
Moved 102.672 264.5247 189.1091 -0.1657558 -0.2208805
Moved 102.6914 255.9796 212.8531 -0.180591 -0.1178248
Moved 102.704 248.8201 235.6118 -0.1930207 -0.01904594
Moved 102.7194 240.2682 264.106 -0.2078677 0.1046266
Moved 102.7335 230.5843 287.6366 -0.22468 0.2067561
Moved 102.7498 221.907 307.8837 -0.2397448 0.2946341
Moved 102.7651 215 328.5 -0.2517361 0.3841146
Moved 102.7806 208.7328 336.681 -0.2626167 0.4196225
Moved 102.7958 202.7992 344.501 -0.2729181 0.4535633
Moved 102.811 197.8213 350.905 -0.2815603 0.4813584
Moved 102.8269 193.519 356.6413 -0.2890295 0.5062558
Moved 102.8457 191.3996 359.2009 -0.2927091 0.5173649
Ended 102.8596 189.9569 361.0431 -0.2952137 0.5253607
Began 103.3975 410 253 0.08680553 0.05642362
Stationary 103.4166 410 253 0.08680553 0.05642362
Stationary 103.4275 410 253 0.08680553 0.05642362
Stationary 103.4421 410 253 0.08680553 0.05642362
Stationary 103.4593 410 253 0.08680553 0.05642362
Stationary 103.4736 410 253 0.08680553 0.05642362
Stationary 103.4885 410 253 0.08680553 0.05642362
Stationary 103.504 410 253 0.08680553 0.05642362
Moved 103.521 410 241.5558 0.08680553 0.006752545
Moved 103.5366 410 238.2878 0.08680553 -0.00743111
Moved 103.5515 402.9584 233.9822 0.07458054 -0.02611902
Moved 103.5702 400.1331 229.6997 0.06967553 -0.04470614
Moved 103.584 399.1302 224.3907 0.06793447 -0.0677485
Moved 103.5982 397.6884 221.3768 0.06543122 -0.08082973
Moved 103.6155 397 219.4961 0.06423608 -0.08899266
Moved 103.6285 396.0896 217.1793 0.06265558 -0.09904796
Moved 103.644 394.6778 214.3556 0.06020457 -0.1113039
Moved 103.6599 394 211.4762 0.05902775 -0.1238011
Moved 103.6747 392.8019 208.6038 0.05694769 -0.1362684
Moved 103.6902 393 206.7231 0.05729169 -0.1444308
Moved 103.7057 391.9219 204.9219 0.05541996 -0.1522488
Moved 103.7218 392 203.5 0.05555556 -0.1584201
Moved 103.7373 392 202.2877 0.05555556 -0.1636818
Moved 103.7515 392 200.9417 0.05555556 -0.169524
Moved 103.7793 391.0705 198.0706 0.05394191 -0.1819854
Moved 103.793 391 196.6312 0.05381942 -0.1882324
Moved 103.8062 390.1939 193.3878 0.0524199 -0.2023097
Moved 103.8201 388.7477 189.2429 0.04990913 -0.2202997
Stationary 103.8319 388.7477 189.2429 0.04990913 -0.2202997
Moved 103.844 386 184 0.0451389 -0.2430554
Moved 103.8608 383.4669 178.9337 0.04074105 -0.2650445
Moved 103.8763 381.8054 173.2216 0.03785655 -0.289837
Moved 103.8908 380.3635 170.3634 0.03535323 -0.3022422
Moved 103.9072 380 168.9269 0.03472224 -0.308477
Moved 103.9265 380 167.5 0.03472224 -0.3146702
Moved 103.9386 380 166.5 0.03472224 -0.3190102
Stationary 103.952 380 166.5 0.03472224 -0.3190102
Moved 103.9685 380 167 0.03472224 -0.3168403
Moved 103.984 396.4993 189.3324 0.06336682 -0.2199115
Moved 103.9991 412.0942 209.2108 0.09044142 -0.1336336
Moved 104.0143 447.4771 248.1002 0.15187 0.03515721
Moved 104.0303 492.0824 294.335 0.2293098 0.2358291
Moved 104.0457 518.2201 315.5351 0.2746876 0.3278433
Moved 104.0615 535.5842 332.5842 0.3048337 0.4018413
Moved 104.0814 553.5841 348.5841 0.3360836 0.4712852
Stationary 104.0935 553.5841 348.5841 0.3360836 0.4712852
Moved 104.1095 559.3306 354.3306 0.3460601 0.4962265
Moved 104.1218 561.5718 357.5718 0.3499511 0.5102945
Moved 104.1383 563.9623 361.8868 0.3541012 0.5290228
Moved 104.153 565.398 363.398 0.3565938 0.5355817
Moved 104.169 565.8387 364.8387 0.3573589 0.5418349
Moved 104.1842 566 365.9798 0.3576389 0.5467874
Moved 104.1996 566 366.5 0.3576389 0.5490453
Stationary 104.2144 566 366.5 0.3576389 0.5490453
Moved 104.234 566 366 0.3576389 0.5468751
Moved 104.2475 541.9517 357.3871 0.3158884 0.509493
Moved 104.2627 515.8651 342.35 0.2705991 0.4442276
Moved 104.2771 475.1283 322.3652 0.1998755 0.357488
Moved 104.2925 443.3054 306.6527 0.1446275 0.2892914
Moved 104.3067 395.6845 286.8451 0.06195233 0.2033209
Moved 104.3257 361.4451 274.7603 0.002508834 0.1508692
Moved 104.341 325.5684 264.8964 -0.05977708 0.1080574
Moved 104.3553 282.0392 253.2771 -0.1353486 0.05762631
Moved 104.37 233.0581 239.0513 -0.2203852 -0.004117622
Moved 104.3902 167.5 216 -0.3342014 -0.1041667
Stationary 104.4033 167.5 216 -0.3342014 -0.1041667
Moved 104.421 150.2892 204.5743 -0.3640812 -0.1537572
Stationary 104.4334 150.2892 204.5743 -0.3640812 -0.1537572
Moved 104.4454 145.5404 201.5404 -0.3723256 -0.1669253
Moved 104.4621 142.6661 198.6661 -0.3773158 -0.1794005
Moved 104.4774 142 196.3958 -0.3784722 -0.1892544
Moved 104.492 142 193.918 -0.3784722 -0.2000088
Moved 104.5084 142 189.5829 -0.3784722 -0.2188242
Moved 104.5235 162.6967 177.6224 -0.3425405 -0.2707359
Moved 104.5479 202.3728 153.8136 -0.2736583 -0.3740728
Moved 104.5669 216.8095 146.6945 -0.2485946 -0.404972
Moved 104.5834 228.6015 140.6992 -0.2281224 -0.4309929
Moved 104.6156 260.2656 131.3821 -0.1731501 -0.4714321
Moved 104.6292 268.8946 130.7894 -0.158169 -0.4740043
Moved 104.64 279.8127 131 -0.1392141 -0.4730903
Stationary 104.6501 279.8127 131 -0.1392141 -0.4730903
Moved 104.6606 293.6547 141.4893 -0.1151828 -0.427564
Moved 104.6755 312.3267 157.7192 -0.08276623 -0.3571215
Moved 104.6914 334.7185 179.7185 -0.04389148 -0.2616383
Moved 104.7144 400.8487 244.9255 0.07091784 0.0213782
Stationary 104.7258 400.8487 244.9255 0.07091784 0.0213782
Moved 104.7369 428.9066 268.7615 0.1196294 0.1248331
Moved 104.7526 478.5709 305.1845 0.2058523 0.2829189
Moved 104.7685 502.7098 321.0892 0.2477601 0.35195
Moved 104.7839 517.5625 331.4938 0.273546 0.3971084
Moved 104.7997 532.0363 340.6254 0.298674 0.4367422
Moved 104.8166 540.1818 345.709 0.3128155 0.4588067
Moved 104.8306 546.7172 348.3586 0.3241617 0.4703064
Moved 104.8469 550.4985 350.6656 0.3307265 0.4803198
Moved 104.8693 555.3091 352.6546 0.3390784 0.4889523
Stationary 104.8808 555.3091 352.6546 0.3390784 0.4889523
Moved 104.892 557.0942 353 0.3421776 0.4904515
Stationary 104.9069 557.0942 353 0.3421776 0.4904515
Moved 104.9258 558.3724 353 0.3443965 0.4904515
Stationary 104.9401 558.3724 353 0.3443965 0.4904515
Stationary 104.9544 558 353 0.34375 0.4904515
Moved 104.9694 545.1664 320.583 0.3214695 0.3497527
Moved 104.9894 530.4745 296.0067 0.2959628 0.2430847
Moved 105.0014 501.4187 253.6307 0.2455186 0.05916132
Moved 105.0199 484.4981 227.1334 0.2161426 -0.05584453
Moved 105.0317 466.3421 200.0122 0.1846218 -0.1735581
Moved 105.0474 447.6915 175.2888 0.1522421 -0.2808644
Moved 105.0634 435.5 156 0.1310764 -0.3645834
Moved 105.079 426.3842 143.4059 0.1152503 -0.4192454
Moved 105.0935 417.4287 133.4287 0.09970271 -0.4625489
Moved 105.1105 411.8718 127.8717 0.09005517 -0.486668
Moved 105.1441 404.2088 121.2087 0.07675141 -0.5155871
Moved 105.157 402.1517 121 0.07318006 -0.5164931
Moved 105.1704 399.4458 121 0.06848224 -0.5164931
Moved 105.1871 397.4593 121 0.06503344 -0.5164931
Moved 105.2003 394.5832 121 0.06004028 -0.5164931
Moved 105.2172 391.5167 121 0.05471639 -0.5164931
Moved 105.2326 388.6379 134.7241 0.04971862 -0.4569266
Moved 105.2479 384.6301 140.4933 0.04276052 -0.4318868
Moved 105.2672 382 147.5 0.03819443 -0.4014756
Moved 105.2801 379.0179 164.8837 0.03301725 -0.3260258
Moved 105.2949 376.7939 171.6182 0.02915613 -0.2967962
Moved 105.3103 372.302 186.66 0.02135761 -0.2315103
Moved 105.3263 367.0009 203.9969 0.01215443 -0.1562631
Moved 105.344 362.6967 216.91 0.004681722 -0.1002169
Moved 105.3569 357.4669 231.8329 -0.004397817 -0.03544755
Moved 105.372 354.3862 243.4552 -0.009746179 0.01499666
Moved 105.3863 348.7655 256.2138 -0.01950428 0.07037243
Moved 105.402 344.4687 266.8282 -0.0269641 0.1164421
Moved 105.421 341.4289 278.2842 -0.03224146 0.1661641
Moved 105.4346 337.5474 285.9052 -0.03898021 0.1992414
Moved 105.4484 335.835 291.66 -0.04195314 0.2242191
Moved 105.4634 335.4008 294.5992 -0.04270695 0.2369759
Ended 105.4792 334.5 295.5 -0.04427083 0.2408854
Began 105.8374 222 314 -0.2395833 0.3211807
Stationary 105.8667 222 314 -0.2395833 0.3211807
Stationary 105.8796 222 314 -0.2395833 0.3211807
Moved 105.8959 210.8405 314 -0.2589574 0.3211807
Moved 105.9186 201.6308 314 -0.2749466 0.3211807
Stationary 105.93 201.6308 314 -0.2749466 0.3211807
Moved 105.9556 188.5402 314 -0.2976733 0.3211807
Moved 105.9676 181.5717 314 -0.3097714 0.3211807
Moved 105.9797 176.0983 314 -0.3192738 0.3211807
Moved 105.9938 172.67 314 -0.3252258 0.3211807
Moved 106.0118 168.7959 314 -0.3319516 0.3211807
Moved 106.0244 165.9325 314 -0.3369227 0.3211807
Stationary 106.0361 165.9325 314 -0.3369227 0.3211807
Moved 106.0499 163.0462 314 -0.3419337 0.3211807
Moved 106.0711 159.9745 314 -0.3472665 0.3211807
Stationary 106.0831 159.9745 314 -0.3472665 0.3211807
Moved 106.0964 157.0799 314 -0.3522919 0.3211807
Moved 106.1245 154.664 314 -0.3564861 0.3211807
Moved 106.1381 154.2281 314 -0.3572429 0.3211807
Moved 106.1515 154 322.4503 -0.3576389 0.357857
Stationary 106.1693 154 322.4503 -0.3576389 0.357857
Stationary 106.1814 154 322.4503 -0.3576389 0.357857
Moved 106.1939 171.5606 325.5121 -0.3271517 0.3711466
Stationary 106.2061 171.5606 325.5121 -0.3271517 0.3711466
Moved 106.2193 201.8745 333.616 -0.2745235 0.4063193
Moved 106.2351 253.5444 341.198 -0.1848187 0.4392275
Moved 106.251 315.5717 348.3921 -0.0771324 0.470452
Moved 106.265 372.0648 346 0.02094574 0.4600695
Moved 106.2807 430.2833 346 0.1220197 0.4600695
Moved 106.2962 462.4851 346 0.1779255 0.4600695
Moved 106.3149 490.0457 339.5567 0.2257738 0.4321038
Moved 106.3269 504.5872 339 0.2510194 0.4296877
Moved 106.3459 510.1762 339 0.2607226 0.4296877
Moved 106.3583 513.4669 339 0.2664355 0.4296877
Moved 106.3732 514.6712 339 0.2685264 0.4296877
Stationary 106.3888 515 339 0.2690972 0.4296877
Stationary 106.4037 515 339 0.2690972 0.4296877
Moved 106.4193 502.5369 336.3762 0.2474599 0.4182993
Moved 106.4334 455.7696 320.865 0.1662667 0.3509766
Moved 106.4517 389.6393 302.7437 0.05145714 0.2723249
Moved 106.4691 328.7176 283.5582 -0.0543097 0.1890548
Moved 106.4808 269.446 259.1362 -0.1572117 0.0830563
Moved 106.4956 236.8162 241.9911 -0.2138607 0.00864188
Moved 106.5116 207.9655 227.9464 -0.2639487 -0.05231593
Moved 106.5283 162.9111 198.7229 -0.3421682 -0.179154
Moved 106.5434 141.0755 184.574 -0.3800772 -0.2405644
Moved 106.5628 121.3001 169.9232 -0.4144095 -0.3041528
Moved 106.5746 107.1469 155.4966 -0.438981 -0.3667682
Moved 106.5886 96.38304 145.4712 -0.4576683 -0.4102812
Moved 106.6035 91 138.5 -0.4670139 -0.4405383
Moved 106.6251 84.85967 133.9298 -0.4776742 -0.460374
Stationary 106.6374 84.85967 133.9298 -0.4776742 -0.460374
Moved 106.6495 82 131 -0.4826389 -0.4730903
Moved 106.6659 81.05154 131 -0.4842855 -0.4730903
Moved 106.6819 79.61671 131 -0.4867766 -0.4730903
Moved 106.6978 78.181 131 -0.4892691 -0.4730903
Moved 106.7118 77.5 131 -0.4904514 -0.4730903
Moved 106.7279 78 145.9073 -0.4895833 -0.4083881
Moved 106.7428 78 161.5087 -0.4895833 -0.3406741
Moved 106.7582 78 175.1067 -0.4895833 -0.2816549
Moved 106.7815 86.07702 215.9233 -0.4755608 -0.1044994
Stationary 106.7934 86.07702 215.9233 -0.4755608 -0.1044994
Moved 106.8042 89.77078 235.0831 -0.469148 -0.02134058
Moved 106.8205 94.06071 252.2429 -0.4617002 0.05313781
Moved 106.835 101.2752 273.8256 -0.4491751 0.1468125
Moved 106.8503 102.2032 281.4145 -0.4475639 0.1797505
Moved 106.8679 107.1262 293.2524 -0.4390171 0.2311302
Moved 106.8822 109.7529 299.8823 -0.4344568 0.2599057
Moved 106.8975 114.7271 306.6362 -0.425821 0.2892195
Moved 106.9125 119.0327 311.0328 -0.4183459 0.3083021
Moved 106.9323 122.3368 313.5579 -0.4126097 0.3192616
Moved 106.9453 125.4272 315.2136 -0.4072444 0.3264481
Moved 106.9598 128.7112 317.4741 -0.4015431 0.3362592
Moved 106.9808 139.7253 318 -0.3824214 0.3385417
Stationary 106.9926 139.7253 318 -0.3824214 0.3385417
Moved 107.0051 152.2019 319 -0.3607605 0.342882
Moved 107.0213 168.7645 320.0637 -0.3320061 0.3474988
Moved 107.0368 185.8194 321.4849 -0.3023969 0.3536671
Moved 107.0517 206.125 323.7813 -0.267144 0.3636339
Moved 107.0697 219.951 325.9925 -0.2431406 0.3732315
Moved 107.087 247.0053 330.264 -0.1961714 0.3917709
Moved 107.0992 262.4041 334.734 -0.1694373 0.4111719
Moved 107.1146 280.9205 342.8094 -0.1372909 0.4462216
Moved 107.1292 295.1537 347.965 -0.1125805 0.4685981
Moved 107.144 307.4132 352.53 -0.09129658 0.4884115
Moved 107.1595 317.6954 355.2318 -0.07344544 0.5001381
Moved 107.179 322.3831 356.7944 -0.06530721 0.5069201
Moved 107.1912 326.4872 357 -0.05818189 0.5078126
Moved 107.2077 329 357 -0.05381946 0.5078126
Stationary 107.2229 329.0188 357 -0.05378686 0.5078126
Stationary 107.2402 329 357 -0.05381946 0.5078126
Stationary 107.2533 329 357 -0.05381946 0.5078126
Moved 107.271 329 346.3909 -0.05381946 0.461766
Moved 107.2852 311 336 -0.08506946 0.4166667
Moved 107.301 289.239 312.3707 -0.1228491 0.314109
Moved 107.3194 255.9151 273.7101 -0.1807029 0.1463114
Stationary 107.3315 255.9151 273.7101 -0.1807029 0.1463114
Moved 107.3449 241.2856 257.1142 -0.2061014 0.07428024
Moved 107.3615 228.298 239.064 -0.2286493 -0.004062653
Moved 107.3809 211.5826 219.5826 -0.2576691 -0.08861701
Moved 107.3968 207.1629 212.5505 -0.2653422 -0.1191382
Stationary 107.4088 207.1629 212.5505 -0.2653422 -0.1191382
Moved 107.4224 203.8901 208.8901 -0.2710242 -0.1350253
Moved 107.4378 201.0302 204.5453 -0.2759892 -0.1538832
Moved 107.4521 199.0815 203.0814 -0.2793725 -0.1602368
Moved 107.4705 199 201.6395 -0.2795139 -0.1664951
Moved 107.4833 197.2097 200.2097 -0.282622 -0.1727008
Stationary 107.4999 197 200 -0.2829861 -0.1736111
Stationary 107.514 197 200 -0.2829861 -0.1736111
Stationary 107.5294 197 200 -0.2829861 -0.1736111
Moved 107.5488 197 198.905 -0.2829861 -0.1783636
Stationary 107.566 197 199 -0.2829861 -0.1779513
Stationary 107.5781 197 199 -0.2829861 -0.1779513
Stationary 107.5905 197 199 -0.2829861 -0.1779513
Stationary 107.6072 197 199 -0.2829861 -0.1779513
Moved 107.6227 195.9652 199 -0.2847827 -0.1779513
Stationary 107.6388 196 199 -0.2847222 -0.1779513
Stationary 107.6527 196 199 -0.2847222 -0.1779513
Stationary 107.6688 196 199 -0.2847222 -0.1779513
Moved 107.6843 194.1558 199 -0.287924 -0.1779513
Moved 107.7056 188.8305 199 -0.2971693 -0.1779513
Stationary 107.7196 188.8305 199 -0.2971693 -0.1779513
Moved 107.7316 184.5009 205.1233 -0.3046859 -0.1513746
Moved 107.758 175.848 211.4347 -0.3197083 -0.1239814
Moved 107.7723 172.7814 213.1093 -0.3250323 -0.1167133
Moved 107.7857 171.455 215.09 -0.327335 -0.1081166
Moved 107.7986 170.0161 216.9839 -0.3298332 -0.09989633
Stationary 107.8111 170.0161 216.9839 -0.3298332 -0.09989633
Moved 107.8243 170 218.4241 -0.3298611 -0.09364553
Moved 107.8392 170 219.6365 -0.3298611 -0.08838336
Ended 107.858 170 223 -0.3298611 -0.07378473
Began 108.3757 469 255 0.1892361 0.06510431
Stationary 108.3943 469 255 0.1892361 0.06510431
Stationary 108.4093 469 255 0.1892361 0.06510431
Stationary 108.424 469 255 0.1892361 0.06510431
Stationary 108.4435 469 255 0.1892361 0.06510431
Stationary 108.4551 469 255 0.1892361 0.06510431
Stationary 108.471 469 255 0.1892361 0.06510431
Stationary 108.4865 469 255 0.1892361 0.06510431
Stationary 108.5013 469 255 0.1892361 0.06510431
Moved 108.5174 462.4456 255 0.1778568 0.06510431
Moved 108.5329 457.6713 255 0.1695682 0.06510431
Moved 108.5495 454.7831 255 0.164554 0.06510431
Moved 108.5643 451.8923 255 0.1595353 0.06510431
Moved 108.5798 447.5186 255 0.151942 0.06510431
Moved 108.5947 445.1372 261.5199 0.1478076 0.09340234
Moved 108.6129 441.9276 263.0241 0.1422355 0.09993103
Moved 108.6344 435.2083 266.8959 0.13057 0.1167356
Moved 108.6476 432.3286 268.3357 0.1255706 0.1229848
Stationary 108.6593 432.3286 268.3357 0.1255706 0.1229848
Moved 108.6702 431.2263 270.5475 0.1236567 0.1325846
Moved 108.686 429.7903 272.2097 0.1211637 0.139799
Moved 108.7016 428.3495 277.2522 0.1186624 0.1616849
Moved 108.7173 428 282.9902 0.1180556 0.1865894
Moved 108.7327 428 289.8502 0.1180556 0.2163636
Moved 108.7487 428 297.035 0.1180556 0.2475479
Moved 108.7653 428 303.1504 0.1180556 0.2740904
Moved 108.7853 434.372 310.8206 0.129118 0.3073808
Moved 108.8023 435 312.35 0.1302084 0.3140193
Stationary 108.8153 435 312.35 0.1302084 0.3140193
Moved 108.8255 436.5 313.5 0.1328125 0.3190103
Stationary 108.8405 436.5 313.5 0.1328125 0.3190103
Moved 108.8561 438.3506 313 0.1360254 0.3168403
Moved 108.8717 447.062 301.23 0.1511493 0.2657551
Moved 108.8874 455.1131 289.4417 0.1651269 0.2145908
Moved 108.9032 467.2599 258.5684 0.1862151 0.08059171
Moved 108.9193 473.3811 235.4756 0.1968422 -0.01963722
Moved 108.9376 476 202.5 0.2013889 -0.1627604
Moved 108.9503 478.6124 179.9771 0.2059243 -0.2605163
Moved 108.9683 479 157.194 0.2065972 -0.3594011
Moved 108.9821 480.4621 144.8413 0.2091356 -0.413015
Moved 108.9951 481 136.3773 0.2100694 -0.4497511
Moved 109.0108 482.3418 129.2909 0.212399 -0.4805083
Moved 109.0263 482.7971 128.2029 0.2131893 -0.4852306
Moved 109.0415 483 126.7622 0.2135417 -0.4914835
Stationary 109.0571 483 126.7622 0.2135417 -0.4914835
Moved 109.0718 484.3217 127 0.2158363 -0.4904515
Moved 109.0931 487.3683 143.8417 0.2211256 -0.4173539
Moved 109.1054 494.4558 166.0587 0.2334303 -0.3209256
Moved 109.1189 503.9434 186.8868 0.2499018 -0.2305259
Moved 109.1383 514.5573 207.5449 0.2683285 -0.1408639
Moved 109.1516 528.0617 231.1049 0.2917739 -0.03860739
Moved 109.1649 536.6769 244.0153 0.3067307 0.01742734
Moved 109.1814 553.5033 262.0536 0.3359433 0.09571897
Moved 109.1959 566.4418 273.5658 0.3584059 0.1456849
Moved 109.2115 579.4244 286.4244 0.3809452 0.2014951
Moved 109.2268 597.6729 297.3889 0.4126266 0.249084
Moved 109.2473 623.2335 311.7704 0.4570025 0.3115037
Stationary 109.2583 623.2335 311.7704 0.4570025 0.3115037
Moved 109.2732 631.6367 316.2209 0.4715915 0.3308201
Moved 109.2889 638.8122 319.3249 0.484049 0.3442921
Moved 109.3094 647.1122 322 0.4984587 0.3559029
Ended 109.3216 647.1122 322 0.4984587 0.3559029
Began 109.8077 249 302 -0.1927084 0.2690972
Stationary 109.8279 249 302 -0.1927084 0.2690972
Stationary 109.8431 249 302 -0.1927084 0.2690972
Stationary 109.8584 249 302 -0.1927084 0.2690972
Moved 109.8735 234.7475 302 -0.2174523 0.2690972
Moved 109.8915 227.5 302 -0.2300347 0.2690972
Moved 109.9062 217.386 302 -0.2475938 0.2690972
Moved 109.9223 208.7043 302 -0.2626661 0.2690972
Moved 109.9414 176.6107 302 -0.3183842 0.2690972
Stationary 109.9533 176.6107 302 -0.3183842 0.2690972
Moved 109.966 166.404 302 -0.3361041 0.2690972
Moved 109.9824 156.2071 296.4083 -0.3538071 0.2448277
Moved 109.9976 146.3161 295 -0.370979 0.2387153
Moved 110.0148 139.6072 293.3215 -0.3826264 0.23143
Moved 110.0288 134.5419 291.2709 -0.3914203 0.2225303
Moved 110.0445 131.4872 291 -0.3967237 0.2213542
Moved 110.0604 129.3034 290 -0.400515 0.2170139
Stationary 110.0748 129 290 -0.4010417 0.2170139
Stationary 110.0937 129 290 -0.4010417 0.2170139
Stationary 110.106 129 290 -0.4010417 0.2170139
Moved 110.1212 140.4948 290 -0.3810855 0.2170139
Moved 110.1372 170.7001 296.1435 -0.3286456 0.2436784
Moved 110.1515 213.7466 302.064 -0.2539121 0.2693751
Moved 110.1754 276.5985 303 -0.1447943 0.2734375
Moved 110.19 308.7762 303 -0.08893017 0.2734375
Moved 110.2042 334.3956 303 -0.0444521 0.2734375
Stationary 110.2161 334.3956 303 -0.0444521 0.2734375
Moved 110.2286 374.1316 290.8856 0.02453409 0.2208579
Moved 110.251 446.0003 290 0.1493061 0.2170139
Moved 110.2652 474.2886 290 0.1984178 0.2170139
Stationary 110.2771 474.2886 290 0.1984178 0.2170139
Moved 110.2904 489.3069 290 0.2244912 0.2170139
Moved 110.3127 515.5302 293.5302 0.2700176 0.2323359
Moved 110.3302 525.611 297 0.2875192 0.247396
Moved 110.3432 532.9235 297 0.3002144 0.247396
Stationary 110.3558 532.9235 297 0.3002144 0.247396
Moved 110.368 535.3673 297 0.3044571 0.247396
Moved 110.3837 538.7848 297 0.3103903 0.247396
Moved 110.4022 539 298.3282 0.3107639 0.2531604
Moved 110.416 540.5 298 0.3133681 0.2517361
Moved 110.4288 540 298 0.3125 0.2517361
Stationary 110.4466 540 298 0.3125 0.2517361
Moved 110.4619 525.413 298 0.2871753 0.2517361
Moved 110.4833 502.9265 287.7316 0.2481362 0.2071687
Moved 110.4969 493.5541 284.8514 0.2318648 0.1946675
Stationary 110.5089 493.5541 284.8514 0.2318648 0.1946675
Moved 110.523 486.5 283.5 0.2196181 0.1888021
Moved 110.5378 484.0909 284 0.2154355 0.1909724
Moved 110.5578 481.2108 284 0.2104355 0.1909724
Moved 110.5711 480.1676 284 0.2086243 0.1909724
Moved 110.5843 479.062 284 0.2067048 0.1909724
Stationary 110.5998 479 284 0.2065972 0.1909724
Moved 110.6148 479 292.6052 0.2065972 0.228321
Moved 110.6357 479 298.3495 0.2065972 0.2532531
Stationary 110.648 479 298.3495 0.2065972 0.2532531
Moved 110.6613 479 300.1108 0.2065972 0.2608975
Moved 110.6765 477.5 300 0.203993 0.2604167
Moved 110.6923 476.2511 301 0.2018248 0.2647568
Moved 110.713 459.5 301 0.1727431 0.2647568
Stationary 110.7256 459.5 301 0.1727431 0.2647568
Moved 110.7383 439.2341 288.2029 0.1375592 0.2092142
Moved 110.7535 401.9637 268.0574 0.07285364 0.1217768
Moved 110.7704 378.8539 247.4567 0.03273256 0.032364
Moved 110.7907 334 210.5 -0.0451389 -0.1280382
Stationary 110.8036 334 210.5 -0.0451389 -0.1280382
Moved 110.8162 314.4539 187.6073 -0.07907306 -0.2273988
Moved 110.8315 294.0417 167.0417 -0.1145109 -0.3166591
Moved 110.8467 278.6664 148.1997 -0.1412041 -0.3984388
Moved 110.8758 256.4821 119.3094 -0.1797187 -0.5238306
Moved 110.8919 248.9213 109.9055 -0.192845 -0.5646462
Moved 110.9067 236.0083 91.23425 -0.2152633 -0.6456847
Moved 110.921 234.4906 87.35864 -0.2178982 -0.6625059
Moved 110.9346 229.0628 79.09424 -0.2273215 -0.6983755
Moved 110.9519 226.1824 76.18237 -0.2323223 -0.711014
Moved 110.9653 224.1605 73.32104 -0.2358324 -0.723433
Moved 110.9787 223.5 72 -0.2369792 -0.7291667
Stationary 110.9915 223.5 72 -0.2369792 -0.7291667
Moved 111.0074 224 73 -0.2361111 -0.7248265
Stationary 111.0196 224 73 -0.2361111 -0.7248265
Stationary 111.0322 224 73 -0.2361111 -0.7248265
Moved 111.0463 244.0174 91.51453 -0.2013588 -0.6444682
Moved 111.0618 275.3403 116.436 -0.1469786 -0.5363017
Moved 111.0773 317.7307 144.5641 -0.0733842 -0.4142183
Moved 111.0961 366.9147 174.559 0.01200467 -0.2840322
Moved 111.1099 404.3296 196.1133 0.07696114 -0.1904804
Moved 111.1233 441.3243 220.2162 0.1411881 -0.08586726
Moved 111.1451 496.9243 251.178 0.2377159 0.04851554
Stationary 111.1574 496.9243 251.178 0.2377159 0.04851554
Moved 111.1703 510.5741 258.2222 0.2614133 0.07908954
Moved 111.1858 526.3352 264.2128 0.2887764 0.1050902
Moved 111.202 535.9659 267.2372 0.3054963 0.118217
Moved 111.2159 543.9092 269.1818 0.3192868 0.1266572
Moved 111.2317 553.1127 271.6226 0.335265 0.1372507
Moved 111.2517 559.8972 272 0.3470438 0.138889
Moved 111.2679 572.53 274 0.3689758 0.1475696
Moved 111.284 577.218 274 0.3771147 0.1475696
Stationary 111.2962 577.218 274 0.3771147 0.1475696
Moved 111.3087 581.5 274 0.3845486 0.1475696
Moved 111.324 585.8508 274 0.3921022 0.1475696
Moved 111.3399 590.1711 274 0.3996027 0.1475696
Moved 111.3551 595 274 0.4079861 0.1475696
Moved 111.3876 605.4986 274 0.4262128 0.1475696
Moved 111.4006 609.4398 268.3071 0.4330553 0.1228608
Moved 111.4186 613.7545 267 0.440546 0.1171876
Moved 111.4348 616.3636 266 0.4450758 0.1128472
Moved 111.4478 619.2549 264.8725 0.4500954 0.1079536
Moved 111.4613 620.5 265 0.4522569 0.108507
Moved 111.475 621.4647 265 0.4539317 0.108507
Stationary 111.4936 621.4647 265 0.4539317 0.108507
Stationary 111.5099 621 265 0.453125 0.108507
Moved 111.5248 611.6437 265 0.4368814 0.108507
Moved 111.5409 590.5008 265 0.400175 0.108507
Moved 111.5558 555.4464 264.1933 0.3393166 0.1050057
Moved 111.5806 497.9644 264 0.2395215 0.1041668
Moved 111.5943 462.2873 275.1782 0.1775821 0.152683
Moved 111.6064 444.2239 280.9254 0.1462221 0.1776275
Stationary 111.6191 444.2239 280.9254 0.1462221 0.1776275
Moved 111.6323 426.0197 285.9951 0.1146177 0.1996313
Moved 111.6497 408.7293 289.2118 0.08459941 0.2135929
Moved 111.6642 397.6271 294.1865 0.06532483 0.2351845
Moved 111.6792 388.0729 297.9757 0.0487376 0.2516306
Moved 111.702 378.5 304 0.03211804 0.2777779
Moved 111.7281 376.104 307.844 0.02795831 0.2944619
Moved 111.7467 374 312.8147 0.02430558 0.3160362
Stationary 111.7595 374 312.8147 0.02430558 0.3160362
Moved 111.7719 374 315.4637 0.02430558 0.3275334
Moved 111.7861 374 317.6994 0.02430558 0.337237
Ended 111.8016 374 318 0.02430558 0.3385417
PhraseEnd 112.7532
