never too rich and never too thin
Basic
0.6 0.6
432 326.4
Began 933.8967 466 213 0.2453704 -0.4748775
Stationary 933.9546 466 213 0.2453704 -0.4748775
Stationary 933.9877 466 213 0.2453704 -0.4748775
Stationary 934.0219 466 213 0.2453704 -0.4748775
Stationary 934.0545 466 213 0.2453704 -0.4748775
Stationary 934.0866 466 213 0.2453704 -0.4748775
Stationary 934.1205 466 213 0.2453704 -0.4748775
Stationary 934.1523 466 213 0.2453704 -0.4748775
Stationary 934.1849 466 213 0.2453704 -0.4748775
Moved 934.2184 466 203.5857 0.2453704 -0.5037202
Moved 934.2605 455.0187 204 0.2199507 -0.5024509
Moved 934.3038 448.8591 215.8546 0.2056922 -0.4661317
Moved 934.3449 429.2455 241.7545 0.1602905 -0.3867815
Moved 934.3794 395.8774 279.4258 0.08304954 -0.2713669
Moved 934.4122 336.9442 350.5627 -0.0533699 -0.05342288
Moved 934.4467 303.6033 388.1493 -0.130548 0.06173195
Moved 934.4792 281.5342 414.2466 -0.1816338 0.141687
Moved 934.5113 271.4612 432.2573 -0.204951 0.1968668
Moved 934.5441 268 444.3614 -0.212963 0.2339503
Moved 934.5775 268 450.6806 -0.212963 0.2533107
Moved 934.6096 268 452 -0.212963 0.257353
Moved 934.6669 290.7435 420.4083 -0.1603159 0.1605645
Moved 934.7026 308.1476 371.4648 -0.1200287 0.01061533
Moved 934.7391 328.5 287 -0.07291664 -0.2481617
Moved 934.7785 342.1065 245.707 -0.04142011 -0.3746721
Moved 934.8114 353.6938 220.7655 -0.01459762 -0.4510861
Moved 934.8449 362.4662 206.8007 0.005708734 -0.4938706
Moved 934.8795 364.1374 203.8627 0.009577175 -0.5028716
Moved 934.9159 364 202.6595 0.009259283 -0.5065578
Moved 934.9506 346.9369 230.3817 -0.03023863 -0.4216247
Moved 934.9839 294.0702 329.4526 -0.1526153 -0.1180985
Moved 935.0373 280.2817 381.873 -0.184533 0.0425033
Moved 935.0708 277.6964 410.6439 -0.1905177 0.1306491
Moved 935.1052 278 446.3878 -0.1898148 0.2401588
Moved 935.1395 274.9364 463.2226 -0.1969065 0.2917359
Moved 935.1729 270.1441 479.1398 -0.2079998 0.340502
Moved 935.2091 261.5079 492.4921 -0.227991 0.3814098
Moved 935.2433 255.8694 504.3919 -0.2410432 0.4178674
Moved 935.2769 256 509 -0.2407407 0.4319853
Moved 935.3104 267.6847 513.8739 -0.2136928 0.4469176
Moved 935.3449 288.4045 521.0214 -0.1657303 0.4688155
Moved 935.4005 354.7729 523 -0.01209974 0.4748775
Moved 935.4423 369.9404 523 0.02301007 0.4748775
Moved 935.4771 372.5 523 0.02893518 0.4748775
Moved 935.5115 373 523 0.0300926 0.4748775
Ended 935.5452 374.1817 523 0.03282805 0.4748775
Began 935.7711 391 468 0.07175922 0.3063726
Stationary 935.8125 391 468 0.07175922 0.3063726
Moved 935.8457 377.5 457.5 0.04050931 0.2742034
Moved 935.8842 367.3508 450.2104 0.01701564 0.2518703
Moved 935.9187 357.7194 444.8878 -0.005279134 0.235563
Moved 935.9528 347.6482 439.3241 -0.02859205 0.2185175
Moved 935.9856 343.8394 438 -0.03740877 0.2144608
Moved 936.0179 342.7189 438 -0.04000256 0.2144608
Moved 936.0505 342 438 -0.04166668 0.2144608
Stationary 936.0827 342 438 -0.04166668 0.2144608
Moved 936.1223 342 447.8864 -0.04166668 0.2447501
Moved 936.1589 349.2273 453.0649 -0.0249368 0.2606157
Moved 936.1949 352.2386 459.3579 -0.01796618 0.2798955
Moved 936.2416 358.457 470.1854 -0.003571808 0.3130682
Moved 936.2771 365.6507 478.6508 0.01308034 0.3390035
Moved 936.3104 373.4294 485.072 0.0310865 0.3586766
Moved 936.3444 391.0007 489.8572 0.07176081 0.3733372
Moved 936.3777 415.8474 492.2589 0.1292763 0.380695
Moved 936.4127 448.7503 492 0.2054404 0.379902
Moved 936.447 469.7715 492 0.2541007 0.379902
Moved 936.4796 488.5955 482.4045 0.2976747 0.3505042
Moved 936.5137 499.1071 482.2233 0.3220071 0.3499489
Moved 936.5461 506.3593 480.8204 0.3387946 0.3456507
Moved 936.5979 513 479 0.3541666 0.3400736
Moved 936.6306 515.1345 477.8655 0.3591076 0.3365978
Moved 936.6635 517.5 478 0.3645833 0.3370098
Ended 936.6973 518.5 476.5 0.3668982 0.3324143
Began 936.9245 445 475 0.1967593 0.3278186
Stationary 936.9693 445 475 0.1967593 0.3278186
Moved 937.0065 422.6406 475 0.1450014 0.3278186
Moved 937.0402 401.4251 475 0.09589155 0.3278186
Moved 937.0742 355.1535 475 -0.01121884 0.3278186
Moved 937.1094 320.4907 485.6805 -0.09145667 0.360541
Moved 937.1442 295.953 491.9141 -0.1482569 0.379639
Moved 937.1808 281.499 495.4004 -0.1817153 0.3903199
Moved 937.2203 271.9272 498 -0.2038721 0.3982843
Moved 937.2545 269.5638 500.4362 -0.2093431 0.4057482
Moved 937.295 269 501 -0.2106481 0.4074755
Stationary 937.3276 269 501 -0.2106481 0.4074755
Stationary 937.371 269 501 -0.2106481 0.4074755
Moved 937.4038 297.5548 506.311 -0.1445491 0.4237468
Moved 937.4366 330.5 512 -0.06828706 0.4411765
Moved 937.4751 385.6256 514 0.05931854 0.447304
Moved 937.511 420.3748 514 0.1397565 0.447304
Moved 937.5479 444.4133 514 0.1954011 0.447304
Moved 937.5828 466.1347 506.8113 0.2456823 0.4252798
Moved 937.6185 476.7464 505.5634 0.2702464 0.4214566
Moved 937.652 480.8409 504.1591 0.2797244 0.417154
Moved 937.6847 483.2465 502.7535 0.2852927 0.4128478
Moved 937.7386 476.2733 494.0104 0.2691511 0.3860613
Moved 937.7719 440.4872 470.2263 0.1863129 0.3131932
Moved 937.8047 371 421 0.025463 0.1623774
Moved 937.8381 322.6893 378.7755 -0.08636738 0.03301303
Moved 937.8712 292.7271 345.6362 -0.1557242 -0.06851645
Moved 937.9046 263.846 307.769 -0.2225787 -0.1845313
Moved 937.9383 254.6113 294.5142 -0.2439553 -0.2251404
Moved 937.9723 249.0041 285.5062 -0.2569349 -0.2527384
Moved 938.005 247.3948 281.3948 -0.2606601 -0.2653344
Moved 938.0378 247 281 -0.2615741 -0.2665441
Moved 938.0899 266.4945 299.6827 -0.2164479 -0.2093054
Moved 938.1252 294.3561 319.5455 -0.1519535 -0.1484513
Moved 938.1577 338.714 351.476 -0.04927323 -0.05062515
Moved 938.191 372.9507 376.6544 0.02997836 0.02651458
Moved 938.2241 393.213 393.0397 0.07688195 0.07671464
Moved 938.2566 403.1609 399.6965 0.09990951 0.09710953
Moved 938.2889 409.8966 405.8965 0.1155013 0.1161046
Moved 938.3211 413.3057 408.3057 0.1233927 0.1234855
Moved 938.3533 415.7068 409.7068 0.1289511 0.1277783
Moved 938.3851 417.474 410 0.1330417 0.1286765
Ended 938.4372 417.474 410 0.1330417 0.1286765
Began 938.7256 277 385 -0.1921296 0.05208334
Moved 938.7737 263.5939 385 -0.2231623 0.05208334
Moved 938.8087 250.6267 385 -0.253179 0.05208334
Moved 938.8447 225.1429 374.4694 -0.3121692 0.01982053
Moved 938.8792 203.3048 373.6088 -0.3627203 0.01718381
Moved 938.9158 190.0272 373 -0.3934555 0.01531863
Moved 938.9489 177.1917 373 -0.4231673 0.01531863
Moved 938.9848 169 373 -0.4421296 0.01531863
Moved 939.0197 167.5 373 -0.4456018 0.01531863
Moved 939.0527 168 373 -0.4444444 0.01531863
Moved 939.0851 168 380.7208 -0.4444444 0.03897293
Moved 939.1268 175.4175 385.1193 -0.4272742 0.05244872
Moved 939.1588 187.8569 390.4285 -0.3984795 0.06871472
Moved 939.191 231.1784 392 -0.2981982 0.07352946
Moved 939.2233 284.7096 368.553 -0.1742833 0.001694455
Moved 939.2556 326.5 337.5 -0.07754628 -0.09344363
Moved 939.2875 351.4267 302.5566 -0.01984561 -0.2005005
Moved 939.3194 366.2294 279.1559 0.01441995 -0.272194
Moved 939.3503 382.2453 262.566 0.05149384 -0.3230208
Moved 939.3809 388.0639 259.9744 0.0649628 -0.3309607
Moved 939.4116 395.3195 255.787 0.0817581 -0.3437899
Moved 939.465 400.5 253.5 0.09374996 -0.3507966
Moved 939.4959 401.0432 254 0.09500732 -0.3492646
Stationary 939.5266 401 254 0.09490739 -0.3492646
Moved 939.5576 369.0535 279.3827 0.02095719 -0.271499
Moved 939.5889 319.5504 321.4116 -0.09363343 -0.1427339
Moved 939.6202 286.336 355.664 -0.1705185 -0.03779412
Moved 939.651 270.8885 371.9338 -0.2062766 0.0120522
Moved 939.6819 261.4674 381.5326 -0.2280847 0.04146015
Moved 939.7133 258.4173 387.5827 -0.2351451 0.05999607
Moved 939.7453 258 390.984 -0.2361111 0.0704167
Moved 939.7967 258 394.2686 -0.2361111 0.08047983
Moved 939.8289 258 396 -0.2361111 0.08578432
Stationary 939.8597 258 396 -0.2361111 0.08578432
Stationary 939.8902 258 396 -0.2361111 0.08578432
Ended 939.9211 258 396 -0.2361111 0.08578432
Began 940.2315 407 339 0.1087963 -0.08884795
Stationary 940.2686 407 339 0.1087963 -0.08884795
Stationary 940.3014 407 339 0.1087963 -0.08884795
Stationary 940.3348 407 339 0.1087963 -0.08884795
Stationary 940.3671 407 339 0.1087963 -0.08884795
Moved 940.3999 407 328.5917 0.1087963 -0.1207363
Moved 940.433 407 327.1342 0.1087963 -0.1252016
Moved 940.4666 407 324.7308 0.1087963 -0.1325649
Moved 940.4996 407 322.6872 0.1087963 -0.138826
Moved 940.5339 407 320.197 0.1087963 -0.1464554
Moved 940.5776 407 317.795 0.1087963 -0.1538143
Moved 940.6107 407 314.375 0.1087963 -0.1642922
Moved 940.644 400 295.1283 0.09259263 -0.2232589
Moved 940.6802 400 281.5 0.09259263 -0.2650123
Moved 940.7203 400 263.4998 0.09259263 -0.3201601
Moved 940.7534 400 259.5659 0.09259263 -0.3322125
Moved 940.7874 400 257.3226 0.09259263 -0.3390851
Stationary 940.8198 400 257 0.09259263 -0.3400736
Moved 940.8537 394.0462 257 0.07881076 -0.3400736
Moved 940.8878 368.6156 287.6921 0.01994341 -0.2460412
Moved 940.9407 289.2135 372.1652 -0.1638576 0.01276091
Moved 940.9785 271.0962 395.5384 -0.2057959 0.08437017
Moved 941.0107 261.3506 410.0823 -0.228355 0.1289286
Moved 941.046 250.5 432 -0.2534722 0.1960785
Moved 941.0792 246.1724 442.6552 -0.2634898 0.2287229
Moved 941.1149 243.6832 451.2672 -0.2692518 0.2551077
Moved 941.15 244 455 -0.2685185 0.2665441
Moved 941.1869 244 458.0447 -0.2685185 0.2758724
Moved 941.2222 252.5768 458 -0.2486648 0.2757353
Moved 941.2586 289.7065 410.9724 -0.1627165 0.1316555
Moved 941.321 339.5 287 -0.04745369 -0.2481617
Moved 941.3549 351.8721 258.2877 -0.01881451 -0.3361282
Moved 941.3917 357.7298 246.1755 -0.005255093 -0.3732367
Moved 941.4286 362.7214 238.5571 0.006299516 -0.3965774
Moved 941.4624 364.1287 235.8713 0.009557207 -0.4048059
Moved 941.4971 364 235 0.009259283 -0.4074755
Stationary 941.5299 364 235 0.009259283 -0.4074755
Stationary 941.5622 364 235 0.009259283 -0.4074755
Moved 941.5947 353.7923 249.833 -0.01436969 -0.3620312
Moved 941.6287 334.6292 294.9269 -0.05872866 -0.2238757
Moved 941.6836 308.8802 371.3595 -0.1183329 0.01029258
Moved 941.7176 295.984 416.064 -0.1481852 0.147255
Moved 941.7526 287.2736 456.2687 -0.1683481 0.2704312
Moved 941.787 284.2352 476.3538 -0.1753815 0.3319664
Moved 941.8217 283 489.4619 -0.1782407 0.3721259
Moved 941.8557 283 496.5963 -0.1782407 0.3939837
Moved 941.8895 283 504.8005 -0.1782407 0.4191191
Moved 941.9233 283 507.3055 -0.1782407 0.4267939
Moved 941.9568 292.8767 508 -0.1553781 0.4289215
Moved 941.9902 292.8165 509 -0.1555173 0.4319853
Moved 942.0428 296.4263 509 -0.1471614 0.4319853
Moved 942.0766 301.5288 509 -0.13535 0.4319853
Moved 942.1089 306.3415 509 -0.1242095 0.4319853
Moved 942.143 309.5795 501.4205 -0.116714 0.4087638
Moved 942.1792 311 499.0137 -0.113426 0.4013902
Moved 942.2123 313.3008 498 -0.1080999 0.3982843
Ended 942.2454 313.3008 498 -0.1080999 0.3982843
Began 942.5735 410 436 0.1157407 0.2083333
Stationary 942.6132 410 436 0.1157407 0.2083333
Stationary 942.6479 410 436 0.1157407 0.2083333
Stationary 942.6918 410 436 0.1157407 0.2083333
Stationary 942.7273 410 436 0.1157407 0.2083333
Ended 942.7616 410 436 0.1157407 0.2083333
Began 943.0477 379 434 0.04398147 0.2022059
Stationary 943.0925 379 434 0.04398147 0.2022059
Stationary 943.1257 379 434 0.04398147 0.2022059
Moved 943.1669 367.5 444.5 0.01736114 0.2343751
Moved 943.201 365.5 443.5 0.01273145 0.2313112
Moved 943.2421 366 444 0.01388888 0.2328433
Moved 943.2822 373.0689 447.0098 0.03025214 0.2420644
Moved 943.317 386.7831 449.0979 0.06199777 0.2484617
Moved 943.3523 424.1007 456.7287 0.1483813 0.2718404
Moved 943.3866 439.6784 458.1357 0.1844407 0.276151
Moved 943.4218 450 460.5 0.2083333 0.2833946
Moved 943.4569 453.3738 460.6869 0.216143 0.2839672
Moved 943.491 458.5968 461 0.2282334 0.2849264
Moved 943.5375 463.786 462 0.2402454 0.2879903
Moved 943.5704 469.0565 463 0.2524455 0.291054
Moved 943.6071 477.714 465.4285 0.272486 0.2984941
Moved 943.643 484.4872 465 0.2881649 0.2971814
Moved 943.6793 492.8792 466 0.3075907 0.300245
Moved 943.7137 495.4066 466 0.3134414 0.300245
Moved 943.7513 499.141 467 0.3220856 0.3033088
Moved 943.7861 501.5 467 0.3275463 0.3033088
Moved 943.8181 502.5 467 0.3298611 0.3033088
Moved 943.8512 503.0813 467 0.3312067 0.3033088
Moved 943.9043 504.3128 468 0.3340575 0.3063726
Moved 943.9379 505.031 468 0.3357199 0.3063726
Stationary 943.9713 505.031 468 0.3357199 0.3063726
Moved 944.0037 506 468 0.337963 0.3063726
Stationary 944.0378 506 468 0.337963 0.3063726
Stationary 944.0712 506 468 0.337963 0.3063726
Moved 944.1042 507 468 0.3402778 0.3063726
Stationary 944.1395 507 468 0.3402778 0.3063726
Stationary 944.1718 507 468 0.3402778 0.3063726
Stationary 944.2033 507 468 0.3402778 0.3063726
Stationary 944.2567 507 468 0.3402778 0.3063726
Stationary 944.291 507 468 0.3402778 0.3063726
Stationary 944.3228 507 468 0.3402778 0.3063726
Moved 944.3568 507 460.294 0.3402778 0.2827635
Stationary 944.3912 507 460 0.3402778 0.2818628
Moved 944.426 507 457.5781 0.3402778 0.2744428
Moved 944.468 507 455.9741 0.3402778 0.2695283
Moved 944.5035 507 454.874 0.3402778 0.266158
Moved 944.5377 507 453.7916 0.3402778 0.2628419
Moved 944.5708 507 453 0.3402778 0.2604167
Moved 944.6254 507 452 0.3402778 0.257353
Moved 944.6623 507 451 0.3402778 0.2542892
Moved 944.6983 507 450 0.3402778 0.2512255
Moved 944.7361 507 447.9535 0.3402778 0.2449556
Stationary 944.7726 507 447.9535 0.3402778 0.2449556
Moved 944.8065 507 446.8639 0.3402778 0.2416174
Moved 944.8412 507 444.9747 0.3402778 0.2358295
Moved 944.8768 507 442.6865 0.3402778 0.2288188
Moved 944.9103 507 441.5447 0.3402778 0.2253209
Moved 944.9512 507 439.9079 0.3402778 0.2203061
Moved 945.0051 507 437.6865 0.3402778 0.2135002
Moved 945.0391 507 436.7292 0.3402778 0.2105675
Moved 945.0731 496.6049 436 0.316215 0.2083333
Moved 945.1073 496.9003 434 0.3168989 0.2022059
Moved 945.1422 495.7077 432.7077 0.3141382 0.1982467
Moved 945.1771 494.8109 431.811 0.3120624 0.1954994
Moved 945.2113 493 429.9677 0.3078704 0.1898521
Moved 945.2452 490.362 428 0.3017638 0.1838235
Moved 945.2786 488.1975 426.1975 0.2967534 0.1783012
Moved 945.3112 486.8505 424.8505 0.2936353 0.1741742
Moved 945.3654 485.5 422.5 0.2905093 0.1669731
Moved 945.3994 483.6398 418.6398 0.2862032 0.1551466
Moved 945.436 482.5 418 0.2835648 0.1531863
Moved 945.4699 482.088 415.088 0.2826112 0.1442648
Moved 945.5046 480.5 410.5 0.2789353 0.1302083
Moved 945.5385 480.2801 408.2801 0.2784261 0.1234072
Moved 945.5717 480 404.9528 0.2777778 0.1132133
Moved 945.6053 478.5495 400.0991 0.2744202 0.09834281
Moved 945.6398 479 397.1429 0.275463 0.08928598
Moved 945.6772 477.8804 392.7607 0.2728713 0.07586017
Moved 945.7314 478 388.2386 0.2731481 0.06200557
Moved 945.7673 477 385.8328 0.2708333 0.05463488
Moved 945.801 477 383.5 0.2708333 0.04748775
Moved 945.834 477 382.7255 0.2708333 0.04511497
Moved 945.8684 475.6937 382 0.2678094 0.04289216
Moved 945.9025 476 380.5 0.2685185 0.03829657
Moved 945.9362 476 378.9952 0.2685185 0.03368649
Stationary 945.969 476 378.9952 0.2685185 0.03368649
Moved 946.0028 476 377.7913 0.2685185 0.02999773
Moved 946.037 476 376.6876 0.2685185 0.0266163
Moved 946.0929 475 375 0.2662037 0.02144608
Backspace 946.0929
Moved 946.1322 475 373.9054 0.2662037 0.0180926
Stationary 946.167 475 373.9054 0.2662037 0.0180926
Moved 946.1997 475 372.8437 0.2662037 0.01483973
Moved 946.2344 475 371.9269 0.2662037 0.01203116
Stationary 946.2689 475 371.9269 0.2662037 0.01203116
Moved 946.3032 475 370.8797 0.2662037 0.00882261
Stationary 946.3442 475 371 0.2662037 0.009191177
Moved 946.378 474 370 0.2638889 0.006127451
Stationary 946.4103 474 370 0.2638889 0.006127451
Moved 946.465 474 369 0.2638889 0.003063726
Stationary 946.4988 474 369 0.2638889 0.003063726
Stationary 946.5333 474 369 0.2638889 0.003063726
Moved 946.5673 474 367.6872 0.2638889 -0.0009583492
Stationary 946.603 474 368 0.2638889 0
Stationary 946.6373 474 368 0.2638889 0
Stationary 946.6757 474 368 0.2638889 0
Moved 946.7089 472.5 367 0.2604167 -0.003063632
Moved 946.7425 473 366 0.2615741 -0.006127451
Moved 946.7772 470.7465 362.493 0.2563576 -0.016872
Moved 946.8304 464.9351 351.8053 0.2429053 -0.04961603
Moved 946.8639 461.7094 346.7094 0.2354383 -0.06522852
Moved 946.8991 459.4096 340.2289 0.2301148 -0.08508281
Moved 946.9331 455.0109 333.0164 0.2199327 -0.10718
Moved 946.9677 448.8087 323.213 0.2055756 -0.1372152
Moved 947.0008 445.3086 316.9257 0.1974736 -0.1564775
Moved 947.0339 442.9056 311.8113 0.1919112 -0.1721467
Moved 947.0667 442 308.5 0.1898148 -0.1822917
Moved 947.0995 440.0946 306.0946 0.1854042 -0.1896611
Moved 947.1321 440 304.9829 0.1851852 -0.1930671
Moved 947.1927 439 301.1519 0.1828703 -0.2048041
Moved 947.2263 437.7516 300 0.1799807 -0.2083333
Moved 947.2597 436.5652 295.1304 0.1772342 -0.2232524
Moved 947.2936 435.0311 292.0311 0.1736831 -0.232748
Moved 947.3291 433.621 288.2419 0.1704189 -0.2443567
Moved 947.3663 431.0149 282.0298 0.1643864 -0.263389
Moved 947.4023 428.8728 277.7457 0.1594278 -0.2765145
Moved 947.4374 426.5 273 0.1539352 -0.291054
Moved 947.4733 423.8577 266.7154 0.1478187 -0.3103082
Moved 947.508 421.5 263 0.1423611 -0.3216912
Moved 947.5634 418.2612 262 0.1348639 -0.3247548
Moved 947.6002 400.1404 278.2427 0.09291749 -0.2749916
Moved 947.6353 365.3602 317.8945 0.0124079 -0.1535095
Moved 947.6769 283.2935 416.236 -0.1775614 0.147782
Moved 947.7125 256.927 445.073 -0.2385949 0.2361306
Moved 947.7482 236.1063 468.8671 -0.2867909 0.3090291
Moved 947.7822 215.7427 501.2632 -0.333929 0.4082819
Moved 947.8168 206.0919 518.0892 -0.3562688 0.4598322
Moved 947.8508 198.6066 529.5245 -0.3735958 0.4948669
Moved 947.8843 194 536 -0.3842593 0.5147059
Moved 947.9409 195 538 -0.3819444 0.5208334
Moved 947.9774 262.2474 478.7526 -0.2262791 0.3393155
Moved 948.014 336.4865 337.2484 -0.05442932 -0.09421434
Moved 948.0512 348.6606 289.1922 -0.02624849 -0.2414455
Moved 948.0869 354 262 -0.01388888 -0.3247548
Moved 948.1237 357.2215 249.1141 -0.006431788 -0.3642336
Moved 948.159 358 244.7527 -0.004629641 -0.3775959
Moved 948.194 359 240.2531 -0.002314796 -0.3913815
Moved 948.23 360 236.6475 0 -0.4024282
Stationary 948.2649 360 237 0 -0.401348
Moved 948.3207 294.8454 354.0527 -0.1508209 -0.0427306
Moved 948.357 273.0482 405.245 -0.2012773 0.1141084
Moved 948.3929 259.7451 433.6371 -0.2320714 0.2010943
Moved 948.4333 252 463.5 -0.25 0.2925858
Moved 948.4702 248.4086 479.1611 -0.2583133 0.340567
Moved 948.5038 243.192 498.0199 -0.2703888 0.3983453
Moved 948.5369 242 509.2518 -0.2731481 0.4327568
Moved 948.569 242 514.0245 -0.2731481 0.4473789
Moved 948.608 242 524.9491 -0.2731481 0.480849
Moved 948.6414 250.3654 529.9295 -0.2537838 0.4961075
Moved 948.6944 279.5 532 -0.1863426 0.502451
Moved 948.7281 313.1348 526.5469 -0.1084843 0.4857441
Moved 948.7615 332.4209 516.7474 -0.0638405 0.4557213
Moved 948.7965 343.379 511.3105 -0.0384746 0.4390642
Moved 948.8305 345.8622 509.1378 -0.03272638 0.4324075
Ended 948.865 346.4909 508.5091 -0.03127113 0.4304813
Began 949.3112 379 442 0.04398147 0.2267157
Stationary 949.3526 379 442 0.04398147 0.2267157
Stationary 949.3862 379 442 0.04398147 0.2267157
Moved 949.42 366.0653 442 0.01404017 0.2267157
Moved 949.4569 358.3959 442 -0.003713171 0.2267157
Moved 949.4933 347.6812 442 -0.02851566 0.2267157
Moved 949.5319 344.1595 442 -0.03666793 0.2267157
Moved 949.567 341.7602 442 -0.04222184 0.2267157
Stationary 949.6011 342 442 -0.04166668 0.2267157
Stationary 949.6343 342 442 -0.04166668 0.2267157
Stationary 949.6676 342 442 -0.04166668 0.2267157
Moved 949.7012 347.593 454.397 -0.02872 0.2646967
Moved 949.7361 352.1095 464.3284 -0.01826515 0.2951239
Moved 949.7704 354.5 470.5 -0.0127315 0.3140318
Moved 949.8049 355.9114 476.7343 -0.009464274 0.3331319
Moved 949.8444 360.416 484.416 0.0009631117 0.3566667
Moved 949.8795 365.0129 486.671 0.01160403 0.3635752
Moved 949.9343 392.7917 487 0.07590671 0.3645834
Moved 949.9675 440.2377 477.6271 0.1857353 0.3358673
Moved 950.0042 483.0308 470.9938 0.2847934 0.3155449
Moved 950.0383 501.8322 468.5954 0.3283154 0.3081967
Moved 950.0719 513.2444 467.1889 0.3547325 0.3038876
Moved 950.1052 520.169 467 0.3707616 0.3033088
Moved 950.1392 522.5 466 0.3761573 0.300245
Ended 950.1725 522.5 466 0.3761573 0.300245
Began 950.6802 374 533 0.03240744 0.5055147
Stationary 950.724 374 533 0.03240744 0.5055147
Stationary 950.7588 374 533 0.03240744 0.5055147
Moved 950.7946 353.6198 533 -0.01476889 0.5055147
Moved 950.832 337.9928 523.1899 -0.0509426 0.4754594
Moved 950.8663 326.945 524 -0.07651627 0.4779412
Moved 950.9012 319.3647 523 -0.09406318 0.4748775
Moved 950.9358 309.5 523 -0.1168982 0.4748775
Moved 950.9719 304.1387 523 -0.1293085 0.4748775
Moved 951.0101 300.6658 523 -0.1373477 0.4748775
Moved 951.0479 298.0609 522 -0.1433777 0.4718138
Moved 951.085 295.9294 519.9294 -0.1483115 0.4654701
Moved 951.1323 293.2987 511.1948 -0.1544012 0.4387097
Moved 951.1741 287.6978 492.4889 -0.1673662 0.3813999
Moved 951.2094 288 479.5 -0.1666667 0.3416054
Moved 951.2446 296.2754 472.9656 -0.1475107 0.3215858
Moved 951.2791 322.1791 470.5684 -0.08754835 0.3142416
Moved 951.3149 368.0424 471 0.01861682 0.3155637
Moved 951.3483 385.6096 471 0.05928149 0.3155637
Moved 951.3836 448.5 481 0.2048611 0.3462009
Moved 951.4208 470.658 482 0.2561527 0.3492648
Moved 951.4556 484.7558 482 0.2887865 0.3492648
Moved 951.5118 492 482 0.3055556 0.3492648
Moved 951.5475 492 473.0594 0.3055556 0.3218734
Moved 951.5853 447.2777 410.1888 0.2020316 0.1292549
Moved 951.6216 401.2521 344.3481 0.09549091 -0.07246298
Moved 951.6571 372.3784 297.5616 0.02865374 -0.2158038
Moved 951.6969 340.0355 255.0443 -0.04621421 -0.3460653
Moved 951.7323 326.9565 236.139 -0.07648969 -0.4039858
Moved 951.7693 316.4871 224.4871 -0.1007244 -0.4396843
Moved 951.8069 312.8416 222 -0.1091631 -0.4473039
Moved 951.843 312 221 -0.1111111 -0.4503677
Moved 951.8965 312 235.4465 -0.1111111 -0.4061074
Moved 951.9307 322.5 246.5 -0.08680557 -0.3722426
Moved 951.9691 359.9507 297.2433 -0.0001142422 -0.2167792
Moved 952.0032 398.2079 343.6495 0.08844435 -0.07460314
Moved 952.0404 422.752 369.346 0.1452593 0.0041238
Moved 952.0763 439.6125 390.8166 0.1842881 0.06990377
Moved 952.112 442.5 396 0.1909722 0.08578432
Moved 952.1476 443 397.74 0.1921296 0.09111518
Ended 952.1817 443 399.5 0.1921296 0.0965074
Began 952.7562 234 386 -0.2916667 0.05514706
Stationary 952.8082 234 386 -0.2916667 0.05514706
Moved 952.8455 217.6023 375.7636 -0.3296244 0.02378567
Moved 952.8815 209 373 -0.349537 0.01531863
Moved 952.9163 198.8558 368.4279 -0.3730189 0.001311115
Moved 952.9515 185.8194 363.6064 -0.4031958 -0.01346055
Moved 952.9899 178.6118 361.2039 -0.41988 -0.02082133
Moved 953.0295 170.6966 360 -0.4382022 -0.0245098
Moved 953.0677 168.5 360 -0.4432871 -0.0245098
Moved 953.1022 167.5 360 -0.4456018 -0.0245098
Stationary 953.1372 167.5 360 -0.4456018 -0.0245098
Moved 953.181 175.588 360 -0.4268797 -0.0245098
Moved 953.217 262.1989 368 -0.2263913 0
Moved 953.256 329.5841 333.0169 -0.07040709 -0.1071786
Moved 953.2908 379.9883 292.0108 0.0462692 -0.2328101
Moved 953.3253 395.0019 274.1973 0.08102287 -0.2873857
Moved 953.3593 405.4047 265.5953 0.1051033 -0.3137398
Moved 953.4167 413.2395 258.7606 0.1232395 -0.3346796
Moved 953.4518 414.5 259 0.1261574 -0.333946
Moved 953.4899 403.4516 259 0.1005823 -0.333946
Moved 953.5276 353.5934 305.3649 -0.01483018 -0.1918968
Moved 953.5619 318.3223 330.3608 -0.09647623 -0.1153162
Moved 953.6013 268.253 356.3946 -0.2123774 -0.03555578
Moved 953.6382 243.1938 363.5225 -0.2703847 -0.01371795
Moved 953.6741 224.9886 368.5747 -0.3125263 0.001760838
Moved 953.7096 206.8127 379.5498 -0.3546002 0.03538543
Ended 953.7449 198.8762 390.165 -0.3729717 0.0679076
Began 954.1874 402 328 0.09722222 -0.122549
Stationary 954.2374 402 328 0.09722222 -0.122549
Stationary 954.2748 402 328 0.09722222 -0.122549
Stationary 954.3146 402 328 0.09722222 -0.122549
Moved 954.3533 416.724 314.4139 0.1313056 -0.1641729
Moved 954.389 420.2657 309.4686 0.1395039 -0.1793242
Moved 954.4241 423.6687 306.3314 0.1473812 -0.1889357
Moved 954.4599 428.967 301.033 0.1596458 -0.2051685
Moved 954.4935 432.3738 297.6262 0.1675321 -0.2156061
Moved 954.5272 433.7803 295.2197 0.1707878 -0.222979
Moved 954.5601 435.0926 293.9074 0.1738253 -0.2269994
Moved 954.5931 435 291.7517 0.1736111 -0.2336038
Moved 954.6257 435 289.2826 0.1736111 -0.2411684
Moved 954.6582 435 284.6395 0.1736111 -0.2553937
Moved 954.6907 435 277.5331 0.1736111 -0.2771658
Moved 954.724 435 275.1561 0.1736111 -0.2844484
Moved 954.7571 425.4958 274 0.1516106 -0.2879901
Moved 954.8113 398.9063 298.0937 0.09006092 -0.2141737
Moved 954.8485 333.1728 391.9892 -0.06210009 0.07349641
Moved 954.8844 297 454.5 -0.1458333 0.2650123
Moved 954.9245 271.9483 495.6827 -0.2038234 0.3911849
Moved 954.9597 263.1385 508.4819 -0.2242163 0.4303982
Moved 955.0001 254.1717 518.8856 -0.2449729 0.462272
Moved 955.0358 249.6569 523.3431 -0.2554238 0.4759286
Moved 955.0717 247.2547 525.7453 -0.2609845 0.4832884
Moved 955.1101 245.8508 526 -0.2642343 0.4840686
Stationary 955.1455 246 526 -0.2638889 0.4840686
Moved 955.2013 319.23 331.3099 -0.09437492 -0.1124084
Moved 955.2401 340 267.5 -0.04629632 -0.3079043
Moved 955.2783 351.9843 236.0551 -0.01855497 -0.404243
Moved 955.3143 353 227.8051 -0.01620372 -0.4295188
Moved 955.3497 354.8003 224.1997 -0.01203626 -0.4405646
Moved 955.3862 355 221.5182 -0.01157408 -0.4487801
Stationary 955.4208 355 222 -0.01157408 -0.4473039
Stationary 955.455 355 222 -0.01157408 -0.4473039
Moved 955.4899 330.4682 274.6459 -0.06836057 -0.2860113
Moved 955.5262 300.6573 375.0448 -0.1373672 0.02158324
Moved 955.5826 278.1537 468.3854 -0.1894591 0.3075534
Moved 955.6174 271.3623 496.9131 -0.2051799 0.3949545
Moved 955.652 264.9946 516.0144 -0.2199199 0.4534755
Moved 955.6946 254.5 538 -0.244213 0.5208334
Moved 955.731 248.9866 546.0201 -0.2569754 0.5454047
Moved 955.7705 245.7681 551.2319 -0.2644258 0.5613723
Moved 955.8116 246 552.4964 -0.2638889 0.5652464
Moved 955.8517 246 553 -0.2638889 0.5667892
Moved 955.8883 268.0163 553 -0.2129252 0.5667892
Moved 955.9232 294.3679 536.7701 -0.1519261 0.5170653
Moved 955.9794 321.9124 518.7396 -0.08816569 0.4618248
Moved 956.0164 333.5112 506.2332 -0.06131669 0.4235086
Moved 956.054 336.3645 503.2709 -0.05471174 0.4144331
Moved 956.0948 338 501 -0.05092591 0.4074755
Ended 956.1283 339.1659 501 -0.04822701 0.4074755
Began 956.4647 376 505 0.03703703 0.4197304
Stationary 956.5095 376 505 0.03703703 0.4197304
Stationary 956.545 376 505 0.03703703 0.4197304
Moved 956.5809 359.104 500.576 -0.002073993 0.4061767
Moved 956.6178 345.9411 494.9853 -0.03254374 0.389048
Moved 956.6539 338.3118 492.5779 -0.05020424 0.3816726
Moved 956.69 335.1711 492 -0.05747423 0.379902
Moved 956.7252 331.8792 490.8792 -0.06509458 0.3764679
Moved 956.7675 330.644 491 -0.06795382 0.3768382
Moved 956.8028 329.792 491 -0.06992603 0.3768382
Stationary 956.8394 329.792 491 -0.06992603 0.3768382
Moved 956.8752 329.1333 491 -0.07145077 0.3768382
Moved 956.9092 328.5 491 -0.07291664 0.3768382
Stationary 956.9433 328.5 491 -0.07291664 0.3768382
Moved 956.9832 341.0609 491 -0.04384061 0.3768382
Moved 957.0546 409.5578 485.3624 0.1147171 0.3595661
Moved 957.0974 450.7725 478.1617 0.2101215 0.3375052
Moved 957.1331 471.0644 475.1871 0.2570935 0.328392
Moved 957.1666 486.5741 472.071 0.2929956 0.318845
Moved 957.2083 499.5 468.5 0.3229167 0.3079044
Moved 957.2457 504.9129 468 0.3354465 0.3063726
Ended 957.2807 507.2974 466.7026 0.340966 0.3023978
Began 957.6689 360 478 0 0.3370098
Stationary 957.7089 360 478 0 0.3370098
Stationary 957.7448 360 478 0 0.3370098
Moved 957.7803 347.0737 478 -0.02992208 0.3370098
Moved 957.8224 336.0909 478 -0.0553451 0.3370098
Moved 957.8572 327.8897 478 -0.07432942 0.3370098
Moved 957.8927 317.0548 478 -0.09941021 0.3370098
Moved 957.9304 311.2296 478 -0.1128943 0.3370098
Moved 957.9652 305.0406 478 -0.1272209 0.3370098
Moved 958.0018 298.9152 478 -0.1414001 0.3370098
Moved 958.045 298 478 -0.1435185 0.3370098
Stationary 958.0831 298 478 -0.1435185 0.3370098
Moved 958.1188 305.8089 478 -0.1254423 0.3370098
Moved 958.1536 344.0518 471.2988 -0.03691718 0.3164793
Moved 958.1922 377.254 449.7473 0.03993978 0.2504511
Moved 958.2297 401.5197 424.7764 0.0961104 0.1739473
Moved 958.2657 420.8748 385.3338 0.1409139 0.05310597
Moved 958.3026 424.3572 368.4996 0.148975 0.001530834
Moved 958.3402 426 356.8443 0.1527777 -0.034178
Moved 958.3745 426 351.8797 0.1527777 -0.04938818
Moved 958.4545 426 421.6454 0.1527777 0.1643549
Moved 958.503 455.8956 568.408 0.2219806 0.6139951
Moved 958.5389 463.054 589.324 0.238551 0.6780761
Moved 958.5753 464 591.459 0.2407408 0.6846172
Moved 958.6105 464 592.5 0.2407408 0.6878064
Moved 958.6467 466.1618 574.5732 0.2457449 0.6328835
Moved 958.6818 469.5 514.5 0.2534722 0.4488358
Moved 958.7165 470 420.1157 0.2546296 0.1596681
Moved 958.7505 470 379.1508 0.2546296 0.03416305
Moved 958.7844 461.6121 330.6724 0.2352131 -0.1143615
Moved 958.8405 450.786 293.965 0.2101528 -0.226823
Moved 958.876 431 262.5 0.1643519 -0.3232231
Moved 958.9101 406.8176 237.8342 0.1083741 -0.3987921
Moved 958.9464 371.5305 200.7006 0.02669106 -0.5125595
Moved 958.9802 353.0446 182.8705 -0.01610036 -0.567186
Ended 959.0143 352 182 -0.01851852 -0.5698529
PhraseEnd 960.3284
