a problem with the engine
Basic
0.4 0.4
288 115.2
Began 970.6868 187 167 -0.6006944 -0.6336806
Stationary 970.7363 187 167 -0.6006944 -0.6336806
Stationary 970.7837 187 167 -0.6006944 -0.6336806
Stationary 970.8242 187 167 -0.6006944 -0.6336806
Stationary 970.8647 187 167 -0.6006944 -0.6336806
Moved 970.9056 187 156.6927 -0.6006944 -0.7231533
Moved 970.948 178.7408 153.7408 -0.6293722 -0.7487772
Moved 970.9905 177.5 151.5 -0.6336806 -0.7682292
Moved 971.0311 178 152 -0.6319445 -0.763889
Stationary 971.0704 178 152 -0.6319445 -0.763889
Moved 971.1105 192.6724 164.8965 -0.5809987 -0.6519406
Moved 971.1534 205.6247 183.0411 -0.5360253 -0.4944346
Moved 971.1978 212.5 196 -0.5121528 -0.3819445
Moved 971.2476 217.5 204 -0.4947917 -0.3124998
Moved 971.2908 221.7504 209.7505 -0.4800332 -0.2625826
Moved 971.3483 226.4803 215.4803 -0.46361 -0.2128442
Moved 971.3864 228.0517 218.0516 -0.4581539 -0.1905237
Moved 971.4249 229.3734 219.3734 -0.4535645 -0.1790503
Moved 971.4627 229 220.5 -0.4548611 -0.1692708
Moved 971.5052 230 220 -0.4513889 -0.1736111
Ended 971.547 232.0622 220 -0.4442284 -0.1736111
Began 971.9183 568 301 0.7222222 0.5295137
Stationary 971.9662 568 301 0.7222222 0.5295137
Stationary 972.0084 568 301 0.7222222 0.5295137
Moved 972.048 553.8168 301 0.6729752 0.5295137
Moved 972.09 540.8829 292.961 0.6280658 0.4597312
Moved 972.1313 530.3385 291 0.5914532 0.4427084
Moved 972.1724 523.399 288.133 0.5673578 0.4178212
Moved 972.2148 515.8279 285.8279 0.5410693 0.397812
Moved 972.2556 511.9095 285 0.5274636 0.390625
Moved 972.3015 508.5719 283 0.5158746 0.3732639
Moved 972.3441 505.2716 281 0.5044152 0.3559028
Moved 972.3854 501.412 281 0.4910142 0.3559028
Moved 972.4424 486.8547 279 0.4404679 0.338542
Moved 972.4874 447.923 276.9936 0.3052882 0.3211249
Moved 972.5292 387.2309 275 0.09455174 0.3038195
Moved 972.5721 369.9575 274 0.03457457 0.2951392
Moved 972.6131 355.674 274 -0.01502089 0.2951392
Moved 972.6543 341.7369 274 -0.06341339 0.2951392
Moved 972.6926 336.4211 274 -0.08187123 0.2951392
Moved 972.7318 332.8714 274 -0.09419642 0.2951392
Stationary 972.7697 333 274 -0.09374999 0.2951392
Moved 972.8112 342.5114 283.0568 -0.06072417 0.3737575
Moved 972.8771 406.6074 288 0.1618311 0.4166667
Moved 972.9219 460.2596 278.4351 0.3481236 0.3336385
Moved 972.9645 494.5897 270.7641 0.4673255 0.2670495
Moved 973.004 503.4057 267.5944 0.4979363 0.2395347
Moved 973.0431 504 267.0593 0.5 0.23489
Moved 973.0836 469.3566 252.5426 0.3797103 0.108877
Moved 973.124 437.917 236.5668 0.270545 -0.02980233
Moved 973.1652 394.6287 215.8143 0.1202385 -0.2099451
Moved 973.2057 374.6142 199.9607 0.05074368 -0.3475632
Moved 973.2456 369.5722 194.5721 0.03323689 -0.3943388
Moved 973.3085 364.3748 190.3748 0.01519024 -0.4307747
Moved 973.347 361.6271 190 0.005649626 -0.4340278
Moved 973.3925 361 196.1556 0.003472269 -0.3805934
Moved 973.4335 374.7441 204.2465 0.05119488 -0.3103606
Moved 973.4756 412.2524 220.8225 0.1814321 -0.166471
Moved 973.5211 459.3323 237.1425 0.3449038 -0.02480507
Moved 973.5642 491.1169 245.3528 0.4552668 0.04646514
Moved 973.603 500.5421 248 0.4879932 0.06944445
Moved 973.6437 508.1884 251.1884 0.5145431 0.0971214
Moved 973.6896 508 252.4922 0.513889 0.1084391
Moved 973.7566 330.8697 252 -0.1011469 0.1041667
Moved 973.7993 295.3577 252 -0.2244525 0.1041667
Moved 973.8443 283.7026 257.1487 -0.2649215 0.1488601
Moved 973.8887 277.5611 262.4389 -0.2862462 0.1947822
Moved 973.9304 276 264.3839 -0.2916667 0.2116662
Moved 973.9686 276 265.5 -0.2916667 0.2213542
Moved 974.0082 296.0745 266 -0.2219636 0.2256945
Moved 974.0513 345.7399 254.7886 -0.04951433 0.1283733
Moved 974.0933 385.3145 237.3428 0.08789748 -0.0230662
Moved 974.1356 421 218 0.2118056 -0.1909722
Moved 974.2036 456.1161 186.8839 0.3337366 -0.4610769
Moved 974.2463 459.4257 182.1486 0.3452282 -0.502183
Moved 974.2883 464.3573 180 0.3623519 -0.5208334
Ended 974.3317 468.21 179 0.3757291 -0.5295134
Began 974.8886 364 332 0.01388892 0.7986112
Stationary 974.9344 364 332 0.01388892 0.7986112
Moved 974.9748 345.4659 332 -0.05046569 0.7986112
Moved 975.0179 336.7173 332 -0.08084268 0.7986112
Moved 975.0611 326.5364 332 -0.1161929 0.7986112
Moved 975.1021 317.9372 332 -0.1460514 0.7986112
Moved 975.1429 310.0428 325.15 -0.1734623 0.739149
Moved 975.1846 305.3112 324.1556 -0.1898915 0.730518
Moved 975.2282 296.3495 321.1165 -0.2210086 0.7041367
Moved 975.2722 284.5478 315.6985 -0.2619869 0.657105
Moved 975.3244 270.1819 303.6365 -0.3118683 0.5524
Moved 975.366 258.7448 290.3265 -0.3515804 0.4368616
Moved 975.4055 252.2903 280.5806 -0.3739921 0.3522627
Moved 975.4465 249.5 277.5 -0.3836806 0.3255209
Moved 975.4889 247.9399 276 -0.3890974 0.3124998
Moved 975.551 248 275 -0.3888889 0.3038195
Moved 975.6047 310.6855 275 -0.171231 0.3038195
Moved 975.6491 344.9918 285.4952 -0.05211197 0.3949237
Moved 975.6909 386.5384 285.4539 0.0921473 0.394565
Moved 975.7353 422.292 288 0.2162916 0.4166667
Moved 975.778 441.433 288 0.2827534 0.4166667
Moved 975.8186 445.5 288 0.296875 0.4166667
Moved 975.8617 445 288 0.295139 0.4166667
Moved 975.9056 421.2497 280.1136 0.2126725 0.3482085
Moved 975.9494 381.2834 278 0.07390082 0.3298611
Moved 976.0163 340.9421 278 -0.06617338 0.3298611
Moved 976.0582 330.2715 278 -0.1032238 0.3298611
Moved 976.0989 327.6271 278 -0.1124059 0.3298611
Stationary 976.1389 327.6271 278 -0.1124059 0.3298611
Stationary 976.1777 328 278 -0.1111111 0.3298611
Moved 976.2178 342.6687 278 -0.06017804 0.3298611
Moved 976.2585 359.1512 272.3395 -0.002947301 0.2807254
Moved 976.3018 377.5 261.75 0.06076396 0.1888021
Moved 976.3442 390.429 248.5709 0.1056562 0.07440064
Moved 976.3945 397.4409 239.1182 0.1300032 -0.007654827
Moved 976.4581 401 233.1707 0.1423611 -0.05928252
Moved 976.4976 406.253 232 0.1606006 -0.06944445
Ended 976.5357 406.253 232 0.1606006 -0.06944445
Began 976.8539 399 316 0.1354167 0.6597223
Stationary 976.9086 399 316 0.1354167 0.6597223
Moved 976.951 388.9893 316 0.1006572 0.6597223
Moved 976.9913 381.0672 316 0.07315011 0.6597223
Moved 977.0335 375.1624 316 0.052647 0.6597223
Moved 977.0746 369.1432 307.1432 0.03174737 0.5828407
Moved 977.1151 365.8877 306 0.0204435 0.5729167
Moved 977.1544 366 304.6276 0.02083331 0.5610037
Moved 977.1956 366 303.5 0.02083331 0.5512154
Moved 977.243 365 297.5344 0.01736105 0.4994308
Moved 977.2849 361.5 289 0.005208403 0.4253475
Moved 977.329 356.5807 280.1613 -0.01187272 0.3486226
Moved 977.3698 351.5288 271.0576 -0.02941385 0.2695976
Moved 977.4095 347.8956 264.7911 -0.04202925 0.2152009
Moved 977.4542 347 261.608 -0.0451389 0.1875692
Moved 977.4974 346 259.717 -0.04861109 0.1711546
Moved 977.5382 346 258.225 -0.04861109 0.1582032
Moved 977.5812 356.0299 249.9701 -0.01378492 0.08654595
Moved 977.6216 364.8904 240.1643 0.01698062 0.001426273
Moved 977.688 376.5493 226.9014 0.05746305 -0.1137034
Moved 977.7283 379 221.5 0.06597222 -0.16059
Moved 977.7672 380 219.7607 0.06944448 -0.175688
Moved 977.8066 380 216.5 0.06944448 -0.2039928
Moved 977.845 380 217 0.06944448 -0.1996525
Stationary 977.8856 380 217 0.06944448 -0.1996525
Moved 977.9251 365.9944 217 0.02081379 -0.1996525
Moved 977.9651 342.4221 229.6763 -0.06103419 -0.08961546
Moved 978.0099 319.6034 244.1982 -0.1402659 0.03644308
Moved 978.0579 304.3171 252.8943 -0.1933435 0.1119299
Moved 978.1218 291.5072 262.4929 -0.2378223 0.1952508
Moved 978.1616 286.4354 266.5646 -0.2554328 0.2305961
Moved 978.2044 282.5 270.5 -0.2690972 0.264757
Moved 978.2482 282 278.3812 -0.2708333 0.3331707
Ended 978.2908 292.5 287.5 -0.234375 0.4123264
Began 978.6838 308 290 -0.1805556 0.4340278
Stationary 978.7352 308 290 -0.1805556 0.4340278
Stationary 978.7756 308 290 -0.1805556 0.4340278
Stationary 978.8141 308 290 -0.1805556 0.4340278
Moved 978.8546 294.097 275.097 -0.2288297 0.3046619
Moved 978.8967 286 265.5 -0.2569445 0.2213542
Moved 978.9386 281.4291 260.4291 -0.2728157 0.177336
Moved 978.9799 279 256.4106 -0.2812501 0.1424533
Moved 979.0222 277.5484 253.5485 -0.2862903 0.1176082
Moved 979.0668 276 251 -0.2916667 0.09548585
Stationary 979.1101 276 251 -0.2916667 0.09548585
Stationary 979.1498 276 251 -0.2916667 0.09548585
Moved 979.2023 297.7298 258.7298 -0.216216 0.1625851
Moved 979.2437 337.325 262 -0.07873252 0.1909725
Moved 979.2859 372.4637 252.3273 0.04327655 0.1070076
Moved 979.3274 395.0953 240.4285 0.1218589 0.00371933
Moved 979.369 403.228 233.848 0.1500972 -0.05340232
Moved 979.4151 409.3879 224.2241 0.1714858 -0.1369434
Moved 979.4566 412 212 0.1805556 -0.2430553
Moved 979.498 412 195.708 0.1805556 -0.3844791
Moved 979.5386 412 189 0.1805556 -0.4427081
Moved 979.5785 405 184.6746 0.15625 -0.4802553
Moved 979.6411 402.6266 184 0.1480089 -0.4861109
Moved 979.6813 394.7566 184 0.1206827 -0.4861109
Moved 979.7209 382.8376 195.0812 0.07929713 -0.3899204
Moved 979.7602 361.0116 204.9943 0.003512353 -0.303869
Moved 979.8018 353.2345 211.7655 -0.02349131 -0.2450909
Moved 979.8444 350 222.4397 -0.03472224 -0.1524332
Moved 979.8854 350 237.3589 -0.03472224 -0.02292633
Moved 979.9282 364.3855 249.3855 0.0152275 0.08147135
Moved 979.9691 370.9753 256.9753 0.03810868 0.1473551
Moved 980.012 380 266.5 0.06944448 0.230035
Moved 980.0758 407.1151 283.0576 0.163594 0.3737635
Moved 980.1218 431.8705 293.6235 0.2495505 0.4654824
Moved 980.1666 448.0038 298.2509 0.3055688 0.5056503
Moved 980.209 454.5 299 0.3281251 0.5121531
Moved 980.2513 456 299 0.3333333 0.5121531
Moved 980.2952 448.5197 279.182 0.3073603 0.3401216
Moved 980.3363 436.1967 258.0943 0.2645719 0.1570686
Moved 980.3839 423.0466 234.7443 0.2189118 -0.04562272
Moved 980.426 410.1563 212.2605 0.1741539 -0.240794
Moved 980.4693 401.1094 201.1641 0.1427411 -0.3371176
Moved 980.5361 391.686 195.343 0.1100209 -0.3876474
Moved 980.5787 384.7028 195 0.08577362 -0.390625
Moved 980.6224 374.155 203.535 0.04914925 -0.3165362
Moved 980.6661 345.9997 227.2502 -0.04861206 -0.110675
Moved 980.7105 318.8671 252.9441 -0.1428227 0.1123622
Moved 980.7637 301.5317 276.4472 -0.203015 0.3163823
Moved 980.8068 293.0782 290.8437 -0.2323675 0.4413518
Moved 980.851 285.235 300.53 -0.2596008 0.5254341
Moved 980.897 281.2148 306.7852 -0.2735597 0.5797323
Moved 980.9403 277.9867 313.0266 -0.2847684 0.6339111
Ended 981.0034 277.9867 313.0266 -0.2847684 0.6339111
PhraseEnd 981.9348
