a problem with the engine
Basic
0.4 0.4
288 217.6
Began 1269.412 229 291 -0.4548611 -0.3538603
Stationary 1269.466 229 291 -0.4548611 -0.3538603
Stationary 1269.518 229 291 -0.4548611 -0.3538603
Stationary 1269.566 229 291 -0.4548611 -0.3538603
Stationary 1269.614 229 291 -0.4548611 -0.3538603
Stationary 1269.659 229 291 -0.4548611 -0.3538603
Moved 1269.705 222.172 298.6815 -0.4785694 -0.3185591
Moved 1269.755 221 304.9252 -0.4826389 -0.289866
Moved 1269.805 229.0685 322.0342 -0.4546232 -0.2112399
Moved 1269.85 234.8311 335.6622 -0.4346143 -0.1486111
Moved 1269.895 241.0177 352.0707 -0.4131331 -0.07320433
Moved 1269.939 244.5 362 -0.4010417 -0.02757339
Moved 1269.983 244 367.9454 -0.4027778 -0.0002507603
Ended 1270.028 244 369.1451 -0.4027778 0.00526246
Began 1270.488 581 523 0.7673611 0.7123162
Stationary 1270.541 581 523 0.7673611 0.7123162
Moved 1270.591 571.1976 523 0.7333249 0.7123162
Moved 1270.641 553.9 523 0.673264 0.7123162
Moved 1270.687 531.2715 507.6358 0.5946929 0.6417087
Moved 1270.734 515.0283 500.2113 0.5382925 0.6075888
Moved 1270.781 496.6163 491.8082 0.4743621 0.5689714
Moved 1270.829 478.7009 483.3505 0.412156 0.5301032
Moved 1270.876 457.402 473.201 0.3382014 0.4834605
Moved 1270.924 437.5419 460.028 0.2692427 0.4229227
Moved 1270.97 420.6052 447.4539 0.2104346 0.3651372
Moved 1271.016 403.1905 436.6429 0.1499669 0.3154545
Moved 1271.062 394.3972 434 0.1194347 0.3033089
Moved 1271.107 383.4231 431.6058 0.08133009 0.2923059
Moved 1271.154 370.0872 431 0.03502489 0.289522
Moved 1271.225 328.9491 431 -0.1078156 0.289522
Moved 1271.274 308.3308 431 -0.1794069 0.289522
Moved 1271.321 302 431 -0.2013889 0.289522
Moved 1271.368 301 431 -0.2048611 0.289522
Moved 1271.414 319.5 443 -0.140625 0.3446691
Moved 1271.461 376.5565 444 0.05748794 0.3492649
Moved 1271.509 420.7492 436.2251 0.2109349 0.3135345
Moved 1271.558 450.4489 436 0.3140585 0.3125
Moved 1271.604 457.7784 436 0.3395082 0.3125
Moved 1271.651 461.4933 436 0.3524074 0.3125
Stationary 1271.724 461 436 0.3506945 0.3125
Moved 1271.774 446.0576 429.6043 0.2988109 0.2831081
Moved 1271.825 419.2516 418.3006 0.2057345 0.2311609
Moved 1271.872 398.8909 409.4454 0.1350379 0.1904661
Moved 1271.921 388.2396 403.6198 0.09805411 0.163694
Moved 1271.973 379.9516 396.6344 0.06927625 0.131592
Moved 1272.021 366.0605 373.1211 0.02104357 0.02353458
Moved 1272.068 331.7231 309.5908 -0.09818361 -0.2684244
Moved 1272.115 319.1585 281.4756 -0.1418106 -0.3976303
Moved 1272.162 317 271.98 -0.1493056 -0.4412682
Moved 1272.237 322.1062 268 -0.1315757 -0.4595589
Moved 1272.282 338.6102 268 -0.07427007 -0.4595589
Moved 1272.328 363.6945 286.7192 0.01282811 -0.3735332
Moved 1272.38 390.9601 303.4 0.1075003 -0.2968748
Moved 1272.439 432.6536 331.5719 0.2522694 -0.1674086
Moved 1272.492 459.2444 354.8389 0.3445986 -0.06048315
Moved 1272.543 481.6474 385.2947 0.4223867 0.07947951
Moved 1272.593 489 401.5 0.4479167 0.1539524
Moved 1272.639 490 413.3435 0.451389 0.2083801
Moved 1272.685 477.4432 420.7114 0.4077891 0.2422398
Moved 1272.757 427.8182 426 0.2354799 0.2665441
Moved 1272.806 392.6958 428 0.113527 0.2757353
Moved 1272.862 355.5 428 -0.01562499 0.2757353
Moved 1272.909 321.6187 428 -0.1332682 0.2757353
Moved 1272.961 281.7491 422.7491 -0.2717043 0.2516045
Moved 1273.009 268.7957 420 -0.3166818 0.2389706
Moved 1273.06 263 420 -0.3368056 0.2389706
Moved 1273.111 261.5 420 -0.3420139 0.2389706
Moved 1273.169 291.5399 414.23 -0.2377087 0.2124542
Moved 1273.219 370.0607 353.5681 0.03493294 -0.066323
Moved 1273.296 428.6139 300.7128 0.2382428 -0.3092242
Moved 1273.346 443.7628 283.3162 0.2908432 -0.3891717
Moved 1273.397 450.405 276.595 0.3139061 -0.4200595
Ended 1273.447 455 269.5 0.329861 -0.4526655
Began 1274.071 376 470 0.05555556 0.4687501
Moved 1274.129 362.6468 470 0.009190291 0.4687501
Moved 1274.179 340.2381 456.0952 -0.06861769 0.4048493
Moved 1274.23 321.7752 453 -0.1327251 0.390625
Moved 1274.28 305.9007 452 -0.1878447 0.3860295
Moved 1274.332 299 452 -0.2118056 0.3860295
Moved 1274.382 291.9958 459 -0.2361257 0.4181986
Moved 1274.448 276.5842 459 -0.2896383 0.4181986
Moved 1274.499 265.6677 459 -0.3275428 0.4181986
Moved 1274.545 261.0686 450 -0.3435118 0.3768383
Moved 1274.592 260 449 -0.3472223 0.3722427
Moved 1274.636 276.8167 449 -0.288831 0.3722427
Moved 1274.682 320.0923 456 -0.1385686 0.4044117
Moved 1274.728 370.1302 456 0.03517419 0.4044117
Moved 1274.791 413.5 456 0.1857639 0.4044117
Moved 1274.837 429.491 456 0.2412883 0.4044117
Moved 1274.888 439.4188 456 0.2757597 0.4044117
Moved 1274.938 444.0773 456 0.2919351 0.4044117
Moved 1274.984 446 456 0.2986111 0.4044117
Stationary 1275.031 446 456 0.2986111 0.4044117
Moved 1275.079 413.4704 443.3268 0.1856612 0.346171
Moved 1275.128 385.8643 440.8738 0.08980677 0.3348982
Moved 1275.176 356.6446 439.2349 -0.01165062 0.3273664
Moved 1275.222 338.5285 436.6321 -0.07455372 0.3154052
Moved 1275.299 333.5 434.5 -0.09201392 0.3056067
Moved 1275.348 339.3644 432.6589 -0.07165134 0.2971457
Moved 1275.396 365.0006 417.9995 0.01736328 0.2297771
Moved 1275.444 404.3282 383.6718 0.1539174 0.07202121
Moved 1275.491 428.3548 355.2581 0.2373431 -0.05855659
Ended 1275.538 432.5787 347.2372 0.2520095 -0.09541751
Began 1275.926 388 412 0.09722218 0.202206
Stationary 1275.972 388 412 0.09722218 0.202206
Stationary 1276.019 388 412 0.09722218 0.202206
Moved 1276.066 376.1132 412 0.05594865 0.202206
Moved 1276.112 364.6474 412 0.01613692 0.202206
Moved 1276.159 355.4451 412 -0.01581572 0.202206
Moved 1276.205 349.9015 412 -0.03506437 0.202206
Moved 1276.252 347.2945 412 -0.04411631 0.202206
Moved 1276.298 345 412 -0.05208336 0.202206
Moved 1276.347 343.5 412 -0.05729169 0.202206
Moved 1276.393 344 420.4322 -0.05555556 0.2409568
Moved 1276.438 349.6478 430.6136 -0.03594518 0.2877465
Moved 1276.483 354.1397 437.2794 -0.02034821 0.3183798
Moved 1276.532 356 439.7377 -0.01388892 0.3296768
Moved 1276.58 358.1693 440 -0.006356463 0.3308824
Moved 1276.626 361.6464 440 0.005716532 0.3308824
Moved 1276.672 367.5203 440 0.0261122 0.3308824
Moved 1276.718 373 440 0.0451389 0.3308824
Moved 1276.763 390.0602 416.5157 0.1043756 0.2229584
Moved 1276.838 407.4163 379.9593 0.1646398 0.05496011
Moved 1276.888 409 367.5 0.1701389 -0.002297654
Moved 1276.936 409 359.8712 0.1701389 -0.03735683
Moved 1276.984 397 355.5 0.1284722 -0.05744486
Moved 1277.031 380.8657 354 0.0724505 -0.0643381
Moved 1277.078 364.5 354 0.01562506 -0.0643381
Moved 1277.123 346.693 367.1151 -0.04620485 -0.00406658
Moved 1277.171 298.6525 406.1115 -0.2130123 0.1751446
Moved 1277.222 279.9036 439.6547 -0.2781125 0.3292956
Moved 1277.269 278 450.5 -0.2847222 0.3791361
Ended 1277.339 278 450.5 -0.2847222 0.3791361
Began 1277.624 367 441 0.02430558 0.3354779
Stationary 1277.682 367 441 0.02430558 0.3354779
Stationary 1277.733 367 441 0.02430558 0.3354779
Moved 1277.781 352.4221 441 -0.02631217 0.3354779
Moved 1277.833 342.9922 441 -0.0590548 0.3354779
Moved 1277.88 334.5 441 -0.08854166 0.3354779
Moved 1277.93 326.2192 441 -0.1172944 0.3354779
Moved 1277.982 315.5 441 -0.1545139 0.3354779
Moved 1278.033 298.906 441 -0.2121319 0.3354779
Moved 1278.082 289.7436 441 -0.2439459 0.3354779
Moved 1278.133 286 441 -0.2569445 0.3354779
Moved 1278.178 284.581 441 -0.2618715 0.3354779
Stationary 1278.226 285 441 -0.2604167 0.3354779
Moved 1278.272 303.3 441 -0.1968752 0.3354779
Moved 1278.343 363.5926 432.5339 0.01247421 0.2965715
Moved 1278.398 391.3214 427.9357 0.1087546 0.2754399
Moved 1278.446 406.6325 422.1838 0.1619184 0.2490064
Moved 1278.495 415 401.9086 0.1909722 0.1558299
Moved 1278.544 415 372 0.1909722 0.0183825
Moved 1278.591 404.7199 339.0197 0.1552774 -0.1331815
Moved 1278.637 400.2626 321.0504 0.1398006 -0.2157613
Moved 1278.687 395.9774 305.9096 0.1249217 -0.2853418
Moved 1278.737 391.3673 292.4692 0.1089142 -0.3471086
Moved 1278.786 386.5544 282.5544 0.09220257 -0.3926729
Moved 1278.862 380.8255 276.8255 0.07231086 -0.4190006
Moved 1278.913 375.4438 277 0.05362422 -0.4181986
Moved 1278.961 364.6708 277 0.01621813 -0.4181986
Moved 1279.009 351.2474 294.7526 -0.03039085 -0.3366149
Moved 1279.058 340.1199 310.1735 -0.06902814 -0.265747
Moved 1279.109 338 333.2093 -0.07638887 -0.1598836
Moved 1279.159 338 350.2123 -0.07638887 -0.0817449
Moved 1279.206 348.627 367.0676 -0.03948957 -0.004285084
Moved 1279.256 354.7308 384.4615 -0.01829594 0.07565051
Moved 1279.304 362.9039 400.8078 0.01008302 0.1507712
Moved 1279.38 383.6389 423.6389 0.08207962 0.2556936
Moved 1279.435 407.314 443.8512 0.1642846 0.348581
Moved 1279.483 425.6071 455.204 0.2278026 0.400754
Moved 1279.529 436.8035 462.4017 0.2666789 0.4338316
Moved 1279.582 439 464 0.2743055 0.4411766
Moved 1279.632 440 464 0.2777778 0.4411766
Moved 1279.683 440 437.9714 0.2777778 0.3215599
Moved 1279.734 429 396 0.2395834 0.1286765
Moved 1279.789 419.4612 334.767 0.2064624 -0.1527249
Moved 1279.835 414.1257 307.8802 0.1879366 -0.2762861
Moved 1279.906 409.6083 288.8249 0.172251 -0.3638562
Moved 1279.952 405.0098 282.0098 0.1562841 -0.3951755
Moved 1279.998 399.5 281 0.1371528 -0.3998162
Moved 1280.044 385.5242 287.2661 0.08862571 -0.3710197
Moved 1280.098 356.8171 320.3658 -0.01105182 -0.218907
Moved 1280.143 334.8247 365.4256 -0.08741409 -0.01183075
Moved 1280.192 313.8568 422.6868 -0.1602193 0.2513179
Moved 1280.243 302.8907 459.4099 -0.1982962 0.4200822
Moved 1280.292 290.2586 499.2242 -0.2421577 0.6030527
Moved 1280.337 288.8545 503.291 -0.247033 0.6217415
Ended 1280.407 289 504.3345 -0.2465278 0.6265372
PhraseEnd 1281.407
