all work and no play
Basic
0.6 0.6
432 326.4
Began 864.8931 333 201 -0.06249999 -0.5116423
Stationary 864.9365 333 201 -0.06249999 -0.5116423
Stationary 864.9669 333 201 -0.06249999 -0.5116423
Moved 864.998 312.0021 201 -0.1111062 -0.5116423
Moved 865.0281 299.1259 201 -0.1409124 -0.5116423
Moved 865.0578 283.3381 208.9324 -0.1774581 -0.4873395
Moved 865.0882 268 214.6666 -0.212963 -0.4697713
Moved 865.1201 257.0567 219.7358 -0.2382946 -0.4542407
Moved 865.1504 249.3803 223.8732 -0.2560641 -0.4415651
Moved 865.1811 244.52 227.48 -0.2673149 -0.4305148
Moved 865.2167 240.3552 230.2897 -0.2769557 -0.4219066
Moved 865.2466 235.8981 237.2037 -0.2872728 -0.4007239
Moved 865.2765 228.6077 249.7847 -0.3041489 -0.3621793
Moved 865.3068 222 268 -0.3194444 -0.3063726
Moved 865.338 213.9906 290.0251 -0.3379847 -0.2388937
Moved 865.3686 201.5527 313.4866 -0.366776 -0.167014
Moved 865.3974 189.9427 334.3031 -0.3936511 -0.1032381
Moved 865.4252 185.8735 341.4714 -0.4030707 -0.08127624
Moved 865.4636 178.3474 359.3053 -0.4204922 -0.02663809
Moved 865.4938 179 365.1935 -0.4189815 -0.008598123
Moved 865.5418 189.6962 372.674 -0.3942218 0.01431998
Moved 865.5707 232.7518 386.4276 -0.2945559 0.05645719
Moved 865.5995 310.2674 392.7867 -0.1151217 0.07593964
Moved 865.6333 398.7848 393 0.0897795 0.0765931
Moved 865.6644 484.2738 398.7964 0.2876708 0.09435172
Moved 865.6981 518.7001 406.4692 0.3673614 0.1178592
Moved 865.7386 543.1436 413.4287 0.4239436 0.1391812
Moved 865.7718 549.3654 413 0.4383458 0.1378676
Ended 865.806 552 413 0.4444444 0.1378676
Began 866.0364 332 424 -0.06481484 0.1715687
Stationary 866.0712 332 424 -0.06481484 0.1715687
Stationary 866.1033 332 424 -0.06481484 0.1715687
Moved 866.1347 293.5 435 -0.1539352 0.2052697
Moved 866.1661 277.5 439 -0.1909722 0.2175246
Moved 866.1963 244.9029 446.0265 -0.2664284 0.2390518
Moved 866.2256 234.1576 448.4094 -0.2913019 0.2463524
Moved 866.2554 215 453 -0.3356481 0.2604167
Moved 866.2885 194.8633 457.0304 -0.382261 0.2727647
Moved 866.3178 184.639 459.1203 -0.4059282 0.2791676
Moved 866.3497 175.4774 463 -0.4271357 0.291054
Moved 866.3835 173.8395 465.1605 -0.430927 0.297673
Moved 866.4178 172.6311 466.3689 -0.4337243 0.3013754
Moved 866.4474 173 468.6792 -0.4328704 0.3084535
Moved 866.4772 189.5686 472.0812 -0.3945171 0.3188763
Moved 866.5062 226.2788 479.4651 -0.3095398 0.3414985
Moved 866.5355 284.0287 484.7878 -0.1758594 0.3578058
Moved 866.5641 313.3453 487.1954 -0.1079971 0.3651821
Moved 866.6105 398.3028 489 0.08866379 0.3707108
Moved 866.6389 433.7339 489 0.1706804 0.3707108
Moved 866.6714 466.1363 489 0.2456859 0.3707108
Moved 866.7017 488.5 489 0.2974537 0.3707108
Moved 866.7343 504.7071 480.2155 0.3349702 0.3437974
Moved 866.7654 514.7907 478 0.3583118 0.3370098
Moved 866.7985 515 478 0.3587963 0.3370098
Stationary 866.8278 515 478 0.3587963 0.3370098
Moved 866.8574 408.9771 466.4857 0.113373 0.3017332
Moved 866.8881 306.3646 452.7484 -0.1241561 0.2596459
Moved 866.9359 247.128 446.688 -0.2612777 0.2410785
Moved 866.966 239.6013 447 -0.2787006 0.2420344
Stationary 866.996 240 447 -0.2777777 0.2420344
Stationary 867.028 240 447 -0.2777777 0.2420344
Moved 867.0587 272.8789 447 -0.2016691 0.2420344
Moved 867.0894 329.9688 434.0781 -0.06951679 0.2024453
Moved 867.1205 394.4202 418.145 0.07967641 0.1536304
Moved 867.1506 428 405.5 0.1574074 0.1148897
Moved 867.1795 442.8192 397.0904 0.1917112 0.08912494
Moved 867.2101 464.4891 387.2554 0.241873 0.05899336
Moved 867.2602 478.7336 380.2664 0.2748463 0.03758094
Moved 867.2921 480 379 0.2777778 0.03370108
Moved 867.3218 480 375 0.2777778 0.02144608
Moved 867.3522 480 371.2569 0.2777778 0.009978332
Ended 867.383 480 371 0.2777778 0.009191177
Began 867.7401 374 400 0.03240744 0.09803927
Stationary 867.7807 374 400 0.03240744 0.09803927
Moved 867.8093 352.939 400 -0.01634493 0.09803927
Moved 867.8389 326.5751 400 -0.07737249 0.09803927
Moved 867.8699 279.3537 400 -0.1866813 0.09803927
Moved 867.9016 235 408.5 -0.2893518 0.1240809
Moved 867.9338 200.3381 409 -0.3695877 0.1256129
Moved 867.9675 170.6421 409 -0.4383284 0.1256129
Moved 867.9983 160 409 -0.462963 0.1256129
Moved 868.031 156.964 409 -0.4699909 0.1256129
Stationary 868.0615 157 409 -0.4699074 0.1256129
Stationary 868.0905 157 409 -0.4699074 0.1256129
Stationary 868.1196 157 409 -0.4699074 0.1256129
Stationary 868.1477 157 409 -0.4699074 0.1256129
Moved 868.1904 195.4047 390.483 -0.3810076 0.06888184
Moved 868.2189 231.0763 367.056 -0.2984344 -0.002892158
Moved 868.248 266.7569 341.1823 -0.2158404 -0.08216195
Moved 868.2773 301.5416 315.4413 -0.1353205 -0.1610255
Moved 868.3125 340.225 289.9843 -0.04577537 -0.2390186
Moved 868.3424 377.5515 273.711 0.04062831 -0.2888755
Moved 868.3712 402.1103 263.9559 0.09747754 -0.3187626
Moved 868.3999 416.6674 258.7775 0.1311746 -0.3346276
Moved 868.4312 423 256.5 0.1458333 -0.3416054
Moved 868.4634 425 257 0.150463 -0.3400736
Moved 868.5159 425 270.5 0.150463 -0.2987133
Moved 868.5492 381.4752 315.5748 0.04971107 -0.1606165
Moved 868.58 334.7898 366.2103 -0.05835702 -0.005483253
Moved 868.6107 295.9478 401.1049 -0.148269 0.1014244
Moved 868.6448 260.1252 418.3499 -0.2311917 0.1542583
Moved 868.6767 241.0947 422.4234 -0.2752438 0.1667384
Moved 868.7079 225.5 425.5 -0.3113426 0.1761642
Moved 868.7391 216.9091 427.0303 -0.3312289 0.1808525
Moved 868.7709 211.1321 429.434 -0.3446015 0.1882169
Ended 868.8014 211 432.8241 -0.3449074 0.1986033
Began 869.0067 421 286 0.1412037 -0.2512255
Stationary 869.0369 421 286 0.1412037 -0.2512255
Stationary 869.0653 421 286 0.1412037 -0.2512255
Stationary 869.096 421 286 0.1412037 -0.2512255
Stationary 869.1273 421 286 0.1412037 -0.2512255
Stationary 869.1579 421 286 0.1412037 -0.2512255
Moved 869.1891 421 273.474 0.1412037 -0.2896016
Moved 869.2194 425.8089 269.313 0.1523354 -0.3023499
Moved 869.2497 429.5 266 0.1608796 -0.3125
Moved 869.2817 430.1494 265.8506 0.1623827 -0.3129576
Moved 869.3165 430 265 0.162037 -0.3155637
Stationary 869.3456 430 265 0.162037 -0.3155637
Stationary 869.3739 430 265 0.162037 -0.3155637
Moved 869.4033 430 263.8444 0.162037 -0.3191041
Moved 869.4338 423 264 0.1458333 -0.3186274
Moved 869.4659 422 264 0.1435185 -0.3186274
Stationary 869.4957 422 264 0.1435185 -0.3186274
Moved 869.5244 446.6711 325.9498 0.2006274 -0.1288303
Moved 869.5543 470.1282 392.8158 0.2549263 0.07602879
Moved 869.5836 483.434 423.2415 0.2857268 0.1692448
Moved 869.6316 503.4434 458.5981 0.3320448 0.2775677
Moved 869.6618 514.5 472 0.3576389 0.3186275
Moved 869.6915 521.4162 482.2216 0.3736486 0.3499437
Ended 869.7211 525.0323 485.0216 0.3820193 0.3585221
Began 870.0783 550 395 0.4398148 0.08272064
Stationary 870.1242 550 395 0.4398148 0.08272064
Stationary 870.1783 550 395 0.4398148 0.08272064
Moved 870.2093 550 402.3177 0.4398148 0.1051401
Moved 870.2403 550 409.1324 0.4398148 0.1260184
Moved 870.2753 561.6782 416.3563 0.4668476 0.1481504
Moved 870.3063 565.0806 421.1612 0.4747236 0.1628713
Moved 870.3378 566 423.1572 0.4768519 0.1689867
Moved 870.37 567 425.6082 0.4791667 0.1764958
Moved 870.4019 567 429.0239 0.4791667 0.1869604
Moved 870.4363 568 432.8412 0.4814814 0.1986556
Moved 870.4664 568 440 0.4814814 0.2205883
Moved 870.4956 568 451.6631 0.4814814 0.2563209
Moved 870.5234 568 463.6774 0.4814814 0.2931294
Moved 870.5521 568 471.2072 0.4814814 0.3161986
Moved 870.5955 568 476.2869 0.4814814 0.3317612
Moved 870.6298 568 479 0.4814814 0.3400736
Moved 870.6586 568 480 0.4814814 0.3431373
Stationary 870.6876 568 480 0.4814814 0.3431373
Moved 870.7158 568 466.6091 0.4814814 0.3021113
Moved 870.7458 553.3923 437.6277 0.4476675 0.2133204
Moved 870.7782 545.963 404.8645 0.4304699 0.1129428
Moved 870.809 536.2961 373.0364 0.4080929 0.01543026
Moved 870.8406 529.4998 348.4993 0.3923606 -0.05974489
Moved 870.8708 525.8975 338.7266 0.3840219 -0.08968578
Moved 870.9182 518 325 0.3657407 -0.1317402
Moved 870.9478 509.0287 322.0071 0.3449738 -0.1409095
Moved 870.9778 497.6338 322 0.3185968 -0.1409313
Moved 871.007 461.5906 354.1745 0.2351635 -0.04235745
Moved 871.037 394.3908 399.2274 0.07960837 0.09567209
Moved 871.0665 338.6515 414.0032 -0.04941776 0.1409412
Moved 871.0964 281.9978 415 -0.1805605 0.1439951
Moved 871.1256 240.8439 405.3688 -0.2758244 0.1144876
Moved 871.1576 203.1665 392.8021 -0.3630405 0.07598671
Moved 871.1875 178.8203 384.0576 -0.4193974 0.04919618
Moved 871.2381 155.7422 375.7485 -0.4728189 0.0237392
Moved 871.2709 151.0897 375 -0.4835886 0.02144608
Moved 871.3018 149 375 -0.4884259 0.02144608
Moved 871.3339 148 375 -0.4907407 0.02144608
Moved 871.3674 173.377 402.7806 -0.4319976 0.1065581
Moved 871.3998 211.8106 429.5988 -0.343031 0.1887218
Moved 871.4308 269.6877 462.8438 -0.2090563 0.2905754
Moved 871.4626 328.4223 492.2112 -0.07309651 0.380549
Moved 871.4945 368.8809 511.7524 0.02055764 0.4404179
Moved 871.5258 396.8471 524.095 0.08529414 0.4782324
Moved 871.5735 417.6218 532.8739 0.1333837 0.5051284
Moved 871.6055 421.2796 535.2795 0.1418509 0.5124986
Ended 871.6356 421 535 0.1412037 0.5116422
PhraseEnd 872.4373
