the world is a stage
Basic
0.4 0.4
288 217.6
Began 1259.998 371 427 0.03819451 0.2711398
Stationary 1260.055 371 427 0.03819451 0.2711398
Stationary 1260.102 371 427 0.03819451 0.2711398
Stationary 1260.148 371 427 0.03819451 0.2711398
Stationary 1260.195 371 427 0.03819451 0.2711398
Moved 1260.243 356.8141 427 -0.01106195 0.2711398
Moved 1260.293 354.519 427 -0.01903109 0.2711398
Moved 1260.344 354 436.5754 -0.02083331 0.3151443
Moved 1260.398 352.2985 440.403 -0.02674133 0.3327346
Moved 1260.448 351 443 -0.03124997 0.3446691
Moved 1260.495 350 444 -0.03472224 0.3492649
Stationary 1260.541 350 444 -0.03472224 0.3492649
Moved 1260.588 371.163 427.5791 0.03876045 0.2738011
Moved 1260.638 413.5 384 0.1857639 0.07352956
Moved 1260.682 424.7977 364.4046 0.224992 -0.01652297
Moved 1260.726 427.3044 357.3912 0.2336958 -0.0487538
Moved 1260.793 427 353 0.2326389 -0.06893383
Moved 1260.838 398.6703 364.7978 0.134272 -0.01471604
Moved 1260.882 347.7636 414.4676 -0.04248746 0.2135459
Moved 1260.927 320.1683 451.6408 -0.1383046 0.3843788
Moved 1260.972 302.552 473.379 -0.1994723 0.4842787
Moved 1261.016 277.5 500.5 -0.2864583 0.6089155
Moved 1261.06 263.2073 507.8963 -0.3360856 0.6429059
Ended 1261.104 260.844 510.156 -0.3442917 0.6532907
Began 1261.346 338 450 -0.07638887 0.3768383
Stationary 1261.391 338 450 -0.07638887 0.3768383
Stationary 1261.434 338 450 -0.07638887 0.3768383
Moved 1261.477 338 440.8429 -0.07638887 0.334756
Moved 1261.522 322.7264 429.3018 -0.1294223 0.281718
Moved 1261.567 312.9417 418.9125 -0.163397 0.2339728
Moved 1261.612 307.5 413.5 -0.1822916 0.2090993
Moved 1261.656 301.0275 412 -0.2047655 0.202206
Moved 1261.7 296.4061 412 -0.2208122 0.202206
Moved 1261.745 290.1305 412 -0.2426025 0.202206
Moved 1261.796 279 426 -0.2812501 0.2665441
Moved 1261.841 263.4207 437.4634 -0.3353449 0.3192255
Moved 1261.886 252.0606 444.6263 -0.3747897 0.3521429
Moved 1261.931 247.9892 448.0109 -0.3889266 0.367697
Moved 1261.977 248 450.5 -0.3888889 0.3791361
Moved 1262.02 266.5229 452 -0.3245734 0.3860295
Moved 1262.063 300.5898 452 -0.2062856 0.3860295
Moved 1262.108 362.0887 430.2398 0.007252247 0.2860285
Moved 1262.152 406.3689 419.6052 0.1610032 0.2371562
Moved 1262.195 439.0524 417 0.2744874 0.2251838
Moved 1262.265 462.6655 417 0.3564773 0.2251838
Moved 1262.309 469.0148 417 0.3785235 0.2251838
Moved 1262.354 470.2199 417 0.3827079 0.2251838
Moved 1262.399 457.7708 417 0.3394819 0.2251838
Moved 1262.443 432 426.5 0.2500001 0.268842
Moved 1262.489 385.2525 432.2913 0.08768216 0.2954562
Moved 1262.535 345 435.5 -0.05208336 0.3102022
Moved 1262.582 322.7284 435 -0.1294152 0.3079045
Moved 1262.627 310.7086 435 -0.1711509 0.3079045
Moved 1262.673 307.9529 435 -0.1807192 0.3079045
Moved 1262.744 341.6036 423.3171 -0.06387629 0.2542145
Moved 1262.789 412 383 0.1805556 0.06893383
Moved 1262.833 453.9772 361.1661 0.3263097 -0.03140562
Moved 1262.881 494.9554 339.5223 0.4685952 -0.1308718
Moved 1262.926 502.7989 335.1006 0.4958295 -0.1511922
Moved 1262.97 507.2472 333 0.511275 -0.1608456
Moved 1263.017 507 332 0.5104167 -0.1654412
Moved 1263.064 488.867 332 0.4474549 -0.1654412
Moved 1263.111 438.7577 354.6738 0.2734642 -0.06124189
Moved 1263.162 364.5 371 0.01562506 0.01378677
Moved 1263.24 306.0812 374 -0.1872181 0.02757367
Moved 1263.291 280.6344 374 -0.275575 0.02757367
Moved 1263.34 264.2028 374 -0.3326291 0.02757367
Moved 1263.387 249.9832 364 -0.3820027 -0.01838221
Ended 1263.433 249.9832 364 -0.3820027 -0.01838221
Began 1263.64 481 433 0.4201388 0.2987132
Stationary 1263.695 481 433 0.4201388 0.2987132
Stationary 1263.75 481 433 0.4201388 0.2987132
Stationary 1263.798 481 433 0.4201388 0.2987132
Moved 1263.851 456.6212 440 0.3354904 0.3308824
Moved 1263.899 439.5 440 0.2760417 0.3308824
Moved 1263.945 426.8797 429.9399 0.2322212 0.2846502
Moved 1263.991 417.6637 426.3318 0.2002212 0.2680693
Moved 1264.038 412.8641 424.9321 0.1835558 0.2616364
Moved 1264.083 401.6326 422 0.1445578 0.2481619
Moved 1264.139 389.4105 418.8035 0.1021197 0.2334719
Moved 1264.196 359.2226 404.6113 -0.002699196 0.1682506
Moved 1264.243 328.7029 388.5643 -0.1086705 0.09450527
Moved 1264.3 291.1108 367.6943 -0.2391985 -0.001404847
Moved 1264.366 267.128 350.752 -0.3224722 -0.07926465
Moved 1264.411 258.3185 342.3185 -0.3530607 -0.1180214
Ended 1264.456 256.1619 340.1619 -0.3605489 -0.1279323
Began 1264.716 296 366 -0.2222222 -0.009191178
Stationary 1264.775 296 366 -0.2222222 -0.009191178
Moved 1264.823 282.3035 366 -0.2697795 -0.009191178
Moved 1264.873 268.9641 355.4821 -0.3160968 -0.05752733
Moved 1264.921 257.6292 350.3146 -0.3554542 -0.08127493
Moved 1264.966 246.6571 345.1047 -0.3935517 -0.1052172
Moved 1265.012 235.7006 340.467 -0.4315952 -0.1265302
Moved 1265.059 227.2397 336.6199 -0.4609733 -0.1442102
Moved 1265.105 221.0225 334 -0.4825608 -0.1562499
Moved 1265.153 216.7195 331.7194 -0.497502 -0.1667305
Moved 1265.2 214.5 330.5 -0.5052083 -0.1723346
Moved 1265.243 212.8592 329.8592 -0.5109056 -0.1752795
Stationary 1265.289 213 330 -0.5104167 -0.1746322
Ended 1265.35 213 330 -0.5104167 -0.1746322
Began 1265.73 333 403 -0.09374999 0.1608456
Stationary 1265.787 333 403 -0.09374999 0.1608456
Moved 1265.835 321.2475 403 -0.1345572 0.1608456
Moved 1265.884 311.9262 392.6175 -0.1669228 0.1131319
Moved 1265.935 301.4398 387.4398 -0.2033341 0.0893372
Moved 1265.984 291.3351 384.1117 -0.2384198 0.07404286
Moved 1266.034 281.123 379.5615 -0.2738785 0.05313215
Moved 1266.082 272.9191 374.9595 -0.3023642 0.03198316
Moved 1266.13 267.7153 370.7153 -0.3204329 0.01247855
Moved 1266.182 267 369 -0.3229167 0.004595589
Moved 1266.237 274.6687 369 -0.2962893 0.004595589
Moved 1266.285 294.4003 391.4003 -0.2277768 0.107538
Moved 1266.333 313.3564 408.6851 -0.1619569 0.1869721
Moved 1266.384 326.5333 421.5333 -0.1162039 0.2460171
Moved 1266.435 333.7993 433.5986 -0.09097473 0.301464
Moved 1266.484 335 438.4029 -0.08680553 0.3235428
Moved 1266.529 335 440.5 -0.08680553 0.3331802
Moved 1266.576 325.7443 442 -0.1189435 0.3400736
Moved 1266.624 321.1648 442 -0.1348445 0.3400736
Moved 1266.67 309.6476 431.8361 -0.1748349 0.2933643
Moved 1266.741 261.2282 393.7826 -0.3429576 0.1184861
Moved 1266.792 231.2509 369.7195 -0.4470456 0.007902315
Moved 1266.843 214.5895 352.3842 -0.5048977 -0.07176372
Moved 1266.893 212 350 -0.513889 -0.08272059
Moved 1266.947 224.979 350 -0.468823 -0.08272059
Moved 1266.997 255.1149 350 -0.3641845 -0.08272059
Moved 1267.046 285.5 360.5 -0.2586806 -0.03446691
Moved 1267.095 319.2418 366.0403 -0.1415215 -0.009006052
Moved 1267.146 338.2061 369.6412 -0.0756731 0.007542443
Moved 1267.196 349.8382 372.946 -0.03528401 0.02273013
Moved 1267.271 356.5 376.5 -0.01215279 0.03906265
Moved 1267.319 358 379.2391 -0.006944462 0.0516503
Moved 1267.374 358 387.2111 -0.006944462 0.0882862
Moved 1267.422 348.8742 398.1258 -0.03863133 0.1384457
Moved 1267.47 334.8838 406.0581 -0.08720919 0.1748995
Moved 1267.517 318.2027 412.2657 -0.1451295 0.2034272
Moved 1267.566 301.0461 418.4769 -0.2047009 0.2319713
Moved 1267.612 286 423.5 -0.2569445 0.2550551
Moved 1267.661 272.3365 434.6635 -0.304387 0.3063579
Ended 1267.707 272.3365 434.6635 -0.304387 0.3063579
PhraseEnd 1268.654
