the power of denial
Basic
0.4 0.4
288 115.2
Began 1024.338 367 345 0.02430558 0.9114584
Stationary 1024.381 367 345 0.02430558 0.9114584
Stationary 1024.423 367 345 0.02430558 0.9114584
Stationary 1024.466 367 345 0.02430558 0.9114584
Stationary 1024.512 367 345 0.02430558 0.9114584
Stationary 1024.554 367 345 0.02430558 0.9114584
Stationary 1024.595 367 345 0.02430558 0.9114584
Stationary 1024.637 367 345 0.02430558 0.9114584
Moved 1024.679 355.3642 345 -0.01609646 0.9114584
Moved 1024.724 352 336.053 -0.02777778 0.8337939
Moved 1024.769 351 329.5242 -0.03124997 0.7771201
Moved 1024.814 350 321.3074 -0.03472224 0.7057932
Moved 1024.856 350 301.8029 -0.03472224 0.5364837
Moved 1024.903 350 288.9109 -0.03472224 0.424574
Moved 1024.966 355.2859 274.2449 -0.01636855 0.2972648
Moved 1025.085 383.5171 250.4829 0.08165658 0.09099749
Moved 1025.169 391 230.8303 0.1076388 -0.07959791
Moved 1025.219 391 225.5417 0.1076388 -0.1255054
Moved 1025.262 381.1454 222.5728 0.0734216 -0.1512782
Moved 1025.307 367.1212 221 0.02472639 -0.1649306
Moved 1025.35 354.0374 221 -0.0207036 -0.1649306
Moved 1025.393 323.9714 234.2172 -0.1250993 -0.05019824
Moved 1025.435 304.8442 245.4373 -0.1915132 0.0471984
Moved 1025.478 299 253.3715 -0.2118056 0.1160717
Moved 1025.521 298 261.6683 -0.2152778 0.1880932
Moved 1025.564 308.5 276.5 -0.1788195 0.3168406
Began 1025.631 330 347 -0.1041666 0.9288198
Ended 1025.674 330 347 -0.1041666 0.9288198
Began 1026.049 360 308 0 0.5902779
Stationary 1026.107 360 308 0 0.5902779
Moved 1026.149 379.0313 308 0.06608069 0.5902779
Moved 1026.192 428.5372 293.266 0.2379765 0.4623787
Moved 1026.234 456.8134 286.6746 0.3361577 0.4051617
Moved 1026.275 466.3273 285.2242 0.3691921 0.3925716
Moved 1026.318 476.0172 281.9915 0.4028374 0.3645095
Moved 1026.36 481.2601 280 0.4210418 0.3472225
Moved 1026.407 486.1347 279 0.4379676 0.338542
Moved 1026.455 489.0035 279 0.4479288 0.338542
Moved 1026.497 492.3093 279 0.4594073 0.338542
Moved 1026.54 494 279 0.4652777 0.338542
Stationary 1026.587 494 279 0.4652777 0.338542
Stationary 1026.63 494 279 0.4652777 0.338542
Moved 1026.672 480.7971 279 0.4194346 0.338542
Moved 1026.716 458.648 277 0.3425278 0.3211806
Moved 1026.76 440.5964 277 0.2798486 0.3211806
Moved 1026.803 418.0155 277 0.2014426 0.3211806
Moved 1026.848 385.3781 277 0.08811832 0.3211806
Moved 1026.931 275.5 277 -0.2934028 0.3211806
Moved 1026.975 244.5588 275 -0.4008376 0.3038195
Moved 1027.018 235.1954 275 -0.4333493 0.3038195
Moved 1027.06 233.8526 275 -0.4380117 0.3038195
Stationary 1027.102 234 275 -0.4375001 0.3038195
Moved 1027.145 246.9502 286 -0.3925339 0.3993056
Moved 1027.192 251.8965 288 -0.3753594 0.4166667
Moved 1027.238 260.596 289.1987 -0.3451526 0.4270721
Moved 1027.29 282.3955 292.1993 -0.2694601 0.4531193
Moved 1027.337 319.6582 295 -0.1400756 0.4774306
Moved 1027.409 339.6567 295 -0.07063657 0.4774306
Moved 1027.455 344.6371 295 -0.05334347 0.4774306
Moved 1027.509 348 295 -0.04166671 0.4774306
Ended 1027.561 349.4488 295 -0.03663615 0.4774306
Began 1027.972 517 333 0.5451389 0.8072917
Stationary 1028.025 517 333 0.5451389 0.8072917
Stationary 1028.071 517 333 0.5451389 0.8072917
Stationary 1028.113 517 333 0.5451389 0.8072917
Stationary 1028.154 517 333 0.5451389 0.8072917
Moved 1028.196 505 321.5 0.5034723 0.7074656
Moved 1028.243 494.8042 309.8042 0.4680702 0.6059393
Moved 1028.291 482.9039 300.9359 0.4267496 0.5289574
Moved 1028.334 469.9124 291.9416 0.3816404 0.4508819
Moved 1028.378 451.6447 281.3223 0.3182107 0.3587008
Moved 1028.422 438.0839 275.771 0.2711247 0.3105122
Moved 1028.465 421.5802 266.7901 0.21382 0.232553
Moved 1028.523 392.1938 250.1384 0.111784 0.08800719
Moved 1028.569 363.0908 230.9091 0.01073197 -0.07891443
Moved 1028.616 336.6904 218.8452 -0.08093603 -0.1836353
Moved 1028.66 322.8936 215 -0.1288418 -0.2170139
Moved 1028.705 314.289 214 -0.1587187 -0.2256942
Moved 1028.749 309 214 -0.1770833 -0.2256942
Moved 1028.791 304.3181 214 -0.1933401 -0.2256942
Moved 1028.833 304 223.9689 -0.1944444 -0.1391588
Ended 1028.875 304 232.6852 -0.1944444 -0.0634967
Began 1029.31 349 273 -0.03819443 0.2864584
Stationary 1029.363 349 273 -0.03819443 0.2864584
Stationary 1029.403 349 273 -0.03819443 0.2864584
Moved 1029.45 338.2935 273 -0.07536963 0.2864584
Moved 1029.494 329.9738 261.9738 -0.1042576 0.1907449
Moved 1029.536 322.05 257.05 -0.1317707 0.1480042
Moved 1029.578 316.3631 253.3632 -0.1515169 0.1159997
Moved 1029.625 308.7586 248.7585 -0.1779215 0.07602904
Moved 1029.675 300.8031 244.9016 -0.2055448 0.04254871
Moved 1029.721 290.1649 238.1649 -0.2424832 -0.01592954
Moved 1029.77 285.2138 236 -0.2596744 -0.03472222
Moved 1029.815 281.9553 236 -0.2709885 -0.03472222
Stationary 1029.871 282 236 -0.2708333 -0.03472222
Moved 1029.915 282 249.1829 -0.2708333 0.07971235
Moved 1029.959 290.7011 261.1033 -0.2406211 0.1831884
Moved 1030.006 292 272.0001 -0.2361111 0.2777783
Moved 1030.054 292 282.9166 -0.2361111 0.3725404
Moved 1030.102 292 287.9069 -0.2361111 0.4158587
Moved 1030.147 292 290.2062 -0.2361111 0.4358176
Stationary 1030.191 292 290 -0.2361111 0.4340278
Moved 1030.233 293.49 290 -0.2309377 0.4340278
Moved 1030.275 311.7622 274.0315 -0.1674923 0.2954123
Moved 1030.342 360.6893 231.7714 0.002393574 -0.07142916
Moved 1030.386 390.3849 211.5691 0.1055029 -0.2467958
Moved 1030.43 404.9712 194.5432 0.15615 -0.3945902
Moved 1030.474 410.5 188.5 0.1753472 -0.4470489
Moved 1030.521 411.8058 188 0.1798812 -0.451389
Moved 1030.568 414.0452 196.3612 0.1876569 -0.378809
Moved 1030.614 419.6639 210.3278 0.2071662 -0.2575716
Moved 1030.66 431.8414 243.9633 0.2494492 0.03440328
Moved 1030.701 439.4425 267.3274 0.275842 0.237217
Moved 1030.742 443.4492 287.7969 0.2897543 0.414904
Moved 1030.808 443 295.8475 0.2881944 0.4847871
Moved 1030.849 414.5649 296 0.1894616 0.4861112
Moved 1030.891 338.3311 259.9127 -0.0752391 0.1728527
Moved 1030.933 252.8926 224.3433 -0.3719008 -0.1359092
Moved 1030.975 189.2595 197.0779 -0.5928489 -0.3725879
Moved 1031.019 171.4459 193 -0.6547018 -0.4079861
Moved 1031.06 168.8696 193 -0.6636474 -0.4079861
Moved 1031.107 191.9425 212.2042 -0.5835329 -0.2412828
Moved 1031.15 234.2971 230.8378 -0.4364685 -0.07953326
Moved 1031.192 331.5 248 -0.09895831 0.06944445
Moved 1031.264 439.6063 256 0.2764106 0.1388889
Moved 1031.309 475.3109 256 0.4003851 0.1388889
Moved 1031.354 502.1668 256 0.4936348 0.1388889
Moved 1031.403 513.1887 256 0.5319051 0.1388889
Ended 1031.446 515.2599 256 0.5390969 0.1388889
PhraseEnd 1032.702
