the power of denial
Basic
0.4 0.4
288 217.6
Began 1328.149 417 477 0.1979166 0.5009192
Stationary 1328.21 417 477 0.1979166 0.5009192
Stationary 1328.259 417 477 0.1979166 0.5009192
Stationary 1328.308 417 477 0.1979166 0.5009192
Moved 1328.358 399.501 477 0.1371561 0.5009192
Moved 1328.409 391.5115 484 0.1094149 0.5330883
Moved 1328.461 384.4597 484 0.08492962 0.5330883
Moved 1328.514 374.8671 484 0.0516218 0.5330883
Moved 1328.566 370.6038 484 0.03681869 0.5330883
Moved 1328.618 367.5 473 0.02604172 0.4825368
Moved 1328.674 367 469.5 0.02430558 0.4664523
Moved 1328.721 367 458.4362 0.02430558 0.4156075
Moved 1328.77 380.869 427.8276 0.07246167 0.2749432
Moved 1328.818 392.1757 400.6486 0.1117212 0.1500396
Moved 1328.87 402.876 373.6202 0.148875 0.02582803
Moved 1328.922 406 362.5656 0.1597223 -0.02497421
Moved 1328.972 407 353.805 0.1631944 -0.06523427
Moved 1329.049 385.1616 347 0.08736655 -0.09650722
Moved 1329.099 351.2668 362.5184 -0.03032342 -0.02519103
Moved 1329.15 320.7834 382.3145 -0.1361687 0.06578376
Moved 1329.2 298 402 -0.2152778 0.15625
Moved 1329.249 279.4734 416.5267 -0.2796065 0.2230087
Moved 1329.301 271 429.2874 -0.3090279 0.2816517
Moved 1329.35 270 437.9037 -0.3125 0.3212489
Ended 1329.399 270 443.6994 -0.3125 0.3478835
Began 1329.841 521 432 0.5590278 0.2941177
Stationary 1329.901 521 432 0.5590278 0.2941177
Stationary 1329.951 521 432 0.5590278 0.2941177
Stationary 1329.999 521 432 0.5590278 0.2941177
Stationary 1330.049 521 432 0.5590278 0.2941177
Stationary 1330.107 521 432 0.5590278 0.2941177
Stationary 1330.161 521 432 0.5590278 0.2941177
Stationary 1330.21 521 432 0.5590278 0.2941177
Moved 1330.259 491.8946 442.7293 0.4579674 0.3434252
Moved 1330.309 474.6647 446.3338 0.3981415 0.35999
Moved 1330.358 457.2329 449.9418 0.3376144 0.3765708
Moved 1330.405 440.6432 452.2714 0.280011 0.3872764
Moved 1330.452 411.4709 452 0.1787184 0.3860295
Moved 1330.505 392.2172 452 0.1118654 0.3860295
Moved 1330.556 363.119 452 0.01083002 0.3860295
Moved 1330.605 286.7953 456.201 -0.2541829 0.4053354
Moved 1330.657 250.9714 464.147 -0.3785716 0.4418519
Moved 1330.737 231.8777 470.1223 -0.4448692 0.4693122
Moved 1330.801 232 472.6819 -0.4444444 0.4810753
Moved 1330.849 244.1108 476.2777 -0.402393 0.4975998
Moved 1330.898 272.6481 469.8026 -0.3033053 0.4678427
Moved 1330.949 290.5333 456.85 -0.241204 0.4083183
Moved 1331 299.9741 449.0259 -0.2084232 0.3723617
Moved 1331.052 322 438 -0.1319444 0.3216912
Moved 1331.102 341.4792 427.7604 -0.06430849 0.2746344
Moved 1331.153 347.5 424.5 -0.04340276 0.2596508
Ended 1331.204 348.4819 425 -0.03999352 0.2619486
Began 1331.58 486 479 0.4375001 0.5101104
Stationary 1331.637 486 479 0.4375001 0.5101104
Stationary 1331.686 486 479 0.4375001 0.5101104
Stationary 1331.735 486 479 0.4375001 0.5101104
Stationary 1331.785 486 479 0.4375001 0.5101104
Moved 1331.834 475.4686 479 0.4009326 0.5101104
Moved 1331.885 471.1356 468.2712 0.3858877 0.4608054
Moved 1331.94 465.5284 462.5284 0.3664181 0.4344136
Moved 1331.991 456.1043 451.1042 0.3336954 0.3819129
Moved 1332.041 446.5 440.5 0.3003472 0.3331802
Moved 1332.094 436.3075 432.4807 0.2649567 0.2963266
Moved 1332.145 412.8673 417.2449 0.183567 0.2263093
Moved 1332.193 383.0378 402.8151 0.07999256 0.1599961
Moved 1332.242 354.0181 391.2072 -0.02077058 0.1066508
Moved 1332.291 327.721 381.5737 -0.1120799 0.06237914
Moved 1332.362 302.3426 372.7809 -0.2001993 0.02197097
Moved 1332.411 294 370 -0.2291667 0.009191178
Moved 1332.466 291.9163 367.9163 -0.2364016 -0.0003844149
Ended 1332.516 289 366 -0.2465278 -0.009191178
Began 1332.855 379 472 0.06597222 0.4779413
Stationary 1332.918 379 472 0.06597222 0.4779413
Stationary 1332.967 379 472 0.06597222 0.4779413
Stationary 1333.017 379 472 0.06597222 0.4779413
Moved 1333.068 362.5 481 0.008680523 0.5193015
Moved 1333.118 356.1203 481 -0.0134711 0.5193015
Moved 1333.17 352.5 481 -0.02604165 0.5193015
Moved 1333.224 348.6747 481 -0.03932379 0.5193015
Moved 1333.276 346.5 481 -0.04687503 0.5193015
Moved 1333.325 344.8836 481 -0.05248748 0.5193015
Moved 1333.378 341.1728 475.2095 -0.0653723 0.4926907
Moved 1333.427 336.6126 470.6127 -0.08120611 0.4715657
Moved 1333.476 326.026 459.0347 -0.1179653 0.4183578
Moved 1333.525 315.0037 443.7546 -0.1562371 0.3481372
Moved 1333.573 297.6527 396.8423 -0.2164837 0.1325476
Moved 1333.63 293.2779 361.9454 -0.2316739 -0.02782429
Moved 1333.677 292 347.9449 -0.2361111 -0.09216505
Moved 1333.753 287.9885 341 -0.2500401 -0.1240809
Moved 1333.803 285.5 341 -0.2586806 -0.1240809
Moved 1333.852 282.8444 341 -0.2679015 -0.1240809
Moved 1333.901 280.5 353 -0.2760417 -0.06893383
Moved 1333.951 275.9397 364.181 -0.2918761 -0.01755041
Moved 1334 273.3371 377.9775 -0.3009129 0.04585252
Moved 1334.052 268.7825 401.0877 -0.3167275 0.1520576
Moved 1334.106 264.1842 418.8947 -0.3326936 0.2338909
Moved 1334.159 261 450.5 -0.34375 0.3791361
Moved 1334.213 261 462.8312 -0.34375 0.4358054
Moved 1334.296 268.8746 471 -0.3164077 0.4733456
Moved 1334.35 288.6761 455.0939 -0.2476525 0.4002477
Moved 1334.406 352.6487 362.4617 -0.02552517 -0.02545147
Moved 1334.461 369.5 321.5 0.03298611 -0.2136947
Moved 1334.512 383.8129 283.6451 0.08268372 -0.3876604
Moved 1334.563 387.5 273 0.09548604 -0.4365809
Moved 1334.62 390.135 267.8649 0.1046355 -0.4601796
Moved 1334.669 390 267 0.1041667 -0.4641543
Moved 1334.718 390 307.534 0.1041667 -0.2778769
Moved 1334.771 393.2157 361.5879 0.1153322 -0.02946728
Moved 1334.854 411.1599 426.373 0.1776385 0.2682587
Moved 1334.908 419.1357 454.975 0.2053323 0.3997016
Moved 1334.96 424.0554 486.3879 0.2224146 0.5440623
Moved 1335.01 424 505.7094 0.2222222 0.6328555
Moved 1335.06 424 514.5477 0.2222222 0.6734728
Moved 1335.113 409.581 520.8063 0.1721561 0.7022351
Moved 1335.166 383.9058 521 0.08300617 0.7031251
Moved 1335.217 338.8304 490.9152 -0.07350542 0.5648678
Moved 1335.266 274 447 -0.2986111 0.3630516
Moved 1335.314 234.9332 413.9332 -0.4342597 0.2110902
Moved 1335.395 205.406 380.4059 -0.5367849 0.05701262
Moved 1335.448 198.0363 371.0363 -0.5623742 0.01395352
Moved 1335.499 198 368.51 -0.5625 0.002343795
Moved 1335.551 230 367.5 -0.4513889 -0.002297654
Moved 1335.604 356.6266 350.3969 -0.01171306 -0.08089683
Moved 1335.656 402.6167 344.5845 0.1479745 -0.1076081
Moved 1335.708 453.6798 341.376 0.3252772 -0.1223528
Moved 1335.76 505.3831 349.5447 0.5048023 -0.08481265
Ended 1335.812 525.7312 358.8656 0.5754556 -0.04197794
PhraseEnd 1336.902
