do not say anything
Basic
0.8 0.8
575.9999 230.4
Began 135.1262 289 233 -0.1232639 -0.03038195
Ended 135.1405 289 233 -0.1232639 -0.03038195
Backspace 137.0116
Began 138.1676 174 266 -0.3229167 0.1128472
Stationary 138.1886 174 266 -0.3229167 0.1128472
Stationary 138.2033 174 266 -0.3229167 0.1128472
Stationary 138.2198 174 266 -0.3229167 0.1128472
Stationary 138.2357 174 266 -0.3229167 0.1128472
Stationary 138.2509 174 266 -0.3229167 0.1128472
Stationary 138.2678 174 266 -0.3229167 0.1128472
Stationary 138.2818 174 266 -0.3229167 0.1128472
Stationary 138.2955 174 266 -0.3229167 0.1128472
Stationary 138.3101 174 266 -0.3229167 0.1128472
Stationary 138.3264 174 266 -0.3229167 0.1128472
Stationary 138.3414 174 266 -0.3229167 0.1128472
Stationary 138.3571 174 266 -0.3229167 0.1128472
Stationary 138.3721 174 266 -0.3229167 0.1128472
Stationary 138.3887 174 266 -0.3229167 0.1128472
Stationary 138.4075 174 266 -0.3229167 0.1128472
Stationary 138.422 174 266 -0.3229167 0.1128472
Stationary 138.4355 174 266 -0.3229167 0.1128472
Stationary 138.4505 174 266 -0.3229167 0.1128472
Moved 138.4656 164.9339 266 -0.3386564 0.1128472
Stationary 138.4816 164.9339 266 -0.3386564 0.1128472
Stationary 138.4962 164.9339 266 -0.3386564 0.1128472
Stationary 138.5114 164.9339 266 -0.3386564 0.1128472
Stationary 138.5272 164.9339 266 -0.3386564 0.1128472
Stationary 138.543 164.9339 266 -0.3386564 0.1128472
Moved 138.566 173.5667 266 -0.323669 0.1128472
Moved 138.5809 182.351 266 -0.3084184 0.1128472
Moved 138.5951 195.2392 266 -0.286043 0.1128472
Stationary 138.6084 195.2392 266 -0.286043 0.1128472
Moved 138.6217 203.5087 266 -0.2716864 0.1128472
Moved 138.6359 217.4474 252.5526 -0.2474872 0.05448183
Moved 138.6516 226.4478 249.887 -0.2318615 0.0429123
Moved 138.6677 235.2786 245.3607 -0.2165302 0.02326701
Moved 138.684 246.8928 242.0358 -0.1963667 0.008835793
Moved 138.6989 257.6565 239.9063 -0.1776797 -0.0004069011
Moved 138.7201 276.9742 240 -0.1441421 0
Moved 138.7349 293.4263 240 -0.1155793 0
Moved 138.7495 313 258 -0.08159724 0.07812501
Moved 138.764 360.4265 274.752 0.0007405132 0.1508334
Stationary 138.778 360.4265 274.752 0.0007405132 0.1508334
Moved 138.7917 410.5751 296.2465 0.08780397 0.2441253
Moved 138.8063 438.5649 307.053 0.1363973 0.2910289
Moved 138.8211 463.1823 317.1339 0.179136 0.3347826
Moved 138.8365 480.5 324 0.2092014 0.3645835
Moved 138.8515 492.183 329.0089 0.2294844 0.3863234
Moved 138.8744 512.9716 338.8409 0.2655757 0.4289973
Moved 138.8889 519.5985 343.4489 0.2770808 0.4489969
Moved 138.9032 524.7521 346.1681 0.286028 0.4607991
Moved 138.9171 529.0904 349.0602 0.2935597 0.4733519
Stationary 138.9297 529.0904 349.0602 0.2935597 0.4733519
Moved 138.9439 533.2999 351.8666 0.3008679 0.4855321
Moved 138.9599 535.5861 352.5287 0.304837 0.4884058
Ended 138.9753 541 353 0.3142361 0.4904515
Began 139.5104 347 105 -0.02256945 -0.5859376
Stationary 139.5381 347 105 -0.02256945 -0.5859376
Stationary 139.552 347 105 -0.02256945 -0.5859376
Stationary 139.5636 347 105 -0.02256945 -0.5859376
Stationary 139.5769 347 105 -0.02256945 -0.5859376
Stationary 139.59 347 105 -0.02256945 -0.5859376
Stationary 139.6065 347 105 -0.02256945 -0.5859376
Stationary 139.6215 347 105 -0.02256945 -0.5859376
Stationary 139.6367 347 105 -0.02256945 -0.5859376
Stationary 139.6525 347 105 -0.02256945 -0.5859376
Stationary 139.6682 347 105 -0.02256945 -0.5859376
Stationary 139.6843 347 105 -0.02256945 -0.5859376
Stationary 139.7 347 105 -0.02256945 -0.5859376
Moved 139.7149 347 91.5 -0.02256945 -0.644531
Moved 139.7311 347 94.9679 -0.02256945 -0.6294796
Stationary 139.7467 347 94.9679 -0.02256945 -0.6294796
Moved 139.7611 347 94 -0.02256945 -0.6336803
Stationary 139.777 347 94 -0.02256945 -0.6336803
Stationary 139.797 347 94 -0.02256945 -0.6336803
Stationary 139.8124 347 94 -0.02256945 -0.6336803
Stationary 139.8256 347 94 -0.02256945 -0.6336803
Moved 139.839 357.0261 104.0261 -0.005162992 -0.5901644
Moved 139.8551 369.269 116.269 0.01609206 -0.5370268
Moved 139.8701 387.5819 133.2295 0.04788525 -0.4634136
Moved 139.8861 406.9132 149.5746 0.08144647 -0.3924713
Moved 139.9027 429.5207 167.8605 0.1206956 -0.3131056
Moved 139.9183 449.5632 185.2458 0.1554918 -0.2376482
Moved 139.9331 467.1656 196.6799 0.1860515 -0.1880211
Moved 139.9552 499.0216 220.1046 0.241357 -0.08635151
Moved 139.9742 512.7836 230.627 0.2652494 -0.04068163
Moved 139.9892 524 240.5 0.2847222 0.002170139
Moved 140.0044 528.7802 244.8241 0.2930212 0.02093805
Moved 140.0196 534.6161 250.6161 0.303153 0.04607678
Moved 140.0332 538.5258 254.5258 0.3099407 0.06304583
Moved 140.0484 542.8463 258.8463 0.3174414 0.08179798
Moved 140.067 545 261 0.3211805 0.09114584
Moved 140.0825 548.3646 265.3646 0.3270218 0.1100894
Moved 140.0977 551.4531 268.4531 0.3323838 0.1234942
Moved 140.1177 554.9364 274.5819 0.3384312 0.1500951
Moved 140.1325 557.107 279.321 0.3421997 0.1706643
Moved 140.1461 559.0894 283.1788 0.3456414 0.1874081
Moved 140.1601 560 286.98 0.3472223 0.2039066
Moved 140.1788 561.4261 289.8523 0.3496982 0.2163728
Moved 140.1937 561 292.0856 0.3489583 0.2260659
Moved 140.2076 561 295.9405 0.3489583 0.2427973
Moved 140.2215 561 298.8487 0.3489583 0.2554197
Moved 140.2364 551.4102 302.5898 0.3323094 0.2716572
Moved 140.251 544.4642 305.6143 0.3202503 0.2847844
Moved 140.2721 536.7167 306.7139 0.3067998 0.2895567
Moved 140.2863 524.4384 308.1735 0.2854834 0.2958921
Moved 140.305 516.4841 309.1895 0.2716739 0.3003019
Moved 140.3194 503.3978 309 0.2489545 0.2994793
Moved 140.3341 490.8303 310.1299 0.227136 0.3043835
Moved 140.3483 474.4997 311 0.1987842 0.3081597
Moved 140.3634 458.3161 311.9713 0.1706877 0.3123752
Moved 140.3796 439.5638 313.4182 0.1381317 0.3186552
Moved 140.3951 407.6678 316.7036 0.08275665 0.3329147
Moved 140.4101 393.0877 317 0.05744391 0.3342015
Moved 140.4328 362.9244 318.8679 0.005077049 0.3423087
Moved 140.448 354.1524 319 -0.01015201 0.342882
Moved 140.4638 346.2685 321.7463 -0.02383936 0.3548017
Moved 140.4799 340.282 323.1795 -0.03423274 0.3610223
Moved 140.4947 316.5306 327.4956 -0.07546775 0.3797553
Ended 140.5098 306 329 -0.09374999 0.3862849
Began 140.9028 247 186 -0.1961806 -0.234375
Stationary 140.9204 247 186 -0.1961806 -0.234375
Stationary 140.9339 247 186 -0.1961806 -0.234375
Stationary 140.9477 247 186 -0.1961806 -0.234375
Stationary 140.9661 247 186 -0.1961806 -0.234375
Stationary 140.9818 247 186 -0.1961806 -0.234375
Moved 140.9962 236.3412 186 -0.2146854 -0.234375
Moved 141.0108 233.0159 186 -0.2204585 -0.234375
Moved 141.0271 230.9068 186 -0.2241201 -0.234375
Moved 141.0455 222.1651 178.0551 -0.2392967 -0.2688583
Moved 141.0653 219.2399 178 -0.2443752 -0.2690972
Moved 141.0802 214.5545 177.1848 -0.2525095 -0.2726353
Moved 141.0957 211.4995 177 -0.2578133 -0.2734375
Moved 141.1105 208.6373 176.3186 -0.2627825 -0.276395
Moved 141.1257 206.3161 176 -0.2668124 -0.2777778
Moved 141.1415 202.3121 176 -0.2737638 -0.2777778
Moved 141.1567 197.3375 175.3344 -0.2824001 -0.2806669
Moved 141.1718 192.6951 175 -0.2904599 -0.282118
Moved 141.1876 187 173.5 -0.3003472 -0.2886284
Moved 141.2103 182.0593 174 -0.3089249 -0.2864582
Moved 141.2253 177.7416 174 -0.3164209 -0.2864582
Moved 141.2403 176 174 -0.3194445 -0.2864582
Moved 141.2547 172.1849 174 -0.3260678 -0.2864582
Moved 141.2697 170.6182 174 -0.3287879 -0.2864582
Moved 141.2847 167.3623 174 -0.3344406 -0.2864582
Moved 141.2994 164.489 182.7886 -0.3394289 -0.2483134
Moved 141.3136 161.5956 184.4044 -0.3444521 -0.2413003
Moved 141.3282 158.7139 188.4291 -0.349455 -0.2238322
Moved 141.3426 157.5 192.5 -0.3515625 -0.2061631
Moved 141.3635 155.5727 196.8546 -0.3549085 -0.1872628
Moved 141.378 155 201.4486 -0.3559028 -0.1673239
Moved 141.3915 153.4126 206.7623 -0.3586587 -0.1442607
Moved 141.4072 151.9775 212.0901 -0.3611502 -0.1211369
Moved 141.4219 150.5383 218.3851 -0.3636489 -0.09381454
Moved 141.4391 149.1017 222.6948 -0.3661428 -0.07510927
Moved 141.4541 147.6628 229.6862 -0.368641 -0.04476481
Moved 141.469 146.6734 231.9799 -0.3703588 -0.03480951
Moved 141.489 146.1232 236.6304 -0.3713139 -0.01462513
Moved 141.5056 146 239.6313 -0.3715278 -0.001599921
Moved 141.5281 146 245.1906 -0.3715278 0.02252844
Moved 141.5441 146 248.2483 -0.3715278 0.03579988
Moved 141.5581 155.5716 251.1271 -0.3549105 0.04829473
Moved 141.5746 163.7733 256.4833 -0.3406713 0.0715424
Moved 141.5902 187.524 266.9216 -0.2994375 0.1168474
Moved 141.6069 211.6473 275.2023 -0.2575567 0.1527876
Moved 141.6233 236.0038 283.8248 -0.2152713 0.1902121
Moved 141.638 272.1195 295.2307 -0.1525703 0.2397167
Moved 141.6529 306.2103 304.0526 -0.09338494 0.2780059
Moved 141.6678 330.7365 311.1841 -0.05080477 0.3089587
Moved 141.6887 352.7082 314.8062 -0.01265943 0.3246798
Moved 141.7026 379.7321 320.4173 0.0342571 0.3490334
Moved 141.7177 392.7775 323.5555 0.05690537 0.3626541
Moved 141.7324 403.4943 326.4269 0.07551089 0.3751169
Moved 141.7475 411.6202 327.655 0.08961834 0.3804472
Moved 141.7632 416.2686 328 0.09768859 0.3819445
Moved 141.7779 420.5 329.5 0.1050347 0.388455
Moved 141.7929 422.4296 329 0.1083847 0.3862849
Moved 141.8079 424.0492 329 0.1111966 0.3862849
Ended 141.8238 424.0492 329 0.1111966 0.3862849
Began 142.3602 101 219 -0.4496528 -0.09114584
Stationary 142.391 101 219 -0.4496528 -0.09114584
Stationary 142.406 101 219 -0.4496528 -0.09114584
Stationary 142.4192 101 219 -0.4496528 -0.09114584
Stationary 142.4308 101 219 -0.4496528 -0.09114584
Stationary 142.444 101 219 -0.4496528 -0.09114584
Stationary 142.4589 101 219 -0.4496528 -0.09114584
Stationary 142.4742 101 219 -0.4496528 -0.09114584
Stationary 142.4904 101 219 -0.4496528 -0.09114584
Moved 142.5061 101 209.1224 -0.4496528 -0.1340172
Stationary 142.5219 101 209.1224 -0.4496528 -0.1340172
Stationary 142.5386 101 209.1224 -0.4496528 -0.1340172
Stationary 142.5528 101 208.8999 -0.4496528 -0.1349829
Stationary 142.5687 101 209 -0.4496528 -0.1345485
Stationary 142.5833 101 209 -0.4496528 -0.1345485
Moved 142.6048 113.7426 204.3593 -0.4275302 -0.1546908
Moved 142.6213 123.7804 201.4913 -0.4101034 -0.1671385
Moved 142.6369 137.3591 201 -0.3865293 -0.169271
Moved 142.6516 152.4029 199.8597 -0.3604117 -0.1742199
Moved 142.6669 167.7247 200 -0.3338113 -0.1736111
Moved 142.6817 183.091 200 -0.3071338 -0.1736111
Moved 142.6965 206.5967 200 -0.2663252 -0.1736111
Moved 142.7117 233.5 200 -0.2196181 -0.1736111
Moved 142.7268 274.9977 200 -0.1475735 -0.1736111
Moved 142.7456 314.8512 200 -0.07838334 -0.1736111
Moved 142.7672 332.3067 200 -0.0480786 -0.1736111
Moved 142.7819 360.0922 200 0.0001600385 -0.1736111
Moved 142.7967 379 191 0.03298611 -0.2126736
Moved 142.8128 391.6643 187.8983 0.05497277 -0.2261357
Moved 142.8279 402.7943 183.231 0.0742957 -0.2463933
Moved 142.8433 416.8764 178.9102 0.09874374 -0.2651471
Moved 142.858 426.9532 174.5914 0.1162382 -0.2838913
Moved 142.8732 438 170.5 0.1354167 -0.3016495
Moved 142.8883 440.0287 169.9905 0.1389387 -0.3038607
Moved 142.9031 444.3974 167.0684 0.1465233 -0.3165435
Moved 142.9258 445.8023 166.5989 0.1489624 -0.3185812
Moved 142.94 447.9601 164.0399 0.1527085 -0.3296877
Moved 142.9543 449.4153 164 0.1552349 -0.3298611
Moved 142.9684 450.5 162.5 0.1571181 -0.3363714
Moved 142.9823 451.1424 163 0.1582333 -0.3342014
Stationary 142.9998 451.1424 163 0.1582333 -0.3342014
Stationary 143.0145 451.1424 163 0.1582333 -0.3342014
Stationary 143.0313 451.1424 163 0.1582333 -0.3342014
Stationary 143.0453 451.1424 163 0.1582333 -0.3342014
Stationary 143.0656 451.1424 163 0.1582333 -0.3342014
Moved 143.0854 451 172.0858 0.1579861 -0.2947665
Moved 143.0995 451 176.446 0.1579861 -0.2758418
Moved 143.1136 451 183.5272 0.1579861 -0.2451076
Moved 143.1278 451 190.1085 0.1579861 -0.2165429
Stationary 143.1408 451 190.1085 0.1579861 -0.2165429
Moved 143.1546 437.7552 201.7732 0.1349916 -0.165915
Moved 143.172 431.6886 221.2292 0.1244593 -0.08147015
Moved 143.1861 422.9505 237.7574 0.1092891 -0.009733307
Moved 143.2002 409.8224 266.8995 0.0864973 0.1167513
Moved 143.2164 398.3087 287.9598 0.06650805 0.2081589
Moved 143.2374 387.6158 311.3578 0.04794411 0.3097128
Moved 143.252 382.4943 320.8849 0.03905259 0.3510632
Moved 143.2665 380 329 0.03472224 0.3862849
Stationary 143.2798 380 329 0.03472224 0.3862849
Moved 143.2929 378.9661 333.0678 0.03292725 0.4039403
Moved 143.3091 379 337.3944 0.03298611 0.422719
Moved 143.3245 379 340.813 0.03298611 0.4375568
Moved 143.3397 379 342.338 0.03298611 0.4441756
Moved 143.3544 379 343.5 0.03298611 0.4492188
Moved 143.3745 379 343 0.03298611 0.4470487
Stationary 143.3939 379 343 0.03298611 0.4470487
Stationary 143.4064 379 343 0.03298611 0.4470487
Stationary 143.4204 379 343 0.03298611 0.4470487
Stationary 143.4329 379 343 0.03298611 0.4470487
Moved 143.4462 376.8282 329.9691 0.02921559 0.3904907
Moved 143.4632 369.5 307 0.01649305 0.2907986
Moved 143.4783 367.1641 295.2087 0.0124377 0.239621
Moved 143.4935 362.8297 272.092 0.004912764 0.1392885
Moved 143.5098 363 258.1722 0.005208328 0.07887232
Moved 143.5249 362 249.4963 0.003472194 0.04121688
Moved 143.547 362 235.2252 0.003472194 -0.02072387
Moved 143.5616 371.8517 230.3055 0.02057597 -0.04207651
Moved 143.5761 373.851 227.1489 0.0240469 -0.05577711
Moved 143.59 380.4439 223.3707 0.03549293 -0.07217553
Moved 143.605 384.728 221.7573 0.04293062 -0.07917829
Stationary 143.6191 384.728 221.7573 0.04293062 -0.07917829
Moved 143.6323 386.6876 221.3124 0.0463327 -0.08110948
Moved 143.6527 390.5 220 0.05295143 -0.08680556
Moved 143.6679 392 218.0043 0.05555556 -0.09546757
Moved 143.6826 393.0738 218 0.05741977 -0.09548612
Moved 143.7035 394.5 218 0.05989581 -0.09548612
Moved 143.7189 394.9713 217 0.06071411 -0.09982626
Stationary 143.7333 395 217 0.06076388 -0.09982626
Moved 143.7471 396.5 217 0.06336809 -0.09982626
Moved 143.763 396 217 0.06250002 -0.09982626
Stationary 143.7788 396 217 0.06250002 -0.09982626
Stationary 143.7928 396 217 0.06250002 -0.09982626
Stationary 143.8057 396 217 0.06250002 -0.09982626
Stationary 143.8185 396 217 0.06250002 -0.09982626
Stationary 143.8316 396 217 0.06250002 -0.09982626
Moved 143.8553 397.5 217 0.06510414 -0.09982626
Stationary 143.8696 397.5 217 0.06510414 -0.09982626
Moved 143.8844 398.42 217 0.06670133 -0.09982626
Moved 143.8994 399.5 217 0.06857642 -0.09982626
Moved 143.9139 402.9362 217 0.07454202 -0.09982626
Moved 143.9328 407.1738 217 0.08189901 -0.09982626
Moved 143.9479 412.3683 217 0.09091719 -0.09982626
Moved 143.9635 419.3587 217 0.1030532 -0.09982626
Moved 143.9783 427.2402 222.6536 0.1167365 -0.07528822
Moved 143.992 435.8025 227.2675 0.1316015 -0.05526279
Moved 144.012 444 233 0.1458333 -0.03038195
Moved 144.0265 452.0453 239.0303 0.1598009 -0.004208883
Moved 144.0416 460.5526 245.4421 0.1745705 0.02362039
Moved 144.0565 468.7307 252.7307 0.1887686 0.05525484
Moved 144.0707 476.8518 258.9012 0.2028677 0.08203666
Moved 144.0859 486.8699 268.8699 0.2202602 0.1253033
Moved 144.1003 498.6755 279.6755 0.2407561 0.1722029
Moved 144.1147 510.339 288.7543 0.2610052 0.2116071
Stationary 144.1279 510.339 288.7543 0.2610052 0.2116071
Moved 144.1426 517.2686 294.9445 0.2730357 0.2384744
Moved 144.165 539.1352 310.5251 0.3109986 0.3060988
Moved 144.1834 545.7205 315.2323 0.3224315 0.3265292
Moved 144.1981 550.5397 317.1799 0.3307982 0.3349825
Moved 144.2121 553.2322 318.6161 0.3354727 0.3412158
Moved 144.2268 555.0561 319 0.3386391 0.342882
Moved 144.2416 556.1141 320.1141 0.340476 0.3477176
Stationary 144.2554 556 320 0.3402778 0.3472222
Moved 144.2693 557.0142 320 0.3420386 0.3472222
Stationary 144.2839 557 320 0.3420139 0.3472222
Stationary 144.297 557 320 0.3420139 0.3472222
Moved 144.3176 535.6771 283.6815 0.3049949 0.1895899
Moved 144.3322 509.8286 243.5693 0.2601192 0.01549191
Moved 144.3468 494.4157 216.5281 0.2333607 -0.1018747
Moved 144.3609 477.0049 182.0099 0.2031335 -0.2516931
Stationary 144.3748 477.0049 182.0099 0.2031335 -0.2516931
Moved 144.3882 465.3598 157.1729 0.1829163 -0.3594929
Moved 144.4035 459.1371 143.0585 0.172113 -0.4207532
Moved 144.4232 452.8091 128.4274 0.1611269 -0.4842563
Moved 144.4379 450.4659 125.9318 0.1570588 -0.4950879
Stationary 144.4508 450.4659 125.9318 0.1570588 -0.4950879
Moved 144.4714 446.817 122.9084 0.1507239 -0.5082099
Moved 144.4858 445.5 123 0.1484375 -0.5078126
Moved 144.4998 442.0798 123 0.1424997 -0.5078126
Stationary 144.5132 442.0798 123 0.1424997 -0.5078126
Moved 144.5275 437.9267 123 0.1352894 -0.5078126
Moved 144.5417 430.6249 137.3751 0.1226126 -0.4454205
Moved 144.5576 424.8805 144.3994 0.1126397 -0.414933
Moved 144.5739 415.5 155 0.0963542 -0.3689236
Moved 144.5899 404.6521 168.3153 0.07752106 -0.3111315
Moved 144.6056 393.0456 184.6873 0.05737089 -0.2400726
Moved 144.6279 377.4366 202.7887 0.03027193 -0.1615074
Moved 144.6439 368.7897 214.7629 0.01525991 -0.1095357
Moved 144.6635 362.0425 223.9406 0.003545955 -0.06970248
Moved 144.6823 356.2895 233.9934 -0.006441846 -0.02607015
Ended 144.6982 339 260 -0.03645834 0.08680556
PhraseEnd 145.9109
