an offer you cannot refuse
Basic
0.8 0.8
575.9999 435.2
Began 243.6342 245 366 -0.1996528 -0.004595589
Stationary 243.6604 245 366 -0.1996528 -0.004595589
Stationary 243.6797 245 366 -0.1996528 -0.004595589
Stationary 243.6987 245 366 -0.1996528 -0.004595589
Moved 243.7194 224 366 -0.2361111 -0.004595589
Moved 243.7394 212.8482 366 -0.255472 -0.004595589
Moved 243.7625 203.21 366 -0.2722048 -0.004595589
Moved 243.7848 185.2662 366 -0.3033573 -0.004595589
Moved 243.8054 173.3072 366 -0.3241194 -0.004595589
Moved 243.8267 152.6825 366 -0.3599263 -0.004595589
Moved 243.8472 143.0322 366 -0.3766802 -0.004595589
Moved 243.869 134.4541 366 -0.3915727 -0.004595589
Moved 243.8905 122.1552 366 -0.4129249 -0.004595589
Moved 243.9189 115.5 378 -0.4244792 0.02297794
Moved 243.9376 111.3515 375 -0.4316815 0.01608456
Moved 243.9572 109.9765 376.0236 -0.4340687 0.01843656
Moved 243.9776 108.7795 377.2205 -0.4361467 0.02118672
Moved 243.998 109 378 -0.4357639 0.02297794
Stationary 244.0193 109 378 -0.4357639 0.02297794
Moved 244.0377 115.3938 379.7992 -0.4246637 0.02711212
Moved 244.0564 149.3009 380 -0.3657971 0.0275736
Moved 244.0759 242.3066 350.8905 -0.2043287 -0.03931411
Moved 244.0957 308.8665 322.2203 -0.08877341 -0.1051922
Moved 244.1294 409.6843 275.6805 0.08625739 -0.2121311
Moved 244.1505 437.6312 257.4581 0.1347765 -0.2540025
Moved 244.1714 446.4446 251.2888 0.1500774 -0.2681782
Moved 244.1898 454.5 244 0.1640625 -0.2849265
Moved 244.2102 456.8717 239.4104 0.16818 -0.2954724
Moved 244.2294 462.252 232.748 0.1775208 -0.3107812
Moved 244.2499 463.3297 229.0107 0.179392 -0.3193687
Moved 244.2695 464.5 228.5 0.1814236 -0.3205423
Ended 244.2909 464 227 0.1805556 -0.323989
Began 244.5212 534 522 0.3020833 0.3538603
Stationary 244.541 534 522 0.3020833 0.3538603
Stationary 244.5603 534 522 0.3020833 0.3538603
Stationary 244.5806 534 522 0.3020833 0.3538603
Stationary 244.6 534 522 0.3020833 0.3538603
Stationary 244.6191 534 522 0.3020833 0.3538603
Moved 244.6386 534 533.0397 0.3020833 0.3792272
Moved 244.6607 534 533.4241 0.3020833 0.3801107
Moved 244.6817 534 534.7585 0.3020833 0.3831768
Moved 244.7061 534 537.1655 0.3020833 0.3887074
Stationary 244.7269 534 537 0.3020833 0.3883272
Stationary 244.746 534 537 0.3020833 0.3883272
Moved 244.7657 534 538.5 0.3020833 0.3917739
Moved 244.7849 526.0683 538 0.288313 0.390625
Moved 244.8051 523.7648 538 0.2843139 0.390625
Moved 244.825 521.3778 538 0.2801698 0.390625
Moved 244.8456 517.5451 538 0.2735158 0.390625
Moved 244.8648 515.1387 538 0.269338 0.390625
Moved 244.8843 512.7364 538 0.2651674 0.390625
Moved 244.9155 503 525 0.2482639 0.3607537
Moved 244.9348 493.0441 515.0441 0.2309794 0.3378772
Moved 244.9541 456.7376 478.0418 0.1679473 0.2528535
Moved 244.9736 439.2675 460.2676 0.1376173 0.2120119
Moved 244.9992 403.4204 432.2039 0.07538274 0.1475273
Moved 245.0186 388.8184 421.1301 0.05003192 0.122082
Moved 245.0388 372.8285 409.2659 0.02227165 0.09482044
Moved 245.0589 346.7529 391.8559 -0.02299838 0.05481598
Moved 245.0796 333.6494 384.7179 -0.0457475 0.03841428
Moved 245.0984 326.0558 380.3176 -0.05893096 0.0283033
Moved 245.1296 311.8858 369.7086 -0.08353166 0.003926123
Moved 245.1492 306.9381 365.9536 -0.09212133 -0.004702246
Moved 245.1694 299.741 358.741 -0.1046163 -0.02127535
Moved 245.189 298.4566 357.4566 -0.1068462 -0.02422656
Moved 245.2088 295.9067 356.4533 -0.1112731 -0.02653185
Moved 245.2288 292.045 355 -0.1179773 -0.02987126
Moved 245.2484 289.6812 355 -0.1220813 -0.02987126
Moved 245.2681 288.6419 355 -0.1238857 -0.02987126
Moved 245.2889 286.8712 355 -0.1269598 -0.02987126
Moved 245.3097 281.5069 362.4654 -0.1362727 -0.01271732
Moved 245.343 274.8133 375.3735 -0.1478937 0.01694273
Moved 245.3656 271.2308 385.0511 -0.1541131 0.03918007
Moved 245.3868 255.9109 415.5042 -0.1807103 0.109155
Moved 245.4065 239.6546 448.5727 -0.208933 0.1851395
Moved 245.4261 228.3319 481.0044 -0.2285905 0.2596609
Moved 245.4459 218.5088 505.3099 -0.2456445 0.3155098
Moved 245.4663 213.369 515.262 -0.2545677 0.3383778
Moved 245.4859 211 520 -0.2586806 0.3492647
Moved 245.5066 206.9917 537.0416 -0.2656394 0.3884229
Moved 245.5261 207 541.8684 -0.265625 0.3995138
Moved 245.5577 207 547.2144 -0.265625 0.4117977
Moved 245.5791 207 549 -0.265625 0.4159008
Moved 245.5997 207 550.9396 -0.265625 0.4203576
Moved 245.6212 207 552.1443 -0.265625 0.4231257
Moved 245.642 219.1706 553.3523 -0.2444955 0.4259014
Moved 245.663 243.1007 553 -0.2029501 0.425092
Moved 245.6835 263.2891 544.3763 -0.1679009 0.4052765
Moved 245.704 282.5013 538.2184 -0.1345464 0.3911268
Moved 245.725 320.8767 524.1713 -0.0679224 0.3588494
Moved 245.7445 343 515.5 -0.02951388 0.3389246
Ended 245.7757 343 515.5 -0.02951388 0.3389246
Began 246.0826 440 529 0.1388889 0.3699449
Stationary 246.1095 440 529 0.1388889 0.3699449
Stationary 246.1323 440 529 0.1388889 0.3699449
Stationary 246.1508 440 529 0.1388889 0.3699449
Moved 246.1719 422.5 529 0.108507 0.3699449
Moved 246.1963 414.5596 529 0.09472147 0.3699449
Moved 246.2179 399.5649 529 0.06868906 0.3699449
Moved 246.242 391.2951 529 0.05433172 0.3699449
Moved 246.2637 381 529 0.0364583 0.3699449
Moved 246.2847 378.8682 529 0.0327573 0.3699449
Moved 246.3094 374.8849 529 0.02584189 0.3699449
Stationary 246.3292 374.8849 529 0.02584189 0.3699449
Stationary 246.3495 375 529 0.02604165 0.3699449
Stationary 246.3695 375 529 0.02604165 0.3699449
Stationary 246.3873 375 529 0.02604165 0.3699449
Stationary 246.4048 375 529 0.02604165 0.3699449
Stationary 246.4223 375 529 0.02604165 0.3699449
Stationary 246.4433 375 529 0.02604165 0.3699449
Stationary 246.467 375 529 0.02604165 0.3699449
Moved 246.4873 381.536 529 0.03738895 0.3699449
Moved 246.5203 389.6929 529 0.05155012 0.3699449
Moved 246.5427 404.5 529 0.07725693 0.3699449
Moved 246.5639 421.0769 522.7988 0.1060364 0.355696
Moved 246.5856 452.2744 511.1252 0.1601987 0.3288722
Moved 246.6116 472.2505 503.6561 0.1948793 0.3117098
Moved 246.6338 508.8425 493.0472 0.2584072 0.2873329
Moved 246.6607 520.3651 491.6058 0.2784117 0.2840208
Moved 246.683 541.6926 487.9011 0.3154386 0.275508
Moved 246.703 551.433 486.6959 0.332349 0.2727387
Moved 246.7264 561.1236 484.2921 0.3491729 0.2672154
Moved 246.7594 567.5334 483 0.3603011 0.2642463
Moved 246.7793 570.1188 483 0.3647897 0.2642463
Moved 246.7979 571.2635 481.7365 0.366777 0.261343
Moved 246.8192 572 482 0.3680556 0.2619486
Moved 246.8398 572 481.1302 0.3680556 0.2599501
Moved 246.8657 572 478.7278 0.3680556 0.2544298
Moved 246.8861 560.4968 477.8497 0.3480848 0.2524119
Moved 246.9074 545.2418 475.207 0.3216003 0.2463396
Moved 246.9274 517.3506 476 0.2731782 0.2481618
Moved 246.9476 500.8789 476 0.2445815 0.2481618
Moved 246.979 463.405 476 0.1795225 0.2481618
Moved 246.9984 448.6714 476 0.1539435 0.2481618
Moved 247.0191 430.7661 476 0.1228578 0.2481618
Moved 247.039 425.3485 476 0.1134522 0.2481618
Moved 247.061 421.6602 476 0.1070491 0.2481618
Ended 247.0815 421 476 0.1059028 0.2481618
Began 247.5168 410 240 0.08680553 -0.2941177
Stationary 247.5436 410 240 0.08680553 -0.2941177
Stationary 247.563 410 240 0.08680553 -0.2941177
Stationary 247.5831 410 240 0.08680553 -0.2941177
Stationary 247.6055 410 240 0.08680553 -0.2941177
Moved 247.6253 399.9632 240 0.06938055 -0.2941177
Moved 247.6457 393.2984 240 0.0578098 -0.2941177
Moved 247.6676 375.7735 230.1719 0.02738461 -0.3167006
Moved 247.6891 361.2242 227.704 0.002125278 -0.3223714
Moved 247.7116 337 226.5 -0.03993057 -0.3251379
Moved 247.7334 327.9317 227 -0.0556741 -0.323989
Moved 247.7558 312.8275 227 -0.08189678 -0.323989
Moved 247.778 301.7895 236.4971 -0.1010599 -0.3021667
Moved 247.7994 296.5508 236.4141 -0.1101548 -0.3023574
Moved 247.8221 283.6229 244.0262 -0.1325991 -0.2848661
Moved 247.8484 273.6662 250.1669 -0.1498851 -0.2707564
Moved 247.8695 268.8709 252.5646 -0.1582102 -0.2652469
Moved 247.9013 254.9047 260.0477 -0.1824572 -0.2480523
Moved 247.9216 247.3419 264.5363 -0.1955869 -0.2377384
Moved 247.9409 230.6964 275.2169 -0.2244855 -0.2131964
Moved 247.9614 223.5287 279.9809 -0.2369294 -0.2022498
Moved 247.981 214.8609 287.6907 -0.2519777 -0.1845343
Moved 248.0014 203.5723 297.4277 -0.2715759 -0.1621607
Moved 248.0215 198.7846 303.2692 -0.2798878 -0.148738
Moved 248.0418 192.7372 309.2628 -0.2903868 -0.134966
Moved 248.0632 186.8733 317.8779 -0.3005673 -0.1151703
Moved 248.0833 180.5 325 -0.3116319 -0.09880515
Moved 248.1176 179.0146 331.9564 -0.3142109 -0.0828208
Moved 248.1376 177.8149 336.7405 -0.3162936 -0.07182788
Moved 248.1583 178 342.774 -0.3159722 -0.05796426
Moved 248.178 178 345.5 -0.3159722 -0.05170037
Moved 248.1992 184.2394 349.0798 -0.3051399 -0.04347465
Moved 248.219 217.753 357.2768 -0.2469566 -0.02463965
Moved 248.2396 260.1012 357 -0.1734354 -0.02527574
Moved 248.2633 336.6617 330.1127 -0.04051782 -0.08705715
Moved 248.2836 356.4847 322.6061 -0.00610292 -0.1043058
Moved 248.3044 373.5196 314.2402 0.02347149 -0.1235289
Moved 248.3371 400.3727 300.3137 0.07009149 -0.1555293
Moved 248.363 419.5013 288.1418 0.1033008 -0.1834978
Moved 248.3836 427.9617 280.89 0.117989 -0.2001609
Moved 248.4041 442.2523 267.7477 0.1427991 -0.2303592
Moved 248.4246 446.8246 261.7192 0.1507372 -0.2442115
Moved 248.4451 451 258 0.1579861 -0.2527574
Moved 248.4668 457.539 247.1523 0.1693386 -0.277683
Moved 248.4875 459.9497 243.0754 0.1735237 -0.2870509
Moved 248.5078 461.1767 238.2932 0.175654 -0.2980395
Moved 248.5304 463.5 234 0.1796875 -0.3079044
Moved 248.5633 464.9856 231.0144 0.1822667 -0.3147647
Moved 248.584 465.5 230.5 0.1831597 -0.3159467
Moved 248.6071 465 231 0.1822916 -0.3147978
Moved 248.6272 466.6229 236.4098 0.1851092 -0.3023672
Moved 248.6496 474.7809 268.1235 0.1992723 -0.2294957
Moved 248.6704 479.588 286.2049 0.207618 -0.1879483
Moved 248.6909 484.3636 305.4546 0.2159091 -0.1437165
Moved 248.7146 490.0947 330.3789 0.2258589 -0.08644547
Moved 248.7353 495.011 344.7034 0.2343942 -0.05353072
Moved 248.7568 502.2418 368.8059 0.2469475 0.001851882
Moved 248.7895 510.9201 391.3203 0.2620142 0.05358532
Moved 248.81 514.0608 400.4954 0.2674667 0.07466783
Moved 248.8302 518.533 411.8325 0.2752309 0.100718
Moved 248.8501 528.9352 430.8833 0.2932903 0.1444929
Moved 248.8709 532.5491 439.2814 0.2995645 0.16379
Moved 248.895 536.1738 447.7389 0.3058574 0.1832235
Moved 248.918 543.3824 459.765 0.3183724 0.210857
Moved 248.9384 546.9748 465.958 0.324609 0.2250874
Moved 248.9588 549.3962 475.5847 0.3288128 0.2472076
Moved 248.9791 549 477.763 0.328125 0.2522128
Moved 249.0112 543.8878 488.191 0.3192496 0.2761742
Moved 249.0314 536.3857 491.8071 0.3062252 0.2844833
Moved 249.0515 517.2858 497.6786 0.2730656 0.2979748
Moved 249.072 503.556 500.5444 0.2492292 0.3045597
Moved 249.0957 473.9228 503.453 0.1977826 0.3112431
Moved 249.1157 453.6508 504 0.1625881 0.3125001
Moved 249.1359 426.6692 504 0.1157451 0.3125001
Moved 249.1563 372.8804 504 0.02236188 0.3125001
Moved 249.1769 345.3482 504 -0.02543714 0.3125001
Moved 249.2019 326.9945 504 -0.05730115 0.3125001
Moved 249.2341 285.0248 497 -0.1301653 0.2964155
Moved 249.2543 276.9898 495.5699 -0.1441149 0.2931295
Moved 249.2745 265.3625 496 -0.1643013 0.2941177
Ended 249.2952 253 496 -0.1857639 0.2941177
Began 249.6849 385 508 0.04340276 0.3216912
Stationary 249.7166 385 508 0.04340276 0.3216912
Stationary 249.7371 385 508 0.04340276 0.3216912
Stationary 249.7562 385 508 0.04340276 0.3216912
Stationary 249.775 385 508 0.04340276 0.3216912
Moved 249.7942 372.8046 508 0.02223022 0.3216912
Moved 249.8136 370 508 0.01736112 0.3216912
Moved 249.8337 364.9824 508 0.00865005 0.3216912
Moved 249.8538 350.4962 508 -0.01649972 0.3216912
Moved 249.8753 344.3949 508 -0.02709225 0.3216912
Moved 249.8947 335.7057 508 -0.04217759 0.3216912
Moved 249.9219 322.3874 508 -0.06529972 0.3216912
Moved 249.944 312.6814 508 -0.08215035 0.3216912
Moved 249.9645 306.8981 508 -0.09219085 0.3216912
Moved 249.985 298.4058 508 -0.1069345 0.3216912
Moved 250.0077 287.8336 508 -0.1252889 0.3216912
Moved 250.0296 282.6617 508 -0.1342679 0.3216912
Moved 250.0517 270.7629 508 -0.1549255 0.3216912
Moved 250.0732 266.2079 508 -0.1628335 0.3216912
Moved 250.0942 264.1119 508 -0.1664724 0.3216912
Moved 250.1213 258.4382 508 -0.1763226 0.3216912
Moved 250.1555 254.8107 508 -0.1826203 0.3216912
Moved 250.1789 254 512.1389 -0.1840278 0.3312016
Moved 250.1989 254 518.5 -0.1840278 0.345818
Moved 250.2194 254 516.9017 -0.1840278 0.3421454
Moved 250.2396 254 518.1037 -0.1840278 0.3449075
Moved 250.26 263.1923 519.3132 -0.1680689 0.3476865
Moved 250.2818 264.7092 520 -0.1654354 0.3492647
Moved 250.3067 265.912 520.912 -0.1633471 0.3513605
Moved 250.3278 267.118 521 -0.1612535 0.3515625
Stationary 250.3486 267 521 -0.1614583 0.3515625
Stationary 250.3809 267 521 -0.1614583 0.3515625
Moved 250.401 267 521.8782 -0.1614583 0.3535804
Moved 250.4225 270.5728 522 -0.1552555 0.3538603
Moved 250.445 274.4621 523.4874 -0.1485034 0.357278
Moved 250.4661 288.3159 523.693 -0.1244515 0.3577506
Moved 250.4858 329.7113 524 -0.0525846 0.3584559
Moved 250.5054 357.2646 516.9195 -0.004748963 0.3421864
Moved 250.531 390.362 510.3502 0.05271174 0.3270914
Moved 250.5528 399.3534 507.1342 0.0683219 0.3197018
Moved 250.5744 409.0961 502.9359 0.08523628 0.310055
Moved 250.6088 412.1006 500.8994 0.09045244 0.3053755
Moved 250.6307 413.3289 498.3422 0.09258494 0.2994995
Moved 250.6511 404.9687 481.9687 0.07807069 0.2618766
Moved 250.6717 395.414 468.6505 0.06148257 0.2312742
Moved 250.6932 382.4004 453.1095 0.0388895 0.1955642
Moved 250.7146 363 428 0.005208328 0.1378677
Moved 250.7354 359 419 -0.001736097 0.1171876
Moved 250.7569 349.2681 408.5922 -0.01863174 0.09327244
Moved 250.778 336.5957 393.5957 -0.04063245 0.05881366
Moved 250.7983 329.3243 385.0451 -0.05325634 0.03916611
Moved 250.8309 317.8846 373.1987 -0.07311694 0.01194561
Moved 250.8524 304.5682 360.6545 -0.0962358 -0.01687835
Stationary 250.873 304.5682 360.6545 -0.0962358 -0.01687835
Moved 250.8931 291.6317 351.0226 -0.1186949 -0.03901047
Moved 250.9174 280 343.5 -0.1388889 -0.05629596
Moved 250.9372 275.5868 341.3912 -0.1465507 -0.06114147
Moved 250.9577 271.9652 339.9884 -0.1528382 -0.06436482
Moved 250.9787 268.5834 339 -0.1587095 -0.06663597
Moved 250.9979 267.5 339 -0.1605903 -0.06663597
Stationary 251.0167 267.5 339 -0.1605903 -0.06663597
Stationary 251.0469 267.5 339 -0.1605903 -0.06663597
Moved 251.0668 280.53 353.53 -0.1379687 -0.03324895
Moved 251.0868 288 359.5 -0.125 -0.01953118
Moved 251.1102 300.077 370.2907 -0.1040329 0.005263581
Moved 251.1317 323.0901 392.1601 -0.06407973 0.055515
Moved 251.1526 337.3897 403.0423 -0.03925398 0.08052003
Moved 251.1749 369 430 0.01562499 0.1424633
Moved 251.1955 382.9954 441.8148 0.03992252 0.1696112
Moved 251.2168 395.2765 451.4211 0.06124385 0.1916846
Moved 251.2374 419.1989 468.5591 0.1027758 0.2310641
Moved 251.2749 435.5913 479.6196 0.1312349 0.2564788
Moved 251.2966 445.2039 488.6034 0.1479235 0.2771218
Moved 251.317 459.1331 499.1065 0.1721061 0.3012558
Moved 251.3377 463.9011 502.6758 0.1803838 0.3094573
Moved 251.3592 467.289 506.2891 0.1862657 0.3177598
Moved 251.3982 476.6382 513.6382 0.2024969 0.3346467
Moved 251.4195 477.9733 514.9733 0.2048148 0.3377145
Moved 251.4412 480.3698 517.3698 0.2089754 0.3432211
Moved 251.4626 480 518.5 0.2083334 0.345818
Moved 251.4834 481 519.989 0.2100694 0.3492395
Moved 251.5162 481 521 0.2100694 0.3515625
Moved 251.5361 481 523.4648 0.2100694 0.3572263
Moved 251.5566 467.5957 523 0.1867981 0.3561581
Moved 251.5786 446.9735 523 0.1509957 0.3561581
Moved 251.5993 423.972 511.986 0.1110625 0.3308501
Moved 251.6257 333.5 468.5 -0.04600689 0.2309283
Moved 251.6521 295.1723 440.3792 -0.1125481 0.1663126
Moved 251.6733 279.9021 427.6304 -0.1390589 0.1370184
Moved 251.6944 266.2292 414.2292 -0.1627965 0.1062253
Moved 251.7162 242.2638 394.2111 -0.2044031 0.06022759
Moved 251.7477 224.7553 380.6295 -0.2347998 0.02901996
Moved 251.7681 217.5213 374.6011 -0.247359 0.01516791
Moved 251.7881 211.5764 368.5764 -0.2576799 0.001324556
Moved 251.8088 204.7728 362.7728 -0.2694917 -0.01201111
Moved 251.83 200.7937 358.7937 -0.2763999 -0.02115411
Moved 251.8506 198.3731 356.3731 -0.2806022 -0.02671621
Moved 251.8721 197 354.786 -0.2829861 -0.03036303
Moved 251.8922 195.5802 355 -0.2854511 -0.02987126
Stationary 251.9125 196 355 -0.2847222 -0.02987126
Stationary 251.9325 196 355 -0.2847222 -0.02987126
Moved 251.9642 206.1231 376.8735 -0.2671474 0.02038956
Moved 251.9881 207.6662 385.3316 -0.2644684 0.03982453
Moved 252.0086 220.1675 415.8115 -0.2427647 0.1098609
Moved 252.0316 228.5626 439.6879 -0.2281899 0.1647241
Moved 252.0519 242.6974 484.375 -0.2036504 0.2674058
Moved 252.0737 281.0411 578.4089 -0.1370814 0.4834764
Moved 252.0942 286.2978 592.0089 -0.1279553 0.5147262
Moved 252.1152 286.5 593.5 -0.1276042 0.5181526
Ended 252.1351 286.5 593.5 -0.1276042 0.5181526
PhraseEnd 254.7556
