yes you are very smart
Basic
0.8 0.8
575.9999 435.2
Began 138.5563 404 442 0.07638887 0.1700368
Stationary 138.6141 404 442 0.07638887 0.1700368
Stationary 138.6305 404 442 0.07638887 0.1700368
Stationary 138.6437 404 442 0.07638887 0.1700368
Stationary 138.6554 404 442 0.07638887 0.1700368
Moved 138.6674 393.0854 442 0.05743988 0.1700368
Moved 138.6843 388.8118 442 0.05002052 0.1700368
Moved 138.7006 382.9653 442 0.03987037 0.1700368
Moved 138.7153 376.834 452.0323 0.02922572 0.1930891
Moved 138.7317 370 452 0.01736112 0.1930148
Moved 138.7459 358.5588 455.5323 -0.002502054 0.2011313
Moved 138.7699 341.962 460.5095 -0.03131595 0.2125679
Moved 138.7841 333.7745 462.9216 -0.04553039 0.2181102
Moved 138.798 325.3131 465.3391 -0.06022029 0.2236653
Moved 138.8121 319.5 467 -0.07031251 0.2274816
Stationary 138.8251 319.5 467 -0.07031251 0.2274816
Moved 138.8379 312.6213 469.3052 -0.08225475 0.2327785
Moved 138.8588 297.9745 475.5128 -0.1076833 0.2470422
Stationary 138.8711 297.9745 475.5128 -0.1076833 0.2470422
Moved 138.8837 292.0825 477.767 -0.1179123 0.2522221
Moved 138.8988 289.5 480 -0.1223958 0.257353
Moved 138.9138 286.419 484.3715 -0.1277447 0.2673977
Moved 138.9295 285.0063 487.9812 -0.1301975 0.2756921
Moved 138.9457 285 493.9965 -0.1302083 0.289514
Moved 138.9609 285 498.5428 -0.1302083 0.2999605
Moved 138.9756 285 506.04 -0.1302083 0.3171876
Moved 138.9914 297 510 -0.109375 0.3262868
Moved 139.013 303.7828 519.8371 -0.09759926 0.3488905
Stationary 139.0254 303.7828 519.8371 -0.09759926 0.3488905
Moved 139.038 307.4373 523.4373 -0.09125461 0.357163
Moved 139.0528 312.4209 527.0657 -0.08260266 0.3655002
Moved 139.0705 315.5 529 -0.07725693 0.3699449
Moved 139.0848 318.5 531 -0.0720486 0.3745404
Moved 139.0995 323.0258 532.6752 -0.06419142 0.3783899
Moved 139.1152 327.5149 534.7574 -0.05639777 0.3831744
Moved 139.1316 332.3259 537.163 -0.04804533 0.3887017
Moved 139.1463 337.149 538.2872 -0.03967196 0.391285
Moved 139.1675 343.0952 539 -0.02934866 0.3929229
Stationary 139.18 343.0952 539 -0.02934866 0.3929229
Moved 139.1927 345.7994 539.8997 -0.02465386 0.3949901
Moved 139.2078 348.2097 540 -0.02046921 0.3952206
Moved 139.224 349.0478 540 -0.01901422 0.3952206
Moved 139.2386 350.2655 540 -0.01690023 0.3952206
Stationary 139.254 350 540 -0.01736112 0.3952206
Stationary 139.2703 350 540 -0.01736112 0.3952206
Stationary 139.2844 350 540 -0.01736112 0.3952206
Stationary 139.2999 350 540 -0.01736112 0.3952206
Moved 139.3209 323.584 528.0747 -0.06322213 0.3678188
Stationary 139.3339 323.584 528.0747 -0.06322213 0.3678188
Moved 139.3471 314.5 529 -0.07899307 0.3699449
Moved 139.3627 308.6448 527.0414 -0.08915838 0.3654444
Moved 139.3779 292.575 526.175 -0.1170573 0.3634536
Moved 139.3938 280.6983 522.9095 -0.1376765 0.3559501
Moved 139.409 272.37 521.7672 -0.1521354 0.3533253
Moved 139.424 258.2095 520.5645 -0.1767196 0.3505619
Moved 139.4389 245.2068 518.3563 -0.1992938 0.3454879
Moved 139.4549 236.063 518 -0.2151685 0.3446691
Moved 139.4759 227.6264 518 -0.2298153 0.3446691
Moved 139.4927 217.2286 515.8457 -0.2478671 0.3397191
Moved 139.5062 213.9303 514.6434 -0.2535933 0.3369565
Stationary 139.5187 213.9303 514.6434 -0.2535933 0.3369565
Moved 139.5318 210.5 515 -0.2595486 0.3377758
Moved 139.5466 209.2343 514 -0.261746 0.3354781
Moved 139.5623 208.5 514 -0.2630208 0.3354781
Moved 139.5774 207.9139 512.9139 -0.2640384 0.3329823
Stationary 139.5929 208 513 -0.2638889 0.3331802
Moved 139.6083 208 511.5 -0.2638889 0.3297335
Moved 139.63 208 491.197 -0.2638889 0.2830813
Stationary 139.6424 208 491.197 -0.2638889 0.2830813
Moved 139.6553 208 475.8878 -0.2638889 0.2479041
Moved 139.6708 208 454.4821 -0.2638889 0.198718
Moved 139.6859 208 437.0699 -0.2638889 0.1587084
Moved 139.7012 208 419.5 -0.2638889 0.1183364
Moved 139.7166 206.2509 406.5088 -0.2669256 0.08848528
Moved 139.7312 205.0504 397.3526 -0.2690098 0.06744628
Moved 139.7474 203.2209 388.1043 -0.272186 0.04619564
Moved 139.7629 201.9378 381.689 -0.2744136 0.03145443
Moved 139.7927 197.0533 367.6332 -0.2828936 -0.0008428799
Moved 139.8069 190.5 353.5 -0.2942708 -0.03331802
Ended 139.8204 190.5 353.5 -0.2942708 -0.03331802
Began 140.2885 376 535 0.02777778 0.3837316
Stationary 140.3027 376 535 0.02777778 0.3837316
Stationary 140.3184 376 535 0.02777778 0.3837316
Stationary 140.3326 376 535 0.02777778 0.3837316
Stationary 140.3475 376 535 0.02777778 0.3837316
Stationary 140.3638 376 535 0.02777778 0.3837316
Stationary 140.3809 376 535 0.02777778 0.3837316
Stationary 140.3968 376 535 0.02777778 0.3837316
Stationary 140.4128 376 535 0.02777778 0.3837316
Stationary 140.4278 376 535 0.02777778 0.3837316
Stationary 140.441 376 535 0.02777778 0.3837316
Stationary 140.4577 376 535 0.02777778 0.3837316
Stationary 140.4715 376 535 0.02777778 0.3837316
Stationary 140.4905 376 535 0.02777778 0.3837316
Stationary 140.5028 376 535 0.02777778 0.3837316
Moved 140.5183 385.7446 535 0.04469552 0.3837316
Moved 140.5336 387.8977 535 0.04843347 0.3837316
Moved 140.5565 390.0625 535 0.05219191 0.3837316
Stationary 140.5708 390.0625 535 0.05219191 0.3837316
Moved 140.5856 391.245 543.7147 0.0542447 0.4037563
Stationary 140.5988 391.245 543.7147 0.0542447 0.4037563
Stationary 140.6109 391.245 543.7147 0.0542447 0.4037563
Stationary 140.6262 391.245 543.7147 0.0542447 0.4037563
Stationary 140.6412 391.245 543.7147 0.0542447 0.4037563
Stationary 140.6562 391.245 543.7147 0.0542447 0.4037563
Stationary 140.6713 391.245 543.7147 0.0542447 0.4037563
Stationary 140.6876 391.245 543.7147 0.0542447 0.4037563
Moved 140.7082 391.6262 542 0.05490661 0.3998163
Moved 140.7209 393.6595 542 0.0584367 0.3998163
Moved 140.7355 399.1543 532.7222 0.06797627 0.3784977
Moved 140.7507 406.4073 529.2963 0.08056819 0.3706258
Moved 140.7667 416.3968 524.3016 0.09791106 0.359149
Moved 140.7825 431.3727 521.0678 0.123911 0.3517183
Moved 140.7975 446.1963 518.3006 0.1496463 0.3453599
Moved 140.8122 464.8573 513.7857 0.1820438 0.3349856
Stationary 140.8269 464.8573 513.7857 0.1820438 0.3349856
Moved 140.8424 496.8823 510.8079 0.2376428 0.3281431
Moved 140.8651 525.5 507 0.2873265 0.3193934
Moved 140.8788 535.2214 505.1976 0.3042039 0.315252
Stationary 140.8912 535.2214 505.1976 0.3042039 0.315252
Moved 140.9037 546.075 502.9833 0.3230469 0.3101639
Moved 140.9201 554.4835 501.7881 0.3376449 0.3074176
Moved 140.936 561.5131 500.5812 0.3498492 0.3046443
Moved 140.9567 568.6436 499.5891 0.3622284 0.3023647
Moved 140.9734 572.2144 499.2618 0.3684278 0.3016127
Moved 140.9873 574.8879 499 0.3730693 0.3010111
Moved 141.002 576.1476 499 0.3752563 0.3010111
Moved 141.023 578.7088 499 0.3797027 0.3010111
Moved 141.0379 578 497.5 0.3784722 0.2975644
Moved 141.0521 579 498 0.3802084 0.2987133
Stationary 141.067 579 498 0.3802084 0.2987133
Stationary 141.0791 579 498 0.3802084 0.2987133
Stationary 141.0908 579 498 0.3802084 0.2987133
Moved 141.1046 579 496.9472 0.3802084 0.2962942
Moved 141.1207 567.0392 497 0.3594431 0.2964155
Moved 141.1359 559.5 495.5 0.3463542 0.2929688
Moved 141.1504 546.8978 495.2898 0.3244754 0.2924858
Moved 141.1723 520.7558 493.8755 0.27909 0.2892361
Moved 141.1861 507.364 494 0.2558402 0.2895221
Stationary 141.1996 507.364 494 0.2558402 0.2895221
Moved 141.2144 496 494 0.2361111 0.2895221
Moved 141.229 488.7735 494 0.2235652 0.2895221
Moved 141.244 472.7278 494 0.1957079 0.2895221
Moved 141.2593 461.1921 494 0.1756807 0.2895221
Moved 141.2743 453.5562 494 0.1624238 0.2895221
Moved 141.29 443.7318 494 0.1453678 0.2895221
Moved 141.3051 440.0712 505.8575 0.1390126 0.3167683
Moved 141.3263 433.2095 504.8953 0.1270998 0.3145571
Stationary 141.3387 433.2095 504.8953 0.1270998 0.3145571
Moved 141.3522 431.3157 506.6843 0.123812 0.3186681
Moved 141.3734 429.7907 509.2094 0.1211644 0.3244701
Ended 141.3874 429.7907 509.2094 0.1211644 0.3244701
Began 141.8378 152 351 -0.3611111 -0.03906257
Stationary 141.862 152 351 -0.3611111 -0.03906257
Stationary 141.8757 152 351 -0.3611111 -0.03906257
Stationary 141.8905 152 351 -0.3611111 -0.03906257
Stationary 141.905 152 351 -0.3611111 -0.03906257
Stationary 141.9205 152 351 -0.3611111 -0.03906257
Stationary 141.9364 152 351 -0.3611111 -0.03906257
Stationary 141.9523 152 351 -0.3611111 -0.03906257
Stationary 141.9676 152 351 -0.3611111 -0.03906257
Stationary 141.9837 152 351 -0.3611111 -0.03906257
Stationary 141.9988 152 351 -0.3611111 -0.03906257
Moved 142.0144 142.8817 351 -0.3769414 -0.03906257
Moved 142.03 141.7673 351 -0.3788763 -0.03906257
Moved 142.0454 140.5677 351 -0.3809589 -0.03906257
Moved 142.0658 137.3014 351 -0.3866296 -0.03906257
Stationary 142.079 137.3014 351 -0.3866296 -0.03906257
Moved 142.099 135.9489 358.3577 -0.3889776 -0.02215589
Moved 142.1127 133.8345 360.1655 -0.3926484 -0.01800208
Stationary 142.1258 133.8345 360.1655 -0.3926484 -0.01800208
Moved 142.1387 131.2552 361.3724 -0.3971264 -0.01522892
Moved 142.1538 130.5 361 -0.3984375 -0.01608456
Moved 142.1741 128.0131 363.9869 -0.4027551 -0.00922119
Moved 142.1892 128 365.1933 -0.4027778 -0.006449223
Stationary 142.2017 128 365.1933 -0.4027778 -0.006449223
Moved 142.2155 128 367.7995 -0.4027778 -0.0004607089
Moved 142.2313 128 370 -0.4027778 0.004595589
Moved 142.2714 153.7307 395.7606 -0.3581065 0.06378824
Moved 142.2869 164.5642 404.2166 -0.3392982 0.08321833
Moved 142.3027 175.3669 412.6187 -0.3205435 0.1025246
Moved 142.3166 188.5 420.5 -0.2977431 0.1206342
Moved 142.3308 199.0611 427.7074 -0.2794079 0.1371953
Moved 142.3453 215.3562 436.6566 -0.2511177 0.1577588
Moved 142.359 228.6599 443.33 -0.2280211 0.1730928
Stationary 142.3717 228.6599 443.33 -0.2280211 0.1730928
Moved 142.3848 263.7201 459.2285 -0.1671526 0.2096242
Moved 142.4007 294.5396 469.6099 -0.1136466 0.2334786
Moved 142.4229 324.9902 480.7961 -0.06078091 0.2591822
Moved 142.437 337.9192 486.5087 -0.03833481 0.2723087
Moved 142.4508 343.4293 489.2147 -0.02876856 0.2785264
Stationary 142.4638 343.4293 489.2147 -0.02876856 0.2785264
Moved 142.4776 349.5486 492.9292 -0.0181447 0.2870616
Moved 142.4942 349.5 493.5 -0.01822915 0.2883732
Moved 142.5093 350.314 494.314 -0.016816 0.2902435
Moved 142.5248 351 495 -0.01562499 0.2918199
Moved 142.5408 351 495.8226 -0.01562499 0.2937101
Moved 142.5606 351 496 -0.01562499 0.2941177
Moved 142.5796 338.0664 497.4371 -0.0380791 0.2974198
Moved 142.5932 334.787 497 -0.04377265 0.2964155
Moved 142.6061 327.0766 497.8462 -0.05715869 0.2983598
Stationary 142.6189 327.0766 497.8462 -0.05715869 0.2983598
Moved 142.6315 321.0408 498 -0.06763756 0.2987133
Moved 142.6468 308.237 498 -0.08986627 0.2987133
Moved 142.6636 299.6601 498 -0.1047568 0.2987133
Moved 142.6793 289.8575 498 -0.1217752 0.2987133
Moved 142.6939 281 498 -0.1371528 0.2987133
Moved 142.7099 273.1936 498.8011 -0.1507056 0.300554
Moved 142.7305 256.5809 500.2027 -0.179547 0.3037747
Moved 142.7444 248.1086 500 -0.1942559 0.3033088
Stationary 142.7575 248.1086 500 -0.1942559 0.3033088
Moved 142.77 242.2779 501.246 -0.2043787 0.306172
Moved 142.7863 235 502.5 -0.2170139 0.3090533
Moved 142.8021 229.3441 503.7312 -0.2268332 0.3118824
Moved 142.8178 223.3193 504.9362 -0.2372928 0.3146511
Moved 142.8328 217.3048 508.4171 -0.2477347 0.3226497
Moved 142.8478 205.953 516.0314 -0.2674428 0.3401457
Ended 142.8631 205.953 516.0314 -0.2674428 0.3401457
Began 143.319 366 322 0.01041666 -0.1056985
Stationary 143.352 366 322 0.01041666 -0.1056985
Stationary 143.3671 366 322 0.01041666 -0.1056985
Stationary 143.3807 366 322 0.01041666 -0.1056985
Stationary 143.3934 366 322 0.01041666 -0.1056985
Stationary 143.4065 366 322 0.01041666 -0.1056985
Stationary 143.4197 366 322 0.01041666 -0.1056985
Stationary 143.4337 366 322 0.01041666 -0.1056985
Moved 143.4496 366 309.8321 0.01041666 -0.1336579
Moved 143.4658 366 309.3868 0.01041666 -0.134681
Moved 143.4805 378 304 0.03124997 -0.1470588
Moved 143.4994 378.9937 294.0127 0.03297508 -0.1700076
Moved 143.5156 380.2024 289.1904 0.03507361 -0.1810883
Moved 143.5315 382.8094 284.3812 0.03959962 -0.1921387
Stationary 143.5435 382.8094 284.3812 0.03959962 -0.1921387
Moved 143.5572 383.6112 281.7776 0.04099168 -0.1981214
Moved 143.5716 385.6336 277.7328 0.04450277 -0.2074155
Moved 143.5877 386.7977 273.0114 0.04652381 -0.2182644
Moved 143.6036 388.8973 269.1541 0.05016886 -0.2271276
Moved 143.6192 390.1516 265.545 0.05234659 -0.2354204
Moved 143.6388 393.5 261 0.05815975 -0.245864
Moved 143.6595 395.808 258.3841 0.06216661 -0.2518748
Moved 143.6732 396 255.9672 0.06250002 -0.2574283
Moved 143.6879 397.2228 256 0.06462291 -0.257353
Moved 143.7056 397 253.1552 0.06423608 -0.2638898
Stationary 143.7234 397 253.1552 0.06423608 -0.2638898
Stationary 143.7356 397 252.7744 0.06423608 -0.2647646
Stationary 143.7478 397 252.7744 0.06423608 -0.2647646
Stationary 143.7597 397 252.7744 0.06423608 -0.2647646
Moved 143.7721 397 251.0605 0.06423608 -0.2687027
Moved 143.7883 389.0135 249.8591 0.05037077 -0.2714634
Moved 143.8102 377 249 0.02951391 -0.2734374
Moved 143.8237 363.9548 249 0.006865934 -0.2734374
Stationary 143.8359 363.9548 249 0.006865934 -0.2734374
Moved 143.8482 353.4373 255.8064 -0.01139362 -0.2577978
Moved 143.8657 338.5019 262.4636 -0.03732317 -0.2425009
Moved 143.8813 320.5204 273.9865 -0.06854106 -0.2160238
Moved 143.8963 307.7123 285.9888 -0.0907772 -0.1884449
Moved 143.9158 293 301 -0.1163194 -0.1539523
Moved 143.9285 281.8441 316.4495 -0.1356874 -0.1184525
Moved 143.9429 272.5302 332.0911 -0.1518574 -0.08251113
Moved 143.9683 255.705 363.59 -0.1810677 -0.01013328
Moved 143.9819 249.6848 375.6304 -0.1915194 0.01753309
Moved 143.9951 233.564 406.4189 -0.2195069 0.08827883
Stationary 144.0072 233.564 406.4189 -0.2195069 0.08827883
Moved 144.0209 225.7916 434.6721 -0.2330007 0.1531987
Moved 144.0354 217.8645 457.4064 -0.2467629 0.2054375
Moved 144.0506 208.5068 482.2947 -0.263009 0.2626257
Moved 144.0664 203.9395 496.1814 -0.2709383 0.2945345
Moved 144.0816 200.5835 507.7217 -0.2767648 0.3210517
Moved 144.0963 196.9739 515.7277 -0.2830315 0.3394478
Moved 144.1186 194.1706 526.147 -0.2878983 0.3633893
Moved 144.1326 194 531.1317 -0.2881945 0.3748431
Stationary 144.1452 194 531.1317 -0.2881945 0.3748431
Moved 144.1579 194 533.4671 -0.2881945 0.3802094
Moved 144.1733 194 537.3237 -0.2881945 0.389071
Moved 144.1944 194 539.8516 -0.2881945 0.3948796
Stationary 144.207 194 539.8516 -0.2881945 0.3948796
Moved 144.2201 194 541.0556 -0.2881945 0.3976462
Moved 144.2355 202.835 541 -0.272856 0.3975184
Moved 144.2509 205.5835 542.1459 -0.2680842 0.4001514
Moved 144.2726 232 543 -0.2222222 0.402114
Stationary 144.285 232 543 -0.2222222 0.402114
Moved 144.298 259.5456 543 -0.1744001 0.402114
Moved 144.3125 288.1908 531.9125 -0.1246687 0.3766373
Moved 144.328 316.9379 524.7655 -0.07476059 0.3602149
Moved 144.3435 341.6173 516.1276 -0.03191438 0.3403667
Moved 144.3594 366.1729 507.609 0.01071692 0.3207928
Moved 144.3739 384.5 501.5 0.04253469 0.3067556
Moved 144.3898 405.9388 492.9286 0.0797549 0.2870602
Moved 144.4053 425.9735 486.3422 0.1145374 0.271926
Ended 144.4263 438.3809 481.4476 0.1360779 0.2606794
Began 144.9084 243 410 -0.203125 0.09650736
Stationary 144.9356 243 410 -0.203125 0.09650736
Stationary 144.9475 243 410 -0.203125 0.09650736
Stationary 144.9613 243 410 -0.203125 0.09650736
Stationary 144.9752 243 410 -0.203125 0.09650736
Stationary 144.9906 243 410 -0.203125 0.09650736
Stationary 145.0061 243 410 -0.203125 0.09650736
Stationary 145.0227 243 410 -0.203125 0.09650736
Moved 145.0387 229.7241 410 -0.2261734 0.09650736
Moved 145.0543 230.0234 410 -0.2256539 0.09650736
Moved 145.0702 225.5046 410 -0.2334989 0.09650736
Moved 145.0852 220.6808 410 -0.2418736 0.09650736
Moved 145.1 214.7967 410 -0.2520891 0.09650736
Moved 145.1156 211.3785 401.5498 -0.2580234 0.07709058
Moved 145.1313 206.3436 403 -0.2667645 0.0804228
Moved 145.147 202.1455 402 -0.274053 0.07812501
Moved 145.1625 198.532 401.1773 -0.2803264 0.07623463
Moved 145.1826 188.3161 399.0632 -0.2980622 0.07137692
Moved 145.2028 183.4489 397.8622 -0.3065123 0.06861733
Moved 145.2176 179.9556 398 -0.312577 0.06893383
Moved 145.2314 176.5 396.5 -0.3185764 0.06548721
Moved 145.246 174.481 396.2405 -0.3220817 0.06489078
Moved 145.2609 173.0494 396 -0.324567 0.06433824
Moved 145.2747 171.8297 396 -0.3266845 0.06433824
Stationary 145.2872 171.8297 396 -0.3266845 0.06433824
Stationary 145.2998 171.8297 396 -0.3266845 0.06433824
Stationary 145.3145 171.8297 396 -0.3266845 0.06433824
Stationary 145.3303 172 396 -0.3263889 0.06433824
Stationary 145.3522 172 396 -0.3263889 0.06433824
Moved 145.3664 188.0589 392.7882 -0.2985088 0.05695824
Stationary 145.3799 188.0589 392.7882 -0.2985088 0.05695824
Moved 145.3938 214.1646 382.1342 -0.2531865 0.03247745
Moved 145.4115 243 365.5 -0.203125 -0.005744486
Moved 145.4305 331.812 314.9624 -0.04893743 -0.1218695
Moved 145.4453 358.6509 302.0068 -0.002342165 -0.1516389
Moved 145.4623 389.3832 287.9001 0.05101248 -0.1840531
Moved 145.4774 414.2008 279.933 0.0940986 -0.2023597
Moved 145.4917 438 273 0.1354167 -0.2182904
Moved 145.5116 453.1621 268.4761 0.1617398 -0.2286854
Moved 145.5266 464.3367 263.3317 0.1811401 -0.2405062
Moved 145.5415 475.0934 257.3926 0.1998149 -0.254153
Moved 145.5553 484.6256 251.359 0.2163639 -0.2680169
Moved 145.5707 487.8777 248.2979 0.22201 -0.2750509
Moved 145.5854 494.178 244.6932 0.2329479 -0.2833336
Moved 145.6004 498.2792 239.7208 0.240068 -0.2947591
Moved 145.6146 501.5383 237.3077 0.2457262 -0.3003039
Moved 145.629 503.05 234.9 0.2483507 -0.3058364
Stationary 145.6418 503.05 234.9 0.2483507 -0.3058364
Moved 145.6663 505.4631 233 0.2525401 -0.3102022
Moved 145.6806 505.6671 231.3329 0.2528942 -0.3140329
Moved 145.6952 506.5 230.5 0.2543403 -0.3159467
Moved 145.7104 506 230 0.2534723 -0.3170955
Stationary 145.7241 506 230 0.2534723 -0.3170955
Stationary 145.7378 506 230 0.2534723 -0.3170955
Moved 145.7529 481.7838 239.9714 0.2114302 -0.2941833
Moved 145.7673 470.2623 247.3688 0.1914276 -0.2771857
Stationary 145.7804 470.2623 247.3688 0.1914276 -0.2771857
Moved 145.7935 453.3995 254.9717 0.1621519 -0.2597158
Moved 145.8145 410.3733 268.4611 0.08745365 -0.2287199
Stationary 145.8272 410.3733 268.4611 0.08745365 -0.2287199
Moved 145.8404 392.7068 273.688 0.05678259 -0.2167096
Moved 145.8556 353.274 286.46 -0.01167707 -0.187362
Moved 145.8707 328 296.5 -0.05555556 -0.1642922
Moved 145.8886 306.0882 303.1497 -0.09359688 -0.1490126
Moved 145.9023 282.4748 308.9 -0.1345924 -0.1357996
Moved 145.9175 259.6603 314.8788 -0.1742008 -0.1220615
Moved 145.9328 242.3529 320.8824 -0.2042485 -0.1082666
Moved 145.9482 225.5 323.5 -0.2335069 -0.1022518
Moved 145.9697 196.1848 331.9384 -0.2844014 -0.08286218
Moved 145.9837 184.4659 334.8965 -0.3047468 -0.07606507
Stationary 145.9966 184.4659 334.8965 -0.3047468 -0.07606507
Moved 146.0093 172.4483 338.4655 -0.3256106 -0.06786417
Moved 146.0249 163.1072 343.4464 -0.3418278 -0.05641903
Moved 146.0408 154 346.5 -0.3576389 -0.04940251
Moved 146.057 146.6208 350.3054 -0.3704499 -0.04065857
Moved 146.0726 138.1836 354.8951 -0.385098 -0.03011234
Moved 146.0872 130.9016 359.7323 -0.3977404 -0.01899748
Moved 146.1069 118.4465 368.2428 -0.4193637 0.0005578995
Moved 146.1273 112.5 374.5 -0.4296875 0.01493573
Moved 146.1415 109.5683 383.0109 -0.4347773 0.03449209
Moved 146.1556 108.0719 391.4964 -0.4373751 0.05398989
Moved 146.1684 108 399.9061 -0.4375 0.07331368
Stationary 146.1809 108 399.9061 -0.4375 0.07331368
Moved 146.1939 117.3555 419.0474 -0.4212579 0.1172965
Moved 146.2088 127 432 -0.4045139 0.1470589
Moved 146.2246 136.5 445.5 -0.3880208 0.178079
Moved 146.2402 151.3642 460.0773 -0.3622151 0.2115748
Moved 146.2565 166.1429 472.4524 -0.3365575 0.2400101
Moved 146.2778 197.0293 498.5244 -0.2829353 0.2999182
Moved 146.2924 213.064 509.1982 -0.2550972 0.3244444
Moved 146.3097 222 514 -0.2395833 0.3354781
Moved 146.3235 235.5501 521.1945 -0.2160589 0.3520094
Moved 146.3375 247.459 526.1836 -0.1953837 0.3634734
Stationary 146.3501 247.459 526.1836 -0.1953837 0.3634734
Stationary 146.3637 247.459 526.1836 -0.1953837 0.3634734
Moved 146.3792 265.593 534.708 -0.1639011 0.3830608
Moved 146.3945 275.0587 539.5294 -0.1474674 0.3941391
Moved 146.4107 284 542.5 -0.1319444 0.4009651
Moved 146.4323 302.9079 548.9655 -0.09911826 0.4158214
Moved 146.4469 313.7435 550.1937 -0.08030639 0.4186437
Moved 146.461 324.5612 551.3957 -0.06152571 0.4214056
Stationary 146.4744 324.5612 551.3957 -0.06152571 0.4214056
Moved 146.4877 339 551 -0.03645834 0.4204963
Ended 146.5073 364.996 551 0.008673593 0.4204963
PhraseEnd 147.8096
