if at first you do not succeed
Basic
0.8 0.8
575.9999 435.2
Began 173.6835 550 582 0.3298611 0.491728
Stationary 173.7096 550 582 0.3298611 0.491728
Stationary 173.7246 550 582 0.3298611 0.491728
Stationary 173.7384 550 582 0.3298611 0.491728
Stationary 173.7528 550 582 0.3298611 0.491728
Stationary 173.7673 550 582 0.3298611 0.491728
Stationary 173.7819 550 582 0.3298611 0.491728
Stationary 173.7982 550 582 0.3298611 0.491728
Stationary 173.8138 550 582 0.3298611 0.491728
Stationary 173.8306 550 582 0.3298611 0.491728
Stationary 173.8454 550 582 0.3298611 0.491728
Stationary 173.8598 550 582 0.3298611 0.491728
Stationary 173.8744 550 582 0.3298611 0.491728
Stationary 173.8912 550 582 0.3298611 0.491728
Stationary 173.9078 550 582 0.3298611 0.491728
Stationary 173.9227 550 582 0.3298611 0.491728
Stationary 173.937 550 582 0.3298611 0.491728
Stationary 173.952 550 582 0.3298611 0.491728
Stationary 173.9767 550 582 0.3298611 0.491728
Stationary 173.9917 550 582 0.3298611 0.491728
Moved 174.0071 538.6553 582 0.3101655 0.491728
Moved 174.0236 537.5521 582 0.3082501 0.491728
Moved 174.0401 535.1436 582 0.3040687 0.491728
Moved 174.0564 531.5966 582 0.2979107 0.491728
Moved 174.0788 525.4507 572.5354 0.2872409 0.4699803
Stationary 174.0948 525.4507 572.5354 0.2872409 0.4699803
Moved 174.1116 513.7184 562.7184 0.2668722 0.4474228
Moved 174.1277 507.6925 556.6925 0.2564106 0.4335766
Moved 174.1514 502.7496 550.687 0.2478291 0.419777
Moved 174.1679 496.8359 546.0687 0.2375623 0.4091651
Moved 174.1838 493.6965 541.262 0.232112 0.3981204
Moved 174.1995 487.4368 532.5143 0.2212444 0.3780201
Moved 174.2161 484 526.5 0.2152778 0.3642004
Moved 174.2312 475.3339 517.5562 0.2002324 0.3436493
Moved 174.2461 468.0763 510.0763 0.1876324 0.3264621
Moved 174.2634 460.8689 501.6804 0.1751196 0.30717
Moved 174.2793 447 491.5 0.1510417 0.2837776
Moved 174.2945 439.4002 486.8001 0.1378477 0.2729782
Moved 174.3181 429.9667 479.975 0.1214699 0.2572956
Moved 174.334 420.3458 473.9661 0.104767 0.2434884
Moved 174.35 409.9942 468.4514 0.08679547 0.2308166
Moved 174.3669 396.4009 461.0369 0.06319605 0.2137796
Moved 174.3835 386.5 454 0.04600696 0.1976103
Moved 174.3998 377.1038 449.3149 0.02969414 0.1868449
Moved 174.4156 366.5109 443.2838 0.01130357 0.1729867
Moved 174.4323 353.423 437.2832 -0.01141839 0.1591986
Moved 174.4484 345.5073 432.5756 -0.02516091 0.1483815
Moved 174.4661 330 423 -0.05208332 0.1263787
Moved 174.4905 323.4265 418.1412 -0.06349564 0.1152143
Moved 174.5081 317.4187 414.2512 -0.07392585 0.1062758
Moved 174.5262 308.0528 406.0528 -0.09018612 0.0874375
Moved 174.5437 304.5 404 -0.09635414 0.08272067
Moved 174.5601 303.2658 401.5316 -0.09849687 0.07704876
Moved 174.5763 301.1238 400.0619 -0.1022157 0.07367163
Moved 174.5928 299.8582 397.7163 -0.1044129 0.06828193
Moved 174.6096 298.9491 395.8982 -0.1059911 0.06410435
Moved 174.6264 297.7361 393.4721 -0.1080971 0.05852966
Ended 174.6431 290.6157 374.8008 -0.1204589 0.01562694
Began 175.2558 104 375 -0.4444444 0.01608456
Stationary 175.2802 104 375 -0.4444444 0.01608456
Stationary 175.2946 104 375 -0.4444444 0.01608456
Stationary 175.3082 104 375 -0.4444444 0.01608456
Stationary 175.324 104 375 -0.4444444 0.01608456
Stationary 175.3395 104 375 -0.4444444 0.01608456
Stationary 175.3537 104 375 -0.4444444 0.01608456
Stationary 175.3699 104 375 -0.4444444 0.01608456
Stationary 175.3859 104 375 -0.4444444 0.01608456
Stationary 175.4005 104 375 -0.4444444 0.01608456
Stationary 175.4167 104 375 -0.4444444 0.01608456
Stationary 175.4354 104 375 -0.4444444 0.01608456
Stationary 175.4491 104 375 -0.4444444 0.01608456
Moved 175.4639 93.12456 375 -0.4633255 0.01608456
Moved 175.4811 93.98162 375 -0.4618375 0.01608456
Moved 175.5026 91.54681 375 -0.4660646 0.01608456
Moved 175.5184 90.5 375 -0.4678819 0.01608456
Moved 175.5331 89.50908 375 -0.4696023 0.01608456
Moved 175.5482 88.15553 375 -0.4719522 0.01608456
Stationary 175.5638 88 375 -0.4722222 0.01608456
Moved 175.5786 86.74535 375 -0.4744005 0.01608456
Stationary 175.6002 87 375 -0.4739583 0.01608456
Stationary 175.6141 87 375 -0.4739583 0.01608456
Stationary 175.6278 87 375 -0.4739583 0.01608456
Stationary 175.6414 87 375 -0.4739583 0.01608456
Stationary 175.6549 87 375 -0.4739583 0.01608456
Moved 175.6689 103.6782 385.8879 -0.4450032 0.04110284
Moved 175.6847 114.7319 393.9026 -0.4258127 0.05951886
Moved 175.7001 127.9094 403.025 -0.4029351 0.08048023
Moved 175.7156 141.9906 411.8278 -0.3784886 0.1007073
Moved 175.7312 155.3831 419.209 -0.3552376 0.1176677
Moved 175.7539 168.1886 424.9948 -0.333006 0.1309624
Moved 175.771 181.3857 432.3922 -0.3100942 0.14796
Moved 175.7862 193.5 439 -0.2890625 0.1631434
Moved 175.801 199.4781 443.1738 -0.2786838 0.172734
Moved 175.8161 215.0402 451.7751 -0.2516664 0.192498
Moved 175.8309 222.7964 456.8643 -0.2382008 0.2041918
Moved 175.8458 232.404 460.5265 -0.2215208 0.2126069
Moved 175.8609 239.269 464.1345 -0.2096025 0.2208974
Moved 175.8763 243.8899 467.1559 -0.20158 0.22784
Moved 175.8913 249.9404 470.3642 -0.1910758 0.2352118
Moved 175.9176 257.7992 473.8661 -0.177432 0.2432585
Moved 175.9353 261.3684 476.2456 -0.1712355 0.2487262
Moved 175.9505 264.9775 478.6517 -0.1649697 0.2542548
Moved 175.967 270 481 -0.15625 0.2596507
Moved 175.9839 272.4637 483.4637 -0.1519728 0.2653118
Moved 176.0004 275.8122 485.8748 -0.1461594 0.2708521
Moved 176.0166 279.4173 488.2782 -0.1399005 0.2763746
Moved 176.032 281.6928 490.6928 -0.13595 0.2819229
Moved 176.0472 284 493 -0.1319444 0.2872243
Moved 176.0627 287.0283 496.0283 -0.1266871 0.2941826
Ended 176.0919 298 504 -0.1076389 0.3125001
Began 176.5829 335 320 -0.04340276 -0.1102941
Stationary 176.6075 335 320 -0.04340276 -0.1102941
Stationary 176.6233 335 320 -0.04340276 -0.1102941
Stationary 176.6402 335 320 -0.04340276 -0.1102941
Stationary 176.6557 335 320 -0.04340276 -0.1102941
Stationary 176.6703 335 320 -0.04340276 -0.1102941
Stationary 176.6833 335 320 -0.04340276 -0.1102941
Stationary 176.6983 335 320 -0.04340276 -0.1102941
Stationary 176.7134 335 320 -0.04340276 -0.1102941
Moved 176.7291 326.172 320 -0.05872917 -0.1102941
Moved 176.747 319.4984 320 -0.07031519 -0.1102941
Moved 176.7629 317.0745 320 -0.07452339 -0.1102941
Moved 176.7787 314.6647 329.003 -0.07870711 -0.0896071
Moved 176.7943 313.1242 332.6274 -0.08138166 -0.08127886
Moved 176.816 313 337.3181 -0.08159724 -0.07050059
Moved 176.8317 313 343.4288 -0.08159724 -0.05645963
Moved 176.8468 313 350.9298 -0.08159724 -0.03922386
Moved 176.8693 313 357.1411 -0.08159724 -0.02495149
Moved 176.8838 330.2227 376.0324 -0.05169679 0.01845683
Moved 176.9037 355.1159 404.1053 -0.008479394 0.08296262
Moved 176.9212 374.3275 420.9116 0.02487421 0.1215801
Moved 176.9371 406.5567 446.4454 0.08082762 0.1802514
Moved 176.9534 435.8147 462.8401 0.1316228 0.217923
Moved 176.9705 456.1763 475.2352 0.1669728 0.2464044
Moved 176.9871 468.0159 482.7374 0.1875277 0.263643
Moved 177.0041 484.667 491.8224 0.2164358 0.2845185
Moved 177.0213 502.7679 501.4762 0.2478608 0.3067009
Moved 177.0464 520 509 0.2777778 0.323989
Moved 177.0625 527.7753 510.5917 0.2912765 0.3276465
Moved 177.0824 532.9943 511.9985 0.3003373 0.330879
Moved 177.1007 540.2174 514 0.3128775 0.3354781
Moved 177.1169 542.741 515.247 0.3172586 0.3383434
Moved 177.1341 543.5 516.5 0.3185764 0.3412225
Moved 177.1502 545 516.7385 0.3211805 0.3417705
Moved 177.166 545 517.5 0.3211805 0.3435203
Stationary 177.1814 545 517.5 0.3211805 0.3435203
Moved 177.1976 545 517 0.3211805 0.3423713
Moved 177.2217 545 518.5 0.3211805 0.345818
Moved 177.2374 528.185 518 0.2919878 0.3446691
Moved 177.2545 517.1623 518 0.2728512 0.3446691
Moved 177.2704 489.2066 518 0.2243171 0.3446691
Stationary 177.285 489.2066 518 0.2243171 0.3446691
Moved 177.2988 465.8416 518 0.1837529 0.3446691
Moved 177.3139 448.9521 507.711 0.1544308 0.3210271
Moved 177.3305 425.3801 508.6417 0.1135072 0.3231658
Moved 177.3464 401.2203 507.1169 0.07156305 0.319662
Moved 177.3623 379.4576 507 0.03378056 0.3193934
Moved 177.3885 345.5239 507 -0.02513219 0.3193934
Moved 177.4046 330.8406 507 -0.05062393 0.3193934
Moved 177.4212 318.3085 507 -0.07238109 0.3193934
Moved 177.4376 307.4941 507 -0.09115611 0.3193934
Moved 177.4528 298.7272 507 -0.1063763 0.3193934
Moved 177.4686 291.5514 507 -0.1188344 0.3193934
Moved 177.4864 282.3856 505.0392 -0.1347472 0.3148879
Moved 177.5024 279 502.5 -0.140625 0.3090533
Moved 177.5185 274.1655 495.6317 -0.1490182 0.2932714
Moved 177.5375 263.2702 476.4864 -0.1679337 0.2492794
Moved 177.5618 246.6199 446.7499 -0.1968404 0.180951
Moved 177.577 231.0606 410.9814 -0.2238531 0.09876238
Moved 177.5943 217.2868 380.4314 -0.247766 0.02856479
Moved 177.6103 212.0288 366.0792 -0.2568944 -0.004413619
Moved 177.627 206.0375 354.0749 -0.2672961 -0.03199704
Moved 177.643 203.6548 349.3097 -0.2714325 -0.04294648
Moved 177.6612 198.6014 339.2028 -0.280206 -0.06617007
Moved 177.6776 195.5 334.5 -0.2855903 -0.07697604
Moved 177.6935 192.4918 328.7377 -0.2908128 -0.09021661
Moved 177.7116 190.0833 325.1249 -0.2949943 -0.09851821
Moved 177.7365 187.6326 321.6326 -0.2992489 -0.1065427
Stationary 177.752 187.6326 321.6326 -0.2992489 -0.1065427
Moved 177.7678 188 322 -0.2986111 -0.1056985
Stationary 177.7844 188 322 -0.2986111 -0.1056985
Moved 177.8015 188 330.0563 -0.2986111 -0.08718687
Moved 177.819 201.257 339.838 -0.2755955 -0.06471039
Moved 177.8354 209.1553 349.4632 -0.2618832 -0.04259376
Moved 177.8517 226.5 365 -0.2317708 -0.006893383
Moved 177.8687 249.1642 387.4487 -0.1924233 0.04468901
Moved 177.8852 276.8806 411.2197 -0.1443044 0.09931004
Moved 177.9094 339.3591 472.3463 -0.03583484 0.2397663
Moved 177.926 371.9188 507.3572 0.02069235 0.3202142
Moved 177.946 385.9964 522.4247 0.04513272 0.3548363
Moved 177.9625 396.9552 536.2197 0.06415829 0.3865343
Ended 177.9796 406.5 547.5 0.08072921 0.4124541
Began 178.6048 409 511 0.08506946 0.3285846
Stationary 178.6268 409 511 0.08506946 0.3285846
Stationary 178.6425 409 511 0.08506946 0.3285846
Stationary 178.6577 409 511 0.08506946 0.3285846
Stationary 178.6738 409 511 0.08506946 0.3285846
Stationary 178.6889 409 511 0.08506946 0.3285846
Moved 178.7044 395.2586 511 0.06121286 0.3285846
Moved 178.7206 389.2919 511 0.05085394 0.3285846
Moved 178.7366 384.7013 511 0.04288428 0.3285846
Moved 178.7522 376.0231 511 0.02781786 0.3285846
Moved 178.7728 370.5558 511 0.01832597 0.3285846
Moved 178.7886 364.5518 511 0.007902385 0.3285846
Moved 178.8058 358.527 511 -0.002557226 0.3285846
Moved 178.8223 354.7126 503.3294 -0.009179488 0.3109591
Moved 178.8385 351.0825 502.6942 -0.01548186 0.3094995
Moved 178.8618 347.5 501 -0.02170138 0.3056066
Moved 178.8767 346.5285 499.5286 -0.02338797 0.3022256
Stationary 178.8915 346.5285 499.5286 -0.02338797 0.3022256
Moved 178.9075 347 500 -0.02256945 0.3033088
Stationary 178.9245 347 500 -0.02256945 0.3033088
Stationary 178.9444 347 500 -0.02256945 0.3033088
Stationary 178.9598 347 500 -0.02256945 0.3033088
Moved 178.9756 365.5581 505.8785 0.009649471 0.3168165
Moved 178.992 380.6616 511.2036 0.03587075 0.3290523
Moved 179.0166 432.6276 513.201 0.1260895 0.333642
Moved 179.0415 452.3208 513 0.1602791 0.3331802
Moved 179.0586 473.5 513 0.1970486 0.3331802
Moved 179.0743 513.194 513 0.2659618 0.3331802
Moved 179.0905 527.6539 513 0.2910659 0.3331802
Moved 179.1081 537.7606 513 0.3086122 0.3331802
Moved 179.1244 552 502.5 0.3333333 0.3090533
Moved 179.1441 557.3996 506 0.3427076 0.3170956
Moved 179.1604 568.246 505 0.3615382 0.3147978
Moved 179.1774 574.765 504.047 0.3728558 0.312608
Moved 179.1932 581.9172 504 0.3852729 0.3125001
Moved 179.2191 592 501.5 0.4027778 0.3067556
Moved 179.2355 597.0947 499.2263 0.4116227 0.3015311
Moved 179.2527 601.9064 498.0234 0.4199764 0.298767
Moved 179.27 602.9086 497.0914 0.4217163 0.2966256
Moved 179.2858 605.1727 497 0.425647 0.2964155
Moved 179.3056 606.4838 496 0.4279232 0.2941177
Stationary 179.3216 606 496 0.4270833 0.2941177
Stationary 179.3378 606 496 0.4270833 0.2941177
Moved 179.3529 606 493.8948 0.4270833 0.2892805
Moved 179.3695 591.5829 492.6893 0.4020536 0.2865104
Moved 179.3939 586.0095 491.5016 0.3923777 0.2837813
Moved 179.4113 575.47 492 0.3740798 0.2849265
Moved 179.4294 550.4133 491 0.3305787 0.2826287
Moved 179.4463 534.1832 491 0.3024014 0.2826287
Moved 179.4645 523.6893 491 0.2841829 0.2826287
Moved 179.481 512.842 491 0.2653507 0.2826287
Moved 179.497 505.3442 491 0.2523337 0.2826287
Moved 179.513 497.7864 491 0.2392125 0.2826287
Moved 179.5293 492.8654 498.4424 0.230669 0.2997298
Moved 179.5463 489.0602 500.9799 0.2240627 0.3055605
Moved 179.572 483.2215 503.3892 0.2139263 0.3110965
Moved 179.5889 482.5 504.5 0.2126736 0.3136489
Moved 179.6046 482.2038 505.7961 0.2121595 0.3166272
Ended 179.622 480.9968 507.0032 0.2100638 0.3194009
Began 180.2499 279 367 -0.140625 -0.002297724
Stationary 180.2752 279 367 -0.140625 -0.002297724
Stationary 180.2903 279 367 -0.140625 -0.002297724
Stationary 180.3052 279 367 -0.140625 -0.002297724
Stationary 180.3201 279 367 -0.140625 -0.002297724
Moved 180.336 268.6416 367 -0.1586083 -0.002297724
Moved 180.3537 261.2279 356.114 -0.1714793 -0.02731169
Moved 180.3701 257 352.5 -0.1788195 -0.03561581
Moved 180.3859 254.6589 351.106 -0.1828838 -0.03881897
Moved 180.4024 250.6655 348.4437 -0.1898168 -0.04493637
Moved 180.4198 247.0567 347.0189 -0.1960821 -0.04821013
Moved 180.437 243.4411 344.6274 -0.2023591 -0.05370526
Moved 180.454 239.8352 342.2234 -0.2086194 -0.05922921
Moved 180.4712 236.814 340.814 -0.2138645 -0.06246778
Moved 180.4887 233.4533 339.1511 -0.2196992 -0.06628878
Moved 180.5114 229.8252 337.9417 -0.225998 -0.06906777
Moved 180.5271 224.6785 335.8392 -0.2349332 -0.07389883
Moved 180.543 222.2656 334.6328 -0.2391222 -0.07667094
Moved 180.5632 220 333.5 -0.2430556 -0.0792739
Moved 180.5788 219.2223 334 -0.2444057 -0.07812494
Moved 180.5939 218.5 334 -0.2456597 -0.07812494
Stationary 180.6093 218.5 334 -0.2456597 -0.07812494
Stationary 180.6237 218.5 334 -0.2456597 -0.07812494
Stationary 180.6384 218.5 334 -0.2456597 -0.07812494
Moved 180.6535 224.7395 345.6525 -0.2348272 -0.05134997
Moved 180.6786 247.3345 363.4677 -0.1955998 -0.0104144
Moved 180.6947 262.7481 373.0758 -0.16884 0.01166316
Moved 180.7123 289.1724 389.4401 -0.1229645 0.04926493
Moved 180.7287 323.0211 403.1379 -0.06419938 0.08073968
Moved 180.7457 361.141 418.0529 0.00198096 0.1150112
Moved 180.763 392.4902 428.5168 0.05640656 0.1390553
Moved 180.7805 411.7233 435.2032 0.08979745 0.1544191
Moved 180.7975 437.1563 444.4205 0.133952 0.1755985
Moved 180.8148 461.3538 451.6061 0.1759615 0.1921097
Moved 180.8324 484.7823 461.7129 0.2166359 0.2153329
Moved 180.8606 495.066 465.6498 0.2344896 0.2243792
Moved 180.8787 510.0006 470.3336 0.2604178 0.2351415
Moved 180.894 516.9201 473.9601 0.2724307 0.2434745
Moved 180.9119 520.9537 475.3815 0.2794334 0.2467405
Moved 180.9285 525.6318 476.408 0.2875552 0.2490992
Moved 180.9446 528.5 477.5 0.2925348 0.2516085
Moved 180.9617 532.3011 479 0.2991338 0.2550552
Moved 180.9788 535.8328 479.9443 0.3052653 0.2572249
Moved 180.9953 537.1147 481.1147 0.3074909 0.2599144
Moved 181.0117 541.5425 482.2712 0.3151779 0.2625718
Moved 181.0355 545.0839 482 0.3213262 0.2619486
Stationary 181.0514 545.0839 482 0.3213262 0.2619486
Ended 181.0669 553.8481 482 0.3365419 0.2619486
Began 181.4737 367 175 0.01215279 -0.4434742
Stationary 181.4927 367 175 0.01215279 -0.4434742
Stationary 181.5074 367 175 0.01215279 -0.4434742
Stationary 181.5277 367 175 0.01215279 -0.4434742
Stationary 181.542 367 175 0.01215279 -0.4434742
Stationary 181.5557 367 175 0.01215279 -0.4434742
Stationary 181.5695 367 175 0.01215279 -0.4434742
Stationary 181.5843 367 175 0.01215279 -0.4434742
Stationary 181.6028 367 175 0.01215279 -0.4434742
Stationary 181.6168 367 175 0.01215279 -0.4434742
Stationary 181.6312 367 175 0.01215279 -0.4434742
Stationary 181.6501 367 175 0.01215279 -0.4434742
Stationary 181.6649 367 175 0.01215279 -0.4434742
Stationary 181.6787 367 175 0.01215279 -0.4434742
Stationary 181.6924 367 175 0.01215279 -0.4434742
Stationary 181.709 367 175 0.01215279 -0.4434742
Stationary 181.7239 367 175 0.01215279 -0.4434742
Stationary 181.7395 367 175 0.01215279 -0.4434742
Stationary 181.754 367 175 0.01215279 -0.4434742
Stationary 181.7734 367 175 0.01215279 -0.4434742
Stationary 181.7888 367 175 0.01215279 -0.4434742
Stationary 181.8112 367 175 0.01215279 -0.4434742
Moved 181.8268 379.1637 175 0.03327027 -0.4434742
Moved 181.843 381.2737 175 0.0369335 -0.4434742
Moved 181.8589 384.5308 180.9052 0.04258819 -0.4299054
Moved 181.8746 390.6591 188.4675 0.05322762 -0.4125287
Moved 181.891 399.6735 197.6735 0.06887756 -0.3913753
Moved 181.9063 409.2974 209.6218 0.08558579 -0.3639205
Moved 181.9219 417.5541 217.5541 0.09992034 -0.3456937
Moved 181.9371 422.5 222.5 0.108507 -0.3343291
Moved 181.9534 433.2016 232.4264 0.1270861 -0.3115203
Moved 181.9769 447.116 244.9299 0.151243 -0.2827897
Moved 181.9934 455.7412 252.3496 0.1662174 -0.2657408
Moved 182.0105 459.3737 256.3737 0.1725237 -0.2564943
Moved 182.0297 465.5 264 0.1831597 -0.2389705
Moved 182.046 468.9934 266.9935 0.1892247 -0.2320922
Moved 182.0623 472.862 272.7699 0.1959409 -0.2188192
Moved 182.0794 478.8773 280.0527 0.2063842 -0.2020848
Moved 182.0979 487 297 0.2204861 -0.1631433
Moved 182.1154 492.3706 312.9022 0.2298101 -0.1266035
Moved 182.1323 496.8776 332.0616 0.2376348 -0.08257908
Moved 182.1586 516.0559 411.6957 0.2709304 0.1004036
Moved 182.1758 526.9274 455.7097 0.2898046 0.2015389
Moved 182.1936 537.5 496.5 0.3081597 0.2952666
Moved 182.2103 558.3202 540.8876 0.3443059 0.3972603
Moved 182.227 578.8391 593.0637 0.379929 0.5171502
Moved 182.2444 585.6906 609.6573 0.3918239 0.555279
Moved 182.262 585 613.3727 0.390625 0.5638161
Moved 182.2792 586.1838 615.5515 0.3926803 0.5688225
Moved 182.3002 586 620.6482 0.3923612 0.5805336
Moved 182.3185 586 621.8472 0.3923612 0.5832886
Moved 182.3454 577.2398 624.2515 0.3771524 0.5888132
Moved 182.3638 565.8373 624 0.3573565 0.5882354
Moved 182.3808 551.3249 618.6615 0.3321613 0.5759686
Moved 182.3971 540.5 612 0.3133681 0.5606618
Moved 182.4131 511.6435 600.2208 0.26327 0.5335957
Moved 182.4298 485.7469 589.9036 0.2183107 0.5098889
Moved 182.4483 465.3829 580.2979 0.1829565 0.4878168
Moved 182.465 449.1633 570.6647 0.1547974 0.4656819
Moved 182.4852 401.9005 546.3649 0.0727439 0.4098459
Moved 182.5024 385.6481 537.8105 0.04452795 0.3901897
Moved 182.5281 353.4255 523.3252 -0.0114141 0.3569053
Moved 182.5448 338.7799 515.89 -0.03684048 0.3398207
Moved 182.5623 331 510.5 -0.05034723 0.3274357
Moved 182.5829 319.2093 504.9819 -0.07081725 0.3147562
Moved 182.6006 310.2947 499.2105 -0.08629385 0.3014948
Moved 182.6171 298.4138 494.3655 -0.1069206 0.2903619
Moved 182.634 290.3802 490.8773 -0.1208677 0.2823467
Moved 182.6522 279.5 487 -0.1397569 0.2734376
Moved 182.67 275.8065 484.2688 -0.1461693 0.2671618
Moved 182.6862 272.1983 483.0661 -0.1524336 0.2643982
Moved 182.7113 270.86 481.86 -0.154757 0.2616268
Moved 182.7298 268.5 481 -0.1588542 0.2596507
Ended 182.7464 267 480 -0.1614583 0.257353
Began 183.0869 298 371 -0.1076389 0.006893383
Stationary 183.1151 298 371 -0.1076389 0.006893383
Stationary 183.1333 298 371 -0.1076389 0.006893383
Stationary 183.152 298 371 -0.1076389 0.006893383
Stationary 183.1684 298 371 -0.1076389 0.006893383
Moved 183.1838 282.2563 371 -0.1349717 0.006893383
Moved 183.2008 276.2119 371 -0.1454655 0.006893383
Moved 183.2184 270.5 371 -0.1553819 0.006893383
Moved 183.236 264.7375 371 -0.1653863 0.006893383
Moved 183.2514 258.5813 371 -0.1760742 0.006893383
Moved 183.2694 244.5289 371 -0.2004707 0.006893383
Moved 183.2873 238.5179 371 -0.2109064 0.006893383
Moved 183.3044 232.5 371 -0.2213542 0.006893383
Moved 183.3222 227.1076 371 -0.230716 0.006893383
Moved 183.3394 222.2893 371 -0.2390811 0.006893383
Moved 183.3568 219.3979 371 -0.2441009 0.006893383
Moved 183.3844 213.5447 371 -0.2542627 0.006893383
Moved 183.4007 211.1269 371 -0.2584602 0.006893383
Moved 183.4177 209.3561 371 -0.2615345 0.006893383
Moved 183.4349 208.1547 371 -0.2636203 0.006893383
Moved 183.4505 206.9524 371 -0.2657076 0.006893383
Stationary 183.4681 206.9524 371 -0.2657076 0.006893383
Moved 183.4845 207 384.5306 -0.265625 0.03798387
Moved 183.5013 214.1607 396.1771 -0.2531932 0.06474527
Moved 183.5173 225.4331 404.629 -0.2336231 0.08416587
Moved 183.533 239.9913 414.994 -0.2083484 0.1079826
Moved 183.5569 262.8859 425.8407 -0.1686009 0.132906
Moved 183.5731 305.4044 447.9053 -0.0947841 0.1836059
Moved 183.5898 354.1617 463.3872 -0.01013603 0.2191802
Moved 183.6097 406.2944 481.8611 0.08037218 0.2616293
Moved 183.6258 426.7581 490.4886 0.1158994 0.2814536
Moved 183.6466 440.4525 497.7923 0.1396745 0.298236
Moved 183.6635 448.3374 502.3356 0.1533635 0.3086756
Moved 183.6816 453.5 505.5 0.1623264 0.3159467
Moved 183.7001 456 508 0.1666667 0.3216912
Moved 183.7174 456 509.16 0.1666667 0.3243566
Stationary 183.7405 456 509.16 0.1666667 0.3243566
Stationary 183.7572 456 509.16 0.1666667 0.3243566
Stationary 183.7726 456 509.16 0.1666667 0.3243566
Moved 183.7887 450.9135 503.1868 0.1578359 0.3106314
Moved 183.8073 425.2364 471.6066 0.1132577 0.2380666
Moved 183.8274 401.6194 445.9478 0.07225588 0.1791079
Moved 183.8439 372 402 0.02083331 0.07812501
Moved 183.8607 351.6548 375.465 -0.01448821 0.01715296
Moved 183.8772 338.0932 356.382 -0.03803268 -0.02669573
Moved 183.8945 322.7766 330.1724 -0.06462399 -0.08691992
Moved 183.9204 301.7221 294.0136 -0.1011769 -0.1700055
Moved 183.9378 290.686 278.7687 -0.1203369 -0.2050352
Moved 183.9539 283.1736 264.7263 -0.1333791 -0.2373018
Moved 183.9719 275.6064 251.1118 -0.1465166 -0.2685849
Moved 183.9895 269.4752 240.0553 -0.1571611 -0.2939905
Moved 184.0078 261.545 222.6349 -0.1709289 -0.3340191
Moved 184.0258 256.3921 208.5784 -0.1798748 -0.366318
Moved 184.0462 253.5 202.5 -0.1848959 -0.380285
Moved 184.0644 252.1912 196.7649 -0.187168 -0.393463
Moved 184.0817 249.9732 191.9464 -0.1910188 -0.4045349
Moved 184.108 247.5805 184.7415 -0.1951728 -0.4210904
Moved 184.1251 246.5 183 -0.1970486 -0.425092
Moved 184.1426 245.5 182.5 -0.1987847 -0.4262408
Moved 184.1604 244.2472 183 -0.2009598 -0.425092
Moved 184.1783 241.8345 183 -0.2051485 -0.425092
Moved 184.1953 240.6308 195.3232 -0.2072383 -0.3967756
Moved 184.2121 236.5 210 -0.2144097 -0.3630515
Moved 184.2287 233.6652 223.3391 -0.2193312 -0.332401
Moved 184.2464 228.1261 244.5206 -0.2289477 -0.2837301
Moved 184.2677 219.7026 285.3015 -0.2435718 -0.1900241
Moved 184.2924 204.2912 370.942 -0.2703277 0.006760009
Moved 184.3091 195.4656 429.289 -0.28565 0.1408296
Moved 184.3256 188.764 474.71 -0.2972848 0.2451977
Moved 184.3438 184.2629 501.4226 -0.3050991 0.3065777
Moved 184.3601 182.8904 510.7675 -0.3074821 0.3280504
Moved 184.3761 180.3752 524.4362 -0.3118485 0.3594581
Moved 184.3925 181 528.5918 -0.3107639 0.3690069
Moved 184.4097 181 538.6768 -0.3107639 0.3921803
Moved 184.4264 181 543.4963 -0.3107639 0.4032545
Moved 184.4434 181 545.0691 -0.3107639 0.4068683
Moved 184.4671 181 546.281 -0.3107639 0.4096531
Moved 184.4876 190.3796 547 -0.2944799 0.4113052
Moved 184.5038 193.6892 547 -0.288734 0.4113052
Moved 184.5192 202.7631 547 -0.2729807 0.4113052
Moved 184.5343 221.2722 526.7135 -0.2408469 0.364691
Moved 184.5505 262.5011 480.6165 -0.169269 0.2587695
Moved 184.5675 293.7902 432.9697 -0.1149475 0.1492869
Moved 184.5843 298.6604 409.6478 -0.1064924 0.095698
Moved 184.6006 306.1293 383.4829 -0.09352558 0.03557647
Moved 184.6188 311.1409 363.4366 -0.0848249 -0.01048572
Moved 184.6454 315.8985 331.6093 -0.07656515 -0.08361838
Ended 184.663 315 323.5 -0.078125 -0.1022518
PhraseEnd 185.6161
