the quick brown fox jumps over the lazy dog
Basic
0.6 0.6
432 326.4
Began 883.2444 371 552 0.025463 0.5637255
Stationary 883.2888 371 552 0.025463 0.5637255
Stationary 883.3202 371 552 0.025463 0.5637255
Stationary 883.3506 371 552 0.025463 0.5637255
Stationary 883.382 371 552 0.025463 0.5637255
Moved 883.4133 361.2106 542.2106 0.002802412 0.5337335
Moved 883.4458 358.8103 538.6206 -0.002753933 0.5227347
Moved 883.4788 356.5 535 -0.008101861 0.5116422
Moved 883.5112 354.22 533.22 -0.0133796 0.5061889
Moved 883.5435 352.8771 530.8771 -0.01648819 0.4990109
Moved 883.5741 350.5 528.5 -0.02199074 0.4917279
Moved 883.611 344.7393 518.4785 -0.03532578 0.4610249
Moved 883.6428 340.6411 511.2821 -0.04481236 0.4389772
Moved 883.6758 337.3659 499.4637 -0.05239367 0.4027688
Moved 883.7127 335.9616 486.731 -0.05564452 0.3637591
Moved 883.7444 336 466.9692 -0.05555556 0.3032145
Moved 883.7756 346.5 452 -0.03125002 0.257353
Moved 883.8066 352.9493 420.1859 -0.01632104 0.1598831
Moved 883.8403 367 377.5 0.01620372 0.02910539
Moved 883.8712 373.9754 348.082 0.03235042 -0.06102309
Moved 883.9013 380.1615 334.5963 0.04667014 -0.1023399
Moved 883.9569 385.7032 325.2968 0.05949825 -0.130831
Moved 883.99 386 323.5 0.06018519 -0.1363358
Moved 884.0239 386 324 0.06018519 -0.1348038
Moved 884.064 363.0752 336.9247 0.007118583 -0.09520606
Moved 884.0966 316.685 365.9233 -0.1002663 -0.006362504
Moved 884.1291 280.2471 389.4023 -0.1846133 0.06557091
Moved 884.1606 261.6168 405.3832 -0.2277389 0.1145319
Moved 884.1922 251.4142 416.9763 -0.2513559 0.15005
Moved 884.2238 239.5881 441.4317 -0.2787312 0.2249746
Moved 884.2551 233 458 -0.2939815 0.2757353
Ended 884.3028 233 458 -0.2939815 0.2757353
Began 884.6277 272 436 -0.2037037 0.2083333
Stationary 884.6694 272 436 -0.2037037 0.2083333
Moved 884.7024 249.7508 436 -0.2552065 0.2083333
Moved 884.7358 229.967 436 -0.3010024 0.2083333
Moved 884.766 214.6985 436 -0.336346 0.2083333
Moved 884.7977 199.3459 436 -0.3718844 0.2083333
Moved 884.8276 182.7648 436 -0.4102667 0.2083333
Moved 884.8581 174.0879 436 -0.4303521 0.2083333
Moved 884.8879 169.365 436 -0.4412847 0.2083333
Moved 884.9214 165.8229 445.3542 -0.4494841 0.2369922
Moved 884.9518 163.5 448.5 -0.4548612 0.2466298
Moved 884.9852 161 452.9845 -0.4606481 0.2603692
Moved 885.0173 158.6096 456.7809 -0.4661816 0.2720003
Moved 885.0489 156.5058 461.4825 -0.4710513 0.2864046
Moved 885.0823 156 469.707 -0.4722222 0.3116022
Moved 885.1144 156 475.6092 -0.4722222 0.3296851
Moved 885.1467 166.5226 482.8181 -0.4478644 0.3517711
Moved 885.1826 210.9638 495.1807 -0.3449911 0.3896469
Moved 885.2138 277.95 500.925 -0.1899305 0.4072457
Moved 885.2631 366.734 492.5815 0.01558791 0.3816835
Moved 885.2975 410.4575 488.6993 0.1167998 0.3697897
Moved 885.3284 436.1849 485.4022 0.1763538 0.359688
Moved 885.3626 445.9994 483.0002 0.1990725 0.352329
Moved 885.3948 455.2015 479.3993 0.2203738 0.3412969
Moved 885.4263 458.6959 477.3041 0.2284628 0.3348777
Moved 885.4566 462.1006 473.8994 0.2363438 0.3244468
Moved 885.4879 463.5 471.5 0.2395834 0.3170956
Moved 885.5178 465.8996 469.1004 0.2451379 0.3097439
Moved 885.549 469.0544 465.9456 0.2524409 0.3000783
Moved 885.6024 473.6382 461.3618 0.2630514 0.286035
Moved 885.635 474 456.9139 0.2638889 0.2724077
Moved 885.6689 407.8764 387.6263 0.1108251 0.06012955
Moved 885.7042 332.5749 308.2899 -0.06348396 -0.1829353
Moved 885.7458 313.8817 283.5623 -0.1067552 -0.2586942
Moved 885.7759 300.7524 264.6286 -0.1371472 -0.3167016
Moved 885.8072 293.1075 252.1792 -0.1548437 -0.3548432
Moved 885.8382 292 246.7664 -0.1574074 -0.3714265
Moved 885.8688 291 244.5 -0.1597222 -0.3783701
Moved 885.9014 291 244 -0.1597222 -0.379902
Moved 885.9561 332.7163 265.5727 -0.06315678 -0.3138092
Moved 885.9885 414.412 318.2747 0.1259537 -0.1523448
Moved 886.0204 454.0607 349.2993 0.2177331 -0.05729367
Moved 886.0521 481.8965 372.8964 0.2821677 0.0150013
Moved 886.0832 497.8868 386.2579 0.3191824 0.05593712
Moved 886.1152 506.4807 393.4807 0.3390758 0.07806596
Moved 886.1481 512 398.7621 0.3518519 0.09424677
Ended 886.1879 512 399 0.3518519 0.09497554
Began 886.5527 374 455 0.03240744 0.2665441
Ended 886.5967 374 455 0.03240744 0.2665441
Began 886.6586 371 442 0.025463 0.2267157
Stationary 886.6893 371 442 0.025463 0.2267157
Stationary 886.7197 371 442 0.025463 0.2267157
Stationary 886.7496 371 442 0.025463 0.2267157
Stationary 886.7795 371 442 0.025463 0.2267157
Moved 886.8104 357.1547 411.5469 -0.006586363 0.1334157
Moved 886.8416 353.7493 375.9881 -0.01446928 0.02447334
Moved 886.8791 354 347.5682 -0.01388888 -0.06259722
Moved 886.9103 362.4007 315.399 0.00555714 -0.1611551
Moved 886.9424 369.2822 292.0828 0.02148658 -0.2325894
Moved 886.9752 376.3962 277.2076 0.03795415 -0.2781628
Moved 887.0074 382.6203 262.7594 0.05236179 -0.3224283
Moved 887.0413 389.4799 245.0802 0.06824066 -0.3765925
Moved 887.0735 392.5 236 0.07523149 -0.4044118
Moved 887.1054 394 231.9615 0.07870366 -0.4167844
Moved 887.1402 394 228.5623 0.07870366 -0.427199
Moved 887.1789 394 227.5 0.07870366 -0.4304534
Moved 887.2292 348.7609 281.4411 -0.02601638 -0.2651926
Moved 887.2606 298.3721 349.2473 -0.1426572 -0.05745327
Moved 887.2931 266.03 396.6863 -0.2175231 0.08788703
Moved 887.3264 245.9902 431.6176 -0.2639114 0.1949067
Moved 887.3662 238 460.2 -0.2824074 0.2824755
Moved 887.4005 238 474.3765 -0.2824074 0.3259083
Moved 887.4335 238 486.3606 -0.2824074 0.3626244
Moved 887.4641 238 493.6071 -0.2824074 0.3848257
Moved 887.4982 246.2065 497.2065 -0.2634107 0.3958534
Moved 887.5315 248.5 498 -0.2581019 0.3982843
Moved 887.5843 339.4865 489.9112 -0.04748493 0.3735025
Moved 887.6184 430.5 487 0.1631944 0.3645834
Moved 887.652 491.2914 485.0743 0.3039151 0.3586835
Moved 887.6882 540.5 485 0.4178241 0.3584559
Moved 887.7202 550.0328 485 0.4398908 0.3584559
Moved 887.7512 554.0815 485 0.4492626 0.3584559
Moved 887.783 556.4869 485 0.4548309 0.3584559
Stationary 887.8121 556.4869 485 0.4548309 0.3584559
Moved 887.8415 520.9185 480.9929 0.3724965 0.3461793
Moved 887.8735 429.9512 476.177 0.1619241 0.3314247
Moved 887.9242 283.4532 459.9089 -0.1771916 0.2815835
Moved 887.9558 233.6839 451.7368 -0.2923984 0.2565464
Moved 887.9863 218.4802 448.6089 -0.3275922 0.2469636
Moved 888.0209 211.2299 447 -0.3443752 0.2420344
Moved 888.0524 207.6722 447 -0.3526107 0.2420344
Moved 888.0908 207 447 -0.3541667 0.2420344
Stationary 888.1214 207 447 -0.3541667 0.2420344
Stationary 888.1516 207 447 -0.3541667 0.2420344
Stationary 888.1824 207 447 -0.3541667 0.2420344
Moved 888.2128 214.3759 447 -0.3370928 0.2420344
Moved 888.2635 225.5 447 -0.3113426 0.2420344
Moved 888.2964 336.6758 337.4241 -0.05399113 -0.09367616
Ended 888.328 405.4604 247.2363 0.1052323 -0.3699867
Backspace 889.3105
Backspace 889.4954
Began 891.2498 372 417 0.02777775 0.1501226
Stationary 891.2936 372 417 0.02777775 0.1501226
Stationary 891.3244 372 417 0.02777775 0.1501226
Stationary 891.3548 372 417 0.02777775 0.1501226
Stationary 891.3848 372 417 0.02777775 0.1501226
Stationary 891.4143 372 417 0.02777775 0.1501226
Stationary 891.4442 372 417 0.02777775 0.1501226
Moved 891.4753 362.1243 427.7515 0.004917284 0.1830621
Moved 891.5072 358.7245 433.8265 -0.002952516 0.2016743
Moved 891.5391 354.5 441 -0.0127315 0.2236519
Moved 891.5768 354 442 -0.01388888 0.2267157
Moved 891.608 354 443.2043 -0.01388888 0.2304053
Stationary 891.6394 354 443.2043 -0.01388888 0.2304053
Stationary 891.6716 354 443 -0.01388888 0.2297794
Stationary 891.7045 354 443 -0.01388888 0.2297794
Moved 891.7403 391.2862 408.6345 0.07242183 0.1244929
Moved 891.772 413.328 386.6392 0.1234445 0.05710532
Moved 891.8055 434.5751 363.4249 0.1726275 -0.01401677
Moved 891.8388 441.7018 350.5965 0.1891244 -0.05331947
Moved 891.8801 446.4575 338.6276 0.2001331 -0.08998909
Moved 891.9331 446 336 0.199074 -0.09803922
Moved 891.972 364.0669 394.4615 0.009414156 0.08107074
Moved 892.0027 327.9887 426.0113 -0.07410014 0.1777306
Moved 892.0332 307.4085 447.5234 -0.1217396 0.2436378
Moved 892.0671 293.3696 462.9565 -0.154237 0.2909206
Moved 892.0994 287.5569 473.6078 -0.1676924 0.3235535
Ended 892.1318 282.7664 489.8177 -0.1787816 0.3732161
Began 892.4968 251 474 -0.2523148 0.324755
Stationary 892.538 251 474 -0.2523148 0.324755
Moved 892.5673 230.8945 474 -0.2988554 0.324755
Moved 892.5979 218.6023 464.4409 -0.3273095 0.2954685
Moved 892.6306 207.5 462.5 -0.3530093 0.2895221
Moved 892.6653 194.947 461 -0.3820671 0.2849264
Moved 892.6989 189.1575 461 -0.3954689 0.2849264
Moved 892.7307 185.1747 461 -0.4046883 0.2849264
Moved 892.7753 182.8407 461 -0.410091 0.2849264
Stationary 892.806 183 461 -0.4097222 0.2849264
Moved 892.8438 189.7214 461 -0.3941635 0.2849264
Moved 892.8777 215 473.5 -0.3356481 0.323223
Moved 892.9095 256.4539 482.3454 -0.2396901 0.3503229
Moved 892.9417 323.705 485 -0.08401632 0.3584559
Moved 892.9748 397.4228 485 0.08662691 0.3584559
Moved 893.0068 433.5502 477.9665 0.1702552 0.3369071
Moved 893.04 457.2483 472.9503 0.2251118 0.321539
Moved 893.0724 474.137 468.5726 0.2642059 0.3081269
Moved 893.1041 482.6573 466.1713 0.2839289 0.30077
Moved 893.1377 485.2286 466 0.2898811 0.300245
Moved 893.1884 486 464.5 0.2916667 0.2956496
Moved 893.222 476.6896 458.6724 0.2701147 0.2777954
Moved 893.2548 470.5 452.5 0.2557871 0.2588848
Moved 893.2883 469.5 450.5 0.2534722 0.2527573
Moved 893.3198 470 449.7292 0.2546296 0.2503959
Moved 893.3508 470 448.8474 0.2546296 0.2476941
Moved 893.3823 470 447.1248 0.2546296 0.2424168
Moved 893.4152 459.8316 432.2895 0.2310916 0.1969654
Moved 893.4479 340.5 324 -0.0451389 -0.1348038
Moved 893.4808 304.8381 281.815 -0.1276896 -0.2640472
Moved 893.5345 273.5029 241.2543 -0.2002248 -0.3883141
Moved 893.5674 269.2693 234.5385 -0.2100248 -0.4088895
Moved 893.5994 268 230.8641 -0.212963 -0.4201466
Moved 893.6299 268 229.6732 -0.212963 -0.4237952
Stationary 893.6682 268 230 -0.212963 -0.422794
Moved 893.7 281.5151 237.8838 -0.181678 -0.3986404
Moved 893.7332 326.6208 269.7731 -0.07726663 -0.3009404
Moved 893.7663 392.3774 312.4265 0.07494767 -0.170262
Moved 893.7988 436.8701 343.4062 0.17794 -0.07534869
Moved 893.8336 466.7466 366.9257 0.2470987 -0.003291486
Moved 893.8846 480.2497 376.8331 0.2783558 0.02706219
Moved 893.9187 483.652 379 0.2862315 0.03370108
Ended 893.9485 487.0742 380.0247 0.2941531 0.03684044
Began 894.2357 355 248 -0.01157408 -0.3676471
Stationary 894.2748 355 248 -0.01157408 -0.3676471
Stationary 894.3049 355 248 -0.01157408 -0.3676471
Moved 894.3356 346.4527 237.3158 -0.03135954 -0.4003806
Moved 894.3711 344.5 234 -0.03587961 -0.4105392
Moved 894.4031 340.0422 228.0845 -0.04619862 -0.4286627
Moved 894.4346 336.6413 224.6414 -0.054071 -0.4392115
Moved 894.4655 332.4619 221.231 -0.06374563 -0.44966
Moved 894.4961 330.0938 219.0938 -0.06922741 -0.4562079
Moved 894.5262 328.9355 219 -0.07190843 -0.4564951
Moved 894.5569 327.757 219 -0.07463644 -0.4564951
Moved 894.5959 328 227.7526 -0.07407407 -0.4296796
Moved 894.6292 328 239.4924 -0.07407407 -0.3937119
Moved 894.6605 340.5889 254.1777 -0.04493316 -0.3487201
Moved 894.6941 354.7671 289.5569 -0.0121133 -0.2403282
Moved 894.7275 359 311.5338 -0.002314796 -0.1729971
Moved 894.7598 359 332.6116 -0.002314796 -0.1084203
Moved 894.7919 343.1263 356.5726 -0.03905947 -0.03501023
Moved 894.8262 330 376.5 -0.06944443 0.02604176
Moved 894.8579 319.0444 388.9445 -0.09480461 0.0641683
Moved 894.889 311.8349 399.9418 -0.1114932 0.09786087
Moved 894.9384 305.6137 413.4656 -0.1258941 0.1392943
Moved 894.968 303.9047 423.2858 -0.1298501 0.1693806
Moved 895.0005 304 431.5 -0.1296296 0.1945467
Moved 895.0342 304 442.4924 -0.1296296 0.2282242
Moved 895.0649 304 447.4692 -0.1296296 0.243472
Moved 895.0949 302.3646 452.2708 -0.1334152 0.2581824
Moved 895.1286 298.9172 457.0414 -0.1413953 0.2727984
Moved 895.1587 294.7785 461.2215 -0.1509756 0.2856051
Moved 895.1891 294 466 -0.1527778 0.300245
Moved 895.2192 294 467.9584 -0.1527778 0.3062453
Moved 895.2667 370 479.5 0.02314816 0.3416054
Moved 895.2963 439.2373 480 0.1834196 0.3431373
Moved 895.3255 482.6467 480 0.2839045 0.3431373
Moved 895.3554 511 480 0.349537 0.3431373
Moved 895.3848 520.0383 480 0.370459 0.3431373
Moved 895.4146 532.4839 480 0.3992683 0.3431373
Moved 895.4456 536.4826 480 0.4085246 0.3431373
Stationary 895.4756 536.4826 480 0.4085246 0.3431373
Moved 895.5052 524.5054 480 0.3807994 0.3431373
Moved 895.5366 468.7191 460.3683 0.2516645 0.2829913
Moved 895.5857 272.5915 434.2274 -0.2023344 0.2029025
Moved 895.6152 249.1742 431.7025 -0.2565413 0.195167
Moved 895.6445 229.1297 430 -0.3029405 0.189951
Moved 895.6746 212.2616 429 -0.3419872 0.1868873
Moved 895.7144 203.4102 428 -0.3624763 0.1838235
Moved 895.7469 204 428 -0.3611111 0.1838235
Moved 895.7781 214.352 428 -0.3371481 0.1838235
Moved 895.8088 263.5 428 -0.2233796 0.1838235
Moved 895.84 329.5 405.5 -0.07060184 0.1148897
Moved 895.8713 389.5603 361.5198 0.06842653 -0.01985363
Moved 895.9247 461.1828 260.4527 0.2342193 -0.3294954
Moved 895.9556 475.8015 202.1246 0.2680591 -0.5081966
Moved 895.9857 476 150.576 0.2685185 -0.6661273
Moved 896.0175 462.4493 126.348 0.2371512 -0.7403551
Moved 896.0491 459.8204 123 0.2310656 -0.7506127
Moved 896.0801 451.8145 146.505 0.2125335 -0.6785998
Ended 896.1125 451.8145 146.505 0.2125335 -0.6785998
Began 896.3946 418 330 0.1342593 -0.1164215
Ended 896.4305 418 330 0.1342593 -0.1164215
Began 896.4678 418 384 0.1342593 0.04901971
Stationary 896.4998 418 384 0.1342593 0.04901971
Moved 896.5306 418 391.8138 0.1342593 0.07295889
Moved 896.5635 405.294 397.4707 0.1048472 0.09029014
Moved 896.5951 397.0794 403.2804 0.08583207 0.1080895
Moved 896.6259 387.8485 407.0379 0.06446411 0.1196014
Moved 896.6562 379.2393 409.4402 0.0445355 0.1269614
Moved 896.6871 371 413 0.025463 0.1378676
Moved 896.7175 364.0844 414 0.009454488 0.1409314
Moved 896.7485 352.11 417.378 -0.01826386 0.1512807
Moved 896.7807 340.0727 419 -0.04612793 0.1562501
Moved 896.8134 328.6548 420 -0.07255843 0.1593137
Moved 896.8445 315.2536 420 -0.1035796 0.1593137
Moved 896.8765 298.5522 409.9313 -0.1422402 0.1284661
Moved 896.9248 290.6982 405.6982 -0.1604207 0.1154971
Stationary 896.9561 291 406 -0.1597222 0.1164215
Moved 896.9885 309.6157 413.431 -0.1166303 0.1391882
Moved 897.0214 353.5147 431.0778 -0.01501223 0.1932529
Moved 897.0534 438 463.5 0.1805556 0.2925858
Moved 897.0848 489.6502 482.847 0.3001164 0.3518597
Moved 897.1169 514.4492 496.9162 0.3575211 0.3949639
Moved 897.1481 524.3364 504.3364 0.3804084 0.4176975
Moved 897.1813 529.3594 508.3594 0.3920358 0.4300229
Moved 897.2129 530.0555 509.0555 0.3936471 0.4321555
Moved 897.2646 531 511 0.3958333 0.4381127
Stationary 897.299 531 511 0.3958333 0.4381127
Moved 897.3337 492.8654 478.8167 0.3075589 0.3395121
Moved 897.366 420.7419 401.7267 0.1406064 0.1033295
Moved 897.3971 371.4932 345.7919 0.02660473 -0.06803961
Moved 897.4288 330.0567 300.3995 -0.06931325 -0.2071094
Moved 897.4647 294.7882 261.3843 -0.1509531 -0.3266411
Moved 897.4953 278.5 243 -0.1886574 -0.3829657
Moved 897.5256 270.1575 231.2626 -0.2079687 -0.4189259
Moved 897.5568 265.3 225.3 -0.2192128 -0.4371934
Ended 897.611 264.5 223 -0.2210648 -0.4442402
Began 897.883 468 370 0.25 0.006127451
Stationary 897.926 468 370 0.25 0.006127451
Stationary 897.9575 468 370 0.25 0.006127451
Stationary 897.988 468 370 0.25 0.006127451
Moved 898.02 468 388.5557 0.25 0.06297696
Moved 898.0521 478.5 398 0.2743055 0.09191177
Moved 898.0839 477 405.6647 0.2708333 0.1153942
Moved 898.1155 478 410.6287 0.2731481 0.1306025
Moved 898.1475 478 413.6301 0.2731481 0.139798
Moved 898.1808 478 414.8128 0.2731481 0.1434216
Moved 898.2138 469.4996 416 0.2534713 0.1470588
Moved 898.2472 465.3864 417 0.24395 0.1501226
Moved 898.2795 460.0542 417 0.2316069 0.1501226
Moved 898.3222 456.6589 417 0.2237474 0.1501226
Moved 898.356 454.5 417 0.21875 0.1501226
Moved 898.3911 453.6872 417 0.2168685 0.1501226
Moved 898.4264 454 418 0.2175926 0.1531863
Moved 898.4573 454 419.8576 0.2175926 0.1588774
Moved 898.4922 454 421.1323 0.2175926 0.1627829
Moved 898.5231 454 422 0.2175926 0.1654412
Moved 898.5555 454 423 0.2175926 0.1685049
Stationary 898.5854 454 423 0.2175926 0.1685049
Ended 898.616 461 425 0.2337964 0.1746324
Backspace 899.493
Backspace 899.655
Backspace 899.7806
Backspace 899.9241
Began 901.7207 363 512 0.006944438 0.4411765
Stationary 901.7634 363 512 0.006944438 0.4411765
Stationary 901.797 363 512 0.006944438 0.4411765
Stationary 901.8308 363 512 0.006944438 0.4411765
Stationary 901.8645 363 512 0.006944438 0.4411765
Stationary 901.8962 363 512 0.006944438 0.4411765
Stationary 901.9293 363 512 0.006944438 0.4411765
Stationary 901.9608 363 512 0.006944438 0.4411765
Moved 901.9988 352.0338 512 -0.01844034 0.4411765
Moved 902.0304 348.2672 512 -0.02715916 0.4411765
Moved 902.0617 346.2293 512 -0.03187661 0.4411765
Moved 902.0939 343.8244 512 -0.03744354 0.4411765
Moved 902.1252 341.7564 512 -0.04223049 0.4411765
Moved 902.1575 339.2911 512 -0.04793718 0.4411765
Moved 902.1895 339 512 -0.04861111 0.4411765
Moved 902.2231 339 500.5 -0.04861111 0.4059436
Moved 902.2535 344.0057 489.7094 -0.03702382 0.3728842
Moved 902.3057 383.429 445.0139 0.05423387 0.2359495
Moved 902.3397 403.7831 423.5212 0.1013497 0.1701018
Moved 902.3728 417.2408 405.0148 0.1325018 0.1134031
Moved 902.4145 426.2085 389.1873 0.1532604 0.06491194
Moved 902.4478 428 383.0017 0.1574074 0.04596112
Moved 902.4808 429 377.1818 0.1597223 0.0281304
Moved 902.5133 429 373 0.1597223 0.01531863
Moved 902.5452 429 371.5 0.1597223 0.01072313
Moved 902.5797 429 371 0.1597223 0.009191177
Moved 902.6122 416.2531 371 0.1302156 0.009191177
Moved 902.6635 363.6392 407.4114 0.008424124 0.1207458
Moved 902.6955 325.4708 429.5704 -0.07992863 0.1886349
Moved 902.7276 306.7578 446.2422 -0.1232458 0.2397126
Moved 902.7586 294.2013 459.2484 -0.1523119 0.2795601
Moved 902.7896 287.2388 467.3483 -0.1684287 0.3043759
Moved 902.8201 284.0064 474.9808 -0.1759111 0.3277597
Moved 902.8521 282.6028 483.1917 -0.1791603 0.3529159
Moved 902.8826 283 488.6105 -0.1782407 0.3695176
Moved 902.9138 283 490.0095 -0.1782407 0.3738038
Moved 902.944 283 493.3185 -0.1782407 0.3839417
Ended 902.9929 283 493.3185 -0.1782407 0.3839417
Began 903.4762 329 515 -0.07175927 0.4503677
Stationary 903.5153 329 515 -0.07175927 0.4503677
Moved 903.5476 312.1241 503.2483 -0.1108238 0.4143637
Moved 903.5811 289.1426 500.2539 -0.1640216 0.4051897
Moved 903.6136 269.8005 495.9557 -0.2087952 0.3920212
Moved 903.6454 247.5631 494 -0.2602707 0.3860295
Moved 903.6768 232.8137 492.1627 -0.2944127 0.3804004
Moved 903.7117 221.0382 492 -0.3216709 0.379902
Moved 903.7421 215 492 -0.3356481 0.379902
Moved 903.7744 211.2296 492 -0.3443758 0.379902
Moved 903.8137 206.6195 492 -0.3550475 0.379902
Moved 903.8478 204.2201 492 -0.3606016 0.379902
Moved 903.881 201.0928 492 -0.3678406 0.379902
Moved 903.9146 191.6172 492 -0.389775 0.379902
Moved 903.9493 167.6566 481.3283 -0.4452392 0.3472069
Moved 903.9845 153.262 474.131 -0.4785601 0.3251565
Moved 904.0209 146.9813 470.3209 -0.4930987 0.313483
Moved 904.0525 147 469.5 -0.4930556 0.3109682
Moved 904.0823 147 469 -0.4930556 0.3094364
Moved 904.1121 213.152 474.1449 -0.3399259 0.3251989
Moved 904.1644 388.3123 480 0.06553759 0.3431373
Moved 904.1968 430 480 0.162037 0.3431373
Moved 904.2285 452.667 480 0.214507 0.3431373
Moved 904.2606 465.4692 480 0.2441416 0.3431373
Moved 904.2938 474.5 480 0.2650462 0.3431373
Moved 904.3268 487.5728 480 0.2953073 0.3431373
Moved 904.3583 501.5954 480 0.3277672 0.3431373
Moved 904.3896 512.175 470.55 0.3522571 0.3141851
Moved 904.4209 517.6985 469 0.3650428 0.3094364
Moved 904.4525 520.2551 464.7449 0.3709609 0.2963998
Moved 904.5065 435.6311 386.9427 0.175072 0.05803543
Moved 904.5384 379.5409 330.5409 0.04523367 -0.1147644
Moved 904.5697 344 288.5 -0.03703703 -0.2435663
Moved 904.6024 327.1785 265.2678 -0.07597561 -0.3147434
Moved 904.635 316.5033 248.3807 -0.1006869 -0.3664805
Moved 904.6708 313 244.2921 -0.1087963 -0.379007
Stationary 904.7024 313 244 -0.1087963 -0.379902
Stationary 904.7325 313 244 -0.1087963 -0.379902
Moved 904.7624 332.089 266.9371 -0.0646089 -0.3096288
Moved 904.7968 366.5692 298.4879 0.01520654 -0.2129659
Moved 904.8482 445.811 364.2673 0.1986366 -0.01143605
Moved 904.8837 481.6825 392.5363 0.2816725 0.07517236
Moved 904.9146 504.0258 407.6839 0.3333932 0.1215806
Moved 904.946 513.7955 414.197 0.3560082 0.1415349
Moved 904.9773 520.008 417.004 0.3703889 0.1501348
Ended 905.0092 522.4061 418 0.37594 0.1531863
Began 905.6643 432 269 0.1666667 -0.3033088
Stationary 905.6994 432 269 0.1666667 -0.3033088
Stationary 905.7294 432 269 0.1666667 -0.3033088
Stationary 905.7601 432 269 0.1666667 -0.3033088
Stationary 905.7897 432 269 0.1666667 -0.3033088
Stationary 905.8203 432 269 0.1666667 -0.3033088
Moved 905.8561 421.1133 269 0.1414659 -0.3033088
Moved 905.8873 422 269 0.1435185 -0.3033088
Moved 905.9182 420.8889 269 0.1409466 -0.3033088
Stationary 905.9481 420.8889 269 0.1409466 -0.3033088
Moved 905.9778 420 269 0.1388889 -0.3033088
Moved 906.0079 418.9568 269 0.136474 -0.3033088
Moved 906.0376 417.4615 269 0.1330128 -0.3033088
Moved 906.0672 414.5125 269 0.1261864 -0.3033088
Moved 906.1103 403.1494 277.2835 0.09988298 -0.2779304
Moved 906.1437 392.2354 279.6912 0.07461906 -0.270554
Moved 906.1775 380.523 283.1908 0.04750689 -0.2598321
Moved 906.2111 361.5861 291.207 0.003671547 -0.2352728
Moved 906.2454 343.3119 302.0629 -0.03862982 -0.2020131
Moved 906.2797 329.9025 313.0975 -0.06967013 -0.1682061
Moved 906.3129 317.5 329.5 -0.09837966 -0.1179533
Moved 906.3486 304.0748 366.7507 -0.1294565 -0.0038276
Moved 906.3827 296.827 388.1281 -0.1462339 0.06166706
Moved 906.4141 288.8695 403.4784 -0.1646539 0.1086961
Moved 906.4643 278.7844 423.4312 -0.1879991 0.169826
Moved 906.4958 274 440 -0.199074 0.2205883
Moved 906.5273 273.0821 455.5894 -0.2011988 0.2683498
Moved 906.5621 273 470.2396 -0.2013889 0.313234
Moved 906.595 283.5 483 -0.1770833 0.3523284
Moved 906.6326 306.2183 504.1455 -0.1244947 0.4171125
Moved 906.6676 332.1308 515.1378 -0.06451199 0.45079
Moved 906.7031 436.0849 530.0775 0.1761225 0.4965611
Moved 906.7349 476.2375 533.1704 0.2690682 0.5060368
Moved 906.7672 501 533 0.3263889 0.5055147
Moved 906.8214 519.4591 533 0.3691182 0.5055147
Moved 906.8541 523.5 533 0.3784722 0.5055147
Moved 906.8859 524 521.9532 0.3796296 0.4716704
Moved 906.9203 500.7264 509.1474 0.3257557 0.432437
Moved 906.9564 446.3687 497.8852 0.1999274 0.3979326
Moved 906.9905 359.3307 480.2115 -0.001549323 0.3437855
Moved 907.025 256.2152 459.043 -0.2402425 0.2789309
Moved 907.0576 208.0098 450 -0.3518293 0.2512255
Moved 907.0883 199.1987 450 -0.3722252 0.2512255
Moved 907.1191 196.7063 450 -0.3779947 0.2512255
Moved 907.1679 197 461.9662 -0.3773148 0.2878866
Moved 907.1995 227.6981 467.783 -0.3062544 0.3057078
Moved 907.2311 278.4836 455.0793 -0.1886953 0.2667872
Moved 907.2685 333.2287 423.0252 -0.0619706 0.1685821
Moved 907.3013 375.9471 381.7619 0.03691455 0.04216269
Moved 907.3393 409.3516 320.5746 0.1142398 -0.1452982
Moved 907.373 421.5305 291.0206 0.1424318 -0.2358437
Moved 907.4058 428.7402 266.3443 0.1591208 -0.3114452
Moved 907.4397 430.8397 250.9618 0.1639807 -0.3585729
Moved 907.4736 431 236.6515 0.1643519 -0.4024157
Ended 907.525 431 234.5 0.1643519 -0.4090073
Began 907.9532 344 492 -0.03703703 0.379902
Stationary 908.0033 344 492 -0.03703703 0.379902
Moved 908.0369 334.7504 483.7781 -0.05844821 0.3547122
Moved 908.07 327.5 477.5 -0.07523149 0.335478
Moved 908.1039 320.1711 471.171 -0.09219667 0.3160878
Moved 908.1373 315.0443 466.3629 -0.1040641 0.3013568
Moved 908.1692 308.838 458.5587 -0.1184305 0.2774471
Moved 908.2042 303.7509 451.6263 -0.1302062 0.2562082
Moved 908.2379 298.2266 444.9689 -0.1429939 0.2358115
Moved 908.2701 293.3429 438.0287 -0.1542988 0.2145487
Moved 908.3024 286.7369 421.6847 -0.1695904 0.1644752
Moved 908.3363 284.5 410.5 -0.1747685 0.1302083
Moved 908.3745 284 398.152 -0.1759259 0.09237767
Moved 908.407 284 381.7948 -0.1759259 0.04226357
Moved 908.4407 284 365.5 -0.1759259 -0.007659314
Moved 908.4738 290.5224 354.2047 -0.1608277 -0.04226517
Moved 908.5269 296 348.5 -0.1481481 -0.05974265
Moved 908.5605 301.7684 349 -0.1347955 -0.05821069
Moved 908.5943 322.2726 364.9271 -0.08733194 -0.009414355
Moved 908.6292 397.1563 427.6021 0.0860098 0.1826043
Moved 908.662 454.8638 471.6478 0.2195921 0.3175485
Moved 908.6953 492.3189 503.4162 0.3062938 0.4148782
Moved 908.728 504.4283 513.5712 0.3343248 0.4459904
Moved 908.7609 510.0101 518.005 0.3472455 0.4595741
Moved 908.7946 511.1986 519.1985 0.3499967 0.4632308
Moved 908.8282 512 519 0.3518519 0.4626227
Moved 908.8798 465.394 457.5253 0.2439676 0.2742811
Moved 908.9127 383.8492 353.3806 0.05520662 -0.04478978
Moved 908.9465 345.4553 301.7069 -0.03366823 -0.2031038
Moved 908.9793 305.222 250.7158 -0.1268009 -0.3593265
Moved 909.0123 289.0697 231.2225 -0.1641906 -0.4190486
Moved 909.0501 278.9602 218.9602 -0.1875921 -0.4566171
Moved 909.0856 274.3475 211.6951 -0.1982696 -0.4788754
Moved 909.1182 269.732 205.7319 -0.2089538 -0.4971448
Moved 909.1501 268.6086 203.6086 -0.2115541 -0.50365
Ended 909.1812 268.6086 203.6086 -0.2115541 -0.50365
Began 909.7103 468 398 0.25 0.09191177
Stationary 909.751 468 398 0.25 0.09191177
Stationary 909.7829 468 398 0.25 0.09191177
Stationary 909.8136 468 398 0.25 0.09191177
Moved 909.8456 456.9003 389.6012 0.2243063 0.06618023
Moved 909.8802 447.756 383.1707 0.203139 0.04647891
Moved 909.9141 441.5714 377.5714 0.1888227 0.02932418
Moved 909.9463 436.7838 373.5676 0.1777404 0.01705768
Moved 909.9782 433.5 371.5 0.1701389 0.01072313
Moved 910.0134 431.0237 369.0237 0.1644068 0.003136467
Moved 910.0517 428.6204 366.6204 0.1588435 -0.00422674
Moved 910.0833 426.2147 365.2147 0.1532746 -0.008533515
Moved 910.1198 423.8912 362.8912 0.1478962 -0.01565214
Stationary 910.151 424 363 0.1481481 -0.01531863
Moved 910.1824 424 376.5292 0.1481481 0.02613124
Moved 910.2155 424 396.3311 0.1481481 0.08679862
Moved 910.2468 424 421.5023 0.1481481 0.1639163
Moved 910.2787 414.6916 463.4065 0.126601 0.2922993
Moved 910.3101 409.5403 489.0684 0.1146768 0.3709204
Moved 910.3408 407.3626 500.9121 0.1096358 0.4072062
Moved 910.3926 407 507 0.1087963 0.4258579
Stationary 910.4233 407 507 0.1087963 0.4258579
Moved 910.4537 423.5594 487.5499 0.1471283 0.3662682
Moved 910.4851 458.0838 423.8324 0.2270458 0.1710552
Moved 910.517 480.4246 363.9465 0.2787607 -0.01241871
Moved 910.5507 499.7948 270.3339 0.3235991 -0.299222
Moved 910.5893 502.3043 253.4784 0.3294081 -0.3508628
Moved 910.6256 502 243.8784 0.3287037 -0.3802745
Moved 910.659 502 239.5 0.3287037 -0.3936887
Moved 910.6915 502 240 0.3287037 -0.3921569
Moved 910.7438 493 324.5994 0.3078704 -0.1329674
Moved 910.7808 540.3967 448.592 0.417585 0.2469119
Moved 910.8224 561.6141 480.6242 0.4666994 0.3450496
Moved 910.8578 575.8088 503.6176 0.4995574 0.415495
Moved 910.8905 578.5 510.5 0.505787 0.4365809
Moved 910.9233 578 515.8147 0.5046296 0.4528637
Moved 910.9562 559.2358 518 0.4611941 0.4595588
Moved 910.9889 502.1371 498.8317 0.329021 0.4008324
Moved 911.025 394.9015 438.9197 0.08079053 0.2172784
Moved 911.0584 278.1891 356.6442 -0.1893771 -0.03479107
Moved 911.1136 246.642 330.7954 -0.2624028 -0.1139847
Moved 911.1472 235.6579 324.1053 -0.2878289 -0.1344813
Moved 911.1815 227.4744 324 -0.3067721 -0.1348038
Moved 911.2156 225.9153 324 -0.3103813 -0.1348038
Ended 911.2489 226 324 -0.3101852 -0.1348038
Began 911.7706 532 510 0.3981481 0.4350491
Stationary 911.8317 532 510 0.3981481 0.4350491
Stationary 911.8644 532 510 0.3981481 0.4350491
Stationary 911.8958 532 510 0.3981481 0.4350491
Stationary 911.9319 532 510 0.3981481 0.4350491
Stationary 911.9637 532 510 0.3981481 0.4350491
Moved 911.9969 521.7853 505.7487 0.3745031 0.4220243
Moved 912.0314 517.4157 498.6235 0.3643882 0.4001947
Moved 912.0647 511.7155 493.7156 0.3511933 0.3851581
Moved 912.1049 502.7643 484.7643 0.330473 0.3577339
Moved 912.1479 493.3976 472.0964 0.3087907 0.3189228
Moved 912.1921 473.8478 447.9471 0.2635366 0.2449362
Moved 912.2369 426.1419 384.7986 0.1531063 0.05146649
Moved 912.2702 390.9377 340.5388 0.07161508 -0.08413371
Moved 912.3051 364.4781 299.5338 0.01036584 -0.2097616
Moved 912.342 351.0235 272.8517 -0.02077887 -0.291508
Moved 912.3754 341 254 -0.04398147 -0.3492646
Moved 912.4099 332.9647 238.9412 -0.06258175 -0.3954009
Moved 912.4487 324.3629 228.0444 -0.08249328 -0.4287855
Moved 912.4827 319.5555 227 -0.09362151 -0.4319853
Moved 912.5167 316.8723 227 -0.09983276 -0.4319853
Moved 912.5552 301 252 -0.1365741 -0.3553922
Moved 912.6071 269.3543 330.8447 -0.2098279 -0.1138336
Moved 912.6392 261.5399 371.7604 -0.2279168 0.01152076
Moved 912.6702 262 416.8377 -0.2268519 0.1496253
Moved 912.7009 262 446.2574 -0.2268519 0.2397592
Moved 912.7321 262 465.9201 -0.2268519 0.3000003
Moved 912.763 262 476.511 -0.2268519 0.3324479
Moved 912.7942 262 481.4667 -0.2268519 0.3476307
Moved 912.8253 262 482.5 -0.2268519 0.3507966
Moved 912.8567 262 483.4085 -0.2268519 0.3535801
Moved 912.8871 280.8602 485.1434 -0.183194 0.3588951
Moved 912.9379 343.3732 485 -0.03848791 0.3584559
Moved 912.9696 356.4074 475.837 -0.008316238 0.3303831
Moved 913.0021 363.4471 473.5176 0.007979473 0.3232771
Moved 913.0349 364 472.1095 0.009259283 0.3189629
Ended 913.0654 364 471.5 0.009259283 0.3170956
Began 913.4656 388 476 0.06481478 0.3308824
Stationary 913.5034 388 476 0.06481478 0.3308824
Stationary 913.5356 388 476 0.06481478 0.3308824
Stationary 913.567 388 476 0.06481478 0.3308824
Moved 913.6047 377.9139 476 0.04146735 0.3308824
Moved 913.6426 373 476 0.0300926 0.3308824
Moved 913.6749 365.7455 476 0.01329988 0.3308824
Moved 913.7062 362.5 469 0.005787015 0.3094364
Moved 913.738 360.5026 469 0.001163383 0.3094364
Moved 913.7719 359.6883 469 -0.0007215639 0.3094364
Moved 913.8062 358.8589 469 -0.002641529 0.3094364
Moved 913.8484 353.8075 469 -0.01433452 0.3094364
Moved 913.8845 351.7797 469 -0.01902848 0.3094364
Moved 913.9183 349.3785 469 -0.02458687 0.3094364
Moved 913.9514 346 467.7706 -0.03240739 0.3056698
Moved 913.9858 345 466.5 -0.03472224 0.301777
Moved 914.0245 345 465.7297 -0.03472224 0.2994172
Moved 914.0567 345 463.8672 -0.03472224 0.293711
Moved 914.0883 366.4151 449.1264 0.0148498 0.248549
Moved 914.1204 392.4156 417.8766 0.07503609 0.1528082
Moved 914.152 404.1188 400.0422 0.1021268 0.09816848
Moved 914.2036 412.8731 384.3807 0.1223915 0.0501859
Moved 914.2359 413 379.4301 0.1226852 0.03501855
Moved 914.2668 413 378.6965 0.1226852 0.03277105
Moved 914.2989 394.2299 390.1619 0.07923593 0.0678981
Moved 914.3305 351.3452 437.4644 -0.02003431 0.2128198
Moved 914.3632 314.9669 474.4297 -0.1042433 0.3260715
Moved 914.3949 290.6972 496.4914 -0.1604232 0.3936624
Moved 914.4268 272.8703 510.8069 -0.2016891 0.4375211
Moved 914.46 259.4632 521.5368 -0.2327241 0.4703946
Moved 914.4934 256.8263 525.1737 -0.2388281 0.4815372
Moved 914.5446 257 532.4923 -0.2384259 0.5039592
Ended 914.5836 257 532.4923 -0.2384259 0.5039592
Began 914.9725 553 395 0.4467593 0.08272064
Stationary 915.0123 553 395 0.4467593 0.08272064
Stationary 915.0447 553 395 0.4467593 0.08272064
Stationary 915.0776 553 395 0.4467593 0.08272064
Stationary 915.1103 553 395 0.4467593 0.08272064
Stationary 915.1448 553 395 0.4467593 0.08272064
Stationary 915.1813 553 395 0.4467593 0.08272064
Stationary 915.2169 553 395 0.4467593 0.08272064
Moved 915.249 541.4869 395 0.4201086 0.08272064
Moved 915.2822 529.6855 385.6742 0.3927906 0.05414898
Moved 915.3156 515.5179 382.9312 0.3599951 0.04574496
Moved 915.3518 488.5 377 0.2974537 0.02757353
Moved 915.3856 424.3974 368.8703 0.1490681 0.002666361
Moved 915.4214 355.9005 363.6188 -0.009489506 -0.01342287
Moved 915.4778 271.0164 363 -0.2059805 -0.01531863
Moved 915.5125 241.1669 373.1528 -0.2750767 0.01578668
Moved 915.5475 220.5 374.5 -0.3229167 0.01991431
Moved 915.5825 201.507 374 -0.3668819 0.01838245
Moved 915.6168 195 374 -0.3819444 0.01838245
Moved 915.6506 193.3053 374 -0.3858672 0.01838245
Moved 915.6877 192 374 -0.3888888 0.01838245
Stationary 915.7223 192 374 -0.3888888 0.01838245
Stationary 915.754 192 374 -0.3888888 0.01838245
Moved 915.7863 219.4643 346.3265 -0.3253141 -0.06640154
Moved 915.8444 239.0307 300.8924 -0.2800214 -0.2055993
Moved 915.8759 239 284.0903 -0.2800926 -0.2570764
Moved 915.9066 221 261 -0.3217593 -0.3278186
Moved 915.939 215.1516 247.2526 -0.3352973 -0.3699369
Moved 915.9728 210.6464 240.2928 -0.3457259 -0.3912596
Moved 916.0123 207.5 239 -0.3530093 -0.3952205
Moved 916.0458 208 248.594 -0.3518518 -0.3658273
Moved 916.078 219.801 282.1767 -0.3245347 -0.2629389
Moved 916.1089 251.7584 358.0187 -0.2505592 -0.03057985
Moved 916.1424 300.6995 461.9689 -0.1372697 0.287895
Moved 916.1964 340.0064 533.258 -0.04628147 0.5063052
Moved 916.2298 358.9378 555.9378 -0.00245884 0.5757899
Moved 916.2628 362.6375 558 0.006105304 0.5821079
Moved 916.2982 365.5252 558 0.01278977 0.5821079
Moved 916.332 375.808 558 0.03659268 0.5821079
Moved 916.3652 392.431 546.8563 0.07507185 0.5479667
Moved 916.3984 411.8562 537.6575 0.1200374 0.5197842
Moved 916.4315 422.324 528.9408 0.1442686 0.4930785
Ended 916.4636 429.7794 519.7573 0.1615265 0.4649428
Began 916.9117 344 409 -0.03703703 0.1256129
Stationary 916.9641 344 409 -0.03703703 0.1256129
Moved 916.9961 329.7561 388.5073 -0.07000903 0.06282876
Moved 917.0311 312.2841 368.6052 -0.1104534 0.001854055
Moved 917.0643 305.0055 360.0083 -0.127302 -0.02448428
Moved 917.0977 298.7965 355.1977 -0.1416747 -0.03922285
Moved 917.1329 296.1987 352.1987 -0.1476882 -0.04841075
Moved 917.1657 292.7936 350.7936 -0.1555704 -0.05271547
Moved 917.1995 288.5 351 -0.1655093 -0.05208343
Moved 917.2313 287.6872 351 -0.1673908 -0.05208343
Moved 917.2638 287 351 -0.1689815 -0.05208343
Moved 917.2953 285.5 351 -0.1724537 -0.05208343
Moved 917.3276 285 351 -0.1736111 -0.05208343
Moved 917.3599 295.2088 364.3805 -0.1499796 -0.01108918
Moved 917.3922 326.6306 390.879 -0.07724389 0.07009502
Moved 917.4442 448.2805 456.5347 0.204353 0.2712459
Moved 917.4789 476 471.5 0.2685185 0.3170956
Moved 917.5131 497.1133 482.0648 0.3173919 0.3494631
Moved 917.5477 508.6823 487.8412 0.344172 0.3671606
Moved 917.5836 512.5 490 0.3530093 0.3737745
Moved 917.6168 512 490 0.3518519 0.3737745
Moved 917.6495 499.3958 490 0.3226753 0.3737745
Moved 917.6827 459.9062 453.2708 0.2312645 0.2612463
Moved 917.7157 385.5596 398.1019 0.05916566 0.09222396
Moved 917.7482 339.1152 364.9512 -0.04834438 -0.009340772
Moved 917.8015 299.5797 335.2899 -0.1398619 -0.1002149
Moved 917.8381 295.4413 332.7206 -0.1494416 -0.1080862
Moved 917.8715 291.2349 330.2349 -0.1591785 -0.115702
Moved 917.9056 288.8318 328.8318 -0.1647411 -0.1200004
Stationary 917.9417 289 329 -0.1643519 -0.1194852
Ended 917.9755 289 329 -0.1643519 -0.1194852
PhraseEnd 919.3912
