time to go shopping
Basic
0.8 0.8
575.9999 435.2
Began 186.185 457 486 0.1684028 0.2711397
Stationary 186.2146 457 486 0.1684028 0.2711397
Stationary 186.2317 457 486 0.1684028 0.2711397
Stationary 186.2494 457 486 0.1684028 0.2711397
Stationary 186.2653 457 486 0.1684028 0.2711397
Stationary 186.2796 457 486 0.1684028 0.2711397
Stationary 186.2939 457 486 0.1684028 0.2711397
Stationary 186.3091 457 486 0.1684028 0.2711397
Moved 186.3245 457 498.4941 0.1684028 0.2998487
Moved 186.3405 457 504.6866 0.1684028 0.3140778
Moved 186.3598 449.1331 509.9334 0.154745 0.3261338
Moved 186.3763 446.6148 514.7704 0.1503729 0.3372482
Moved 186.393 441.4057 520.9929 0.1413294 0.3515461
Moved 186.4099 435.9868 525.4106 0.1319215 0.3616971
Moved 186.4261 429.1685 530.2209 0.1200843 0.3727504
Moved 186.4445 420.9413 534.0251 0.1058009 0.3814916
Moved 186.4612 405.0638 539.3511 0.07823579 0.3937296
Moved 186.4805 394.0217 541.6619 0.05906553 0.3990392
Moved 186.4988 383.5 541 0.04079863 0.3975184
Moved 186.5174 372.6187 543 0.02190754 0.402114
Moved 186.5434 352.0039 543 -0.01388215 0.402114
Moved 186.5607 343.7018 543 -0.02829541 0.402114
Moved 186.5768 337 543 -0.03993057 0.402114
Moved 186.5926 330.2802 543 -0.05159684 0.402114
Moved 186.6095 324.5464 543 -0.06155149 0.402114
Moved 186.6255 318.5418 543 -0.07197607 0.402114
Moved 186.6432 312.5313 543 -0.08241102 0.402114
Moved 186.6616 306 543 -0.09374999 0.402114
Moved 186.6788 304.2896 543 -0.09671938 0.402114
Moved 186.695 303.5 543 -0.09809029 0.402114
Moved 186.7228 304 543 -0.09722222 0.402114
Moved 186.7406 315.2661 543 -0.07766295 0.402114
Moved 186.7576 331.5024 543 -0.04947491 0.402114
Moved 186.7738 356.0991 543 -0.006772429 0.402114
Moved 186.7915 380.3488 535.2558 0.03532783 0.3843195
Moved 186.8093 407.5681 530.7955 0.08258358 0.3740706
Moved 186.827 432.4506 524.7023 0.1257823 0.3600696
Moved 186.8449 465.4032 520.1744 0.1829917 0.3496654
Moved 186.8627 482 519.5 0.2118056 0.3481158
Moved 186.8801 490.3864 517.2305 0.2263653 0.3429011
Moved 186.907 501.7155 512.6423 0.2460338 0.3323582
Moved 186.9248 505.144 511.6187 0.2519862 0.3300061
Moved 186.9416 508.5 510.5 0.2578125 0.3274357
Moved 186.9594 510.5865 506.4135 0.2614349 0.3180458
Moved 186.9758 512.566 502.0848 0.2648716 0.3080994
Moved 186.9935 513 487.0178 0.265625 0.2734783
Moved 187.0118 513 467.8216 0.265625 0.2293695
Moved 187.0298 493 390.5 0.2309028 0.05170037
Moved 187.0463 489.5179 348.0628 0.2248574 -0.0458115
Moved 187.0633 488.0543 317.2481 0.2223165 -0.1166174
Moved 187.0886 488 289.6182 0.2222222 -0.1801052
Moved 187.1067 488 255.9807 0.2222222 -0.2573973
Moved 187.1244 488 237.1108 0.2222222 -0.3007564
Moved 187.1461 488 233.6888 0.2222222 -0.3086194
Moved 187.1643 488 229.3712 0.2222222 -0.3185404
Moved 187.1809 488 227.9174 0.2222222 -0.3218811
Moved 187.1996 461.9515 227 0.1769991 -0.323989
Moved 187.2164 440.7527 246.6694 0.1401957 -0.2787927
Moved 187.2332 421.4463 258.5602 0.1066776 -0.25147
Moved 187.2492 395.615 278.9875 0.06183155 -0.2045324
Moved 187.2731 374.0952 295.6919 0.02447091 -0.1661491
Moved 187.289 356.2985 309.9612 -0.006426275 -0.1333611
Moved 187.3046 341.0002 324.5383 -0.03298581 -0.09986611
Moved 187.3208 320.0665 345.2713 -0.06932907 -0.05222587
Moved 187.3378 281.718 387.5837 -0.1359064 0.0449993
Moved 187.354 253.7556 413.973 -0.1844522 0.1056364
Moved 187.371 231.1546 443.7682 -0.2236899 0.1740998
Moved 187.3878 209.635 467.1833 -0.2610504 0.2279029
Moved 187.4043 203.7724 474.8316 -0.2712286 0.2454771
Moved 187.4203 196.1615 484.4513 -0.2844418 0.2675811
Moved 187.4454 181.5009 504.9275 -0.3098944 0.3146312
Ended 187.4624 181.5009 504.9275 -0.3098944 0.3146312
Began 187.8075 407 498 0.08159719 0.2987133
Stationary 187.835 407 498 0.08159719 0.2987133
Stationary 187.8503 407 498 0.08159719 0.2987133
Stationary 187.8667 407 498 0.08159719 0.2987133
Stationary 187.8819 407 498 0.08159719 0.2987133
Stationary 187.8975 407 498 0.08159719 0.2987133
Stationary 187.9129 407 498 0.08159719 0.2987133
Stationary 187.9283 407 498 0.08159719 0.2987133
Stationary 187.9477 407 498 0.08159719 0.2987133
Stationary 187.9661 407 498 0.08159719 0.2987133
Moved 187.9829 397.6479 505.2739 0.06536089 0.3154271
Moved 188.002 384.5951 506 0.04269987 0.3170956
Moved 188.019 377.0069 506 0.02952583 0.3170956
Moved 188.0358 368.7439 506 0.01518033 0.3170956
Moved 188.0534 359.1093 506 -0.001546368 0.3170956
Moved 188.071 352.3424 506 -0.01329445 0.3170956
Moved 188.0885 348.4938 506 -0.01997605 0.3170956
Moved 188.1138 337.8438 506.7891 -0.03846556 0.3189087
Moved 188.1301 334.0148 507.9951 -0.04511319 0.3216799
Moved 188.1467 331.6034 509.1983 -0.0492996 0.3244447
Moved 188.1645 329.1838 510.4081 -0.05350035 0.3272245
Moved 188.1814 326.7765 511.6118 -0.05767975 0.3299902
Moved 188.204 324.5 513.5 -0.06163195 0.3343291
Moved 188.2208 323.6323 515.7355 -0.06313842 0.3394657
Moved 188.2389 324 518.681 -0.06250002 0.346234
Moved 188.2545 324 521.0193 -0.06250002 0.3516068
Moved 188.2705 330.9961 524.0988 -0.05035404 0.358683
Moved 188.2944 341.0283 527.6356 -0.03293693 0.3668098
Moved 188.311 370.0593 532.5413 0.01746401 0.378082
Moved 188.3284 392.2357 532 0.05596481 0.3768383
Moved 188.346 420.6994 532 0.1053809 0.3768383
Moved 188.3636 455.5 532 0.1657986 0.3768383
Moved 188.38 488.3681 516.4821 0.2228613 0.3411812
Moved 188.3973 506.7589 512.0557 0.2547898 0.3310103
Moved 188.4144 524.7678 506.0774 0.2860551 0.3172734
Moved 188.4313 535.9808 502.8058 0.3055222 0.309756
Moved 188.4491 552.0101 497.198 0.3333508 0.2968704
Moved 188.4734 556.1394 495.4303 0.3405198 0.2928086
Moved 188.4905 560.6779 494.0805 0.3483991 0.2897071
Moved 188.5073 563.2457 494 0.3528571 0.2895221
Moved 188.5239 565.6584 492.6708 0.3570458 0.2864679
Ended 188.5396 565.6584 492.6708 0.3570458 0.2864679
Began 188.7801 385 377 0.04340276 0.02068015
Stationary 188.801 385 377 0.04340276 0.02068015
Stationary 188.8186 385 377 0.04340276 0.02068015
Stationary 188.8338 385 377 0.04340276 0.02068015
Stationary 188.8511 385 377 0.04340276 0.02068015
Moved 188.8667 372.0413 377 0.02090499 0.02068015
Moved 188.8831 366.317 377 0.01096696 0.02068015
Moved 188.9019 360.2938 369.0113 0.0005100667 0.00232381
Moved 188.9225 355.8525 368.9705 -0.007200576 0.002230055
Moved 188.9423 336.8803 363.1086 -0.0401384 -0.01123933
Moved 188.9617 330.7436 360.6974 -0.05079232 -0.01677976
Moved 188.9785 325.5806 359.1451 -0.05975589 -0.02034671
Moved 188.9953 320.7497 357.9374 -0.0681429 -0.0231217
Moved 189.0163 315.8896 355.4448 -0.07658046 -0.02884914
Moved 189.0343 308.5 352 -0.08940973 -0.03676471
Moved 189.0509 305.5627 351.5209 -0.09450927 -0.03786564
Moved 189.069 305.1884 351 -0.09515896 -0.03906257
Moved 189.0867 303.9697 351 -0.09727482 -0.03906257
Moved 189.1037 302.7657 351 -0.09936508 -0.03906257
Stationary 189.1203 302.7657 351 -0.09936508 -0.03906257
Stationary 189.1448 303 351 -0.09895836 -0.03906257
Stationary 189.1609 303 351 -0.09895836 -0.03906257
Stationary 189.1764 303 351 -0.09895836 -0.03906257
Moved 189.192 315.7699 364.6436 -0.07678834 -0.007712281
Moved 189.2087 322.1532 370.7943 -0.0657063 0.006420753
Moved 189.2251 330.5 378 -0.05121529 0.02297794
Moved 189.2417 341.1858 386.6393 -0.0326635 0.04282938
Moved 189.2595 355.693 396.7875 -0.00747744 0.06614774
Moved 189.2758 378.4363 407.6277 0.03200755 0.09105648
Moved 189.2928 421.5429 427.9025 0.1068454 0.1376437
Moved 189.3188 463.6715 448.3358 0.1799853 0.1845951
Moved 189.3342 486.3052 461.4165 0.2192798 0.2146519
Moved 189.3498 499.4281 466.7712 0.2420627 0.226956
Moved 189.3659 513.6703 472.696 0.2667888 0.2405699
Moved 189.3827 524.3748 477.4999 0.2853728 0.2516082
Moved 189.4 533 479 0.3003472 0.2550552
Moved 189.4188 542.9028 483.9514 0.3175397 0.2664325
Moved 189.4354 545.7691 484.923 0.3225158 0.2686651
Moved 189.4527 548.2168 485 0.3267653 0.268842
Ended 189.4709 550.6346 487.6346 0.3309629 0.2748958
Began 189.7947 327 371 -0.05729165 0.006893383
Stationary 189.8244 327 371 -0.05729165 0.006893383
Stationary 189.8404 327 371 -0.05729165 0.006893383
Moved 189.8557 314.8413 371 -0.07840045 0.006893383
Moved 189.8713 309 371 -0.08854166 0.006893383
Moved 189.8874 296.952 360.732 -0.1094584 -0.01670031
Moved 189.9033 285.3729 355.1865 -0.1295609 -0.02944287
Moved 189.9193 276.8675 353.8382 -0.1443272 -0.03254091
Moved 189.9354 269.6385 350.8644 -0.1568776 -0.03937399
Moved 189.9521 253.6125 347.2183 -0.1847006 -0.04775216
Moved 189.972 245.2749 345.0687 -0.1991755 -0.05269128
Moved 189.99 231.6183 343 -0.2228849 -0.05744486
Moved 190.0065 225.6062 341.9212 -0.2333227 -0.05992371
Moved 190.0231 220.6588 342 -0.2419119 -0.05974258
Moved 190.0391 214.5 340.5 -0.2526042 -0.06318934
Moved 190.0551 211 341 -0.2586806 -0.06204045
Moved 190.071 208.9785 341 -0.2621901 -0.06204045
Moved 190.0886 207.1205 341 -0.2654158 -0.06204045
Moved 190.1062 204.8281 341 -0.2693956 -0.06204045
Moved 190.1235 203.7138 341 -0.2713302 -0.06204045
Stationary 190.1496 204 341 -0.2708333 -0.06204045
Moved 190.1656 204 348.2382 -0.2708333 -0.04540871
Moved 190.1814 204 352.3251 -0.2708333 -0.03601755
Moved 190.1978 204 355.0498 -0.2708333 -0.02975682
Moved 190.2145 213.631 361.0193 -0.2541129 -0.01604003
Moved 190.2361 230.7537 371.0698 -0.224386 0.007053895
Moved 190.2524 253.8301 375.4561 -0.1843228 0.01713269
Moved 190.2687 292.7424 378.0436 -0.1167667 0.02307822
Moved 190.2867 334.8681 378 -0.04363183 0.02297794
Moved 190.3028 376.9753 378 0.029471 0.02297794
Moved 190.3263 396.5 378 0.06336809 0.02297794
Moved 190.346 421.0735 365.4281 0.1060305 -0.005909696
Moved 190.3627 429.8886 363.0318 0.1213344 -0.0114159
Moved 190.3793 435.9806 361.8039 0.1319107 -0.01423731
Moved 190.3956 439.8313 360.7922 0.138596 -0.0165621
Moved 190.4152 441.7509 360.2491 0.1419287 -0.01781001
Moved 190.4322 442.5 359.5 0.1432291 -0.01953118
Stationary 190.4482 442.5 359.5 0.1432291 -0.01953118
Moved 190.4636 443.3132 358.6868 0.144641 -0.02139975
Moved 190.4794 444.0258 359 0.145878 -0.02068008
Stationary 190.5031 444 359 0.1458333 -0.02068008
Moved 190.5187 444.6964 359 0.1470424 -0.02068008
Stationary 190.5349 445 359 0.1475695 -0.02068008
Moved 190.5496 446.1209 367.9673 0.1495155 -7.510186E-05
Moved 190.5696 447.3264 373.6317 0.1516083 0.01294052
Moved 190.5861 451.5 381 0.1588542 0.02987133
Moved 190.6026 452.6516 387.2806 0.1608535 0.04430301
Moved 190.619 458 394 0.1701389 0.05974269
Moved 190.6391 478.3915 417.4786 0.2055409 0.1136916
Moved 190.6553 486.7267 424.48 0.2200115 0.1297794
Moved 190.6791 501.1311 437.6646 0.2450193 0.1600749
Moved 190.696 511.2726 444.2954 0.2626261 0.1753112
Moved 190.7114 520.006 450.29 0.2777882 0.1890855
Moved 190.7271 526.911 456.0665 0.289776 0.2023587
Moved 190.7442 542.0582 465.6349 0.3160733 0.2243451
Moved 190.7604 548.0719 470.6575 0.3265137 0.2358858
Moved 190.7768 552 473.5 0.3333333 0.2424173
Moved 190.793 556.4287 476.6191 0.3410221 0.2495845
Moved 190.8084 561.0714 479.0357 0.3490823 0.2551373
Moved 190.8238 565.8812 482.6609 0.3574327 0.2634673
Moved 190.8479 570.6896 484.8448 0.3657806 0.2684853
Moved 190.8644 573.9695 487.7271 0.3714748 0.2751083
Moved 190.8808 579 490 0.3802084 0.2803309
Moved 190.897 582.5408 492.5408 0.3863556 0.2861692
Moved 190.9127 585.9135 493.9712 0.3922109 0.2894559
Moved 190.9286 589.5211 495.1737 0.3984741 0.292219
Moved 190.9447 593.1481 495 0.404771 0.2918199
Moved 190.9612 602.1603 498 0.4204173 0.2987133
Moved 190.9812 605.3807 498 0.4260083 0.2987133
Moved 190.9975 607.8862 498 0.4303581 0.2987133
Moved 191.023 613.7047 498 0.4404596 0.2987133
Moved 191.0412 616.113 498 0.4446406 0.2987133
Moved 191.0598 617.762 498 0.4475034 0.2987133
Moved 191.0774 619.9293 498 0.4512662 0.2987133
Moved 191.094 621.1688 498 0.4534181 0.2987133
Stationary 191.1127 621.1688 498 0.4534181 0.2987133
Moved 191.1306 622 498 0.4548611 0.2987133
Stationary 191.1477 622 498 0.4548611 0.2987133
Moved 191.1641 615.6594 498 0.4438532 0.2987133
Moved 191.1824 608.3361 499.1107 0.431139 0.3012653
Moved 191.2103 589 509 0.3975695 0.323989
Moved 191.2275 578.4444 514.642 0.3792437 0.336953
Moved 191.2442 570.3004 518.8499 0.3651048 0.346622
Moved 191.2626 559.7366 524.1317 0.346765 0.3587584
Moved 191.2792 548.7686 527.0515 0.3277232 0.3654675
Moved 191.2964 537.9677 530.6774 0.3089716 0.3737993
Moved 191.3169 523.8424 536.2631 0.2844487 0.3866339
Moved 191.3344 518.6523 538.6738 0.275438 0.3921733
Moved 191.3562 514.8783 540.0406 0.2688859 0.3953139
Moved 191.3739 511.2673 541.2442 0.2626169 0.3980795
Moved 191.3996 508.2208 541 0.2573277 0.3975184
Moved 191.4174 506 541 0.2534723 0.3975184
Moved 191.4348 482.6212 506.5128 0.212884 0.318274
Moved 191.4519 453.3511 448.7169 0.1620679 0.1854707
Moved 191.4786 419.4008 342.4394 0.1031264 -0.05873302
Moved 191.4955 414.3365 308.7356 0.09433426 -0.1361774
Moved 191.5136 409 286.5 0.08506946 -0.1872702
Moved 191.5322 406.0772 270.5403 0.0799951 -0.2239424
Moved 191.5497 404.8723 263.2339 0.07790335 -0.2407309
Moved 191.5682 403.6698 254.6884 0.07581554 -0.2603669
Moved 191.5935 403 245.8101 0.07465281 -0.2807674
Moved 191.6107 402.0616 242.1848 0.07302359 -0.2890973
Moved 191.6275 402 239.7177 0.07291667 -0.2947665
Moved 191.6436 399.8518 238.9259 0.06918713 -0.2965857
Moved 191.6607 397.4043 237.7021 0.06493799 -0.2993977
Moved 191.6768 393.5032 236.5011 0.05816527 -0.3021575
Moved 191.6977 390.1503 237 0.05234421 -0.301011
Moved 191.7154 384.416 243.4175 0.04238896 -0.286265
Moved 191.7324 355.2888 285.8521 -0.008179247 -0.1887591
Moved 191.7497 339 318.5 -0.03645834 -0.1137408
Moved 191.7743 328 344 -0.05555556 -0.05514707
Moved 191.7944 312.8338 378.0544 -0.08188576 0.02310304
Moved 191.8122 305.5527 391.8201 -0.0945266 0.05473383
Moved 191.8303 298.3429 408.8665 -0.1070435 0.09390285
Moved 191.8481 292.6406 422.6626 -0.1169434 0.1256034
Moved 191.8669 287.2657 432.7851 -0.1262749 0.1488629
Moved 191.8848 276.5383 450.7387 -0.1448988 0.1901165
Ended 191.9023 276.5383 450.7387 -0.1448988 0.1901165
PhraseEnd 192.7561
