the quick brown fox jumps over the lazy dog
Basic
0.4 0.4
288 115.2
Began 1064.75 395 335 0.1215278 0.8246529
Stationary 1064.8 395 335 0.1215278 0.8246529
Stationary 1064.843 395 335 0.1215278 0.8246529
Stationary 1064.886 395 335 0.1215278 0.8246529
Moved 1064.932 384.7852 335 0.08605973 0.8246529
Moved 1064.978 379.6712 326.8356 0.06830276 0.7537811
Moved 1065.022 375.4759 324.4759 0.05373567 0.7332977
Moved 1065.072 371.1771 322 0.03880933 0.7118059
Moved 1065.122 365.4117 317.4117 0.01879066 0.6719767
Moved 1065.169 356.8082 308.8082 -0.01108267 0.5972937
Moved 1065.215 351.9664 300.9329 -0.0278943 0.5289309
Moved 1065.262 349 294.65 -0.03819443 0.4743926
Moved 1065.306 347 287 -0.0451389 0.4079864
Moved 1065.353 345.367 281.367 -0.05080901 0.3590886
Moved 1065.418 345 273.634 -0.05208336 0.2919624
Moved 1065.465 345 269.5 -0.05208336 0.2560764
Moved 1065.51 356.2306 267.3847 -0.01308821 0.2377147
Moved 1065.554 364.6116 259.7769 0.01601234 0.1716738
Moved 1065.599 369 251.0801 0.03124997 0.09618124
Moved 1065.643 371 245.0876 0.03819451 0.04416387
Moved 1065.688 371 240.9072 0.03819451 0.007875231
Moved 1065.735 371 240 0.03819451 0
Moved 1065.781 359.5754 240 -0.001474172 0
Moved 1065.83 343.6321 249.4559 -0.05683303 0.08208302
Moved 1065.904 314.286 260.1427 -0.1587293 0.1748501
Moved 1065.951 301.5152 269.7424 -0.2030724 0.2581809
Moved 1065.998 288.5292 279.4708 -0.2481625 0.3426287
Moved 1066.043 279.8688 286.1312 -0.2782332 0.4004444
Moved 1066.089 273.9062 291.0938 -0.298937 0.443523
Moved 1066.138 274 298.827 -0.2986111 0.5106514
Ended 1066.18 274 300 -0.2986111 0.5208334
Began 1066.485 281 344 -0.2743056 0.9027779
Stationary 1066.536 281 344 -0.2743056 0.9027779
Moved 1066.582 270.3314 334.3314 -0.3113493 0.8188494
Moved 1066.629 262.3551 327.7101 -0.3390449 0.7613731
Moved 1066.675 256.0592 323.0592 -0.3609055 0.7210001
Moved 1066.723 251.124 320.124 -0.3780417 0.6955211
Moved 1066.77 244.8294 317 -0.3998978 0.6684031
Moved 1066.816 240.525 315 -0.4148437 0.6510417
Moved 1066.861 233.0944 312 -0.4406444 0.6250003
Moved 1066.908 228.242 307.242 -0.4574929 0.5836983
Moved 1066.954 224.2911 301.5821 -0.4712116 0.5345668
Moved 1066.999 222 295.9881 -0.4791667 0.4860078
Moved 1067.042 221 290.9919 -0.4826389 0.4426382
Moved 1067.084 221 287.6759 -0.4826389 0.4138533
Moved 1067.126 221 285.6885 -0.4826389 0.3966016
Moved 1067.168 230.4294 286 -0.4498979 0.3993056
Moved 1067.232 273.0946 298.7737 -0.3017548 0.5101885
Moved 1067.275 309.9646 307.4911 -0.1737339 0.5858607
Moved 1067.317 339.8279 312.138 -0.0700421 0.626198
Moved 1067.359 367.0537 313 0.024492 0.6336806
Moved 1067.403 383.2471 313 0.080719 0.6336806
Moved 1067.446 393.8457 313 0.11752 0.6336806
Moved 1067.489 407.5127 313 0.1649748 0.6336806
Moved 1067.537 419.6067 305 0.2069676 0.5642364
Moved 1067.585 430.8431 302.1569 0.245983 0.5395561
Moved 1067.631 434 299.1542 0.2569445 0.5134917
Moved 1067.705 435 287.7 0.2604167 0.4140624
Moved 1067.75 425.0275 274.0367 0.22579 0.2954579
Moved 1067.794 411.0928 253.7904 0.1774055 0.1197084
Moved 1067.838 395.0913 237.3185 0.1218447 -0.02327681
Moved 1067.883 377.8393 226.3795 0.0619419 -0.1182334
Moved 1067.927 359.4419 218.4751 -0.001937896 -0.1868481
Moved 1067.972 337.9396 210.3759 -0.07659867 -0.2571538
Moved 1068.015 328.9392 206.3131 -0.1078498 -0.2924212
Moved 1068.059 320.3628 199.3628 -0.137629 -0.3527535
Moved 1068.102 316.5 196.5 -0.1510417 -0.3776039
Moved 1068.174 316 196 -0.1527778 -0.3819445
Moved 1068.222 352.916 218.5089 -0.02459727 -0.1865546
Moved 1068.269 402.9625 241.3702 0.1491752 0.01189444
Moved 1068.314 437.2874 253.7625 0.2683591 0.1194657
Moved 1068.361 449 258.5 0.3090277 0.1605903
Moved 1068.408 456.6063 259.6063 0.3354385 0.1701938
Moved 1068.458 460.9022 260 0.3503549 0.1736111
Moved 1068.503 463.3201 260 0.3587502 0.1736111
Moved 1068.549 464.1783 260 0.3617302 0.1736111
Ended 1068.593 464 260 0.3611112 0.1736111
Began 1068.892 393 260 0.1145834 0.1736111
Stationary 1068.941 393 260 0.1145834 0.1736111
Moved 1068.983 381.4114 249.6456 0.07434518 0.08372943
Moved 1069.026 369.5273 243.6848 0.03308088 0.03198624
Moved 1069.069 360.2316 236.6158 0.0008042157 -0.02937635
Moved 1069.112 354.5192 231.5192 -0.01903065 -0.07361837
Moved 1069.154 351.86 229.8601 -0.0282637 -0.08801964
Moved 1069.197 347.6532 226.6532 -0.04287072 -0.1158574
Moved 1069.241 347 225.5 -0.0451389 -0.1258681
Moved 1069.288 347 224.7504 -0.0451389 -0.1323753
Moved 1069.343 347 222.9728 -0.0451389 -0.1478055
Moved 1069.391 355.3455 220.6545 -0.0161615 -0.1679294
Moved 1069.439 359.5 217.5 -0.001736134 -0.1953122
Moved 1069.485 364.6356 215 0.01609564 -0.2170139
Moved 1069.535 367.9464 213 0.02759144 -0.234375
Moved 1069.583 369.19 211.8099 0.0319098 -0.2447054
Moved 1069.627 370 210.6771 0.03472224 -0.2545391
Stationary 1069.671 370 211 0.03472224 -0.2517361
Moved 1069.714 361.0201 211 0.003541857 -0.2517361
Moved 1069.758 348.637 225.5753 -0.039455 -0.125214
Moved 1069.829 329.3315 243.6685 -0.1064877 0.03184425
Moved 1069.875 316.5 255.5 -0.1510417 0.1345486
Moved 1069.919 310.5717 266.285 -0.1716262 0.2281687
Moved 1069.964 308 277.9338 -0.1805556 0.3292868
Moved 1070.009 308 285.7062 -0.1805556 0.396755
Moved 1070.068 330.2292 292.8917 -0.1033709 0.4591291
Moved 1070.115 371.8954 300.2896 0.04130363 0.5233468
Moved 1070.162 424.2339 303 0.2230342 0.5468751
Moved 1070.212 451.9738 303 0.3193536 0.5468751
Moved 1070.26 464.9839 295.0081 0.3645274 0.4775006
Moved 1070.333 471 291 0.3854166 0.4427084
Moved 1070.38 461.9753 286.8719 0.3540808 0.4068738
Moved 1070.425 440.8195 280.5639 0.2806233 0.352117
Moved 1070.471 407.6246 275.6249 0.1653633 0.3092443
Moved 1070.521 349.9163 275 -0.03501296 0.3038195
Moved 1070.569 314.5491 279.5156 -0.1578156 0.3430173
Moved 1070.619 281.0795 286.3841 -0.2740296 0.4026397
Moved 1070.669 268.2686 289 -0.3185119 0.4253475
Moved 1070.714 258.7387 291 -0.3516017 0.4427084
Moved 1070.758 254.0675 292 -0.3678212 0.4513892
Moved 1070.826 251.6261 293 -0.3762984 0.4600695
Moved 1070.873 251 293 -0.3784722 0.4600695
Moved 1070.916 251 294.0848 -0.3784722 0.469486
Moved 1070.961 288.4626 285.6046 -0.2483938 0.3958734
Moved 1071.005 325.8693 268.6282 -0.1185095 0.2485085
Moved 1071.048 353.9895 248.1754 -0.02086967 0.07096741
Moved 1071.095 380.3512 222.1276 0.07066399 -0.1551427
Moved 1071.144 394.8353 203.7058 0.120956 -0.3150535
Moved 1071.19 401.5143 193.4857 0.144147 -0.4037696
Moved 1071.237 404 188.3018 0.1527777 -0.4487692
Moved 1071.308 407 186 0.1631944 -0.4687501
Ended 1071.355 408.1951 184.8049 0.1673441 -0.4791239
Began 1071.775 367 284 0.02430558 0.3819447
Stationary 1071.831 367 284 0.02430558 0.3819447
Stationary 1071.874 367 284 0.02430558 0.3819447
Moved 1071.918 348.3243 275.1622 -0.0405407 0.3052272
Moved 1071.967 341.856 270.856 -0.06299995 0.2678474
Moved 1072.015 337.9268 268 -0.07664323 0.2430556
Moved 1072.06 333.6214 263.6214 -0.09159245 0.2050471
Moved 1072.112 329.2085 256.4169 -0.1069151 0.1425081
Moved 1072.159 324.9062 247.8125 -0.1218534 0.06781685
Moved 1072.207 321.6074 239.2147 -0.1333078 -0.006816653
Moved 1072.258 321 236.5 -0.1354167 -0.03038168
Moved 1072.304 319.5 234.5 -0.140625 -0.0477428
Moved 1072.351 320 234 -0.1388889 -0.05208307
Moved 1072.399 336.7594 242.5669 -0.08069665 0.02228234
Moved 1072.466 398.3551 269.295 0.1331773 0.2542973
Moved 1072.511 431.5144 280.1714 0.248314 0.3487105
Moved 1072.556 450.0878 290.0659 0.3128049 0.4345995
Moved 1072.606 460.6434 296.3217 0.3494563 0.4889039
Moved 1072.653 465.5 298 0.3663194 0.5034723
Moved 1072.699 469.5 300.5 0.3802084 0.5251737
Moved 1072.746 470.0229 300 0.3820238 0.5208334
Stationary 1072.792 470 300 0.3819445 0.5208334
Moved 1072.836 449.0174 280.3449 0.3090881 0.3502163
Moved 1072.881 414.4885 260.2443 0.1891963 0.1757315
Moved 1072.953 345.6182 218.639 -0.0499367 -0.185425
Moved 1072.998 330.5574 209.3716 -0.1022312 -0.2658717
Moved 1073.044 311.2881 195.644 -0.1691386 -0.3850344
Moved 1073.091 300.0427 187.5214 -0.2081852 -0.4555438
Moved 1073.137 294.5842 183.5842 -0.2271382 -0.4897203
Moved 1073.184 287.8515 179.8516 -0.2505156 -0.5221217
Moved 1073.231 285 177.8755 -0.2604167 -0.5392753
Moved 1073.277 283 178 -0.2673611 -0.5381945
Moved 1073.327 281.7224 178 -0.2717974 -0.5381945
Ended 1073.379 282 178 -0.2708333 -0.5381945
Began 1073.795 450 283 0.3125 0.3732639
Stationary 1073.841 450 283 0.3125 0.3732639
Stationary 1073.883 450 283 0.3125 0.3732639
Stationary 1073.926 450 283 0.3125 0.3732639
Moved 1073.97 434.6887 269.6887 0.2593356 0.2577141
Moved 1074.013 431.8561 266.8561 0.2495004 0.2331262
Moved 1074.057 430 262.5092 0.2430555 0.195392
Moved 1074.102 426.2041 256.4081 0.2298753 0.1424321
Moved 1074.15 423 249.2717 0.2187499 0.08048376
Moved 1074.194 417.9708 240.9708 0.2012874 0.008427568
Moved 1074.242 412.99 234.99 0.183993 -0.04348941
Moved 1074.29 408.6779 231 0.1690205 -0.07812501
Moved 1074.339 404.5 227.5 0.1545139 -0.108507
Moved 1074.39 404 228 0.1527777 -0.1041667
Moved 1074.435 402.7043 236.2957 0.1482789 -0.03215578
Moved 1074.481 402 245.6094 0.1458333 0.04869249
Moved 1074.531 400 252.6022 0.138889 0.1093936
Moved 1074.577 399 259.571 0.1354167 0.1698873
Moved 1074.65 399 271.4301 0.1354167 0.2728304
Moved 1074.702 399 279.6698 0.1354167 0.3443559
Moved 1074.747 399 285.5 0.1354167 0.3949653
Moved 1074.793 399 286 0.1354167 0.3993056
Moved 1074.837 407.375 286 0.1644966 0.3993056
Moved 1074.882 415.5 268.5 0.1927084 0.2473959
Moved 1074.929 424.9964 227.5164 0.2256818 -0.1083647
Moved 1074.976 428 199.005 0.2361111 -0.3558591
Moved 1075.022 430 187.1976 0.2430555 -0.4583539
Moved 1075.069 432 182.9048 0.2500001 -0.4956182
Moved 1075.138 437.9457 182 0.2706449 -0.503472
Moved 1075.182 443.4311 194.2415 0.2896913 -0.3972096
Moved 1075.227 460.0468 223.475 0.3473848 -0.1434464
Moved 1075.273 492.198 279.297 0.4590209 0.3411198
Moved 1075.318 505.6592 298.9888 0.5057612 0.5120561
Moved 1075.364 510 307.6138 0.5208333 0.5869251
Moved 1075.413 513 312.6093 0.5312499 0.6302895
Moved 1075.459 513 314 0.5312499 0.6423614
Stationary 1075.505 513 314 0.5312499 0.6423614
Moved 1075.553 471.4609 294.942 0.387017 0.4769273
Moved 1075.63 336.8538 240.6516 -0.08036882 0.005656614
Moved 1075.68 319.3491 236.5873 -0.141149 -0.02962431
Moved 1075.728 308.5655 235 -0.1785921 -0.04340278
Moved 1075.777 301.2561 234 -0.2039718 -0.05208307
Moved 1075.825 298.0418 234 -0.2151327 -0.05208307
Moved 1075.872 295.874 234 -0.2226598 -0.05208307
Moved 1075.921 294.7758 234 -0.2264731 -0.05208307
Moved 1075.968 292.6277 234 -0.2339318 -0.05208307
Moved 1076.016 292.0865 234 -0.2358108 -0.05208307
Stationary 1076.064 292 234 -0.2361111 -0.05208307
Moved 1076.139 292 244.0807 -0.2361111 0.03542265
Moved 1076.186 292 246 -0.2361111 0.05208334
Moved 1076.231 292 247 -0.2361111 0.06076416
Ended 1076.28 292 249 -0.2361111 0.07812527
Began 1076.667 457 311 0.3368056 0.6163195
Stationary 1076.726 457 311 0.3368056 0.6163195
Stationary 1076.772 457 311 0.3368056 0.6163195
Stationary 1076.817 457 311 0.3368056 0.6163195
Moved 1076.862 445.528 294.0559 0.2969721 0.4692354
Moved 1076.91 441.5383 288.0765 0.2831189 0.4173311
Moved 1076.964 435.2394 282.2394 0.2612479 0.3666613
Moved 1077.01 432.2915 277.2916 0.2510123 0.3237118
Moved 1077.056 429.9872 273.9872 0.2430111 0.2950282
Moved 1077.103 429 270.99 0.2395834 0.2690104
Moved 1077.148 428 267.8481 0.2361111 0.2417371
Moved 1077.193 428 265.7976 0.2361111 0.2239379
Moved 1077.247 426.9907 260.9907 0.2326067 0.1822111
Moved 1077.296 422.3846 250.0769 0.2166133 0.08747313
Moved 1077.344 412.2699 237.2699 0.1814926 -0.02369881
Moved 1077.413 392.0966 222.0724 0.1114464 -0.1556219
Moved 1077.459 374.8561 209.2374 0.0515838 -0.2670363
Moved 1077.504 367.501 203.7505 0.02604529 -0.3146657
Moved 1077.548 351.1353 195.7118 -0.03078029 -0.3844463
Moved 1077.595 334.5 190.5 -0.08854166 -0.4296876
Moved 1077.644 324.045 189 -0.1248436 -0.4427081
Moved 1077.693 318.7603 188 -0.1431934 -0.451389
Moved 1077.74 314.4551 188 -0.1581421 -0.451389
Moved 1077.786 311.5 200 -0.1684028 -0.3472222
Moved 1077.833 310.1903 206.4291 -0.1729503 -0.2914146
Moved 1077.908 303.803 231.7954 -0.1951283 -0.07122014
Moved 1077.955 300.0771 244.7686 -0.2080655 0.04139371
Moved 1078.012 298 257.6514 -0.2152778 0.1532245
Moved 1078.061 298 272.5033 -0.2152778 0.2821467
Moved 1078.109 298 283.722 -0.2152778 0.3795314
Moved 1078.156 298 292.7487 -0.2152778 0.4578885
Moved 1078.206 306.9013 296.9013 -0.1843706 0.4939353
Moved 1078.255 311.1734 300.1735 -0.1695367 0.5223391
Moved 1078.301 316.4706 300 -0.1511436 0.5208334
Moved 1078.346 321.4394 300 -0.1338909 0.5208334
Moved 1078.419 325 300 -0.1215278 0.5208334
Moved 1078.465 326 300 -0.1180556 0.5208334
Moved 1078.512 326 291.1546 -0.1180556 0.4440504
Moved 1078.557 326 287.5 -0.1180556 0.4123264
Moved 1078.608 326 284.5 -0.1180556 0.386285
Ended 1078.66 326 285 -0.1180556 0.390625
Began 1079.001 399 342 0.1354167 0.885417
Stationary 1079.06 399 342 0.1354167 0.885417
Stationary 1079.104 399 342 0.1354167 0.885417
Stationary 1079.147 399 342 0.1354167 0.885417
Moved 1079.193 399 330.9755 0.1354167 0.7897184
Moved 1079.24 399 327.0126 0.1354167 0.755318
Moved 1079.289 389.7179 321.718 0.1031873 0.7093573
Moved 1079.337 379.0602 308.4136 0.06618143 0.5938684
Moved 1079.384 366.1571 294.157 0.0213787 0.4701133
Moved 1079.432 355.2426 285.7475 -0.01651891 0.3971137
Moved 1079.482 350.7755 279.7755 -0.03202945 0.3452736
Moved 1079.529 346.5 276.5 -0.04687503 0.3168406
Moved 1079.577 343.5063 275 -0.05726964 0.3038195
Moved 1079.623 344 274 -0.05555556 0.2951392
Moved 1079.668 344 272 -0.05555556 0.2777781
Moved 1079.735 369.8269 255.1731 0.03412127 0.1317112
Moved 1079.78 376.5 247.5 0.05729169 0.06510417
Moved 1079.825 381.7799 237.4402 0.07562459 -0.02222035
Moved 1079.876 384 231.5 0.08333341 -0.07378473
Moved 1079.922 384 229 0.08333341 -0.09548585
Moved 1079.968 384 228 0.08333341 -0.1041667
Moved 1080.016 370.8278 228 0.03759653 -0.1041667
Moved 1080.065 358.9306 235.1619 -0.003713071 -0.0419977
Moved 1080.112 343.0625 242.9584 -0.05881086 0.02568033
Moved 1080.158 330.1467 253.5688 -0.1036574 0.1177851
Moved 1080.233 320.8531 266.2937 -0.1359265 0.2282442
Moved 1080.28 317.551 273.449 -0.1473924 0.2903562
Moved 1080.328 317 277.5 -0.1493056 0.3255209
Moved 1080.377 315 280.7117 -0.15625 0.3533999
Moved 1080.425 313 283.0215 -0.1631945 0.3734504
Moved 1080.476 311 286.1907 -0.1701389 0.4009613
Ended 1080.528 311 287.5 -0.1701389 0.4123264
Began 1080.869 474 281 0.3958334 0.3559028
Stationary 1080.915 474 281 0.3958334 0.3559028
Stationary 1080.965 474 281 0.3958334 0.3559028
Stationary 1081.009 474 281 0.3958334 0.3559028
Stationary 1081.054 474 281 0.3958334 0.3559028
Moved 1081.1 484.4422 274 0.432091 0.2951392
Moved 1081.15 491.3534 270 0.456088 0.2604167
Moved 1081.198 494.3201 266.6799 0.4663893 0.2315964
Moved 1081.249 494 263.3607 0.4652777 0.2027838
Moved 1081.3 494 257.0566 0.4652777 0.1480606
Moved 1081.347 494 250.1786 0.4652777 0.08835608
Moved 1081.394 484.7932 245.7931 0.4333096 0.05028725
Moved 1081.439 478.893 246 0.4128228 0.05208334
Moved 1081.485 461.8918 246 0.353791 0.05208334
Moved 1081.536 391.8262 258.6232 0.1105076 0.1616595
Moved 1081.585 338.4655 261 -0.07477276 0.1822917
Moved 1081.634 306.0189 262 -0.1874344 0.1909725
Moved 1081.681 280.0089 262 -0.2777469 0.1909725
Moved 1081.735 262.2723 265 -0.3393324 0.2170139
Moved 1081.808 229.8637 267 -0.4518623 0.2343753
Moved 1081.853 215.3458 267 -0.5022716 0.2343753
Moved 1081.898 206.4291 267 -0.5332324 0.2343753
Moved 1081.943 205 267 -0.5381945 0.2343753
Moved 1081.988 205 260.2351 -0.5381945 0.175652
Moved 1082.034 216.519 244.2214 -0.4981979 0.03664441
Moved 1082.08 221.5522 227.7913 -0.4807215 -0.1059787
Moved 1082.127 227.0495 209.3761 -0.4616335 -0.2658325
Moved 1082.179 234.5033 196.7483 -0.4357523 -0.3754489
Moved 1082.225 243.7366 195 -0.4036925 -0.390625
Moved 1082.297 275.6363 206.7817 -0.2929294 -0.288353
Moved 1082.346 305.3764 228.4543 -0.1896653 -0.1002227
Moved 1082.394 337.6481 253.1772 -0.07761076 0.1143861
Moved 1082.443 370.4984 273.499 0.03645256 0.2907904
Moved 1082.492 387.1892 285.1892 0.0944069 0.3922675
Moved 1082.539 396.4158 289.7079 0.1264438 0.4314921
Moved 1082.587 404.8201 295 0.1556252 0.4774306
Moved 1082.634 409.5 297 0.1718751 0.494792
Ended 1082.677 409.5 297 0.1718751 0.494792
Began 1082.984 329 259 -0.1076389 0.1649308
Stationary 1083.037 329 259 -0.1076389 0.1649308
Stationary 1083.082 329 259 -0.1076389 0.1649308
Moved 1083.127 316.2824 247.2823 -0.1517972 0.06321484
Moved 1083.173 314 242.5178 -0.1597222 0.0218561
Moved 1083.218 311.7892 241 -0.1673985 0.008680556
Moved 1083.264 311 238 -0.1701389 -0.01736111
Moved 1083.312 310 236 -0.1736111 -0.03472222
Moved 1083.357 306.7917 234 -0.184751 -0.05208307
Moved 1083.403 300.2303 229.6151 -0.2075336 -0.0901466
Moved 1083.448 295.8545 226.8545 -0.2227276 -0.1141106
Moved 1083.493 294 227 -0.2291667 -0.1128472
Moved 1083.539 299.8716 232.2844 -0.2087792 -0.06697523
Moved 1083.589 339.0657 256.9449 -0.07268854 0.1470918
Moved 1083.637 395.6039 279.2745 0.1236247 0.3409246
Moved 1083.71 445.1827 293.5914 0.2957733 0.4652032
Moved 1083.758 457.5297 296.8432 0.3386447 0.4934306
Moved 1083.806 464.0992 298 0.3614555 0.5034723
Moved 1083.855 468.4 298 0.3763888 0.5034723
Moved 1083.903 469 298 0.3784722 0.5034723
Moved 1083.952 469 283.7987 0.3784722 0.3801974
Moved 1084 441.8016 267.8347 0.2840334 0.2416206
Moved 1084.049 417.6748 255.6713 0.2002597 0.1360353
Moved 1084.096 387.5859 243.293 0.09578437 0.0285848
Moved 1084.143 356.973 233.3947 -0.01051031 -0.05733809
Moved 1084.219 333.1453 227 -0.09324559 -0.1128472
Moved 1084.268 327.2727 226 -0.1136363 -0.1215281
Stationary 1084.314 327 226 -0.1145833 -0.1215281
Ended 1084.36 327 234 -0.1145833 -0.05208307
PhraseEnd 1086.174
