time to go shopping
Basic
0.8 0.8
575.9999 230.4
Began 126.6618 429 347 0.1197917 0.4644099
Stationary 126.6836 429 347 0.1197917 0.4644099
Stationary 126.6984 429 347 0.1197917 0.4644099
Stationary 126.7165 429 347 0.1197917 0.4644099
Stationary 126.7315 429 347 0.1197917 0.4644099
Stationary 126.7443 429 347 0.1197917 0.4644099
Stationary 126.7607 429 347 0.1197917 0.4644099
Stationary 126.7756 429 347 0.1197917 0.4644099
Stationary 126.7905 429 347 0.1197917 0.4644099
Stationary 126.8065 429 347 0.1197917 0.4644099
Stationary 126.8219 429 347 0.1197917 0.4644099
Stationary 126.8369 429 347 0.1197917 0.4644099
Stationary 126.8514 429 347 0.1197917 0.4644099
Stationary 126.8675 429 347 0.1197917 0.4644099
Stationary 126.8831 429 347 0.1197917 0.4644099
Stationary 126.8986 429 347 0.1197917 0.4644099
Stationary 126.9187 429 347 0.1197917 0.4644099
Stationary 126.9304 429 347 0.1197917 0.4644099
Stationary 126.9443 429 347 0.1197917 0.4644099
Stationary 126.9604 429 347 0.1197917 0.4644099
Moved 126.9753 420.6366 347 0.1052718 0.4644099
Moved 126.992 411.9371 347 0.09016857 0.4644099
Moved 127.0079 404.4879 338.3381 0.07723586 0.4268147
Moved 127.0236 396.9228 331.1382 0.06410204 0.3955653
Moved 127.0386 387.422 325.73 0.04760765 0.3720919
Moved 127.0536 380.6381 320.7286 0.03582999 0.3503845
Moved 127.0757 367.0356 313.5178 0.01221456 0.3190879
Moved 127.0898 360.5068 310.8027 0.0008798391 0.3073035
Moved 127.1047 355 309.5 -0.00868056 0.3016495
Moved 127.1191 351.0656 309.0219 -0.0155111 0.299574
Moved 127.1352 348.1648 309 -0.02054725 0.2994793
Stationary 127.1484 348.1648 309 -0.02054725 0.2994793
Moved 127.1669 343.706 309 -0.02828814 0.2994793
Moved 127.1811 342.5 309 -0.03038194 0.2994793
Moved 127.198 341.5 309 -0.03211804 0.2994793
Moved 127.2134 340.8466 309 -0.03325246 0.2994793
Stationary 127.2325 340.8466 309 -0.03325246 0.2994793
Stationary 127.2472 341 309 -0.03298611 0.2994793
Moved 127.2617 341 317.2298 -0.03298611 0.3351988
Moved 127.2815 349.4069 320.1017 -0.01839083 0.3476638
Moved 127.2988 353.4477 322.9651 -0.01137558 0.3600916
Moved 127.3162 365.1998 327.2153 0.009027496 0.3785388
Moved 127.3312 379.8939 330.9764 0.03453799 0.394863
Moved 127.3452 406.9034 332.416 0.08142948 0.4011111
Moved 127.3599 433.42 334 0.1274654 0.4079863
Moved 127.3737 455.3958 334 0.1656178 0.4079863
Moved 127.3933 467.4789 334 0.1865953 0.4079863
Moved 127.4075 479.201 334 0.2069462 0.4079863
Moved 127.4221 486.4551 334 0.2195401 0.4079863
Moved 127.4365 494.1072 334 0.232825 0.4079863
Moved 127.4511 499.5307 334 0.2422407 0.4079863
Moved 127.4666 503.1265 334 0.2484836 0.4079863
Moved 127.4815 505.9935 327.0229 0.2534609 0.3777035
Moved 127.4961 509 327 0.2586806 0.3776042
Moved 127.5085 510.9273 326 0.2620265 0.3732638
Moved 127.5219 511 324.9954 0.2621528 0.3689038
Moved 127.5445 512.4659 325 0.2646977 0.3689236
Moved 127.5588 512.8798 322.2405 0.2654163 0.3569468
Moved 127.5714 513 320.6794 0.265625 0.3501712
Moved 127.5853 513 310.3234 0.265625 0.305223
Moved 127.5985 513 303.0004 0.265625 0.2734393
Stationary 127.6106 513 303.0004 0.265625 0.2734393
Moved 127.6229 507.9648 289.5942 0.2568833 0.2152527
Moved 127.6387 501.732 276.3789 0.2460624 0.1578946
Moved 127.6546 496.1868 261.967 0.2364354 0.0953428
Moved 127.6724 491.4036 246.5089 0.2281313 0.02825049
Moved 127.6925 481 217.5 0.2100694 -0.09765612
Moved 127.7065 476.1195 205.3585 0.2015963 -0.1503537
Stationary 127.7198 476.1195 205.3585 0.2015963 -0.1503537
Moved 127.7319 471.8138 193.8367 0.1941211 -0.2003615
Moved 127.7482 470 185 0.1909722 -0.2387153
Moved 127.7632 466.2526 176.6736 0.1844664 -0.2748543
Moved 127.7788 463.2924 170.5848 0.1793272 -0.3012811
Moved 127.7934 459.4195 164.6292 0.1726032 -0.3271304
Moved 127.8093 456.5432 161.5432 0.1676098 -0.3405241
Moved 127.8257 453.01 158.6733 0.1614757 -0.3529803
Moved 127.8464 443 155.5 0.1440972 -0.3667535
Moved 127.8598 440.5196 156 0.1397909 -0.3645834
Stationary 127.8735 440.5196 156 0.1397909 -0.3645834
Moved 127.8853 433.7442 156 0.1280281 -0.3645834
Moved 127.9056 407.8718 168.6038 0.08311078 -0.3098795
Stationary 127.919 407.8718 168.6038 0.08311078 -0.3098795
Moved 127.931 389.2259 181.3052 0.05073935 -0.2547519
Moved 127.9476 363.4514 199.5602 0.00599213 -0.1755201
Moved 127.9694 318.5167 231.4285 -0.0720197 -0.03720284
Stationary 127.9836 318.5167 231.4285 -0.0720197 -0.03720284
Moved 128.0052 273.7419 258.3548 -0.1497536 0.07966492
Moved 128.031 249.0932 274.6045 -0.1925465 0.1501933
Moved 128.0458 240.2909 280.6255 -0.2078284 0.1763259
Moved 128.0602 235.0583 285.9223 -0.2169127 0.1993157
Stationary 128.0738 235.0583 285.9223 -0.2169127 0.1993157
Moved 128.0866 233.9556 289.1332 -0.2188271 0.2132518
Moved 128.103 231.0019 296.4952 -0.223955 0.2452048
Ended 128.1184 231 310 -0.2239584 0.3038195
Began 128.5147 398 357 0.06597222 0.5078126
Stationary 128.5347 398 357 0.06597222 0.5078126
Stationary 128.5493 398 357 0.06597222 0.5078126
Stationary 128.564 398 357 0.06597222 0.5078126
Stationary 128.5794 398 357 0.06597222 0.5078126
Stationary 128.595 398 357 0.06597222 0.5078126
Moved 128.6118 385.208 357 0.04376389 0.5078126
Moved 128.627 382 357 0.03819443 0.5078126
Moved 128.6421 377.5831 348.1458 0.0305263 0.4693829
Moved 128.6599 370.5307 344.1185 0.01828253 0.4519031
Moved 128.6745 365.0894 340.8171 0.008835793 0.4375742
Moved 128.6891 359.3574 338.8394 -0.001115687 0.4289903
Moved 128.7042 352.5753 335.7877 -0.01289014 0.4157452
Moved 128.7204 346.826 333.9565 -0.02287146 0.4077972
Moved 128.7355 342.551 332.517 -0.03029343 0.4015495
Moved 128.7503 337.6637 331.4159 -0.03877837 0.3967704
Moved 128.7672 331.9076 329.9769 -0.04877154 0.3905249
Moved 128.7891 325.2018 329.1009 -0.06041356 0.3867227
Moved 128.8041 322.3371 329 -0.06538697 0.3862849
Moved 128.8233 320.2322 329 -0.06904129 0.3862849
Moved 128.8364 317.5867 327.7933 -0.0736342 0.3810476
Moved 128.8501 315.5923 328 -0.07709664 0.3819445
Moved 128.8642 313.2825 327 -0.08110683 0.3776042
Moved 128.8778 310.7232 325.8616 -0.08554999 0.3726632
Stationary 128.8903 310.7232 325.8616 -0.08554999 0.3726632
Moved 128.9034 308.8028 325.4014 -0.08888398 0.3706659
Moved 128.9195 307 324.5 -0.09201389 0.3667536
Moved 128.941 307 324 -0.09201389 0.3645835
Stationary 128.9545 307 324 -0.09201389 0.3645835
Stationary 128.9654 307 324 -0.09201389 0.3645835
Stationary 128.9799 307 324 -0.09201389 0.3645835
Stationary 128.995 307 324 -0.09201389 0.3645835
Moved 129.0113 325.8676 324 -0.05925756 0.3645835
Moved 129.0275 336.056 324 -0.04156939 0.3645835
Moved 129.0433 357.4018 324 -0.004510768 0.3645835
Moved 129.058 378.8111 324 0.03265813 0.3645835
Moved 129.0743 399.313 324 0.06825179 0.3645835
Moved 129.0957 464.2056 324 0.1809125 0.3645835
Moved 129.1102 487.7433 324 0.2217766 0.3645835
Moved 129.1245 501.7595 324 0.2461103 0.3645835
Stationary 129.1375 501.7595 324 0.2461103 0.3645835
Moved 129.1508 517.2657 324 0.2730307 0.3645835
Moved 129.1723 537.0767 324 0.3074249 0.3645835
Moved 129.1869 543.675 324 0.3188803 0.3645835
Stationary 129.1993 543.675 324 0.3188803 0.3645835
Moved 129.2132 549.4974 324 0.3289885 0.3645835
Moved 129.2283 552.4418 324 0.3341005 0.3645835
Moved 129.2502 558.6902 324 0.3449483 0.3645835
Moved 129.2652 561.2216 324 0.3493432 0.3645835
Moved 129.2834 562.5 324 0.3515625 0.3645835
Moved 129.2971 564.6727 324 0.3553346 0.3645835
Moved 129.3107 566.1155 324 0.3578394 0.3645835
Ended 129.3235 566.1155 324 0.3578394 0.3645835
Began 129.807 339 276 -0.03645834 0.1562499
Stationary 129.8292 339 276 -0.03645834 0.1562499
Stationary 129.8436 339 276 -0.03645834 0.1562499
Stationary 129.8589 339 276 -0.03645834 0.1562499
Stationary 129.8745 339 276 -0.03645834 0.1562499
Stationary 129.8901 339 276 -0.03645834 0.1562499
Stationary 129.9056 339 276 -0.03645834 0.1562499
Stationary 129.921 339 276 -0.03645834 0.1562499
Stationary 129.9362 339 276 -0.03645834 0.1562499
Stationary 129.952 339 276 -0.03645834 0.1562499
Stationary 129.9677 339 276 -0.03645834 0.1562499
Stationary 129.9849 339 276 -0.03645834 0.1562499
Moved 129.9996 339 266.429 -0.03645834 0.114709
Moved 130.0175 339 263.2143 -0.03645834 0.1007566
Moved 130.0322 339 261 -0.03645834 0.09114584
Moved 130.0466 339 257.1148 -0.03645834 0.07428303
Moved 130.0627 339 252.842 -0.03645834 0.05573803
Moved 130.0768 339 248.5265 -0.03645834 0.03700747
Moved 130.092 339 244.2079 -0.03645834 0.01826339
Moved 130.1087 339 241.5967 -0.03645834 0.006930167
Moved 130.1236 339 238.7129 -0.03645834 -0.005586413
Moved 130.1383 339 236 -0.03645834 -0.01736111
Stationary 130.1592 339 236 -0.03645834 -0.01736111
Moved 130.1779 339 234.5 -0.03645834 -0.0238714
Moved 130.195 339 235 -0.03645834 -0.02170139
Stationary 130.2099 339 235 -0.03645834 -0.02170139
Stationary 130.2234 339 235 -0.03645834 -0.02170139
Stationary 130.2409 339 235 -0.03645834 -0.02170139
Moved 130.2542 349.5999 244.2749 -0.01805566 0.01855426
Moved 130.2685 358.2351 249.4901 -0.003064089 0.04118973
Moved 130.284 368.1817 257.8701 0.01420431 0.07756101
Moved 130.2984 386.8712 272.3873 0.04665129 0.1405697
Moved 130.3135 411.0994 291.3702 0.08871429 0.2229607
Moved 130.3334 446.5121 314.4411 0.1501946 0.3230952
Moved 130.3473 470.7971 332.5846 0.1923561 0.401843
Moved 130.3622 484.5196 340.9352 0.2161799 0.4380868
Moved 130.3755 502.598 352.5989 0.2475659 0.4887105
Stationary 130.3886 502.598 352.5989 0.2475659 0.4887105
Moved 130.4025 519.3524 361.1762 0.2766535 0.5259386
Moved 130.4167 532.2751 367.4036 0.2990888 0.5529673
Moved 130.431 541.4509 369.9085 0.3150189 0.5638392
Moved 130.4536 552.357 372.7856 0.3339532 0.5763268
Moved 130.4689 555.6809 373.8936 0.3397239 0.5811357
Moved 130.4892 558.5875 374 0.34477 0.5815974
Moved 130.504 562.4625 374 0.3514973 0.5815974
Moved 130.523 565.3402 374 0.3564935 0.5815974
Moved 130.5377 567.217 374 0.3597517 0.5815974
Moved 130.5515 569.0462 374 0.3629275 0.5815974
Stationary 130.5664 569.0462 374 0.3629275 0.5815974
Moved 130.5801 570.3729 374 0.3652307 0.5815974
Stationary 130.5937 570.3729 374 0.3652307 0.5815974
Stationary 130.6063 570.3729 374 0.3652307 0.5815974
Stationary 130.6185 570.3729 374 0.3652307 0.5815974
Moved 130.6377 570 366.6225 0.3645834 0.5495769
Moved 130.6518 562.1208 357.2725 0.3509042 0.5089951
Moved 130.6669 552.6271 348.6271 0.334422 0.4714718
Stationary 130.68 552.6271 348.6271 0.334422 0.4714718
Moved 130.6935 545 341 0.3211805 0.4383681
Moved 130.7098 528.9581 325.6942 0.29333 0.3719367
Moved 130.7259 513.284 310.284 0.2661181 0.3050521
Moved 130.7401 498.0186 296.0186 0.2396157 0.2431364
Moved 130.7559 482.3581 283.5186 0.2124272 0.1888826
Moved 130.7716 469.7468 275.1645 0.1905326 0.1526238
Moved 130.7927 446.7226 258.8151 0.1505602 0.08166274
Moved 130.8074 444.4584 258.2292 0.1466291 0.07911974
Moved 130.822 437.2345 253.1173 0.1340877 0.05693277
Moved 130.8364 432.8693 250.2462 0.1265092 0.04447129
Moved 130.8542 431.1876 248.1876 0.1235895 0.03553669
Moved 130.8691 429.7486 248 0.1210912 0.03472222
Moved 130.8827 428.5 248 0.1189236 0.03472222
Stationary 130.8958 428.5 248 0.1189236 0.03472222
Moved 130.9086 427.9347 248 0.1179423 0.03472222
Stationary 130.9244 427.9347 248 0.1179423 0.03472222
Stationary 130.9468 427.9347 248 0.1179423 0.03472222
Stationary 130.9611 428 248 0.1180556 0.03472222
Ended 130.9756 428 248 0.1180556 0.03472222
Began 131.4459 239 297 -0.2100695 0.247396
Stationary 131.4696 239 297 -0.2100695 0.247396
Stationary 131.4841 239 297 -0.2100695 0.247396
Stationary 131.497 239 297 -0.2100695 0.247396
Stationary 131.5106 239 297 -0.2100695 0.247396
Moved 131.5253 229.0979 297 -0.2272606 0.247396
Moved 131.5424 226.7236 289.3618 -0.2313826 0.214244
Moved 131.5574 223.8344 287.9172 -0.2363987 0.2079739
Moved 131.5723 221.7837 285.7838 -0.2399588 0.1987143
Moved 131.5875 218.849 283.4245 -0.2450537 0.1884744
Moved 131.6097 213.547 279.547 -0.2542587 0.1716451
Moved 131.6241 210.1063 278.1063 -0.2602321 0.165392
Moved 131.6395 207.3585 276.6793 -0.2650026 0.1591982
Moved 131.6536 203.7003 275.2335 -0.2713536 0.152923
Stationary 131.6671 203.7003 275.2335 -0.2713536 0.152923
Moved 131.6808 200.2643 274.0881 -0.2773189 0.147952
Moved 131.6972 196.042 272.6807 -0.2846494 0.1418432
Moved 131.7191 187.6071 269.8035 -0.2992933 0.1293557
Moved 131.7344 183.7407 270 -0.3060057 0.1302083
Moved 131.7478 180.8598 268.9299 -0.3110073 0.1255641
Moved 131.7625 179.4919 268.4919 -0.3133821 0.123663
Stationary 131.7761 179.4919 268.4919 -0.3133821 0.123663
Moved 131.7901 178.3008 268 -0.31545 0.1215278
Moved 131.806 176.9675 268 -0.3177647 0.1215278
Moved 131.8233 177 266.5321 -0.3177083 0.1151567
Moved 131.8426 176 265.6506 -0.3194445 0.111331
Stationary 131.8652 176 265.6506 -0.3194445 0.111331
Moved 131.8899 176 262.5 -0.3194445 0.09765626
Moved 131.9128 176 258.8249 -0.3194445 0.08170526
Moved 131.9288 176 254.3121 -0.3194445 0.06211864
Moved 131.9444 176 248.1804 -0.3194445 0.0355053
Moved 131.959 184.799 241.6005 -0.3041683 0.006946458
Moved 131.9739 187.0831 235.8339 -0.300203 -0.0180822
Moved 131.9888 189.9593 230.0814 -0.2952096 -0.04304939
Moved 132.0049 192.881 227.119 -0.2901372 -0.05590704
Moved 132.0215 196.2273 225.1818 -0.2843276 -0.06431514
Moved 132.0354 208.8925 223.0239 -0.2623394 -0.07368089
Moved 132.055 253.3036 223 -0.1852367 -0.07378473
Stationary 132.068 253.3036 223 -0.1852367 -0.07378473
Moved 132.0802 278.5469 239.2839 -0.1414116 -0.003107786
Moved 132.0975 306.5995 245.1749 -0.09270911 0.02246062
Moved 132.1124 324.9644 249.4911 -0.06082572 0.04119397
Moved 132.1281 340.4322 250.1621 -0.03397185 0.04410651
Moved 132.1438 364.9814 252.3302 0.008648336 0.05351663
Moved 132.158 383.2727 254.0979 0.04040405 0.06118881
Moved 132.173 398.5 254 0.06684028 0.06076403
Moved 132.1918 417.7309 256 0.1002272 0.06944445
Moved 132.2118 446.58 257 0.1503126 0.07378473
Moved 132.2247 460.5389 257 0.1745467 0.07378473
Stationary 132.237 460.5389 257 0.1745467 0.07378473
Moved 132.2489 487.7452 262.6306 0.2217799 0.0982229
Moved 132.267 517.3777 271.9651 0.2732252 0.1387375
Moved 132.2806 542.4655 281.8387 0.3167805 0.1815918
Moved 132.2959 556.4498 288.2249 0.3410588 0.2093095
Moved 132.3119 566.8431 294.5621 0.3591026 0.2368146
Moved 132.3275 575 298.5 0.3732639 0.2539063
Moved 132.3431 582.7602 304.0081 0.3867365 0.277813
Moved 132.3656 593.5 312.5 0.4053819 0.3146702
Moved 132.3798 595.946 313.946 0.4096285 0.3209464
Moved 132.3943 598.8231 315.4116 0.4146235 0.3273073
Stationary 132.4066 598.8231 315.4116 0.4146235 0.3273073
Moved 132.4202 600.6928 316.8464 0.4178695 0.3335348
Moved 132.4348 602.2944 318.2944 0.42065 0.3398193
Moved 132.4534 605 319.5 0.4253472 0.3450521
Moved 132.4668 605.7177 320 0.4265933 0.3472222
Moved 132.4816 607.2939 321.2939 0.4293298 0.3528383
Moved 132.4968 609.4644 322.7322 0.4330979 0.3590807
Moved 132.5209 612.603 325 0.4385468 0.3689236
Moved 132.5343 614.0443 326.0443 0.4410492 0.3734562
Moved 132.5508 616.9487 326 0.4460915 0.3732638
Moved 132.5681 618.1536 326 0.4481834 0.3732638
Moved 132.5886 621.0195 326 0.4531589 0.3732638
Moved 132.6067 623.9139 326 0.458184 0.3732638
Moved 132.6218 624.8905 326 0.4598793 0.3732638
Moved 132.6383 626.3289 326 0.4623767 0.3732638
Stationary 132.6525 626.3289 326 0.4623767 0.3732638
Moved 132.6698 627 326 0.4635417 0.3732638
Stationary 132.6899 627 326 0.4635417 0.3732638
Moved 132.7047 616.4444 316.6172 0.445216 0.3325402
Moved 132.7228 606.7223 315.3889 0.4283373 0.3272089
Moved 132.7386 592.4255 312.8956 0.4035165 0.3163872
Moved 132.7527 581.0701 313 0.3838023 0.3168403
Moved 132.7709 568.7623 313 0.3624345 0.3168403
Moved 132.7862 561.7616 313 0.3502806 0.3168403
Moved 132.8008 551.5936 313 0.3326278 0.3168403
Moved 132.816 545.3754 313 0.3218324 0.3168403
Moved 132.8302 538.2557 313 0.3094716 0.3168403
Moved 132.8498 531.0492 313 0.2969604 0.3168403
Moved 132.8657 525.1387 313 0.2866991 0.3168403
Moved 132.882 520.3708 313 0.2784216 0.3168403
Moved 132.8959 517.3721 318.6974 0.2732155 0.3415688
Moved 132.9105 513.4637 321.1788 0.2664301 0.3523384
Moved 132.928 510.7603 321.6199 0.2617366 0.3542531
Moved 132.9424 507.8691 322 0.2567171 0.3559029
Moved 132.9563 505.0076 322 0.2517492 0.3559029
Moved 132.9745 503.0532 322 0.2483563 0.3559029
Moved 132.9881 501.6172 322 0.2458633 0.3559029
Moved 133.007 500.5 322 0.2439236 0.3559029
Moved 133.0206 498.1284 322 0.2398062 0.3559029
Moved 133.0348 496.6133 322 0.2371759 0.3559029
Moved 133.0482 490.8523 307.0682 0.2271741 0.2910945
Moved 133.062 484.9871 290.2146 0.2169915 0.2179455
Moved 133.0752 472.7895 251.0702 0.195815 0.04804757
Moved 133.088 464.2251 218.9005 0.1809465 -0.09157751
Stationary 133.1015 464.2251 218.9005 0.1809465 -0.09157751
Moved 133.1185 454.296 176.4799 0.1637083 -0.275695
Stationary 133.1309 454.296 176.4799 0.1637083 -0.275695
Moved 133.1497 446.3469 142.0408 0.1499078 -0.4251702
Stationary 133.1624 446.3469 142.0408 0.1499078 -0.4251702
Moved 133.1749 443.0163 133.0408 0.1441255 -0.4642327
Moved 133.1935 441.5726 124.4358 0.1416191 -0.5015805
Moved 133.2071 438.253 121.3795 0.1358559 -0.5148459
Moved 133.2214 435.4028 117.1042 0.1309077 -0.5334015
Stationary 133.2371 434.7185 116.7185 0.1297196 -0.535076
Moved 133.2521 433.1802 115.1802 0.1270489 -0.5417528
Moved 133.2679 430.4824 115 0.1223653 -0.5425348
Moved 133.2836 427.9427 114 0.117956 -0.5468751
Moved 133.3042 414.1279 126.8721 0.09397209 -0.4910067
Stationary 133.317 414.1279 126.8721 0.09397209 -0.4910067
Moved 133.3288 405.0002 135.9998 0.07812537 -0.45139
Moved 133.3452 398.4943 143.5901 0.06683029 -0.4184457
Moved 133.363 386.6111 158.1321 0.04619971 -0.3553293
Moved 133.3855 364.4598 186.4252 0.007742792 -0.2325297
Moved 133.4039 352.9859 201.7324 -0.0121773 -0.1660921
Moved 133.421 342.8857 214.7185 -0.0297124 -0.1097286
Moved 133.4349 337.7672 223.7214 -0.03859871 -0.0706535
Moved 133.4483 335.2509 227.6237 -0.04296717 -0.05371664
Moved 133.4676 332.461 230.5389 -0.04781071 -0.04106363
Moved 133.4816 329.586 234.121 -0.05280208 -0.02551662
Moved 133.4949 326.7086 237.2914 -0.05779755 -0.01175616
Moved 133.5087 325.4164 238.5836 -0.06004095 -0.006147491
Moved 133.5228 325 240.0161 -0.06076388 6.993613E-05
Ended 133.543 325 241.4559 -0.06076388 0.006319152
PhraseEnd 134.4822
