my watch fell in the water
Basic
0.4 0.4
288 115.2
Began 1049.746 530 197 0.5902778 -0.3732637
Stationary 1049.797 530 197 0.5902778 -0.3732637
Stationary 1049.84 530 197 0.5902778 -0.3732637
Stationary 1049.883 530 197 0.5902778 -0.3732637
Stationary 1049.927 530 197 0.5902778 -0.3732637
Stationary 1049.97 530 197 0.5902778 -0.3732637
Stationary 1050.012 530 197 0.5902778 -0.3732637
Stationary 1050.054 530 197 0.5902778 -0.3732637
Moved 1050.098 518.7368 205.8428 0.5511693 -0.2965035
Moved 1050.143 508.2486 206.5839 0.514752 -0.2900704
Moved 1050.187 496.0164 210 0.4722792 -0.2604167
Moved 1050.231 481.4605 212 0.4217378 -0.2430553
Moved 1050.274 469.477 214.7046 0.3801285 -0.219578
Moved 1050.318 453.0588 217 0.323121 -0.1996525
Moved 1050.363 440.1448 218 0.2782805 -0.1909722
Moved 1050.406 430.4866 218 0.2447453 -0.1909722
Moved 1050.449 421.541 218 0.213684 -0.1909722
Moved 1050.518 416 220.953 0.1944445 -0.1653385
Moved 1050.565 414 229.761 0.1875 -0.08888033
Moved 1050.609 412 241.7188 0.1805556 0.01491997
Moved 1050.654 407.7604 249.7188 0.1658347 0.08436415
Moved 1050.701 398 260.5 0.1319444 0.1779514
Moved 1050.749 389 268 0.1006945 0.2430556
Moved 1050.797 382.3916 274.6083 0.07774875 0.3004199
Moved 1050.844 380 279.111 0.06944448 0.3395054
Ended 1050.889 377 283.5 0.05902782 0.3776042
Began 1051.327 377 334 0.05902782 0.8159726
Stationary 1051.381 377 334 0.05902782 0.8159726
Stationary 1051.425 377 334 0.05902782 0.8159726
Moved 1051.47 357.6225 334 -0.008255243 0.8159726
Moved 1051.516 340.3121 325.828 -0.06836072 0.7450351
Moved 1051.567 326.665 322 -0.1157464 0.7118059
Moved 1051.615 317.1507 317.5753 -0.1487824 0.6733969
Moved 1051.661 311.5 317 -0.1684028 0.6684031
Moved 1051.707 303.8268 313.2756 -0.1950457 0.6360735
Moved 1051.75 293.9407 310 -0.2293725 0.607639
Moved 1051.794 287.0019 307.0019 -0.2534656 0.5816137
Moved 1051.838 279.4105 302.7053 -0.2798246 0.5443168
Moved 1051.895 268.6444 294.6445 -0.3172068 0.4743444
Moved 1051.938 261.0228 287.0228 -0.3436708 0.408184
Moved 1051.981 256.3098 282.3098 -0.3600356 0.3672722
Moved 1052.023 251.1833 276.1833 -0.3778356 0.3140916
Moved 1052.066 245.8917 264.6751 -0.3962094 0.2141937
Moved 1052.109 240.9364 250.8092 -0.4134154 0.09383017
Moved 1052.152 237.0704 240.2113 -0.4268389 0.001834234
Moved 1052.201 234 227.5 -0.4375001 -0.108507
Moved 1052.246 234 224 -0.4375001 -0.1388886
Moved 1052.29 242.5896 222.4701 -0.407675 -0.1521693
Moved 1052.359 266.7824 222 -0.3236721 -0.1562497
Moved 1052.402 283.2945 237.9767 -0.2663387 -0.0175635
Moved 1052.445 296.7385 246.4923 -0.2196581 0.05635686
Moved 1052.488 321.8201 259.41 -0.1325692 0.1684899
Moved 1052.532 338.1005 265.7751 -0.07603987 0.2237426
Moved 1052.576 351.2245 271.7415 -0.03047057 0.275534
Moved 1052.62 357.044 273 -0.01026377 0.2864584
Moved 1052.663 358.4794 273 -0.005279854 0.2864584
Stationary 1052.705 358 273 -0.006944462 0.2864584
Moved 1052.748 344.5181 257.3575 -0.05375661 0.1506729
Moved 1052.817 317.8971 218.8285 -0.1461907 -0.1837802
Moved 1052.86 310.2021 203.4043 -0.1729092 -0.3176708
Moved 1052.903 306.1203 188.361 -0.1870822 -0.4482553
Moved 1052.951 306 180.8192 -0.1875 -0.5137222
Moved 1052.994 306 178.9802 -0.1875 -0.5296856
Moved 1053.038 329.0632 179 -0.1074196 -0.5295134
Moved 1053.08 355.9979 201.856 -0.0138963 -0.3311113
Moved 1053.123 377.438 215.0627 0.06054848 -0.2164693
Moved 1053.166 388.2196 223.6647 0.09798482 -0.1417997
Moved 1053.21 398.2823 234.2822 0.1329246 -0.04963345
Ended 1053.28 408 243 0.1666667 0.02604167
Began 1053.774 316 221 -0.1527778 -0.1649306
Stationary 1053.826 316 221 -0.1527778 -0.1649306
Stationary 1053.868 316 221 -0.1527778 -0.1649306
Moved 1053.911 305.4572 221 -0.1893846 -0.1649306
Moved 1053.956 301.1445 221 -0.2043594 -0.1649306
Moved 1054.001 298.5 221 -0.2135417 -0.1649306
Moved 1054.046 296.7513 221 -0.2196136 -0.1649306
Stationary 1054.089 296.7513 221 -0.2196136 -0.1649306
Moved 1054.133 295.9154 221 -0.222516 -0.1649306
Stationary 1054.177 296 221 -0.2222222 -0.1649306
Stationary 1054.228 296 221 -0.2222222 -0.1649306
Moved 1054.271 309 235.5 -0.1770833 -0.0390625
Moved 1054.319 316.6314 242.6315 -0.1505853 0.02284262
Moved 1054.37 320 248.2004 -0.1388889 0.07118464
Moved 1054.416 320 250.2454 -0.1388889 0.0889357
Moved 1054.461 308.0115 253.4985 -0.1805155 0.1171751
Moved 1054.506 295.6451 257.785 -0.2234545 0.1543835
Moved 1054.555 283.7274 262.7575 -0.2648353 0.1975478
Moved 1054.599 272.8851 267 -0.3024824 0.2343753
Moved 1054.645 266.165 269 -0.3258161 0.2517361
Moved 1054.716 257.2848 274.7153 -0.3566502 0.3013479
Moved 1054.761 257 280.0179 -0.3576389 0.3473775
Moved 1054.806 265.9336 284.9926 -0.3266196 0.3905609
Moved 1054.851 289.0017 290.2859 -0.2465218 0.4365103
Moved 1054.895 332.8397 291 -0.09430662 0.4427084
Moved 1054.939 383.4978 279.4502 0.08158967 0.3424496
Moved 1054.989 414.5 273.5 0.1892361 0.2907986
Moved 1055.037 435.5661 266.2893 0.2623822 0.2282055
Moved 1055.083 447.3029 260.8485 0.3031352 0.1809767
Moved 1055.131 456.2348 253.7651 0.3341487 0.119489
Moved 1055.202 466.3022 241.6979 0.3691047 0.01473877
Moved 1055.248 472.437 235.563 0.3904064 -0.03851573
Moved 1055.299 476.5212 233.4788 0.4045877 -0.05660773
Ended 1055.344 479.0501 233 0.4133685 -0.0607639
Began 1055.803 427 323 0.2326389 0.7204862
Stationary 1055.862 427 323 0.2326389 0.7204862
Stationary 1055.906 427 323 0.2326389 0.7204862
Stationary 1055.946 427 323 0.2326389 0.7204862
Stationary 1055.986 427 323 0.2326389 0.7204862
Stationary 1056.026 427 323 0.2326389 0.7204862
Stationary 1056.066 427 323 0.2326389 0.7204862
Moved 1056.106 440.5134 323 0.2795604 0.7204862
Moved 1056.148 444.566 323 0.293632 0.7204862
Moved 1056.19 450.0857 312.9143 0.3127976 0.6329367
Moved 1056.246 452 308.6664 0.3194444 0.5960624
Moved 1056.291 452 301.2452 0.3194444 0.5316425
Moved 1056.334 452 296.3679 0.3194444 0.4893047
Moved 1056.386 440.9484 288.9484 0.2810708 0.4248998
Moved 1056.439 436.6472 283.6472 0.266136 0.3788816
Moved 1056.483 432.6978 279.6979 0.2524231 0.3445999
Moved 1056.528 430.3987 275.3987 0.24444 0.307281
Moved 1056.575 427.3052 271.6104 0.2336987 0.274396
Moved 1056.621 422.2126 262.3189 0.2160159 0.1937408
Moved 1056.67 417.7961 248.3884 0.2006811 0.07281622
Moved 1056.743 406.9705 209.8524 0.163092 -0.2616978
Moved 1056.79 402.6681 194.0042 0.148153 -0.3992696
Moved 1056.835 401 185.4668 0.1423611 -0.4733785
Ended 1056.879 401 185 0.1423611 -0.4774306
Began 1057.188 413 300 0.1840278 0.5208334
Stationary 1057.241 413 300 0.1840278 0.5208334
Stationary 1057.286 413 300 0.1840278 0.5208334
Moved 1057.33 396.5 300 0.1267362 0.5208334
Moved 1057.376 389.2935 300 0.1017137 0.5208334
Moved 1057.421 382.3949 300 0.07776022 0.5208334
Moved 1057.465 376.8956 307.7309 0.05866528 0.5879419
Moved 1057.51 373.5845 310.4155 0.04716843 0.6112454
Moved 1057.56 370.5785 312 0.03673092 0.6250003
Moved 1057.612 367.2887 313 0.02530784 0.6336806
Moved 1057.657 363.3225 313 0.01153663 0.6336806
Moved 1057.703 358.0178 313 -0.006882772 0.6336806
Moved 1057.751 351.0649 302.0649 -0.03102451 0.5387582
Moved 1057.798 347 295.3461 -0.0451389 0.4804355
Moved 1057.844 347 293.9133 -0.0451389 0.467998
Moved 1057.889 346 289.4863 -0.04861109 0.4295689
Moved 1057.933 346 283.184 -0.04861109 0.3748613
Moved 1057.981 346 276.2327 -0.04861109 0.3145197
Moved 1058.025 354.0662 271.9338 -0.02060339 0.277203
Moved 1058.097 376.7888 264 0.05829469 0.2083336
Moved 1058.142 388.4539 258.7731 0.09879827 0.1629607
Moved 1058.188 392.0849 256.9152 0.1114059 0.1468333
Moved 1058.232 394 252.5011 0.1180555 0.1085168
Moved 1058.276 394 246.2021 0.1180555 0.05383836
Moved 1058.323 394 241.2589 0.1180555 0.01092831
Moved 1058.369 385.9586 234.9586 0.09013399 -0.043762
Moved 1058.414 377.9495 233 0.06232456 -0.0607639
Moved 1058.459 368.0298 232 0.02788141 -0.06944445
Moved 1058.505 357.5 232 -0.008680523 -0.06944445
Moved 1058.58 336.9325 252.0675 -0.08009554 0.1047527
Moved 1058.632 321.9689 261.6874 -0.1320525 0.1882588
Moved 1058.679 309.7514 272.2486 -0.1744744 0.2799357
Moved 1058.726 282.3187 296.4769 -0.2697269 0.4902514
Ended 1058.772 262 312 -0.3402778 0.6250003
Began 1059.225 315 279 -0.15625 0.338542
Stationary 1059.272 315 279 -0.15625 0.338542
Stationary 1059.316 315 279 -0.15625 0.338542
Moved 1059.361 301.3676 269.3135 -0.2035849 0.2544573
Moved 1059.407 293.487 266.487 -0.2309479 0.2299222
Moved 1059.452 289.5 264 -0.2447917 0.2083336
Moved 1059.496 284.2531 260.6266 -0.2630099 0.1790505
Moved 1059.542 280.9037 257.9037 -0.27464 0.155414
Moved 1059.588 275.9472 255.9473 -0.29185 0.1384311
Moved 1059.64 268.2992 253.6497 -0.3184055 0.1184866
Moved 1059.685 261.4626 254 -0.342144 0.1215281
Moved 1059.727 256.3554 254 -0.359877 0.1215281
Moved 1059.77 253.6292 254 -0.369343 0.1215281
Moved 1059.813 253 254 -0.3715278 0.1215281
Stationary 1059.854 253 254 -0.3715278 0.1215281
Moved 1059.896 253 262.045 -0.3715278 0.191363
Moved 1059.94 251.8986 261 -0.375352 0.1822917
Moved 1059.985 249.6953 251.3905 -0.3830025 0.0988759
Moved 1060.034 245.7069 240.4138 -0.3968511 0.003592174
Moved 1060.109 243 226.5366 -0.40625 -0.1168694
Moved 1060.157 243 224.6271 -0.40625 -0.1334455
Moved 1060.201 266.2028 225 -0.3256846 -0.1302083
Moved 1060.245 290.1963 241.0981 -0.2423741 0.009532506
Moved 1060.289 312.0507 253.0304 -0.1664905 0.1131111
Moved 1060.339 326.95 260.9833 -0.1147568 0.1821473
Moved 1060.389 334.2679 266.2678 -0.08934774 0.2280193
Moved 1060.436 338 269.5723 -0.07638887 0.2567037
Moved 1060.485 339 271 -0.07291667 0.2690972
Moved 1060.531 339 272.1869 -0.07291667 0.2794001
Moved 1060.603 321.0381 273 -0.1352844 0.2864584
Moved 1060.651 310.0898 273 -0.1732992 0.2864584
Moved 1060.697 302.1869 273 -0.2007401 0.2864584
Moved 1060.752 295.3548 273 -0.2244625 0.2864584
Moved 1060.795 294.5 273 -0.2274306 0.2864584
Moved 1060.842 295 273 -0.2256945 0.2864584
Moved 1060.886 295 274.3718 -0.2256945 0.2983668
Moved 1060.931 295 275.5 -0.2256945 0.3081597
Moved 1060.976 309.2578 277.0859 -0.1761881 0.3219268
Moved 1061.026 319.05 278 -0.1421876 0.3298611
Moved 1061.098 327.1948 280 -0.1139069 0.3472225
Ended 1061.143 329 281 -0.1076389 0.3559028
PhraseEnd 1062.31
