one heck of a question
Basic
0.6 0.6
432 326.4
Began 978.1879 552 541 0.4444444 0.5300245
Stationary 978.2379 552 541 0.4444444 0.5300245
Stationary 978.277 552 541 0.4444444 0.5300245
Stationary 978.3117 552 541 0.4444444 0.5300245
Stationary 978.347 552 541 0.4444444 0.5300245
Stationary 978.3813 552 541 0.4444444 0.5300245
Stationary 978.4178 552 541 0.4444444 0.5300245
Stationary 978.4548 552 541 0.4444444 0.5300245
Stationary 978.4903 552 541 0.4444444 0.5300245
Stationary 978.525 552 541 0.4444444 0.5300245
Stationary 978.5675 552 541 0.4444444 0.5300245
Moved 978.6046 538.0558 541 0.4121662 0.5300245
Moved 978.6421 530.3743 533.9983 0.3943851 0.5085732
Moved 978.6797 514.5265 512.5371 0.3577002 0.4428221
Moved 978.7152 503.7597 487.9858 0.3327771 0.3676037
Moved 978.7505 490.8126 454.5127 0.3028069 0.2650512
Moved 978.7875 475.4159 407.5399 0.2671665 0.1211393
Moved 978.8264 463.745 373.337 0.2401505 0.01635121
Moved 978.8622 446.1381 335.9038 0.1993937 -0.09833383
Moved 978.8983 434.1294 311.2589 0.1715959 -0.1738393
Moved 978.9575 422 286.5 0.1435185 -0.2496935
Moved 978.996 421 284.3221 0.1412037 -0.2563661
Moved 979.0321 418.8577 284 0.1362446 -0.2573529
Moved 979.0685 410.8734 290.1899 0.1177625 -0.2383889
Moved 979.104 384.6691 322.8062 0.05710443 -0.1384614
Moved 979.1412 305.251 436.9877 -0.1267337 0.2113594
Moved 979.1774 275.314 480.6943 -0.1960323 0.3452643
Moved 979.2159 254 512 -0.2453704 0.4411765
Moved 979.2527 249.1745 521.651 -0.2565405 0.4707445
Moved 979.291 245.6956 530.4565 -0.2645934 0.4977223
Ended 979.3455 245.6956 530.4565 -0.2645934 0.4977223
Began 979.5889 481 414 0.2800926 0.1409314
Stationary 979.6323 481 414 0.2800926 0.1409314
Stationary 979.6658 481 414 0.2800926 0.1409314
Stationary 979.7018 481 414 0.2800926 0.1409314
Moved 979.7379 472.7251 399.4501 0.2609376 0.09635463
Moved 979.7733 468.6615 394.3307 0.2515313 0.08067019
Moved 979.8093 464.8456 390.9228 0.2426983 0.0702291
Moved 979.8464 460 389 0.2314815 0.06433833
Moved 979.8839 455.3787 387.1893 0.2207841 0.05879084
Moved 979.9213 448.1306 387 0.2040059 0.05821083
Moved 979.9576 434.551 383.1837 0.1725717 0.04651865
Moved 979.9921 428.9106 381.9821 0.1595151 0.04283746
Moved 980.028 411.3997 375.3599 0.1189807 0.0225486
Moved 980.0644 398.1949 371.0649 0.08841404 0.009390233
Moved 980.1021 393.331 370 0.07715514 0.006127451
Moved 980.1646 373.0302 384.0986 0.03016254 0.04932166
Moved 980.2001 331.2726 419.7728 -0.06649867 0.1586178
Moved 980.2377 299.653 452.4742 -0.1396922 0.2588057
Moved 980.2776 270.6766 480.1343 -0.206767 0.343549
Moved 980.315 262.5 492.5 -0.2256944 0.3814338
Moved 980.3541 256.8017 498.1983 -0.2388849 0.3988919
Moved 980.3932 256 499 -0.2407407 0.4013481
Moved 980.4292 256 500 -0.2407407 0.4044118
Moved 980.465 266.7983 470.3046 -0.2157446 0.3134331
Moved 980.4995 276.8094 422.7148 -0.1925708 0.1676313
Moved 980.5549 295.5438 317.1056 -0.1492041 -0.1559264
Moved 980.5918 299.6857 291.1434 -0.1396165 -0.2354676
Moved 980.6271 303.0919 265.0811 -0.1317317 -0.3153154
Moved 980.6776 307 243.5 -0.1226852 -0.3814338
Moved 980.715 308.992 240 -0.118074 -0.3921569
Moved 980.7518 309 239 -0.1180555 -0.3952205
Moved 980.7877 335.249 271.4572 -0.05729393 -0.2957808
Moved 980.8237 388.895 334.7009 0.06688654 -0.1020194
Moved 980.8592 440 390.5 0.1851852 0.06893382
Moved 980.8945 476.0001 426.1429 0.2685187 0.1781341
Moved 980.9551 495.285 443.6425 0.3131598 0.2317479
Ended 980.9923 496 444 0.3148148 0.2328433
Began 981.2947 556 593 0.4537037 0.6893383
Stationary 981.345 556 593 0.4537037 0.6893383
Stationary 981.3829 556 593 0.4537037 0.6893383
Stationary 981.4171 556 593 0.4537037 0.6893383
Stationary 981.4518 556 593 0.4537037 0.6893383
Stationary 981.4873 556 593 0.4537037 0.6893383
Moved 981.524 546.1595 593 0.4309247 0.6893383
Stationary 981.561 546 593 0.4305556 0.6893383
Moved 981.5972 543.6315 583.2629 0.4250728 0.6595066
Moved 981.6334 525.1636 556.2336 0.3823231 0.5766962
Moved 981.6708 504.936 522.2551 0.3355001 0.4725952
Moved 981.7081 480.5928 473.8227 0.27915 0.3242117
Moved 981.7563 465.8503 436.1257 0.2450237 0.2087184
Moved 981.7951 457.2277 414.1484 0.2250641 0.1413862
Moved 981.8316 444.8593 391.7749 0.1964336 0.07283978
Moved 981.868 434.8378 381.8378 0.1732355 0.04239513
Moved 981.9043 414.0525 368.1973 0.1251215 0.0006043678
Moved 981.9407 372.2871 345.9238 0.02844244 -0.06763524
Moved 981.9755 345.5 338 -0.03356482 -0.09191177
Moved 982.0104 333.2098 334.0839 -0.06201441 -0.1039095
Moved 982.0493 321.5 333 -0.08912037 -0.1072304
Moved 982.0913 320 333 -0.09259259 -0.1072304
Ended 982.1486 320 333 -0.09259259 -0.1072304
Began 982.5276 280 403 -0.1851852 0.1072304
Moved 982.5732 270.0094 403 -0.2083116 0.1072304
Moved 982.6106 255.676 403 -0.2414908 0.1072304
Moved 982.6479 223.9552 396 -0.3149185 0.08578432
Moved 982.6847 205.9483 393.6185 -0.3566011 0.07848819
Moved 982.7216 186.1515 393 -0.402427 0.0765931
Moved 982.7592 176.9021 392 -0.4238377 0.07352946
Moved 982.7966 172 391 -0.4351852 0.07046569
Moved 982.8347 167.9282 391 -0.4446107 0.07046569
Moved 982.8716 166.5259 390 -0.4478567 0.06740196
Moved 982.9083 166 390 -0.4490741 0.06740196
Moved 982.9458 166 388.9917 -0.4490741 0.06431281
Ended 982.9936 166 389 -0.4490741 0.06433833
Began 983.3271 420 491 0.1388889 0.3768382
Moved 983.3746 403.5 491 0.1006944 0.3768382
Moved 983.4113 388.5488 497.5198 0.06608526 0.396813
Moved 983.4496 346.5 510.5 -0.03125002 0.4365809
Moved 983.4866 318.206 519.6118 -0.09674539 0.4644968
Moved 983.5226 284.3035 526.2828 -0.1752234 0.484935
Moved 983.5584 273.2569 527 -0.2007943 0.4871323
Moved 983.594 266.3833 527 -0.2167053 0.4871323
Moved 983.6304 256.6496 527 -0.2392371 0.4871323
Moved 983.6656 248.5909 520.1819 -0.2578914 0.4662435
Moved 983.7083 229.6835 509.61 -0.3016587 0.4338544
Moved 983.744 217 502 -0.3310185 0.4105393
Moved 983.7836 188.7208 488.4518 -0.3964797 0.3690312
Moved 983.8184 176.6389 481.8195 -0.4244469 0.3487116
Moved 983.8549 170.4736 479.2368 -0.4387184 0.3407991
Moved 983.9102 167.7085 477 -0.4451192 0.3339461
Stationary 983.9468 167.7085 477 -0.4451192 0.3339461
Moved 983.9808 186.4127 477 -0.4018224 0.3339461
Moved 984.0185 279.7209 500.1644 -0.1858312 0.4049155
Moved 984.0557 333.6823 509.1077 -0.06092067 0.4323155
Moved 984.0946 389.6589 511 0.06865481 0.4381127
Moved 984.1309 412.7349 511 0.1220715 0.4381127
Moved 984.1698 428.0708 502.6431 0.1575713 0.4125094
Moved 984.2071 430 501.2394 0.162037 0.4082091
Moved 984.2446 430 499.8341 0.162037 0.4039035
Moved 984.3019 371.3168 482.694 0.02619634 0.3513909
Moved 984.3392 293.3841 474.6689 -0.1542035 0.3268042
Moved 984.3763 272 474 -0.2037037 0.324755
Moved 984.4131 245.0364 473 -0.2661193 0.3216912
Moved 984.4499 226.1374 470.5344 -0.3098672 0.3141372
Moved 984.4893 220.272 470.136 -0.3234445 0.3129167
Moved 984.5261 217 468.8373 -0.3310185 0.3089378
Moved 984.5622 216 465 -0.3333333 0.2971814
Moved 984.6044 216 443.8084 -0.3333333 0.2322562
Moved 984.6416 215 420 -0.3356481 0.1593137
Moved 984.6981 215 378.2138 -0.3356481 0.0312923
Moved 984.7383 215 360.5765 -0.3356481 -0.02274336
Moved 984.7741 215 358.1346 -0.3356481 -0.03022465
Moved 984.8122 225.6706 358 -0.3109476 -0.03063726
Moved 984.8503 251.6882 395.1962 -0.2507218 0.08332183
Moved 984.8875 276.8438 428.7917 -0.1924911 0.1862492
Moved 984.9319 305.0945 463.6794 -0.127096 0.2931355
Moved 984.9764 326.9493 483.5696 -0.07650628 0.3540734
Moved 985.0118 338.5 490 -0.04976853 0.3737745
Moved 985.049 374.8461 492.9231 0.03436585 0.3827301
Moved 985.108 450.8707 486.4776 0.2103489 0.3629828
Moved 985.1452 484.0571 479.5886 0.2871693 0.3418767
Moved 985.1805 507.8365 472.3322 0.3422141 0.3196453
Moved 985.2172 541.1449 455.5131 0.4193169 0.2681161
Moved 985.2525 549.7083 448.2917 0.4391395 0.2459919
Moved 985.2877 553 438.1981 0.4467593 0.2150676
Moved 985.3236 524.4016 372.8031 0.3805591 0.01471548
Moved 985.36 494.4818 326.5993 0.3113006 -0.1268403
Moved 985.3966 465.8997 289.8997 0.2451382 -0.2392778
Moved 985.4355 424.0959 238.8177 0.1483701 -0.395779
Ended 985.4908 424.0959 238.8177 0.1483701 -0.395779
PhraseEnd 991.3889
