question that must be answered
Basic
0.4 0.4
288 217.6
Began 1315.37 200 370 -0.5555556 0.009191178
Stationary 1315.428 200 370 -0.5555556 0.009191178
Stationary 1315.481 200 370 -0.5555556 0.009191178
Stationary 1315.533 200 370 -0.5555556 0.009191178
Moved 1315.587 180.6378 370 -0.6227854 0.009191178
Moved 1315.636 171.5 370 -0.6545139 0.009191178
Moved 1315.696 168 379.3157 -0.6666667 0.05200232
Moved 1315.747 175.3875 394.6172 -0.6410155 0.1223217
Moved 1315.798 190.8442 416.6884 -0.5873465 0.223752
Moved 1315.861 196 439.9435 -0.5694444 0.3306229
Moved 1315.92 198.7833 453.5667 -0.5597801 0.3932292
Moved 1315.968 199 460.3792 -0.5590278 0.4245366
Moved 1316.015 201.9728 463 -0.5487055 0.4365809
Moved 1316.062 206.5975 464 -0.5326477 0.4411766
Moved 1316.111 236.8194 464 -0.4277106 0.4411766
Moved 1316.184 357.2206 451.8189 -0.009650514 0.3851973
Moved 1316.234 399.3255 451 0.1365468 0.3814338
Moved 1316.282 409.7963 451 0.1729039 0.3814338
Moved 1316.337 410 449.8371 0.1736111 0.3760897
Moved 1316.385 398.3506 448 0.1331617 0.3676471
Moved 1316.434 377.7291 445.8184 0.06155938 0.3576214
Moved 1316.483 346.2771 446 -0.04764907 0.3584559
Moved 1316.532 309.2015 446 -0.1763838 0.3584559
Moved 1316.58 293.0208 446 -0.2325667 0.3584559
Moved 1316.627 288.4037 446 -0.2485983 0.3584559
Stationary 1316.699 288 446 -0.25 0.3584559
Moved 1316.751 306.7918 420.5552 -0.1847506 0.241522
Moved 1316.804 313.5 393.5 -0.1614583 0.1171874
Moved 1316.853 320.8262 376.8688 -0.13602 0.04075752
Moved 1316.899 324.4269 370.5731 -0.1235177 0.01182514
Moved 1316.946 325.5 369 -0.1197917 0.004595589
Moved 1316.992 325 369 -0.1215278 0.004595589
Stationary 1317.037 325 369 -0.1215278 0.004595589
Moved 1317.083 330.5 394.5 -0.1024306 0.1217832
Moved 1317.128 338.7738 414.4346 -0.07370204 0.2133943
Moved 1317.211 358.6115 446.4819 -0.004821345 0.3606707
Moved 1317.26 372.1804 456.3082 0.04229307 0.4058282
Moved 1317.307 392.2632 461 0.1120249 0.4273897
Moved 1317.355 425.1304 461 0.2261472 0.4273897
Moved 1317.401 464.6723 450.0728 0.3634455 0.377173
Moved 1317.448 495.5 441 0.4704862 0.3354779
Moved 1317.496 511.6011 436.1329 0.5263928 0.3131109
Moved 1317.542 516.4714 432.5286 0.5433034 0.296547
Moved 1317.588 517 424.7977 0.5451389 0.2610191
Moved 1317.634 501.9552 406.5462 0.4928999 0.1771426
Moved 1317.711 472.5562 366.3344 0.3908204 -0.00765464
Moved 1317.762 456.4138 341.9793 0.3347701 -0.1195804
Moved 1317.813 440.5 321.5 0.2795139 -0.2136947
Ended 1317.865 432.6172 313.7448 0.2521428 -0.2493348
Began 1318.239 391 589 0.1076388 1.015625
Stationary 1318.292 391 589 0.1076388 1.015625
Moved 1318.343 376.064 589 0.05577773 1.015625
Moved 1318.393 369.433 581.1443 0.03275335 0.9795237
Moved 1318.444 359.3293 577.3293 -0.002328679 0.9619915
Moved 1318.495 355.9375 577 -0.01410589 0.9604781
Moved 1318.545 353 574.5 -0.02430558 0.9489891
Moved 1318.594 351 572.8177 -0.03124997 0.9412581
Moved 1318.644 348.3003 556.003 -0.040624 0.8639845
Moved 1318.695 345.6929 506.7007 -0.04967742 0.6374113
Moved 1318.755 341.1448 466.0139 -0.06546929 0.4504315
Moved 1318.809 337 438.1508 -0.07986113 0.3223844
Moved 1318.862 335 425.1179 -0.08680553 0.2624905
Moved 1318.914 334 420 -0.09027779 0.2389706
Moved 1318.963 334 416.8108 -0.09027779 0.2243143
Moved 1319.014 349.3457 406.418 -0.036994 0.1765532
Moved 1319.066 374.8526 384.4561 0.05157158 0.07562547
Moved 1319.115 382.1073 374.8927 0.0767614 0.03167602
Moved 1319.17 382 370.5977 0.07638887 0.01193776
Moved 1319.219 382 365.9869 0.07638887 -0.009251483
Moved 1319.295 360.609 362 0.002114475 -0.02757339
Moved 1319.345 334.2488 362 -0.08941375 -0.02757339
Moved 1319.398 275.2343 362 -0.2943252 -0.02757339
Moved 1319.449 249.8511 372.1489 -0.3824615 0.01906676
Moved 1319.507 233.4845 372.2578 -0.4392898 0.01956687
Moved 1319.557 229.5195 374.4805 -0.4530573 0.02978157
Moved 1319.608 242.6697 393.0388 -0.4073968 0.1150678
Moved 1319.662 256.0638 405.0383 -0.3608895 0.1702126
Moved 1319.716 292 419.5 -0.2361111 0.2366729
Moved 1319.765 315.8149 428.2717 -0.1534203 0.2769838
Moved 1319.844 336.503 434.8344 -0.08158684 0.3071433
Moved 1319.895 342.4484 436 -0.06094307 0.3125
Moved 1319.943 344 437 -0.05555556 0.3170957
Ended 1319.993 344 437 -0.05555556 0.3170957
Began 1320.215 458 239 0.3402779 -0.5928308
Stationary 1320.263 458 239 0.3402779 -0.5928308
Stationary 1320.316 458 239 0.3402779 -0.5928308
Stationary 1320.365 458 239 0.3402779 -0.5928308
Stationary 1320.417 458 239 0.3402779 -0.5928308
Stationary 1320.468 458 239 0.3402779 -0.5928308
Moved 1320.518 458 254.7938 0.3402779 -0.520249
Moved 1320.569 458 269.5 0.3402779 -0.4526655
Moved 1320.62 444.2188 293.1249 0.2924263 -0.3440951
Moved 1320.686 417.6987 336.3013 0.2003425 -0.1456739
Moved 1320.745 403.1533 355.3083 0.1498379 -0.05832561
Moved 1320.792 388.3825 378.2349 0.09855047 0.04703564
Moved 1320.84 378.5739 402.8031 0.06449253 0.1599409
Moved 1320.886 363.7681 438.8878 0.01308352 0.3257713
Moved 1320.932 354.1733 465.8934 -0.02023153 0.449878
Moved 1320.979 352 477.8462 -0.02777778 0.5048079
Moved 1321.026 349.7681 482.2319 -0.03552757 0.524963
Moved 1321.076 348.1578 482 -0.04111886 0.5238972
Moved 1321.126 333.7662 459.4259 -0.09108968 0.4201558
Moved 1321.206 303.0529 414.6741 -0.1977328 0.2144953
Moved 1321.26 289.0071 397.0071 -0.246503 0.1333049
Moved 1321.313 284.6812 390.6812 -0.2615236 0.1042336
Moved 1321.365 281.5 386.5 -0.2725694 0.08501846
Moved 1321.415 280.5 386 -0.2760417 0.08272059
Moved 1321.464 281 384.7332 -0.2743056 0.07689869
Stationary 1321.513 281 385 -0.2743056 0.07812501
Moved 1321.568 299.787 399.787 -0.2090728 0.1460803
Moved 1321.62 319.7903 419.0323 -0.1396169 0.2345234
Moved 1321.67 337.6126 438.8168 -0.07773399 0.3254447
Moved 1321.749 346 451.2716 -0.04861109 0.3826821
Ended 1321.798 347 452 -0.0451389 0.3860295
Began 1322.086 383 243 0.07986113 -0.5744486
Stationary 1322.135 383 243 0.07986113 -0.5744486
Stationary 1322.185 383 243 0.07986113 -0.5744486
Moved 1322.238 378.1925 249.181 0.06316841 -0.5460431
Moved 1322.292 373.7093 256.5814 0.04760176 -0.5120339
Moved 1322.352 369.209 264.3731 0.03197551 -0.4762266
Moved 1322.401 364.5999 275.2001 0.01597196 -0.42647
Moved 1322.45 360.9989 289.0056 0.003468246 -0.363026
Moved 1322.499 359 310.5 -0.003472194 -0.2642463
Moved 1322.546 357 332.9449 -0.01041666 -0.1610985
Moved 1322.607 355.366 363.34 -0.01609028 -0.0214156
Moved 1322.656 347.2769 395.4105 -0.04417763 0.1259676
Moved 1322.71 338.4673 417.0653 -0.07476613 0.225484
Moved 1322.768 323.4291 432.1782 -0.1269822 0.2949364
Moved 1322.82 308.0243 443.9806 -0.1804713 0.3491755
Moved 1322.871 288.3898 457.2076 -0.2486465 0.4099617
Moved 1322.922 269.3645 465.1271 -0.3147065 0.4463561
Moved 1322.972 256.8187 469 -0.3582684 0.4641546
Moved 1323.023 252 472.2229 -0.375 0.4789656
Ended 1323.074 252 473.4203 -0.375 0.4844685
Began 1323.279 306 366 -0.1875 -0.009191178
Stationary 1323.355 306 366 -0.1875 -0.009191178
Stationary 1323.404 306 366 -0.1875 -0.009191178
Moved 1323.455 282.1329 354.0665 -0.2703719 -0.06403279
Moved 1323.508 270.5 351.5 -0.3107639 -0.07582707
Moved 1323.56 256.8097 352 -0.3582997 -0.07352942
Moved 1323.614 248.6781 352 -0.3865344 -0.07352942
Moved 1323.667 242.5381 352 -0.407854 -0.07352942
Moved 1323.718 238.1922 352 -0.4229437 -0.07352942
Moved 1323.768 235.7928 360.2072 -0.431275 -0.03581244
Moved 1323.818 235 363 -0.4340278 -0.02297794
Moved 1323.882 253.3797 369.738 -0.3702095 0.007987023
Moved 1323.934 301.7283 355.3113 -0.2023322 -0.058312
Moved 1323.992 382.5138 317.9908 0.07817298 -0.2298217
Moved 1324.043 407.5665 302.289 0.1651613 -0.3019806
Moved 1324.093 419.5186 294.4814 0.2066617 -0.3378612
Moved 1324.141 426.3667 289.6333 0.2304398 -0.3601411
Moved 1324.191 428 284.8226 0.2361111 -0.3822491
Stationary 1324.238 428 285 0.2361111 -0.3814338
Moved 1324.289 390.8207 296.9266 0.1070164 -0.3266241
Moved 1324.337 355 318 -0.01736112 -0.2297794
Moved 1324.414 313.5088 348.6608 -0.1614279 -0.08887502
Moved 1324.463 294.8153 359.1108 -0.2263358 -0.04085092
Moved 1324.513 277 369.5 -0.2881944 0.006893383
Moved 1324.561 266.8412 372.1588 -0.323468 0.01911192
Moved 1324.613 262.6558 375.3442 -0.3380008 0.0337511
Moved 1324.662 263 386.21 -0.3368056 0.08368577
Moved 1324.715 277.8586 401.5759 -0.2852131 0.1543012
Moved 1324.77 282.1872 410.3744 -0.2701834 0.1947353
Moved 1324.821 284 422.9698 -0.2638889 0.2526189
Moved 1324.873 284 438.3474 -0.2638889 0.3232878
Moved 1324.95 265.4163 454.5837 -0.3284158 0.3979032
Moved 1324.998 264 457.7152 -0.3333333 0.4122943
Moved 1325.046 264 460.121 -0.3333333 0.42335
Moved 1325.095 264 461 -0.3333333 0.4273897
Moved 1325.142 278.4621 462 -0.2831176 0.4319854
Moved 1325.191 303.6777 462 -0.1955635 0.4319854
Moved 1325.241 327 450.5 -0.1145833 0.3791361
Moved 1325.292 336.7265 448 -0.08081079 0.3676471
Moved 1325.343 341.5 447 -0.06423608 0.3630516
Moved 1325.394 341 445.9329 -0.06597222 0.3581473
Moved 1325.483 325.4588 441.8196 -0.1199348 0.3392444
Moved 1325.537 314.8165 437.6055 -0.1568872 0.3198783
Moved 1325.589 297.0858 433.6953 -0.2184522 0.3019084
Moved 1325.641 287.2654 434 -0.2525505 0.3033089
Moved 1325.699 278.5386 434 -0.2828521 0.3033089
Moved 1325.752 273.9384 434 -0.2988248 0.3033089
Moved 1325.803 273 434 -0.3020833 0.3033089
Moved 1325.856 273 443.4416 -0.3020833 0.3466985
Moved 1325.906 287.3545 445.7849 -0.2522413 0.3574671
Moved 1325.96 302.8434 450 -0.1984606 0.3768383
Moved 1326.038 310.1416 451 -0.1731195 0.3814338
Stationary 1326.087 310 451 -0.1736111 0.3814338
Moved 1326.136 310 439.5624 -0.1736111 0.3288716
Moved 1326.19 296.5488 418.6464 -0.2203168 0.2327498
Moved 1326.241 291.674 400.3698 -0.2372433 0.1487581
Moved 1326.292 287.0762 386.3047 -0.2532077 0.08412088
Moved 1326.343 283.5292 373.5877 -0.2655235 0.02567895
Moved 1326.396 283 367.8536 -0.2673611 -0.000672621
Ended 1326.445 283 368 -0.2673611 0
PhraseEnd 1327.579
