are you talking to me
Basic
0.6 0.6
432 326.4
Began 873.5444 223 401 -0.3171296 0.1011029
Stationary 873.5883 223 401 -0.3171296 0.1011029
Stationary 873.6179 223 401 -0.3171296 0.1011029
Moved 873.6491 208.4275 401 -0.3508623 0.1011029
Moved 873.6798 202.3297 401 -0.3649775 0.1011029
Moved 873.7113 195.1219 401 -0.3816622 0.1011029
Moved 873.743 186.2115 401 -0.4022882 0.1011029
Moved 873.7738 176.6946 413.3054 -0.424318 0.1388032
Moved 873.8058 167.2448 419.5664 -0.4461927 0.1579854
Moved 873.8372 163.357 423.6429 -0.4551921 0.1704748
Moved 873.868 159.9624 426.0375 -0.4630499 0.177811
Moved 873.8994 156.5591 427.4409 -0.470928 0.1821107
Moved 873.9293 155.5 427 -0.4733796 0.1807599
Moved 873.9589 155 427 -0.474537 0.1807599
Stationary 873.9883 155 427 -0.474537 0.1807599
Stationary 874.0167 155 427 -0.474537 0.1807599
Stationary 874.0451 155 427 -0.474537 0.1807599
Moved 874.0735 183.1525 433.5763 -0.4093691 0.2009077
Moved 874.121 241.6737 469.296 -0.2739035 0.3103433
Moved 874.1496 276.8242 492.2629 -0.1925366 0.3807076
Moved 874.1812 296.5 505.5 -0.1469907 0.4212623
Moved 874.2104 308.6705 514.0029 -0.1188183 0.4473128
Moved 874.2398 317.2182 518.0728 -0.09903187 0.4597817
Moved 874.2693 320.4758 520.4758 -0.09149119 0.4671442
Moved 874.2991 321.3124 520 -0.08955454 0.4656863
Stationary 874.3279 321.3124 520 -0.08955454 0.4656863
Stationary 874.356 321 520 -0.09027779 0.4656863
Stationary 874.388 321 520 -0.09027779 0.4656863
Moved 874.4388 289.7706 505.789 -0.162568 0.4221476
Moved 874.4761 271.8456 498.3383 -0.2040612 0.3993206
Moved 874.5065 243.6649 487.266 -0.2692941 0.3653983
Moved 874.5372 225.6345 478.9862 -0.3110313 0.3400313
Moved 874.5679 217.5038 475.2519 -0.3298522 0.3285904
Moved 874.5984 214 475 -0.3379629 0.3278186
Ended 874.6288 213.9763 475 -0.3380179 0.3278186
Began 875.207 377 419 0.03935188 0.1562501
Stationary 875.2502 377 419 0.03935188 0.1562501
Stationary 875.2803 377 419 0.03935188 0.1562501
Stationary 875.3096 377 419 0.03935188 0.1562501
Stationary 875.3388 377 419 0.03935188 0.1562501
Stationary 875.3672 377 419 0.03935188 0.1562501
Stationary 875.396 377 419 0.03935188 0.1562501
Stationary 875.4253 377 419 0.03935188 0.1562501
Moved 875.4551 386.1414 428.1414 0.06051242 0.1842567
Moved 875.4863 388.2687 429.2687 0.06543686 0.1877106
Moved 875.5168 390.6747 432.6747 0.07100622 0.1981455
Moved 875.5489 393.0773 435.0773 0.07656793 0.2055065
Moved 875.5795 394.4857 437.4858 0.0798281 0.2128854
Moved 875.6101 394 441.8879 0.07870366 0.2263724
Moved 875.6397 394 448.949 0.07870366 0.2480057
Moved 875.6713 394 456.5778 0.07870366 0.2713782
Moved 875.7199 394 464.9769 0.07870366 0.2971107
Moved 875.752 397.2496 469.2496 0.08622596 0.3102009
Moved 875.7827 412 474 0.1203704 0.324755
Moved 875.8148 445.9899 476 0.1990507 0.3308824
Moved 875.8475 477.976 476 0.2730926 0.3308824
Moved 875.8801 503.7938 476 0.332856 0.3308824
Moved 875.9127 514.1448 476 0.3568168 0.3308824
Moved 875.9451 518.899 476 0.3678218 0.3308824
Stationary 875.975 519 476 0.3680556 0.3308824
Stationary 876.0034 519 476 0.3680556 0.3308824
Moved 876.0493 476.9548 476 0.2707286 0.3308824
Moved 876.081 445.9687 468 0.1990016 0.3063726
Moved 876.1118 435.3695 468 0.1744666 0.3063726
Moved 876.1427 430 468 0.162037 0.3063726
Moved 876.173 428 468 0.1574074 0.3063726
Moved 876.2032 426.8789 468 0.1548122 0.3063726
Ended 876.2339 427 476.855 0.1550926 0.3335021
Began 876.592 304 451 -0.1296296 0.2542892
Stationary 876.6328 304 451 -0.1296296 0.2542892
Stationary 876.6627 304 451 -0.1296296 0.2542892
Moved 876.6937 288.9506 451 -0.1644662 0.2542892
Moved 876.7261 282.4252 451 -0.1795713 0.2542892
Moved 876.7573 274.1571 459.4214 -0.1987104 0.2800903
Moved 876.7875 273.5 459 -0.2002315 0.2787991
Moved 876.817 270.9728 460 -0.2060814 0.2818628
Moved 876.8463 269.7701 460 -0.2088655 0.2818628
Moved 876.8757 270 461.1603 -0.2083333 0.2854178
Stationary 876.9052 270 461.1603 -0.2083333 0.2854178
Moved 876.9451 270 462.3726 -0.2083333 0.2891319
Moved 876.9768 277 462 -0.1921296 0.2879903
Stationary 877.0068 277 462 -0.1921296 0.2879903
Moved 877.0389 266.5948 441.5948 -0.2162157 0.2254745
Moved 877.0698 233.6247 400.7263 -0.2925353 0.1002645
Moved 877.1007 206.4366 372.1396 -0.3554707 0.01268284
Moved 877.1323 189.4275 353.981 -0.3948438 -0.0429505
Moved 877.1627 182.293 347.293 -0.4113587 -0.06344048
Moved 877.1931 182 346 -0.412037 -0.06740196
Moved 877.2231 192.5835 350.6303 -0.3875381 -0.05321596
Moved 877.2722 298.1286 383.7623 -0.1432209 0.04829145
Moved 877.3025 388.8519 408.463 0.06678671 0.1239674
Moved 877.3331 452.0223 420.1704 0.2130147 0.1598358
Moved 877.364 492.7496 423 0.3072909 0.1685049
Moved 877.3948 522.3473 424 0.3758039 0.1715687
Moved 877.4263 538.437 424 0.4130485 0.1715687
Moved 877.4586 547.2832 424 0.4335259 0.1715687
Moved 877.489 551.9893 424 0.4444196 0.1715687
Moved 877.5188 553 414.7444 0.4467593 0.1432122
Moved 877.5518 553 409.9399 0.4467593 0.1284923
Moved 877.6033 519.3861 394.5198 0.3689494 0.08124927
Moved 877.6346 510.7573 391.9307 0.3489752 0.07331704
Moved 877.6657 492.6055 384.6514 0.3069572 0.05101527
Moved 877.6994 489.251 383 0.2991922 0.04595589
Moved 877.7338 488 381.8487 0.2962963 0.0424285
Stationary 877.7713 488 382 0.2962963 0.04289216
Moved 877.8019 488 380.5 0.2962963 0.03829657
Moved 877.8326 488 381 0.2962963 0.03982843
Moved 877.8644 482.8488 393.0194 0.2843722 0.07665265
Moved 877.8955 474.6264 416.8701 0.265339 0.1497246
Moved 877.9464 465.1308 474.5192 0.2433582 0.3263454
Moved 877.9772 465 498.8076 0.2430555 0.4007586
Moved 878.0067 464 508.7346 0.2407408 0.4311723
Moved 878.0367 462.7373 514.5255 0.2378178 0.4489138
Moved 878.0676 463 515 0.2384259 0.4503677
Moved 878.0984 461.8485 515 0.2357604 0.4503677
Moved 878.1289 459 467 0.2291666 0.3033088
Moved 878.1586 449.2195 405.0734 0.2065267 0.1135826
Moved 878.1929 438.7274 348.2732 0.1822392 -0.06043743
Moved 878.2259 431.5 311 0.1655093 -0.1746324
Moved 878.2785 422.8952 291.5807 0.1455907 -0.2341277
Moved 878.3115 416.1879 280.7818 0.1300645 -0.2672126
Moved 878.3423 409.5695 272.7593 0.1147442 -0.2917912
Moved 878.3748 403.575 266.575 0.100868 -0.3107383
Moved 878.4062 400.5 264.5 0.09374996 -0.3170956
Moved 878.4368 394.6875 265 0.08029521 -0.3155637
Moved 878.4673 381.0704 292.4873 0.04877408 -0.2313502
Moved 878.4983 363.5 332.5 0.008101861 -0.1087623
Moved 878.5282 345.0813 372.7832 -0.03453404 0.01465442
Moved 878.5583 337.7406 392.6918 -0.05152647 0.07564905
Moved 878.6075 332 410.1252 -0.06481484 0.1290602
Moved 878.6389 332 415.5 -0.06481484 0.145527
Ended 878.6672 332 415.5 -0.06481484 0.145527
Began 879.0244 428 457 0.1574074 0.2726716
Stationary 879.0626 428 457 0.1574074 0.2726716
Stationary 879.0923 428 457 0.1574074 0.2726716
Moved 879.122 416.2031 457 0.1300998 0.2726716
Moved 879.1536 408.9967 457 0.1134183 0.2726716
Moved 879.1852 404.1454 457 0.1021883 0.2726716
Moved 879.2177 398.2732 464.8634 0.08859526 0.2967629
Moved 879.2501 394.5306 470.9387 0.07993201 0.315376
Moved 879.2856 392.5 475 0.07523149 0.3278186
Moved 879.317 390.9978 482.0088 0.07175415 0.3492917
Moved 879.3478 388.597 488.2091 0.06619662 0.3682878
Moved 879.379 383.5667 493.4333 0.05455245 0.3842932
Moved 879.4094 372.9227 498.4309 0.02991358 0.3996045
Moved 879.4423 356.0327 501.6594 -0.009183536 0.4094959
Moved 879.4736 337.888 502 -0.05118524 0.4105393
Moved 879.5039 327.4612 502 -0.07532139 0.4105393
Moved 879.535 324.5 502 -0.08217593 0.4105393
Moved 879.5844 324 503.8889 -0.08333336 0.4163264
Moved 879.6187 353.6966 512.4677 -0.01459127 0.4426093
Moved 879.6522 462.6894 520 0.2377069 0.4656863
Moved 879.6829 501.1977 520 0.3268464 0.4656863
Moved 879.7133 538.4782 510.0502 0.413144 0.435203
Moved 879.7441 553.1138 511 0.4470226 0.4381127
Moved 879.7756 561.6906 508.7698 0.4668764 0.43128
Moved 879.8059 566 507.5 0.4768519 0.4273897
Ended 879.8358 566 507.5 0.4768519 0.4273897
Began 880.0858 434 366 0.1712963 -0.006127451
Stationary 880.1289 434 366 0.1712963 -0.006127451
Moved 880.1587 434 353.2249 0.1712963 -0.04526681
Moved 880.1888 434 338.0729 0.1712963 -0.0916884
Moved 880.2321 434 326.7891 0.1712963 -0.1262588
Moved 880.2651 434 318.5771 0.1712963 -0.1514181
Moved 880.2963 434 312.6776 0.1712963 -0.1694929
Moved 880.327 434 310.2774 0.1712963 -0.1768462
Moved 880.3573 434 309.5 0.1712963 -0.1792279
Stationary 880.3865 434 309.5 0.1712963 -0.1792279
Stationary 880.4205 434 309.5 0.1712963 -0.1792279
Stationary 880.4561 434 309.5 0.1712963 -0.1792279
Stationary 880.4929 434 309.5 0.1712963 -0.1792279
Stationary 880.5361 434 309.5 0.1712963 -0.1792279
Moved 880.5649 434 310 0.1712963 -0.1776961
Moved 880.5943 452.0977 291.4242 0.213189 -0.2346073
Moved 880.6249 460.9558 272.6106 0.2336939 -0.292247
Moved 880.6896 467 257.5 0.2476852 -0.3385417
Moved 880.7251 467 256.5 0.2476852 -0.3416054
Moved 880.7605 467 257 0.2476852 -0.3400736
Moved 880.7932 428.8868 302.3818 0.1594601 -0.2010361
Moved 880.8245 391.1708 355.1056 0.07215469 -0.03950493
Moved 880.8557 342.3226 412.5991 -0.04091983 0.1366393
Moved 880.8868 308.0955 442.53 -0.1201494 0.2283396
Moved 880.9169 279.0431 463.9713 -0.1874003 0.2940298
Moved 880.9476 260.2109 475.5938 -0.2309933 0.3296379
Moved 880.9778 242.2042 485.3979 -0.2726754 0.3596749
Moved 881.0267 234 493.2162 -0.2916667 0.383628
Moved 881.0577 233 498 -0.2939815 0.3982843
Moved 881.0878 233 505.6737 -0.2939815 0.4217945
Ended 881.1177 233 508 -0.2939815 0.4289215
PhraseEnd 882.0411
