the facts get in the way
Basic
0.4 0.4
288 217.6
Began 1712.154 326 481 -0.1180556 0.5193015
Stationary 1712.232 326 481 -0.1180556 0.5193015
Stationary 1712.294 326 481 -0.1180556 0.5193015
Stationary 1712.352 326 481 -0.1180556 0.5193015
Stationary 1712.409 326 481 -0.1180556 0.5193015
Moved 1712.468 326 468.4633 -0.1180556 0.4616881
Moved 1712.529 341.7962 453.4076 -0.0632076 0.3924982
Moved 1712.589 349.5391 435.3827 -0.03632262 0.3096631
Moved 1712.653 357.8902 417.2196 -0.007325709 0.2261931
Moved 1712.712 364.5 399.5 0.01562506 0.1447611
Moved 1712.769 372.0617 385.8765 0.04188105 0.0821533
Moved 1712.828 378.3735 378.6265 0.06379694 0.048835
Moved 1712.887 387.2141 370.7859 0.09449347 0.01280294
Moved 1712.945 390 368 0.1041667 0
Moved 1713.003 392.0247 365.9753 0.1111968 -0.009304777
Stationary 1713.065 392 366 0.1111111 -0.009191178
Moved 1713.125 367.8581 374.0355 0.02728507 0.0277365
Moved 1713.187 350.7038 380.4321 -0.03227845 0.05713267
Moved 1713.276 324.9361 392.0638 -0.1217496 0.1105875
Moved 1713.337 311.1095 405.3358 -0.1697587 0.1715798
Moved 1713.401 304.1248 411.8752 -0.1940113 0.2016325
Moved 1713.461 299 417.6125 -0.2118056 0.2279987
Moved 1713.523 296 421.0106 -0.2222222 0.2436151
Moved 1713.581 293 424.7397 -0.2326389 0.2607526
Moved 1713.639 289.8885 427 -0.2434425 0.2711398
Moved 1713.698 288.5909 430.4091 -0.2479483 0.2868067
Moved 1713.76 288 435.2579 -0.25 0.3090896
Moved 1713.823 288 438 -0.25 0.3216912
Ended 1713.916 288 439 -0.25 0.3262869
Began 1714.256 326 373 -0.1180556 0.02297794
Stationary 1714.325 326 373 -0.1180556 0.02297794
Stationary 1714.384 326 373 -0.1180556 0.02297794
Stationary 1714.441 326 373 -0.1180556 0.02297794
Moved 1714.499 308.7065 373 -0.1781023 0.02297794
Moved 1714.557 297.8138 373 -0.2159244 0.02297794
Moved 1714.618 280.7 373 -0.2753474 0.02297794
Moved 1714.68 263.339 373 -0.3356286 0.02297794
Moved 1714.74 252.843 373 -0.3720728 0.02297794
Moved 1714.803 241.3618 373 -0.4119381 0.02297794
Moved 1714.864 237 373 -0.4270833 0.02297794
Moved 1714.922 233.5668 373 -0.4390044 0.02297794
Moved 1714.98 232.5 373 -0.4427084 0.02297794
Moved 1715.054 233 373 -0.4409722 0.02297794
Stationary 1715.11 233 373 -0.4409722 0.02297794
Stationary 1715.186 233 373 -0.4409722 0.02297794
Stationary 1715.248 233 373 -0.4409722 0.02297794
Moved 1715.308 250.7892 366.3689 -0.3792041 -0.007495881
Moved 1715.37 280.5 349.5 -0.2760417 -0.08501825
Moved 1715.432 301.3127 333.7655 -0.2037754 -0.1573277
Moved 1715.495 316.1362 321.2426 -0.1523049 -0.214878
Moved 1715.556 331.6928 307.5381 -0.09828896 -0.2778578
Moved 1715.617 340.2708 299.3646 -0.06850436 -0.3154199
Moved 1715.709 353.8971 291 -0.02119065 -0.3538603
Moved 1715.769 363.2175 290 0.011172 -0.3584559
Moved 1715.831 372.0171 306.0513 0.04172608 -0.2846905
Moved 1715.896 375 337.4962 0.05208329 -0.1401831
Moved 1715.959 375 356.626 0.05208329 -0.05226991
Moved 1716.021 368 374.8322 0.02777785 0.03139819
Moved 1716.085 364.2882 391.4236 0.01488954 0.1076451
Moved 1716.149 361.9137 403.1726 0.006644726 0.1616389
Moved 1716.224 362 416.5602 0.006944388 0.2231625
Moved 1716.294 362 423.6488 0.006944388 0.255739
Moved 1716.396 361 433.3467 0.003472269 0.3003065
Moved 1716.456 361 437.374 0.003472269 0.3188142
Moved 1716.519 361 439 0.003472269 0.3262869
Moved 1716.583 360 441.2014 0 0.3364035
Moved 1716.643 358.903 441 -0.00380896 0.3354779
Moved 1716.702 355.9717 441 -0.01398712 0.3354779
Moved 1716.766 346.688 441 -0.04622207 0.3354779
Moved 1716.826 328.5744 427.7163 -0.1091166 0.2744315
Moved 1716.887 300.6475 416.259 -0.2060852 0.2217784
Moved 1716.949 277.1341 400.4227 -0.2877288 0.1490017
Moved 1717.045 260.6008 389.2017 -0.345136 0.09743418
Moved 1717.11 252.2909 382.291 -0.3739898 0.06567535
Moved 1717.174 247.8575 377.8575 -0.3893838 0.04530093
Moved 1717.256 246 374.5 -0.3958333 0.02987147
Ended 1717.325 241 371.5 -0.4131945 0.0160847
Began 1717.898 392 370 0.1111111 0.009191178
Stationary 1717.963 392 370 0.1111111 0.009191178
Stationary 1718.019 392 370 0.1111111 0.009191178
Stationary 1718.075 392 370 0.1111111 0.009191178
Moved 1718.133 375.8033 370 0.05487234 0.009191178
Moved 1718.193 365.329 370 0.01850337 0.009191178
Moved 1718.252 352.4026 381.1992 -0.02637997 0.0606579
Moved 1718.313 336.1192 388.9404 -0.08291952 0.09623367
Moved 1718.375 321.8475 399.7683 -0.1324739 0.145994
Moved 1718.436 310.7607 409.1196 -0.1709697 0.188969
Moved 1718.496 302.4809 416.5191 -0.1997192 0.2229738
Moved 1718.554 295.0902 424.8195 -0.2253811 0.2611192
Moved 1718.632 289 436.0872 -0.2465278 0.3129008
Moved 1718.695 288 445.8893 -0.25 0.3579471
Moved 1718.757 305.5709 451.1903 -0.1889899 0.3823084
Moved 1718.818 327.2913 451 -0.1135719 0.3814338
Moved 1718.883 347.2466 441.3767 -0.04428283 0.3372093
Moved 1718.946 362.4653 435.2674 0.008559972 0.3091334
Moved 1719.008 372.0942 432 0.04199371 0.2941177
Moved 1719.068 376.4185 429.5815 0.05700872 0.2830032
Ended 1719.132 376 430 0.05555556 0.2849265
Began 1719.511 484 459 0.4305555 0.4181986
Stationary 1719.582 484 459 0.4305555 0.4181986
Stationary 1719.642 484 459 0.4305555 0.4181986
Stationary 1719.704 484 459 0.4305555 0.4181986
Moved 1719.764 472.0034 459 0.3889007 0.4181986
Moved 1719.825 466.267 452 0.3689827 0.3860295
Moved 1719.887 459.8254 445.8254 0.3466161 0.3576534
Moved 1719.947 451.1808 437.1808 0.3166002 0.3179269
Moved 1720.009 442.3628 430.3628 0.2859819 0.2865937
Moved 1720.069 431.2394 424.2394 0.2473591 0.2584532
Moved 1720.133 419.1892 417.1892 0.2055182 0.2260534
Moved 1720.207 406.5011 406.7505 0.1614621 0.1780817
Moved 1720.267 399.0166 397.0333 0.1354744 0.1334249
Moved 1720.331 394.6423 387.2845 0.1202856 0.08862391
Moved 1720.391 393 378.9152 0.1145834 0.05016159
Moved 1720.451 392 368 0.1111111 0
Moved 1720.509 392 354.1859 0.1111111 -0.06348386
Moved 1720.567 399 342.709 0.1354167 -0.1162271
Moved 1720.624 402 334.6171 0.1458333 -0.153414
Moved 1720.681 406.3152 325.3695 0.1608168 -0.1959122
Moved 1720.739 410 315.5699 0.1736111 -0.2409468
Moved 1720.828 413 303.6748 0.1840278 -0.295612
Moved 1720.886 414 300.8658 0.1875 -0.3085212
Moved 1720.943 414 297.5 0.1875 -0.323989
Ended 1721 414 297 0.1875 -0.3262866
Began 1721.651 321 452 -0.1354167 0.3860295
Stationary 1721.724 321 452 -0.1354167 0.3860295
Stationary 1721.786 321 452 -0.1354167 0.3860295
Stationary 1721.847 321 452 -0.1354167 0.3860295
Moved 1721.91 335.3188 436.6812 -0.08569867 0.3156306
Moved 1721.972 343.8113 426.1887 -0.05621076 0.2674115
Moved 1722.036 351.6657 413.5014 -0.02893843 0.2091057
Moved 1722.098 362 396 0.006944388 0.1286765
Moved 1722.159 371.9492 383.1017 0.0414902 0.06940113
Moved 1722.221 380.2901 372.4197 0.0704518 0.0203113
Moved 1722.292 388.5819 360.4182 0.09924264 -0.03484292
Moved 1722.352 391 356 0.1076388 -0.05514707
Moved 1722.412 391 354.7508 0.1076388 -0.0608879
Stationary 1722.472 391 355 0.1076388 -0.05974251
Moved 1722.532 380.2318 366.073 0.07024914 -0.008855708
Moved 1722.594 366.6022 375.3978 0.02292425 0.03399709
Moved 1722.655 352.5 397 -0.02604165 0.1332722
Moved 1722.716 340.1463 410.8538 -0.06893657 0.1969383
Moved 1722.779 330.7395 421.5211 -0.101599 0.2459608
Moved 1722.843 321.4869 432.5131 -0.1337262 0.2964758
Moved 1722.939 314.2079 441.7921 -0.1590005 0.3391182
Moved 1723.001 308.8382 448.1618 -0.177645 0.3683908
Moved 1723.061 302.1004 454.8996 -0.2010404 0.3993548
Moved 1723.12 298 459.3122 -0.2152778 0.4196334
Moved 1723.18 294.9538 461 -0.225855 0.4273897
Moved 1723.244 295 462 -0.2256945 0.4319854
Ended 1723.302 293.5 462 -0.2309028 0.4319854
Began 1723.691 253 459 -0.3715278 0.4181986
Stationary 1723.755 253 459 -0.3715278 0.4181986
Stationary 1723.811 253 459 -0.3715278 0.4181986
Stationary 1723.866 253 459 -0.3715278 0.4181986
Stationary 1723.922 253 459 -0.3715278 0.4181986
Stationary 1723.981 253 459 -0.3715278 0.4181986
Moved 1724.043 246 445.6925 -0.3958333 0.3570429
Moved 1724.104 243 438.9581 -0.40625 0.326094
Moved 1724.167 241 430.0955 -0.4131945 0.2853652
Moved 1724.229 238.8173 417.4519 -0.4207734 0.2272606
Moved 1724.303 236.9969 399.9938 -0.4270942 0.1470304
Moved 1724.365 237 389.131 -0.4270833 0.09710972
Moved 1724.443 236 380.3909 -0.4305556 0.05694362
Moved 1724.503 236 374.9863 -0.4305556 0.03210643
Moved 1724.562 236 371.6888 -0.4305556 0.01695212
Moved 1724.629 243.8019 367 -0.4034656 -0.004595448
Moved 1724.688 246 362.4848 -0.3958333 -0.02534544
Moved 1724.75 249 357.7591 -0.3854167 -0.04706299
Moved 1724.81 256.8682 353.3773 -0.3580965 -0.06719997
Moved 1724.872 282.7813 351 -0.2681203 -0.07812515
Moved 1724.935 311.6955 376.9129 -0.1677241 0.04096017
Moved 1724.998 328.054 395.054 -0.1109236 0.1243291
Moved 1725.095 340.7604 409.7604 -0.06680414 0.1919135
Moved 1725.157 347.1466 416.1467 -0.04462972 0.2212622
Moved 1725.219 354.7698 421.8849 -0.01816042 0.2476328
Moved 1725.278 362.5641 426 0.008902998 0.2665441
Moved 1725.34 369.0126 430.0126 0.03129363 0.2849844
Moved 1725.398 375.2937 432 0.05310327 0.2941177
Moved 1725.46 379 433.785 0.06597222 0.3023207
Moved 1725.521 381.0191 435 0.07298291 0.3079045
Moved 1725.584 383.5 436 0.08159727 0.3125
Moved 1725.644 385.081 439.0809 0.08708671 0.3266587
Ended 1725.741 386 440 0.09027779 0.3308824
PhraseEnd 1728.786
