are you talking to me
Basic
0.8 0.8
575.9999 230.4
Began 296.6621 135 256 -0.390625 0.06944445
Stationary 296.6927 135 256 -0.390625 0.06944445
Stationary 296.7141 135 256 -0.390625 0.06944445
Stationary 296.7348 135 256 -0.390625 0.06944445
Stationary 296.7544 135 256 -0.390625 0.06944445
Stationary 296.7743 135 256 -0.390625 0.06944445
Stationary 296.7943 135 256 -0.390625 0.06944445
Stationary 296.817 135 256 -0.390625 0.06944445
Moved 296.8409 145.5496 256 -0.3723098 0.06944445
Moved 296.8639 146.982 256 -0.3698229 0.06944445
Moved 296.8875 149.3536 256 -0.3657056 0.06944445
Moved 296.9101 150.9222 256 -0.3629824 0.06944445
Moved 296.9321 152.3619 256 -0.3604828 0.06944445
Moved 296.9541 155.2316 256 -0.3555008 0.06944445
Stationary 296.9777 155.2316 256 -0.3555008 0.06944445
Moved 296.9996 159.1633 256 -0.3486749 0.06944445
Moved 297.0216 164.9588 256 -0.3386133 0.06944445
Moved 297.0438 180.5 256 -0.3116319 0.06944445
Moved 297.081 209.9876 268.5888 -0.2604383 0.1240832
Moved 297.1047 234.1583 278.4388 -0.2184752 0.1668353
Moved 297.1275 247.1553 285.7529 -0.195911 0.1985806
Moved 297.1518 269.736 298.4206 -0.1567083 0.2535618
Moved 297.1754 278 302.5 -0.1423611 0.2712674
Moved 297.1978 291.0432 307.4086 -0.1197166 0.2925723
Moved 297.2197 295 310 -0.1128472 0.3038195
Moved 297.2424 307.636 315.818 -0.09090964 0.3290712
Moved 297.264 313.3684 318.6842 -0.08095757 0.3415113
Moved 297.2858 317.831 320.277 -0.07321016 0.3484244
Moved 297.3196 327 323.5 -0.05729165 0.3624132
Moved 297.3412 327.6899 324 -0.05609397 0.3645835
Moved 297.3629 329.1156 324 -0.05361874 0.3645835
Moved 297.3836 330 325 -0.05208332 0.3689236
Moved 297.4043 331.2106 326.2106 -0.04998166 0.3741777
Stationary 297.4256 331 326 -0.05034723 0.3732638
Stationary 297.4464 331 326 -0.05034723 0.3732638
Stationary 297.4669 331 326 -0.05034723 0.3732638
Moved 297.4871 321.6551 327 -0.06657102 0.3776042
Moved 297.5091 317.6753 327 -0.07348035 0.3776042
Moved 297.5431 308.0876 327 -0.09012573 0.3776042
Moved 297.565 296.3874 327 -0.1104385 0.3776042
Moved 297.5866 290.1729 327 -0.1212277 0.3776042
Moved 297.6085 284.4311 327 -0.131196 0.3776042
Moved 297.6305 273.9696 327 -0.1493584 0.3776042
Moved 297.6513 270.9027 327 -0.1546828 0.3776042
Moved 297.6733 263.3445 327 -0.1678047 0.3776042
Moved 297.6945 259.0257 320 -0.1753027 0.3472222
Moved 297.7154 254.7303 320 -0.1827599 0.3472222
Moved 297.7367 248.0782 319 -0.1943086 0.342882
Moved 297.7707 243 317.5 -0.203125 0.3363717
Moved 297.7934 239.0665 318 -0.209954 0.3385417
Moved 297.8147 235.1648 318 -0.2167278 0.3385417
Moved 297.8356 233.7242 318 -0.2192289 0.3385417
Moved 297.8568 231.855 317 -0.2224739 0.3342015
Moved 297.8772 230.5 317 -0.2248264 0.3342015
Ended 297.898 231 317 -0.2239584 0.3342015
Began 298.3234 346 304 -0.02430554 0.2777779
Stationary 298.3626 346 304 -0.02430554 0.2777779
Stationary 298.3846 346 304 -0.02430554 0.2777779
Stationary 298.4077 346 304 -0.02430554 0.2777779
Stationary 298.4301 346 304 -0.02430554 0.2777779
Stationary 298.4514 346 304 -0.02430554 0.2777779
Stationary 298.4717 346 304 -0.02430554 0.2777779
Stationary 298.4919 346 304 -0.02430554 0.2777779
Stationary 298.5112 346 304 -0.02430554 0.2777779
Stationary 298.5339 346 304 -0.02430554 0.2777779
Stationary 298.558 346 304 -0.02430554 0.2777779
Moved 298.5812 356.7857 304 -0.005580336 0.2777779
Moved 298.608 358.2374 304 -0.003060028 0.2777779
Moved 298.631 364.2134 304 0.00731498 0.2777779
Moved 298.6542 367 304 0.01215279 0.2777779
Moved 298.6782 379.2596 304 0.03343672 0.2777779
Moved 298.7118 396.4769 304 0.06332792 0.2777779
Moved 298.7352 415.5793 304 0.09649181 0.2777779
Moved 298.7574 425.6314 304 0.1139434 0.2777779
Moved 298.7805 443.6601 304 0.1452433 0.2777779
Moved 298.803 451.1787 312.6501 0.1582963 0.3153218
Moved 298.8266 460.368 312 0.1742499 0.3125001
Moved 298.8483 475.5 313 0.2005208 0.3168403
Moved 298.8709 482.9291 314.9858 0.2134186 0.3254595
Moved 298.894 493 316.5 0.2309028 0.3320314
Moved 298.9157 498.8722 316 0.2410976 0.3298611
Moved 298.9519 512.082 317 0.2640312 0.3342015
Moved 298.9858 517.664 317 0.2737223 0.3342015
Moved 299.0076 520.4226 317 0.2785115 0.3342015
Moved 299.0291 525.0799 317 0.286597 0.3342015
Moved 299.051 528.0329 317 0.2917238 0.3342015
Moved 299.0743 532.39 317 0.2992881 0.3342015
Moved 299.0962 535 317 0.3038195 0.3342015
Moved 299.118 535.9413 317 0.3054536 0.3342015
Moved 299.1404 538.8065 317 0.310428 0.3342015
Moved 299.1614 540.2526 317 0.3129386 0.3342015
Moved 299.1951 541.0375 317 0.3143013 0.3342015
Stationary 299.2171 541.0375 317 0.3143013 0.3342015
Stationary 299.2381 541 317 0.3142361 0.3342015
Stationary 299.2592 541 317 0.3142361 0.3342015
Moved 299.2801 525.6794 317 0.2876378 0.3342015
Moved 299.3009 519.2146 317 0.2764142 0.3342015
Moved 299.3223 504.4446 317 0.2507719 0.3342015
Moved 299.3436 492.2666 317 0.2296296 0.3342015
Moved 299.3646 482.0761 317 0.2119377 0.3342015
Moved 299.388 462.2382 317 0.1774968 0.3342015
Moved 299.424 446.8834 317 0.1508392 0.3342015
Moved 299.4464 435.7622 317 0.1315316 0.3342015
Moved 299.4688 431.0833 317 0.1234085 0.3342015
Moved 299.4915 422.3885 318 0.1083135 0.3385417
Moved 299.5148 419.3796 318 0.1030896 0.3385417
Moved 299.5377 415.1395 318 0.09572827 0.3385417
Moved 299.5664 412.5 318 0.09114587 0.3385417
Stationary 299.588 412.5 318 0.09114587 0.3385417
Moved 299.6104 412 318 0.09027779 0.3385417
Ended 299.6323 412 318 0.09027779 0.3385417
Began 300.2352 357 326 -0.005208328 0.3732638
Stationary 300.2646 357 326 -0.005208328 0.3732638
Stationary 300.2849 357 326 -0.005208328 0.3732638
Stationary 300.3069 357 326 -0.005208328 0.3732638
Stationary 300.3276 357 326 -0.005208328 0.3732638
Stationary 300.3506 357 326 -0.005208328 0.3732638
Stationary 300.3779 357 326 -0.005208328 0.3732638
Stationary 300.4015 357 326 -0.005208328 0.3732638
Stationary 300.4218 357 326 -0.005208328 0.3732638
Stationary 300.4426 357 326 -0.005208328 0.3732638
Moved 300.4654 344.5712 326 -0.02678618 0.3732638
Moved 300.4884 337.3315 326 -0.03935501 0.3732638
Moved 300.5165 323.9044 317.3809 -0.06266598 0.3358544
Moved 300.5387 308.0605 315 -0.09017278 0.3255209
Moved 300.5599 299.5133 313.0733 -0.1050117 0.3171585
Moved 300.5835 284.5071 308.5014 -0.1310641 0.2973152
Moved 300.6068 276.499 305.1663 -0.1449671 0.2828401
Moved 300.6307 259.9797 300.1959 -0.1736463 0.2612671
Moved 300.6529 252.784 297.5136 -0.186139 0.2496251
Moved 300.6767 236.8294 293.1659 -0.2138378 0.2307548
Moved 300.7042 227.4725 290.5636 -0.2300824 0.2194601
Moved 300.7293 215.5566 286.9113 -0.2507698 0.2036082
Moved 300.7637 205.1277 283.0426 -0.2688754 0.186817
Moved 300.7859 195.5 280.5 -0.2855903 0.1757813
Moved 300.8081 188.5712 279.1143 -0.2976195 0.1697669
Moved 300.8314 177.9191 277 -0.3161128 0.1605903
Moved 300.8565 172.1697 275.7924 -0.3260943 0.1553492
Moved 300.8814 163.687 274.9218 -0.3408212 0.1515701
Moved 300.91 155.1366 274.3788 -0.3556657 0.1492139
Moved 300.9339 149.7701 274 -0.3649826 0.1475696
Moved 300.9575 140.276 273 -0.3814653 0.1432292
Moved 300.9859 132.4137 272.2068 -0.3951152 0.1397867
Moved 301.026 127.5412 272 -0.4035743 0.138889
Moved 301.0503 125.5 272 -0.4071181 0.138889
Moved 301.0745 125 272 -0.4079861 0.138889
Stationary 301.0941 125 272 -0.4079861 0.138889
Stationary 301.1131 125 272 -0.4079861 0.138889
Moved 301.1326 144.5603 270.9533 -0.3740273 0.134346
Moved 301.1532 192.7092 266.1359 -0.2904354 0.1134371
Moved 301.1735 220.0853 264.6271 -0.2429075 0.1068884
Moved 301.1947 240.8851 264 -0.2067967 0.1041668
Moved 301.2163 280.0712 264 -0.1387653 0.1041668
Moved 301.2506 311.8153 264 -0.08365397 0.1041668
Moved 301.2718 326.8144 273.9381 -0.05761389 0.1473008
Moved 301.2945 356.8828 277.4883 -0.005411841 0.1627096
Moved 301.3172 372.2228 277.9223 0.02122022 0.1645933
Moved 301.3383 397 278 0.06423608 0.1649306
Moved 301.3602 409.8559 278 0.08655541 0.1649306
Moved 301.3813 422.8935 278 0.1091901 0.1649306
Moved 301.4033 442.4119 278 0.1430762 0.1649306
Moved 301.4243 449.1457 278 0.1547668 0.1649306
Moved 301.4458 464.5 278 0.1814236 0.1649306
Moved 301.4814 478.2599 278 0.2053122 0.1649306
Moved 301.5035 485.4293 278 0.2177592 0.1649306
Moved 301.5258 497.4536 278 0.2386347 0.1649306
Moved 301.5481 503.1538 272.4808 0.2485309 0.1409756
Moved 301.5741 511.6863 269.7712 0.2633442 0.1292155
Moved 301.596 517.2144 270 0.2729416 0.1302083
Moved 301.6181 526.9054 268.3649 0.2897663 0.1231114
Moved 301.6397 531.1743 268 0.2971775 0.1215278
Moved 301.6631 540.7179 265.0706 0.3137463 0.1088133
Moved 301.6864 543.0986 263.9507 0.3178795 0.1039529
Moved 301.7226 554.7496 260.6252 0.3381069 0.08951917
Moved 301.7458 557.6208 259.1896 0.3430916 0.08328836
Moved 301.7695 563.3781 257.3109 0.353087 0.07513418
Moved 301.7921 565.6806 256.1597 0.3570844 0.07013759
Moved 301.8149 570.3268 254.3365 0.3651508 0.06222461
Moved 301.8372 572.0963 252.9037 0.3682228 0.05600559
Moved 301.8611 574.5 252 0.3723958 0.05208334
Moved 301.8832 575.2024 250.7976 0.3736153 0.04686462
Stationary 301.9055 575 251 0.3732639 0.04774293
Stationary 301.9261 575 251 0.3732639 0.04774293
Stationary 301.9594 575 251 0.3732639 0.04774293
Moved 301.9808 565.0568 251 0.3560014 0.04774293
Moved 302.0034 554.5 251 0.3376736 0.04774293
Moved 302.026 545.4478 251 0.3219579 0.04774293
Moved 302.048 527.4185 254.6141 0.2906572 0.06342955
Moved 302.0703 520.3397 258.9321 0.2783675 0.08217044
Moved 302.0927 508.4826 260.8391 0.2577823 0.09044754
Moved 302.1157 502.9179 262.2705 0.2481214 0.0966602
Moved 302.142 496.6256 263.7915 0.2371972 0.1032617
Moved 302.1642 493.5438 265.2281 0.2318469 0.1094969
Moved 302.1998 486.4677 270.0646 0.219562 0.1304889
Moved 302.2223 485.0281 272.9438 0.2170626 0.1429855
Moved 302.2455 483 279.0889 0.2135417 0.1696566
Moved 302.2678 482.023 281.9539 0.2118456 0.1820918
Moved 302.2904 481.1499 287.85 0.2103297 0.2076825
Moved 302.3129 481 290.481 0.2100694 0.2191014
Moved 302.3346 481 293.435 0.2100694 0.2319228
Moved 302.357 481 298.5243 0.2100694 0.2540117
Moved 302.3789 481 300.4107 0.2100694 0.2621993
Moved 302.4028 481 305.162 0.2100694 0.2828211
Moved 302.4392 481 308.4539 0.2100694 0.2971089
Moved 302.4629 481 310.9611 0.2100694 0.307991
Moved 302.4845 481 312.391 0.2100694 0.314197
Moved 302.507 489 315.2607 0.2239584 0.3266526
Stationary 302.5282 489 315.2607 0.2239584 0.3266526
Moved 302.5488 490.3745 316.3745 0.2263446 0.3314866
Moved 302.5732 491.5 317 0.2282986 0.3342015
Moved 302.5951 492.0624 317 0.2292751 0.3342015
Moved 302.618 493.997 317 0.2326337 0.3342015
Moved 302.6391 494.5 317 0.2335069 0.3342015
Moved 302.6785 497.2885 317 0.2383481 0.3342015
Moved 302.7043 498.8328 317 0.2410292 0.3342015
Moved 302.7259 500.2614 317 0.2435094 0.3342015
Moved 302.7471 502.1367 307.9066 0.2467651 0.2947335
Moved 302.7699 502 299.936 0.2465278 0.2601389
Moved 302.7914 502 295.5405 0.2465278 0.2410611
Moved 302.8158 502 286.9116 0.2465278 0.2036091
Moved 302.8373 502 282.6013 0.2465278 0.1849016
Moved 302.8635 502 268.3652 0.2465278 0.1231129
Moved 302.885 496.5602 260.1144 0.2370836 0.087302
Moved 302.9213 493.6982 251.7928 0.2321149 0.05118423
Moved 302.9425 489.6319 240.2638 0.2250553 0.001144939
Moved 302.9636 488.3783 236.1349 0.222879 -0.01677579
Moved 302.9859 485.007 227.014 0.2170261 -0.05636255
Moved 303.0067 484.5 224.5 0.2161458 -0.06727418
Moved 303.0276 482.9977 221.9952 0.2135376 -0.07814553
Moved 303.0494 480.1241 215.2483 0.2085488 -0.1074292
Moved 303.0701 478.7025 211.1074 0.2060807 -0.125402
Moved 303.0918 475.8273 203.4819 0.2010891 -0.1584984
Moved 303.1137 474.5 199.5 0.1987847 -0.1757811
Moved 303.1517 471.8368 194.6736 0.1941611 -0.1967292
Moved 303.1755 468.9682 187.9364 0.1891808 -0.2259705
Moved 303.2019 467.0951 183.0951 0.185929 -0.2469831
Moved 303.2245 465.6583 180.3165 0.1834345 -0.2590427
Moved 303.247 465 178.1333 0.1822916 -0.2685184
Moved 303.269 463.7068 176.7068 0.1800465 -0.2747103
Moved 303.291 462.5 174.5 0.1779514 -0.2842881
Moved 303.313 461.7012 173.7013 0.1765646 -0.287755
Moved 303.3354 460.9846 172.9846 0.1753204 -0.2908653
Moved 303.3572 458.7772 173 0.1714882 -0.2907985
Moved 303.3909 449.0786 173 0.1546504 -0.2907985
Moved 303.4116 443.3375 173 0.1446831 -0.2907985
Moved 303.4321 431.2324 189.1783 0.1236674 -0.22058
Moved 303.4525 427.2351 193.6865 0.1167277 -0.2010134
Moved 303.4729 420.3364 197.9982 0.1047507 -0.1822996
Moved 303.4947 400.8299 214.9751 0.07088528 -0.108615
Moved 303.5199 391.5161 224.4839 0.0547155 -0.06734425
Moved 303.5453 376.5 240.5 0.02864584 0.002170139
Moved 303.5707 366.9377 251.0779 0.01204461 0.04808109
Moved 303.5951 361.1577 256.8423 0.002009943 0.0731002
Moved 303.6345 350.4971 268.2544 -0.01649816 0.1226319
Moved 303.6559 347.63 271.37 -0.0214757 0.1361546
Moved 303.6819 343.5345 274.7327 -0.02858598 0.1507497
Moved 303.7031 343 276.1694 -0.02951388 0.1569854
Moved 303.7241 340.5 278.5 -0.03385417 0.1671007
Moved 303.7456 341 279.2397 -0.03298611 0.1703112
Stationary 303.7659 341 279.2397 -0.03298611 0.1703112
Moved 303.7879 341 280 -0.03298611 0.1736113
Ended 303.8098 341 281.5 -0.03298611 0.1801215
Began 304.5589 314 323 -0.0798611 0.3602431
Stationary 304.5887 314 323 -0.0798611 0.3602431
Stationary 304.6099 314 323 -0.0798611 0.3602431
Stationary 304.6327 314 323 -0.0798611 0.3602431
Stationary 304.6611 314 323 -0.0798611 0.3602431
Stationary 304.683 314 323 -0.0798611 0.3602431
Stationary 304.7045 314 323 -0.0798611 0.3602431
Moved 304.7275 327.5524 323 -0.05633257 0.3602431
Moved 304.751 326.8055 323 -0.05762943 0.3602431
Moved 304.7727 330.5 323 -0.05121529 0.3602431
Moved 304.7949 333.542 323 -0.0459341 0.3602431
Moved 304.8214 338.641 323 -0.03708158 0.3602431
Moved 304.8443 341.1577 323 -0.03271237 0.3602431
Moved 304.8669 348.8292 323 -0.01939371 0.3602431
Moved 304.8996 354.983 323 -0.008710028 0.3602431
Moved 304.9229 361.4059 323 0.002440885 0.3602431
Moved 304.9465 373.0112 323 0.0225889 0.3602431
Moved 304.97 388.3851 323 0.0492797 0.3602431
Moved 304.9911 396.2552 323 0.06294318 0.3602431
Moved 305.0127 403.8868 323 0.0761924 0.3602431
Moved 305.0348 427.3185 323 0.1168724 0.3602431
Moved 305.0563 435.8653 323 0.1317106 0.3602431
Moved 305.0783 455.056 323 0.1650278 0.3602431
Moved 305.0987 465.4681 323 0.1831044 0.3602431
Moved 305.132 481.0149 323 0.2100953 0.3602431
Moved 305.1527 490.4007 323 0.2263901 0.3602431
Moved 305.1733 505.0523 323 0.2518269 0.3602431
Moved 305.1935 511.1531 323 0.2624186 0.3602431
Moved 305.2134 516.9078 323 0.2724095 0.3602431
Moved 305.2389 528.2811 323 0.2921547 0.3602431
Moved 305.2599 532.9416 323 0.3002458 0.3602431
Moved 305.2806 543.0591 323 0.317811 0.3602431
Moved 305.301 547.3625 323 0.3252821 0.3602431
Moved 305.3212 552.9145 323 0.334921 0.3602431
Moved 305.3578 561.3821 323 0.3496217 0.3602431
Moved 305.3795 563.6344 323 0.3535319 0.3602431
Moved 305.4016 566.5 323 0.358507 0.3602431
Moved 305.4248 567.9482 323 0.3610212 0.3602431
Moved 305.4478 569 323 0.3628472 0.3602431
Ended 305.4699 569 323 0.3628472 0.3602431
Began 305.774 515 174 0.2690972 -0.2864582
Stationary 305.8069 515 174 0.2690972 -0.2864582
Stationary 305.8343 515 174 0.2690972 -0.2864582
Stationary 305.86 515 174 0.2690972 -0.2864582
Stationary 305.8864 515 174 0.2690972 -0.2864582
Stationary 305.9143 515 174 0.2690972 -0.2864582
Stationary 305.9352 515 174 0.2690972 -0.2864582
Stationary 305.956 515 174 0.2690972 -0.2864582
Stationary 305.9789 515 174 0.2690972 -0.2864582
Stationary 306.0016 515 174 0.2690972 -0.2864582
Stationary 306.0222 515 174 0.2690972 -0.2864582
Moved 306.0435 506.6517 184.3483 0.2546037 -0.241544
Moved 306.0669 501.4087 189.0608 0.2455013 -0.2210903
Moved 306.0891 497.0944 192.9056 0.2380112 -0.2044025
Moved 306.1119 489.7886 198.6586 0.2253275 -0.1794333
Moved 306.1443 478.2755 206.2935 0.2053393 -0.1462958
Moved 306.1667 471.8174 209.6731 0.1941274 -0.1316273
Moved 306.1906 454.9096 218.9088 0.1647737 -0.09154162
Moved 306.2178 440.3863 227.8069 0.1395595 -0.05292151
Moved 306.2428 432.78 233.11 0.1263542 -0.02990458
Moved 306.2666 415.4952 242.1682 0.09634585 0.009410514
Moved 306.2946 393.8241 247.9073 0.05872242 0.03432009
Moved 306.3164 386.1111 251.2963 0.04533172 0.04902893
Moved 306.3378 375.3994 253.9113 0.02673514 0.06037872
Moved 306.3593 353.5524 256.8275 -0.01119372 0.0730361
Moved 306.3945 335.5412 258 -0.04246325 0.07812501
Moved 306.4173 321.5 260.5 -0.06684028 0.0889757
Moved 306.4396 315.6151 262.3539 -0.07705715 0.09702232
Moved 306.4652 299.2893 265.5421 -0.1054006 0.1108599
Moved 306.4884 292.1141 266.9772 -0.1178574 0.1170884
Moved 306.5121 279.7342 269.8531 -0.1393504 0.129571
Moved 306.5346 275.121 271.293 -0.1473594 0.1358204
Moved 306.5597 265.7672 274.6165 -0.1635987 0.1502452
Moved 306.5817 260.0679 277.4661 -0.1734933 0.1626131
Moved 306.6041 251.6829 282.1057 -0.1880505 0.1827506
Moved 306.6391 244.062 286.9587 -0.2012812 0.2038139
Moved 306.6673 238.3296 290.1136 -0.2112333 0.2175069
Moved 306.6944 230.7157 294.4281 -0.2244519 0.2362331
Moved 306.7195 228.407 295.8643 -0.2284601 0.2424668
Moved 306.7422 223.2652 298.7349 -0.2373869 0.2549256
Moved 306.765 221.2457 299 -0.2408928 0.2560765
Moved 306.7871 218.2898 300.7102 -0.2460246 0.2634993
Moved 306.8083 215.7068 301 -0.2505091 0.2647568
Moved 306.8293 214.4153 302 -0.2527513 0.2690972
Moved 306.8511 211.5479 303 -0.2577294 0.2734375
Moved 306.8873 210.6842 304.3159 -0.2592289 0.2791488
Moved 306.9138 209.7991 304 -0.2607655 0.2777779
Ended 306.935 209 304 -0.2621528 0.2777779
PhraseEnd 308.2994
