the force is with you
Basic
0.4 0.4
288 217.6
Began 1513.081 373 474 0.0451389 0.4871325
Stationary 1513.174 373 474 0.0451389 0.4871325
Stationary 1513.234 373 474 0.0451389 0.4871325
Stationary 1513.282 373 474 0.0451389 0.4871325
Stationary 1513.33 373 474 0.0451389 0.4871325
Stationary 1513.377 373 474 0.0451389 0.4871325
Stationary 1513.425 373 474 0.0451389 0.4871325
Moved 1513.473 373 457.6444 0.0451389 0.4119689
Moved 1513.52 380 451.52 0.06944448 0.3838236
Moved 1513.569 382.4704 443.0593 0.07802218 0.3449416
Moved 1513.618 384 433.4581 0.08333341 0.3008187
Moved 1513.691 389.6171 412.1487 0.1028371 0.2028891
Moved 1513.747 392.9907 398.0186 0.114551 0.1379531
Moved 1513.794 396.2836 389.4328 0.1259847 0.0984964
Moved 1513.879 400 377.7378 0.138889 0.04475103
Moved 1513.935 402.861 370.2781 0.1488228 0.01046924
Moved 1513.984 403 365.3768 0.1493056 -0.01205515
Moved 1514.042 403 361.5 0.1493056 -0.02987119
Moved 1514.094 390.3072 359.4357 0.1052333 -0.03935772
Moved 1514.143 372.794 359 0.04442379 -0.04136016
Moved 1514.2 355.0073 359 -0.01733586 -0.04136016
Moved 1514.252 332.0278 370.9907 -0.09712578 0.01374413
Moved 1514.312 321.0945 375.9055 -0.1350887 0.03633065
Moved 1514.382 303.9008 391.1985 -0.194789 0.1066108
Moved 1514.491 293.1809 407.8191 -0.2320109 0.1829922
Moved 1514.562 288 417.6331 -0.25 0.2280935
Moved 1514.613 285.5055 421.4945 -0.2586614 0.2458388
Moved 1514.666 283 428.3572 -0.2673611 0.277377
Moved 1514.72 280.5 433.5 -0.2760417 0.301011
Moved 1514.768 280 436.5 -0.2777778 0.3147979
Moved 1514.821 280 440.3633 -0.2777778 0.3325522
Moved 1514.87 280 441 -0.2777778 0.3354779
Ended 1514.918 280 441 -0.2777778 0.3354779
Began 1515.408 331 371 -0.1006945 0.01378677
Stationary 1515.471 331 371 -0.1006945 0.01378677
Stationary 1515.523 331 371 -0.1006945 0.01378677
Stationary 1515.575 331 371 -0.1006945 0.01378677
Stationary 1515.625 331 371 -0.1006945 0.01378677
Moved 1515.677 331 382.5 -0.1006945 0.06663603
Moved 1515.733 341.5 390 -0.06423608 0.1011029
Moved 1515.788 352.3483 398.2322 -0.02656832 0.1389349
Moved 1515.84 373.4255 409.2128 0.04661635 0.189397
Moved 1515.891 390.4894 417.7447 0.1058661 0.2286061
Moved 1515.944 407.2896 428.1931 0.1641999 0.2766226
Moved 1516.001 416.0509 435.0509 0.1946213 0.3081383
Moved 1516.091 428.3035 444.3035 0.2371651 0.3506596
Moved 1516.15 435.0439 447 0.260569 0.3630516
Moved 1516.21 441.6491 448.3246 0.2835039 0.3691387
Moved 1516.263 445.6278 449 0.2973189 0.3722427
Moved 1516.316 451.0632 449 0.3161918 0.3722427
Moved 1516.367 452 450 0.3194444 0.3768383
Stationary 1516.417 452 450 0.3194444 0.3768383
Moved 1516.464 442.6878 450 0.2871104 0.3768383
Moved 1516.513 428.9742 450 0.2394938 0.3768383
Moved 1516.562 405.4572 450 0.1578377 0.3768383
Moved 1516.642 376.5093 450 0.05732387 0.3768383
Moved 1516.702 361.2033 450 0.004178286 0.3768383
Moved 1516.756 350.4263 450 -0.03324203 0.3768383
Moved 1516.808 343.4078 450 -0.05761169 0.3768383
Moved 1516.862 339.407 450 -0.0715033 0.3768383
Moved 1516.915 336.6255 451 -0.08116149 0.3814338
Moved 1516.969 334.8993 451 -0.0871551 0.3814338
Moved 1517.029 332.7508 451 -0.09461523 0.3814338
Moved 1517.083 331.8133 451 -0.09787053 0.3814338
Moved 1517.147 329.9644 451 -0.1042901 0.3814338
Moved 1517.237 329 441.4009 -0.1076389 0.3373206
Moved 1517.287 326.7562 441.7562 -0.11543 0.3389531
Moved 1517.34 326 439.5 -0.1180556 0.3285847
Moved 1517.395 325 439 -0.1215278 0.3262869
Moved 1517.448 325 434.1647 -0.1215278 0.3040659
Moved 1517.497 325 429.8617 -0.1215278 0.2842908
Moved 1517.548 325 422.8292 -0.1215278 0.2519726
Moved 1517.598 325 411.772 -0.1215278 0.2011579
Moved 1517.645 325 402.9597 -0.1215278 0.1606605
Moved 1517.693 325 395.7167 -0.1215278 0.1273749
Moved 1517.777 323.1898 376.7592 -0.1278132 0.0402539
Moved 1517.83 321.88 362.6401 -0.132361 -0.02463187
Moved 1517.884 320 344.5 -0.1388889 -0.1079963
Moved 1517.937 319 334.3976 -0.1423611 -0.1544227
Moved 1517.991 319 322.3181 -0.1423611 -0.2099356
Moved 1518.047 319 312.0618 -0.1423611 -0.2570688
Moved 1518.105 319 306.1318 -0.1423611 -0.2843209
Moved 1518.163 319 299.3257 -0.1423611 -0.3155989
Moved 1518.22 319 294 -0.1423611 -0.3400736
Moved 1518.294 326 288.6791 -0.1180556 -0.364526
Moved 1518.379 326 288 -0.1180556 -0.3676471
Moved 1518.44 315.9312 300.9456 -0.1530165 -0.3081546
Moved 1518.492 310.8219 330.8904 -0.1707572 -0.1705404
Moved 1518.568 307.3913 356.8262 -0.1826692 -0.05135032
Moved 1518.651 305 374.6059 -0.1909722 0.03035798
Moved 1518.702 304 384.5171 -0.1944444 0.07590582
Moved 1518.75 304 393.2438 -0.1944444 0.1160101
Moved 1518.797 303 400.8569 -0.1979167 0.150997
Moved 1518.845 302 407.8291 -0.2013889 0.1830382
Moved 1518.893 302 413.1353 -0.2013889 0.2074231
Moved 1519 302 422.8197 -0.2013889 0.2519288
Moved 1519.053 302 427.1173 -0.2013889 0.2716789
Moved 1519.11 301 430.5596 -0.2048611 0.2874981
Moved 1519.174 300 436.9738 -0.2083334 0.316975
Moved 1519.232 299 444.7079 -0.2118056 0.3525178
Moved 1519.283 298 449.7411 -0.2152778 0.3756485
Moved 1519.334 298 451.257 -0.2152778 0.3826147
Moved 1519.385 298 453 -0.2152778 0.390625
Ended 1519.433 298 453 -0.2152778 0.390625
Began 1519.771 455 440 0.329861 0.3308824
Stationary 1519.841 455 440 0.329861 0.3308824
Stationary 1519.892 455 440 0.329861 0.3308824
Stationary 1519.943 455 440 0.329861 0.3308824
Moved 1519.996 443.2503 440 0.2890636 0.3308824
Moved 1520.049 436.5895 440 0.2659358 0.3308824
Moved 1520.106 428.3591 433 0.2373579 0.2987132
Moved 1520.16 414.6702 431 0.1898271 0.289522
Moved 1520.212 393.5855 425.6464 0.1166162 0.264919
Moved 1520.265 378.6721 419.4481 0.06483361 0.2364341
Moved 1520.317 365.7475 413.9158 0.01995653 0.2110102
Moved 1520.367 348.9831 403.9915 -0.03825322 0.1654022
Moved 1520.425 337.438 397.4379 -0.0783404 0.1352848
Moved 1520.478 324.8109 391.9055 -0.1221845 0.1098596
Moved 1520.553 310.1029 387.0343 -0.173254 0.08747389
Moved 1520.609 300.4717 383.7359 -0.2066953 0.07231573
Moved 1520.661 287.6571 379.3286 -0.2511905 0.05206136
Moved 1520.715 280.049 376.0245 -0.2776075 0.03687761
Moved 1520.772 274.8511 372.8511 -0.2956559 0.02229354
Moved 1520.826 271 370.9028 -0.3090279 0.01334022
Moved 1520.879 268.9792 369.9792 -0.3160443 0.00909581
Ended 1520.933 268 367.8132 -0.3194445 -0.0008583069
Began 1521.262 237 446 -0.4270833 0.3584559
Stationary 1521.327 237 446 -0.4270833 0.3584559
Stationary 1521.376 237 446 -0.4270833 0.3584559
Stationary 1521.424 237 446 -0.4270833 0.3584559
Stationary 1521.473 237 446 -0.4270833 0.3584559
Stationary 1521.524 237 446 -0.4270833 0.3584559
Moved 1521.577 251.5045 446 -0.3767205 0.3584559
Moved 1521.631 288.9209 435.8977 -0.2468026 0.31203
Moved 1521.685 323.8618 433 -0.1254798 0.2987132
Moved 1521.74 363.3668 433 0.01169041 0.2987132
Moved 1521.796 394.9821 433 0.1214655 0.2987132
Moved 1521.848 412.4264 442.4962 0.182036 0.3423537
Moved 1521.902 431.188 442 0.2471805 0.3400736
Moved 1521.957 440.0964 443 0.2781126 0.3446691
Moved 1522.008 444.3538 444 0.2928951 0.3492649
Moved 1522.061 448.5 445 0.3072916 0.3538603
Moved 1522.141 449 445 0.3090277 0.3538603
Moved 1522.192 438.1853 445 0.2714768 0.3538603
Moved 1522.246 416.6697 445 0.19677 0.3538603
Moved 1522.298 396.1718 437.3906 0.1255967 0.3188908
Moved 1522.348 376.6137 435 0.05768657 0.3079045
Moved 1522.399 366.3607 434 0.02208576 0.3033089
Moved 1522.453 356.3804 434 -0.01256816 0.3033089
Moved 1522.56 345 431.7063 -0.05208336 0.292768
Moved 1522.634 344 429.9227 -0.05555556 0.2845713
Moved 1522.683 344 427.5538 -0.05555556 0.2736847
Moved 1522.761 362.8303 410.8929 0.009827465 0.197118
Moved 1522.813 376.4795 392.7808 0.05722031 0.1138823
Moved 1522.867 385.8661 378.2679 0.08981273 0.04718711
Moved 1522.919 393.5 363 0.1163195 -0.02297794
Moved 1522.973 396.6578 353.6843 0.1272842 -0.06578895
Moved 1523.028 399.3993 346.6008 0.1368029 -0.09834206
Moved 1523.078 400 342.6415 0.138889 -0.116537
Moved 1523.128 400 342 0.138889 -0.1194852
Ended 1523.177 400 342 0.138889 -0.1194852
Began 1523.629 312 440 -0.1666667 0.3308824
Stationary 1523.707 312 440 -0.1666667 0.3308824
Stationary 1523.776 312 440 -0.1666667 0.3308824
Moved 1523.867 326.2273 440 -0.1172665 0.3308824
Moved 1523.944 353.889 435.3776 -0.02121873 0.3096397
Moved 1524.012 387.4623 425.5896 0.09535521 0.2646581
Moved 1524.078 412.0943 422.1509 0.1808828 0.2488556
Moved 1524.139 437.5776 421 0.2693667 0.2435661
Moved 1524.209 453.9307 419.0347 0.3261481 0.2345343
Moved 1524.264 465.6976 419 0.3670056 0.2343752
Moved 1524.316 471.0517 419 0.385596 0.2343752
Stationary 1524.371 471 419 0.3854166 0.2343752
Moved 1524.423 456.1375 429.545 0.3338108 0.2828355
Moved 1524.477 439.7649 438.0784 0.2769615 0.3220514
Moved 1524.529 428.8833 442.0389 0.2391781 0.3402523
Moved 1524.586 410.608 446.7974 0.1757221 0.3621203
Moved 1524.671 387.8999 447 0.09687454 0.3630516
Moved 1524.723 379.2925 447 0.06698772 0.3630516
Moved 1524.776 373.5 447 0.04687503 0.3630516
Ended 1524.825 373 440 0.0451389 0.3308824
PhraseEnd 1527.601
