all work and no play
Basic
0.8 0.8
575.9999 435.2
Began 2152.702 120 381 -0.4166666 0.02987133
Stationary 2152.783 120 381 -0.4166666 0.02987133
Stationary 2152.854 120 381 -0.4166666 0.02987133
Stationary 2152.924 120 381 -0.4166666 0.02987133
Moved 2152.998 183.7428 381 -0.3060021 0.02987133
Moved 2153.07 280 381 -0.1388889 0.02987133
Moved 2153.143 386.5637 381 0.04611753 0.02987133
Moved 2153.221 505.7516 414.4255 0.2530409 0.1066762
Moved 2153.296 561.1646 429.3327 0.3492441 0.1409299
Moved 2153.37 584.6901 432 0.390087 0.1470589
Moved 2153.454 608.3376 433 0.4311416 0.1493566
Moved 2153.529 615.9923 433 0.4444311 0.1493566
Moved 2153.601 620.3229 433 0.4519496 0.1493566
Moved 2153.674 622 433 0.4548611 0.1493566
Ended 2153.744 622 433 0.4548611 0.1493566
Began 2156.597 179 479 -0.3142361 0.2550552
Stationary 2156.677 179 479 -0.3142361 0.2550552
Moved 2156.751 221.0122 479 -0.2412983 0.2550552
Moved 2156.824 269.8586 479 -0.1564956 0.2550552
Moved 2156.897 306.9277 479 -0.09213936 0.2550552
Moved 2156.968 368.6257 479 0.01497522 0.2550552
Moved 2157.039 430.6689 479 0.1226891 0.2550552
Moved 2157.113 468.2037 470.3149 0.1878536 0.2350985
Moved 2157.186 505.4073 472 0.2524433 0.2389706
Moved 2157.257 529.6683 472 0.294563 0.2389706
Moved 2157.329 546.2383 472 0.3233305 0.2389706
Moved 2157.4 558.911 481 0.3453316 0.2596507
Moved 2157.472 563 484 0.3524306 0.2665442
Moved 2157.545 564 489.0043 0.3541667 0.278043
Moved 2157.618 520.8371 494.8804 0.2792311 0.2915452
Moved 2157.72 441.4889 500.1278 0.1414737 0.3036025
Moved 2157.794 381.741 504.7513 0.03774486 0.3142263
Moved 2157.867 335.1262 509.5534 -0.04318364 0.3252606
Moved 2157.944 306.2253 513.9678 -0.09335879 0.3354041
Moved 2158.02 270.5847 519.1384 -0.155235 0.347285
Moved 2158.095 260.5 521.5 -0.1727431 0.3527114
Moved 2158.17 258 522 -0.1770834 0.3538603
Stationary 2158.244 258 522 -0.1770834 0.3538603
Moved 2158.317 294.2098 513.7902 -0.114219 0.3349958
Moved 2158.391 368.0077 481.9201 0.01390226 0.2617649
Moved 2158.499 459.8677 434.0662 0.1733814 0.1518065
Moved 2158.574 500.3839 409.0929 0.2437221 0.09442306
Moved 2158.646 521.4589 391.2706 0.2803107 0.05347098
Moved 2158.72 543.1683 372.109 0.3180005 0.009441587
Moved 2158.796 558.8925 354.215 0.3452995 -0.0316751
Moved 2158.872 566.5 345.5 0.358507 -0.05170037
Ended 2158.945 567.5 345 0.3602431 -0.05284927
Began 2159.599 140 411 -0.3819444 0.09880515
Stationary 2159.673 140 411 -0.3819444 0.09880515
Stationary 2159.748 140 411 -0.3819444 0.09880515
Moved 2159.822 166.319 411 -0.3362518 0.09880515
Moved 2159.895 182.6567 411 -0.3078876 0.09880515
Moved 2159.966 223.032 395.8388 -0.2377916 0.06396792
Moved 2160.038 270.4154 371.7923 -0.1555288 0.00871399
Moved 2160.111 308.2687 342.2366 -0.08981124 -0.05919892
Moved 2160.196 357.9037 298.077 -0.003639423 -0.1606686
Moved 2160.27 378.6034 279.2644 0.0322976 -0.2038961
Moved 2160.345 392.9851 267.015 0.05726576 -0.2320428
Moved 2160.419 408.5956 253.6067 0.08436732 -0.2628523
Moved 2160.49 424 240 0.1111111 -0.2941177
Moved 2160.562 444.799 226.6005 0.1472206 -0.3249071
Moved 2160.638 459.2244 219 0.1722647 -0.3423713
Moved 2160.713 465.5 214.5 0.1831597 -0.3527114
Moved 2160.827 467.3718 215 0.1864094 -0.3515625
Moved 2160.901 441.494 239.506 0.1414827 -0.2952528
Moved 2160.973 412.1307 259.1519 0.09050474 -0.2501104
Moved 2161.045 382.754 273.8984 0.0395035 -0.2162261
Moved 2161.117 330.7195 310.9547 -0.05083423 -0.1310783
Moved 2161.189 280.0477 357.6349 -0.1388061 -0.0238169
Moved 2161.263 256.3474 380.7684 -0.1799525 0.02933923
Moved 2161.339 245.8392 391.5804 -0.1981958 0.05418291
Moved 2161.412 239.5734 398.4266 -0.209074 0.06991415
Moved 2161.498 237 401 -0.2135416 0.07582718
Ended 2161.605 237 401 -0.2135416 0.07582718
Began 2162.13 420 227 0.1041666 -0.323989
Stationary 2162.209 420 227 0.1041666 -0.323989
Stationary 2162.281 420 227 0.1041666 -0.323989
Moved 2162.358 449.663 265.9944 0.1556648 -0.2343877
Moved 2162.433 477.4839 307.9677 0.203965 -0.1379419
Moved 2162.511 502.0944 347.1415 0.2466916 -0.04792845
Moved 2162.588 523.0748 384.5078 0.283116 0.03793145
Moved 2162.664 535 421.5 0.3038195 0.122932
Moved 2162.74 538 459.9146 0.3090279 0.2112009
Moved 2162.813 539 475.9781 0.3107639 0.2481114
Moved 2162.894 541 498.2552 0.3142361 0.2992997
Moved 2162.981 542 508.0872 0.3159722 0.3218916
Moved 2163.092 543.7498 515 0.31901 0.3377758
Moved 2163.206 551 520.8977 0.3315973 0.3513275
Ended 2163.3 553 521 0.3350694 0.3515625
Began 2163.771 631 538 0.4704862 0.390625
Stationary 2163.848 631 538 0.4704862 0.390625
Stationary 2163.916 631 538 0.4704862 0.390625
Stationary 2163.987 631 538 0.4704862 0.390625
Moved 2164.06 621.4376 526.2679 0.4538847 0.363667
Moved 2164.132 611.6454 500.4682 0.4368845 0.3043848
Moved 2164.206 596.2958 460.8875 0.4102359 0.2134362
Moved 2164.278 584.8188 422.0939 0.3903104 0.1242967
Moved 2164.349 575.4337 395.3011 0.3740169 0.06273232
Moved 2164.434 563.1008 371.2017 0.3526056 0.007356897
Moved 2164.508 548.869 356.9564 0.3278976 -0.02537594
Moved 2164.584 494.1551 353 0.2329081 -0.03446691
Moved 2164.653 434 363.5 0.1284722 -0.01034014
Moved 2164.722 369.0848 369 0.01577221 0.002297794
Moved 2164.792 325.0902 373 -0.06060727 0.01148897
Moved 2164.862 284.0272 374 -0.1318972 0.01378684
Moved 2164.964 254.3476 374 -0.1834243 0.01378684
Moved 2165.034 229.5919 366.2858 -0.226403 -0.003938886
Moved 2165.11 207.1975 363.0659 -0.2652821 -0.01133765
Moved 2165.187 178.5148 359.903 -0.3150785 -0.01860535
Moved 2165.258 163.0751 358.5375 -0.3418835 -0.02174279
Moved 2165.328 154.7728 358 -0.3562972 -0.02297794
Moved 2165.4 152 356.5 -0.3611111 -0.02642463
Moved 2165.477 196.819 369.8457 -0.2833005 0.004241046
Moved 2165.551 241.0431 393.5961 -0.2065224 0.05881454
Moved 2165.622 281.2986 411.7662 -0.1366344 0.1005657
Moved 2165.729 336.2451 429.5613 -0.04124113 0.1414552
Moved 2165.8 363.3863 436.3466 0.005878955 0.1570463
Moved 2165.87 381.243 445.081 0.03688015 0.1771163
Moved 2165.94 394.845 454.845 0.06049477 0.1995519
Moved 2166.01 404.3109 462.3109 0.07692866 0.2167071
Moved 2166.079 413.4734 470.4734 0.09283572 0.2354628
Moved 2166.148 418.9121 476.9121 0.102278 0.2502576
Moved 2166.218 423.7439 482.744 0.1106665 0.263658
Moved 2166.287 426 487.4777 0.1145833 0.2745351
Moved 2166.356 428 495.2838 0.1180556 0.2924719
Moved 2166.463 428 502.9694 0.1180556 0.310132
Moved 2166.534 428 505.1434 0.1180556 0.3151272
Ended 2166.605 428 506 0.1180556 0.3170956
PhraseEnd 2170.022
