time to go shopping
Basic
0.8 0.8
575.9999 230.4
Began 251.46 313 362 -0.08159724 0.5295141
Stationary 251.5255 313 362 -0.08159724 0.5295141
Stationary 251.5444 313 362 -0.08159724 0.5295141
Stationary 251.5659 313 362 -0.08159724 0.5295141
Stationary 251.5859 313 362 -0.08159724 0.5295141
Stationary 251.6127 313 362 -0.08159724 0.5295141
Stationary 251.6291 313 362 -0.08159724 0.5295141
Stationary 251.646 313 362 -0.08159724 0.5295141
Stationary 251.6618 313 362 -0.08159724 0.5295141
Stationary 251.6793 313 362 -0.08159724 0.5295141
Stationary 251.6955 313 362 -0.08159724 0.5295141
Stationary 251.7131 313 362 -0.08159724 0.5295141
Stationary 251.7303 313 362 -0.08159724 0.5295141
Stationary 251.7538 313 362 -0.08159724 0.5295141
Stationary 251.7714 313 362 -0.08159724 0.5295141
Stationary 251.7891 313 362 -0.08159724 0.5295141
Stationary 251.8172 313 362 -0.08159724 0.5295141
Stationary 251.8353 313 362 -0.08159724 0.5295141
Stationary 251.8551 313 362 -0.08159724 0.5295141
Stationary 251.8743 313 362 -0.08159724 0.5295141
Stationary 251.8929 313 362 -0.08159724 0.5295141
Stationary 251.9104 313 362 -0.08159724 0.5295141
Stationary 251.9281 313 362 -0.08159724 0.5295141
Moved 251.957 327.5324 349.5522 -0.05636741 0.475487
Moved 251.9773 331.4711 349.3526 -0.04952941 0.4746207
Moved 251.9959 341.1087 343.5942 -0.03279735 0.4496275
Moved 252.0148 345.3756 340.4683 -0.02538953 0.4360602
Moved 252.0339 354.548 336.3365 -0.009465218 0.4181274
Moved 252.0526 368.2923 330.0154 0.01439631 0.3906918
Moved 252.0717 393 320.5 0.05729169 0.3493924
Moved 252.0897 407.6839 317.0632 0.08278459 0.3344759
Moved 252.1076 420.6953 314.1788 0.1053738 0.3219569
Moved 252.1264 427.5 313.5 0.1171875 0.3190103
Moved 252.1573 446.5034 312 0.1501796 0.3125001
Moved 252.1764 454.2668 312 0.1636577 0.3125001
Moved 252.1963 469.6373 312 0.1903425 0.3125001
Moved 252.2159 474.4189 312 0.1986439 0.3125001
Moved 252.235 480 312 0.2083334 0.3125001
Moved 252.2536 482.4261 312 0.2125452 0.3125001
Moved 252.273 487.5846 312 0.2215011 0.3125001
Moved 252.2921 490.0065 312 0.2257058 0.3125001
Moved 252.311 491.4629 312 0.2282342 0.3125001
Moved 252.3295 492.8907 312 0.2307131 0.3125001
Moved 252.3613 495.2876 312 0.2348743 0.3125001
Moved 252.3823 497.2759 309.4481 0.2383263 0.3014243
Moved 252.4021 497.7068 305.8798 0.2390743 0.2859364
Moved 252.4213 499.1458 301.5625 0.2415726 0.2671984
Moved 252.4404 501.019 281.8674 0.2448246 0.181716
Moved 252.4636 501 268.8088 0.2447917 0.1250384
Moved 252.4833 501 257.3923 0.2447917 0.0754873
Moved 252.5041 501 234.4757 0.2447917 -0.02397696
Moved 252.5246 501 226.4943 0.2447917 -0.05861866
Moved 252.5459 491.7791 212.8274 0.2287833 -0.1179367
Moved 252.5771 490.2439 200.4877 0.2261178 -0.1714945
Moved 252.5981 488.2833 191.8499 0.222714 -0.208985
Moved 252.6181 488 187.5319 0.2222222 -0.2277263
Moved 252.6382 487 184.2413 0.2204861 -0.2420081
Moved 252.6587 486 178.1311 0.21875 -0.2685281
Moved 252.6887 483.9615 174.9615 0.215211 -0.282285
Moved 252.7088 484 173.5297 0.2152778 -0.2884997
Moved 252.7324 479.3051 172 0.2071269 -0.2951388
Moved 252.7525 470.3461 171 0.1915731 -0.2994793
Moved 252.7717 456.87 171 0.1681771 -0.2994793
Moved 252.8022 426.9821 184.5067 0.1162883 -0.2408562
Moved 252.8222 411.0424 190.7831 0.08861528 -0.2136151
Moved 252.8424 382.1779 201.274 0.03850334 -0.1680814
Moved 252.8611 371 205.5 0.01909725 -0.1497396
Moved 252.8794 346.649 215.7837 -0.02317879 -0.1051055
Moved 252.8978 332.2764 221.4895 -0.04813128 -0.08034084
Moved 252.9179 311.8296 236.526 -0.08362924 -0.01507812
Moved 252.9368 301.709 242.3091 -0.1011996 0.01002206
Moved 252.9556 296.1972 246.2817 -0.1107687 0.02726449
Moved 252.9741 290.2061 249.397 -0.1211701 0.04078561
Moved 253.0025 280.7998 255.0668 -0.1375003 0.06539398
Moved 253.0212 277.6139 257.2574 -0.1430314 0.07490185
Moved 253.04 272.1547 260.2302 -0.1525093 0.0878048
Moved 253.0592 263.5504 265.4832 -0.1674472 0.1106042
Moved 253.0773 260.1445 267.8555 -0.1733602 0.1209005
Moved 253.0952 257.3079 269.3461 -0.1782849 0.1273702
Moved 253.1138 255.4173 270.7914 -0.1815673 0.1336432
Moved 253.1319 253.1819 271.9091 -0.1854481 0.1384943
Moved 253.1503 248.4893 277.5107 -0.193595 0.1628072
Moved 253.1689 245.6157 281.5765 -0.1985839 0.1804535
Moved 253.1977 240.9345 287.131 -0.2067109 0.2045616
Moved 253.2167 238 291.5 -0.2118056 0.2235245
Moved 253.2351 237.2697 293.4606 -0.2130735 0.2320339
Moved 253.2575 235 298.5229 -0.2170139 0.2540059
Moved 253.2807 234.0422 300.9156 -0.2186768 0.2643907
Moved 253.3002 234 302.3953 -0.21875 0.2708132
Moved 253.321 233 305.2672 -0.2204861 0.2832776
Moved 253.3394 233 306.5 -0.2204861 0.2886285
Moved 253.3584 233 307.8051 -0.2204861 0.2942929
Moved 253.3797 233 309 -0.2204861 0.2994793
Ended 253.4153 233 309 -0.2204861 0.2994793
Began 253.8304 336 304 -0.04166667 0.2777779
Stationary 253.8629 336 304 -0.04166667 0.2777779
Stationary 253.8801 336 304 -0.04166667 0.2777779
Stationary 253.8975 336 304 -0.04166667 0.2777779
Stationary 253.914 336 304 -0.04166667 0.2777779
Stationary 253.9314 336 304 -0.04166667 0.2777779
Stationary 253.948 336 304 -0.04166667 0.2777779
Stationary 253.9644 336 304 -0.04166667 0.2777779
Stationary 253.982 336 304 -0.04166667 0.2777779
Stationary 253.9979 336 304 -0.04166667 0.2777779
Stationary 254.0143 336 304 -0.04166667 0.2777779
Stationary 254.0363 336 304 -0.04166667 0.2777779
Moved 254.0538 355.5276 304 -0.007764661 0.2777779
Moved 254.0806 378.8767 304 0.03277212 0.2777779
Moved 254.1017 393.1593 304 0.05756818 0.2777779
Moved 254.1215 421.6882 304 0.1070976 0.2777779
Moved 254.1403 434.1925 304 0.1288064 0.2777779
Moved 254.1593 444.2732 304 0.1463077 0.2777779
Moved 254.1784 454.6808 304 0.1643764 0.2777779
Moved 254.1987 485.0006 304 0.2170149 0.2777779
Moved 254.2183 494.5 316 0.2335069 0.3298611
Moved 254.2378 505.8672 314.9668 0.2532417 0.3253769
Moved 254.2573 526.8685 319.7171 0.2897022 0.3459945
Moved 254.2861 534.9576 320 0.303746 0.3472222
Moved 254.3051 554.2169 321 0.3371821 0.3515625
Moved 254.3229 561.5377 322.3076 0.3498918 0.3572377
Moved 254.3406 566.9446 322 0.3592789 0.3559029
Moved 254.3587 571.5458 322 0.3672671 0.3559029
Moved 254.379 575.2209 322 0.3736475 0.3559029
Moved 254.3978 580.3283 322 0.3825144 0.3559029
Moved 254.4164 582.5848 322 0.3864319 0.3559029
Moved 254.4376 584.0264 322 0.3889347 0.3559029
Moved 254.4565 585.4727 322 0.3914457 0.3559029
Moved 254.4855 587.5 322 0.3949653 0.3559029
Moved 254.5041 587 323 0.3940972 0.3602431
Ended 254.5231 587 323 0.3940972 0.3602431
Began 255.0824 326 258 -0.05902778 0.07812501
Stationary 255.1113 326 258 -0.05902778 0.07812501
Stationary 255.1313 326 258 -0.05902778 0.07812501
Stationary 255.1493 326 258 -0.05902778 0.07812501
Stationary 255.1693 326 258 -0.05902778 0.07812501
Stationary 255.1882 326 258 -0.05902778 0.07812501
Stationary 255.2074 326 258 -0.05902778 0.07812501
Stationary 255.2258 326 258 -0.05902778 0.07812501
Stationary 255.2453 326 258 -0.05902778 0.07812501
Stationary 255.2641 326 258 -0.05902778 0.07812501
Moved 255.2834 337.3205 258 -0.03937416 0.07812501
Moved 255.3081 342.7638 258 -0.02992392 0.07812501
Moved 255.3274 346.8401 258 -0.02284702 0.07812501
Moved 255.3482 349.4283 258 -0.01835372 0.07812501
Moved 255.3692 359 258 -0.001736097 0.07812501
Moved 255.3886 368.0569 258 0.01398765 0.07812501
Moved 255.4086 376.7379 258 0.02905883 0.07812501
Moved 255.4285 395.1808 265.1582 0.06107784 0.1091936
Moved 255.4473 405.2099 266.9171 0.07848948 0.1168279
Moved 255.467 415.2751 268.8964 0.09596378 0.1254185
Moved 255.4911 434.41 273.5457 0.129184 0.1455979
Moved 255.5238 453.5 276.5 0.1623264 0.1584203
Moved 255.5484 463.3571 279.2072 0.1794394 0.1701699
Moved 255.5691 483.9794 286.7877 0.2152421 0.2030714
Moved 255.5903 492.2717 289.0453 0.2296384 0.2128702
Moved 255.6099 497.9469 293.4601 0.2394911 0.232032
Moved 255.63 511.4482 301.0861 0.2629308 0.2651309
Moved 255.6493 516.577 302.6308 0.2718351 0.2718352
Moved 255.6682 523.3304 307.5983 0.2835598 0.2933953
Moved 255.6865 529.2208 310.6104 0.2937861 0.306469
Moved 255.7068 537.4824 315.3216 0.3081292 0.3269167
Moved 255.735 542.8093 318.2062 0.3173773 0.3394369
Moved 255.7531 550.3422 322.2281 0.3304552 0.3568932
Moved 255.7717 554.7749 323.5916 0.3381509 0.3628109
Moved 255.7902 558.0577 326.0577 0.3438503 0.3735145
Moved 255.8085 560.9236 326 0.3488257 0.3732638
Moved 255.8268 565.6912 328.7942 0.3571028 0.3853915
Moved 255.8484 570.5393 329.7697 0.3655196 0.3896253
Moved 255.8695 572.7827 330 0.3694145 0.3906251
Moved 255.8897 575.582 330 0.3742744 0.3906251
Moved 255.9094 580.1675 332.1675 0.3822352 0.4000325
Moved 255.9394 582 332 0.3854167 0.3993056
Stationary 255.9583 582 332 0.3854167 0.3993056
Stationary 255.9773 582 332 0.3854167 0.3993056
Ended 255.996 582 332 0.3854167 0.3993056
Began 256.5565 215 239 -0.2517361 -0.004340146
Stationary 256.584 215 239 -0.2517361 -0.004340146
Stationary 256.6067 215 239 -0.2517361 -0.004340146
Stationary 256.6277 215 239 -0.2517361 -0.004340146
Stationary 256.6456 215 239 -0.2517361 -0.004340146
Stationary 256.6633 215 239 -0.2517361 -0.004340146
Stationary 256.681 215 239 -0.2517361 -0.004340146
Stationary 256.6981 215 239 -0.2517361 -0.004340146
Stationary 256.7144 215 239 -0.2517361 -0.004340146
Stationary 256.7318 215 239 -0.2517361 -0.004340146
Stationary 256.7518 215 239 -0.2517361 -0.004340146
Moved 256.7707 225.4865 239 -0.2335303 -0.004340146
Moved 256.7899 230.2884 239 -0.2251938 -0.004340146
Moved 256.8101 236.0872 239 -0.2151264 -0.004340146
Moved 256.8323 249.9774 239 -0.1910115 -0.004340146
Moved 256.8538 260.911 244.911 -0.1720296 0.02131515
Moved 256.8773 276.5 246 -0.1449653 0.02604167
Moved 256.897 285.7936 248.6553 -0.1288305 0.03756629
Moved 256.9171 293.2944 249 -0.1158084 0.03906263
Moved 256.9373 302.4796 250 -0.09986189 0.04340278
Moved 256.9678 319.9993 250.5713 -0.06944568 0.04588233
Moved 256.9911 338.6405 252.4401 -0.03708251 0.05399347
Moved 257.0104 348.0017 252.5001 -0.02083037 0.05425401
Moved 257.0298 369.0008 253 0.0156264 0.05642362
Moved 257.0487 378.3281 253 0.03181957 0.05642362
Moved 257.0675 385.8054 253 0.04480109 0.05642362
Moved 257.0862 393.5786 253 0.05829625 0.05642362
Moved 257.1043 401.1645 253 0.07146613 0.05642362
Moved 257.1231 417.997 253 0.1006892 0.05642362
Moved 257.1422 425.1973 253 0.1131897 0.05642362
Moved 257.1714 438.6995 253 0.1366311 0.05642362
Moved 257.1899 444.4327 253 0.1465846 0.05642362
Moved 257.2086 450.1721 253 0.1565487 0.05642362
Moved 257.2304 459.3031 244.6742 0.1724012 0.0202873
Moved 257.2489 466.8346 245 0.1854767 0.02170139
Moved 257.2701 474.0046 245 0.1979248 0.02170139
Moved 257.289 480.8303 245 0.2097749 0.02170139
Moved 257.308 494.7032 245 0.2338597 0.02170139
Moved 257.3268 501.1512 253.8907 0.2450542 0.06028971
Moved 257.3459 508.5543 256.8514 0.2579067 0.07313994
Moved 257.3757 524.6287 265.2164 0.2858137 0.1094465
Moved 257.3968 532.1171 270.8937 0.2988145 0.1340875
Moved 257.4158 547.4619 282.4619 0.3254547 0.1842967
Moved 257.4384 554.5 288 0.3376736 0.2083334
Moved 257.457 559.365 291.019 0.3461198 0.2214366
Moved 257.4762 566.5084 295.3051 0.3585216 0.2400395
Moved 257.4947 577.9298 302.9719 0.3783504 0.2733157
Moved 257.5136 583.692 305.8459 0.3883541 0.2857897
Moved 257.5327 589.4332 308.7166 0.3983214 0.2982492
Moved 257.5516 595.1957 311.5979 0.408326 0.3107549
Moved 257.5806 605.2733 316.6366 0.4258216 0.3326241
Moved 257.6 615.3702 320.6851 0.443351 0.3501959
Moved 257.6182 619.3841 322.1281 0.4503196 0.3564586
Moved 257.6362 622.1334 323.5667 0.4550927 0.3627026
Moved 257.6546 625.0016 325.0008 0.4600722 0.3689271
Moved 257.6731 626.1035 326.1035 0.4619853 0.3737132
Moved 257.6942 629 328.018 0.4670139 0.3820226
Moved 257.7131 630.4555 328 0.4695409 0.3819445
Stationary 257.732 630.4555 328 0.4695409 0.3819445
Moved 257.7503 631.3734 329.3734 0.4711344 0.3879055
Moved 257.7798 631 329 0.4704862 0.3862849
Moved 257.7992 632.3197 329 0.4727772 0.3862849
Moved 257.8186 632 330 0.4722222 0.3906251
Moved 257.8372 615.0796 331.6151 0.4428465 0.3976349
Moved 257.8611 602.5706 333.0477 0.4211294 0.403853
Moved 257.8802 576.1815 335.6818 0.3753151 0.4152859
Moved 257.8991 563.0156 336.9984 0.3524577 0.4210001
Moved 257.9182 550.1026 338 0.3300393 0.4253473
Moved 257.9381 528.8187 340 0.293088 0.4340278
Moved 257.9589 520.767 340 0.2791093 0.4340278
Moved 257.9906 509 342.5 0.2586806 0.4448786
Moved 258.0201 500.4873 343 0.2439016 0.4470487
Moved 258.0406 496.7961 343 0.2374933 0.4470487
Moved 258.0621 491.0553 343 0.2275266 0.4470487
Moved 258.082 489.0862 343 0.2241081 0.4470487
Moved 258.1031 487.6503 343 0.2216151 0.4470487
Moved 258.124 485.1257 343 0.2172321 0.4470487
Moved 258.1434 483.6964 343 0.2147506 0.4470487
Stationary 258.1626 483.6964 343 0.2147506 0.4470487
Moved 258.1803 483 333.4706 0.2135417 0.4056887
Moved 258.2103 480.9434 326.8302 0.2099712 0.3768674
Moved 258.231 481 308.5544 0.2100694 0.2975451
Moved 258.2496 481 300.6222 0.2100694 0.2631172
Moved 258.2733 481 289.4922 0.2100694 0.2148099
Moved 258.2914 481 280.3414 0.2100694 0.175093
Moved 258.31 481 258.3201 0.2100694 0.07951432
Moved 258.3295 481 252.3054 0.2100694 0.05340895
Moved 258.3485 481 243.8824 0.2100694 0.01685103
Moved 258.3678 481 238.2866 0.2100694 -0.007436541
Moved 258.3883 479.346 226.0763 0.207198 -0.06043289
Moved 258.419 478 215 0.2048611 -0.108507
Moved 258.4374 476.2994 209.1976 0.2019088 -0.1336908
Moved 258.4562 474.96 203.8401 0.1995834 -0.1569439
Moved 258.4751 473.5374 199.6121 0.1971135 -0.1752949
Moved 258.4947 470.6671 193.3342 0.1921304 -0.2025424
Moved 258.5133 468.4453 189.4453 0.1882732 -0.2194214
Moved 258.5321 468 186.5781 0.1875 -0.2318658
Moved 258.5512 465 184 0.1822916 -0.2430554
Moved 258.5701 461.604 179.604 0.1763959 -0.2621353
Moved 258.5887 458.7289 178.3645 0.1714043 -0.2675151
Moved 258.6208 454 173 0.1631945 -0.2907985
Moved 258.6443 451.1048 171.1049 0.1581681 -0.299024
Moved 258.6646 447.6605 168.6604 0.1521883 -0.3096336
Moved 258.684 445.2101 167.1051 0.1479343 -0.316384
Moved 258.7025 443.679 165.6791 0.1452761 -0.3225732
Moved 258.7213 441.242 164.2421 0.1410452 -0.3288105
Moved 258.7408 436.7412 163 0.1332314 -0.3342014
Moved 258.7586 432.8166 163 0.1264177 -0.3342014
Moved 258.7772 431.851 163 0.1247413 -0.3342014
Moved 258.796 427.741 163 0.1176059 -0.3342014
Moved 258.8251 419.5 163 0.1032986 -0.3342014
Moved 258.845 414.2512 170.4976 0.09418608 -0.3016598
Moved 258.8668 403.752 183.0599 0.07595845 -0.2471357
Moved 258.8858 399.2664 190.5338 0.06817079 -0.2146969
Moved 258.9065 393.6078 200.4364 0.05834684 -0.171717
Moved 258.93 386.3493 221.7351 0.04574537 -0.07927458
Moved 258.9499 384.34 228.9598 0.04225701 -0.04791724
Moved 258.9738 380.5 239.5 0.03559031 -0.002170139
Moved 258.9978 380 243.1157 0.03472224 0.01352324
Moved 259.0179 379 248.9415 0.03298611 0.03880885
Moved 259.0488 378 251.3398 0.03124997 0.04921807
Moved 259.0689 378 252.7734 0.03124997 0.05544027
Moved 259.0883 376.7853 254.2147 0.02914123 0.06169585
Moved 259.1082 377 255.5 0.02951391 0.06727431
Moved 259.1281 377 257.1992 0.02951391 0.07464939
Moved 259.1473 377 257.6346 0.02951391 0.07653939
Moved 259.1665 377 258.5 0.02951391 0.08029515
Moved 259.187 377 259.2531 0.02951391 0.0835636
Moved 259.2065 377 260.1267 0.02951391 0.08735564
Stationary 259.2253 377 260.1267 0.02951391 0.08735564
Moved 259.2578 377 261.3329 0.02951391 0.09259079
Stationary 259.2797 377 261.3329 0.02951391 0.09259079
Moved 259.2988 377 262.1611 0.02951391 0.09618561
Stationary 259.321 377 262.1611 0.02951391 0.09618561
Ended 259.3417 377 262 0.02951391 0.09548625
PhraseEnd 260.5486
