breathing is difficult
Basic
0.6 0.6
432 326.4
Began 1048.271 386 220 0.06018519 -0.4534314
Stationary 1048.322 386 220 0.06018519 -0.4534314
Stationary 1048.362 386 220 0.06018519 -0.4534314
Stationary 1048.404 386 220 0.06018519 -0.4534314
Stationary 1048.446 386 220 0.06018519 -0.4534314
Stationary 1048.494 386 220 0.06018519 -0.4534314
Moved 1048.535 376.6397 220 0.03851781 -0.4534314
Moved 1048.578 372.3105 234.0686 0.02849638 -0.4103291
Moved 1048.621 368.3045 246.7821 0.01922329 -0.3713783
Moved 1048.663 365.4359 261.9485 0.01258314 -0.3249125
Moved 1048.706 363 285.3799 0.006944438 -0.2531252
Moved 1048.75 362 302.4051 0.004629592 -0.2009648
Moved 1048.806 360.4122 333.9391 0.0009540717 -0.1043532
Moved 1048.851 357.6041 351.9797 -0.005546163 -0.0490816
Moved 1048.895 354.2806 366.8774 -0.01323928 -0.003439118
Moved 1048.937 349 377 -0.02546296 0.02757353
Moved 1048.979 341.8341 393.7489 -0.04205072 0.07888757
Moved 1049.021 333.3326 405.7783 -0.06173015 0.1157423
Moved 1049.062 329.4031 411.5969 -0.07082616 0.133569
Moved 1049.103 323.2847 422.4307 -0.08498918 0.1667606
Moved 1049.144 320 429.0212 -0.09259259 0.1869523
Moved 1049.184 317.4101 432.5899 -0.09858772 0.1978858
Moved 1049.25 314 444.7628 -0.1064815 0.2351802
Moved 1049.292 312.6974 448.3026 -0.1094967 0.246025
Moved 1049.333 312 454 -0.1111111 0.2634804
Moved 1049.379 310.3247 456 -0.114989 0.2696078
Moved 1049.42 309 458.8505 -0.1180555 0.2783411
Moved 1049.464 308 461.1627 -0.1203704 0.285425
Moved 1049.504 307 461.6996 -0.1226852 0.2870699
Moved 1049.545 304.9951 463 -0.1273262 0.291054
Moved 1049.585 304 464.8801 -0.1296296 0.2968139
Moved 1049.626 300.1765 466 -0.1384804 0.300245
Moved 1049.689 293.8903 468 -0.1530317 0.3063726
Moved 1049.728 283.2658 469 -0.1776254 0.3094364
Moved 1049.766 277.093 470 -0.1919142 0.3125
Moved 1049.805 270.4953 471 -0.2071867 0.3155637
Moved 1049.845 266.4144 471 -0.2166334 0.3155637
Moved 1049.885 260.3999 471 -0.2305558 0.3155637
Moved 1049.925 256.3329 471 -0.23997 0.3155637
Moved 1049.964 254.7938 471 -0.2435329 0.3155637
Moved 1050.004 250.2789 471 -0.253984 0.3155637
Moved 1050.044 248.7067 471 -0.2576233 0.3155637
Moved 1050.108 246 471 -0.2638889 0.3155637
Moved 1050.147 244 471 -0.2685185 0.3155637
Moved 1050.187 241.7285 471 -0.2737766 0.3155637
Moved 1050.226 240.5 460.5 -0.2766204 0.2833946
Moved 1050.268 238.933 461.933 -0.2802477 0.2877849
Moved 1050.308 237.9885 459.9885 -0.282434 0.2818276
Moved 1050.347 235.6708 456.6708 -0.2877991 0.2716631
Moved 1050.387 234 452.7012 -0.2916667 0.2595013
Moved 1050.427 233 450.8168 -0.2939815 0.2537281
Moved 1050.468 231 446.5123 -0.2986111 0.2405403
Moved 1050.531 228.1388 441.1388 -0.3052343 0.2240772
Moved 1050.571 225.8274 435.6548 -0.3105848 0.2072757
Moved 1050.61 225 433.2814 -0.3125 0.2000042
Moved 1050.65 223 427.9626 -0.3171296 0.1837091
Moved 1050.692 220.6745 422.6745 -0.3225127 0.1675076
Moved 1050.734 220.1548 419.3097 -0.3237157 0.1571988
Moved 1050.776 219 412.6931 -0.3263889 0.1369274
Moved 1050.819 218 407.8774 -0.3287037 0.1221734
Moved 1050.868 215.53 403.53 -0.3344214 0.1088541
Moved 1050.908 214.2231 397.2231 -0.3374465 0.08953165
Moved 1050.972 212 390.6508 -0.3425926 0.06939571
Moved 1051.011 211 388.9504 -0.3449074 0.06418639
Moved 1051.051 210 385.0145 -0.3472222 0.05212789
Moved 1051.093 207.709 380.709 -0.3525254 0.03893703
Moved 1051.135 206.9628 377.9628 -0.3542528 0.03052319
Moved 1051.179 206 375 -0.3564815 0.02144608
Moved 1051.24 204.6796 371.6796 -0.3595378 0.01127337
Moved 1051.281 205 368.6991 -0.3587963 0.002141934
Moved 1051.329 205 368 -0.3587963 0
Moved 1051.372 205 366.9841 -0.3587963 -0.003112531
Moved 1051.443 231.895 366 -0.2965393 -0.006127451
Moved 1051.483 255.067 374.6268 -0.2429005 0.02030261
Moved 1051.525 271.1585 381.1057 -0.2056517 0.04015212
Moved 1051.567 285.0388 391.0388 -0.1735214 0.07058438
Moved 1051.611 292.6973 395.6973 -0.1557932 0.08485705
Moved 1051.656 304.3157 406.3157 -0.1288988 0.1173889
Moved 1051.698 310.4682 412.4683 -0.1146569 0.1362385
Moved 1051.741 317.8849 422.3273 -0.09748876 0.1664439
Moved 1051.785 324.7436 432.7436 -0.08161207 0.1983567
Moved 1051.828 329 443.6943 -0.07175927 0.2319067
Moved 1051.898 333.4315 456.863 -0.06150116 0.2722518
Moved 1051.941 333 462.4314 -0.06249999 0.2893119
Moved 1051.983 335 468.7349 -0.05787035 0.3086242
Moved 1052.024 336 471.5988 -0.05555556 0.3173981
Moved 1052.068 337 474.5792 -0.05324075 0.3265293
Moved 1052.113 338 477.5 -0.05092591 0.335478
Moved 1052.156 340 479.8256 -0.04629632 0.3426031
Moved 1052.201 348.3686 481 -0.02692461 0.3462009
Moved 1052.243 360.3089 481 0.0007149577 0.3462009
Moved 1052.284 367.9489 473.1022 0.01840015 0.3220044
Moved 1052.35 389.4926 447.179 0.06826986 0.2425828
Moved 1052.394 395.3638 433.9086 0.08186062 0.2019258
Moved 1052.435 400.9935 409.0391 0.09489229 0.1257326
Moved 1052.479 403 387.0029 0.09953707 0.05821986
Moved 1052.524 404 374.4161 0.1018518 0.01965719
Moved 1052.566 404 363.804 0.1018518 -0.01285534
Moved 1052.606 404 358.5901 0.1018518 -0.02882911
Moved 1052.647 404 354.5552 0.1018518 -0.04119097
Moved 1052.686 404 353 0.1018518 -0.04595589
Moved 1052.734 404 351 0.1018518 -0.05208343
Stationary 1052.801 404 351 0.1018518 -0.05208343
Moved 1052.844 404 376.0809 0.1018518 0.02475748
Moved 1052.885 404 392.1743 0.1018518 0.07406334
Moved 1052.927 404 410.8752 0.1018518 0.131358
Moved 1052.969 404 429.1629 0.1018518 0.1873864
Moved 1053.012 404 442.7132 0.1018518 0.2289008
Moved 1053.057 404 451.8521 0.1018518 0.2568999
Moved 1053.099 397 457.4527 0.0856481 0.2740585
Moved 1053.144 397 462.7657 0.0856481 0.2903362
Moved 1053.187 397 468.004 0.0856481 0.3063847
Moved 1053.254 411 473.5 0.1180555 0.323223
Moved 1053.298 424.0856 476 0.1483463 0.3308824
Moved 1053.342 434.9363 477 0.1734637 0.3339461
Moved 1053.383 441.7577 477 0.1892539 0.3339461
Moved 1053.426 450.3518 477 0.2091477 0.3339461
Moved 1053.468 454.0453 477 0.2176974 0.3339461
Moved 1053.508 459.0052 477 0.2291786 0.3339461
Moved 1053.548 464.3083 467.8416 0.2414545 0.3058872
Moved 1053.591 466.9085 469 0.2474735 0.3094364
Moved 1053.634 470 467 0.2546296 0.3033088
Moved 1053.698 473.2488 464.7512 0.26215 0.2964192
Moved 1053.74 474 463 0.2638889 0.291054
Moved 1053.782 474 460.5 0.2638889 0.2833946
Moved 1053.824 474 459.2781 0.2638889 0.279651
Moved 1053.865 474 453.9227 0.2638889 0.2632437
Moved 1053.907 474 445.3318 0.2638889 0.2369236
Moved 1053.948 474 433.352 0.2638889 0.2002205
Moved 1053.99 474 422.2535 0.2638889 0.1662178
Moved 1054.034 467 406.5547 0.2476852 0.118121
Moved 1054.077 466 389.191 0.2453704 0.06492362
Moved 1054.142 464 370.2967 0.2407408 0.007036527
Moved 1054.186 463 356.6279 0.2384259 -0.0348409
Moved 1054.229 462 347.504 0.2361111 -0.06279394
Moved 1054.277 460.5384 339.0768 0.2327277 -0.0886129
Moved 1054.321 460.2291 331.4582 0.2320118 -0.111954
Moved 1054.376 459 325.2955 0.2291666 -0.1308349
Moved 1054.419 457 317.9944 0.2245371 -0.1532033
Moved 1054.462 455 312.6902 0.2199073 -0.1694539
Moved 1054.505 453 307.709 0.2152778 -0.1847149
Moved 1054.548 451 303.4022 0.2106482 -0.1979099
Moved 1054.617 449.0119 299.0119 0.206046 -0.2113605
Moved 1054.662 446.7025 296.7025 0.2007002 -0.218436
Moved 1054.706 444.6947 294.6947 0.1960526 -0.2245872
Moved 1054.75 441.3859 293.3859 0.1883934 -0.228597
Moved 1054.792 439.7589 291.759 0.1846272 -0.2335816
Moved 1054.833 436.5426 289.5426 0.177182 -0.2403718
Moved 1054.875 435 288 0.1736111 -0.2450981
Moved 1054.916 432.7012 285.7012 0.1682897 -0.2521409
Moved 1054.957 432 284.426 0.1666667 -0.2560476
Moved 1054.997 430 282.1214 0.162037 -0.2631085
Moved 1055.06 427.8538 279.8538 0.1570691 -0.2700557
Moved 1055.101 427 277.5 0.1550926 -0.2772672
Moved 1055.139 425.9854 276.9854 0.1527441 -0.2788437
Moved 1055.179 425 274.5 0.150463 -0.2864583
Moved 1055.219 423.8599 272.8599 0.1478238 -0.2914832
Moved 1055.261 422.8779 272 0.1455507 -0.2941176
Moved 1055.303 421.9259 271 0.143347 -0.2971814
Moved 1055.344 418.5511 271 0.1355349 -0.2971814
Moved 1055.385 410.1689 271 0.1161318 -0.2971814
Moved 1055.427 401.8116 288.918 0.09678602 -0.2422856
Moved 1055.491 384.7268 314.3643 0.05723804 -0.1643252
Moved 1055.531 374.1949 340.4153 0.03285865 -0.084512
Moved 1055.577 366.4028 352.8958 0.01482129 -0.04627499
Moved 1055.62 362.749 361.7531 0.006363293 -0.01913875
Moved 1055.664 357.4457 371.1085 -0.005912632 0.009523653
Moved 1055.706 352.5 382.5 -0.0173611 0.04442402
Moved 1055.748 349 394.8246 -0.02546296 0.08218326
Moved 1055.791 347 402.7185 -0.0300926 0.106368
Moved 1055.833 346 405.6914 -0.03240739 0.1154762
Moved 1055.876 346 408.5 -0.03240739 0.1240809
Ended 1055.94 346 409 -0.03240739 0.1256129
Began 1056.511 460 473 0.2314815 0.3216912
Stationary 1056.555 460 473 0.2314815 0.3216912
Stationary 1056.596 460 473 0.2314815 0.3216912
Stationary 1056.639 460 473 0.2314815 0.3216912
Stationary 1056.678 460 473 0.2314815 0.3216912
Stationary 1056.717 460 473 0.2314815 0.3216912
Stationary 1056.756 460 473 0.2314815 0.3216912
Stationary 1056.796 460 473 0.2314815 0.3216912
Stationary 1056.838 460 473 0.2314815 0.3216912
Stationary 1056.878 460 473 0.2314815 0.3216912
Stationary 1056.919 460 473 0.2314815 0.3216912
Stationary 1056.961 460 473 0.2314815 0.3216912
Moved 1057.004 443.267 463.5339 0.1927476 0.2926898
Moved 1057.047 426.5434 450.0347 0.1540357 0.2513319
Moved 1057.09 407.2943 437.1962 0.1094775 0.211998
Moved 1057.159 374.4778 416.1083 0.03351331 0.1473907
Moved 1057.2 362.1945 407.463 0.005080005 0.1209038
Moved 1057.241 342.1843 397.0922 -0.04124001 0.08913045
Moved 1057.283 329.5 392.5 -0.07060184 0.07506133
Moved 1057.323 322.0925 389.6975 -0.08774887 0.06647517
Moved 1057.365 311.7747 386 -0.1116327 0.05514706
Moved 1057.405 302.8748 383.4374 -0.1322342 0.04729608
Moved 1057.445 295.7016 381.5672 -0.1488389 0.04156618
Moved 1057.484 286.7692 380 -0.1695157 0.0367648
Moved 1057.522 281.5223 379 -0.1816614 0.03370108
Moved 1057.583 269.8872 377 -0.2085945 0.02757353
Moved 1057.631 262.9789 375 -0.2245858 0.02144608
Moved 1057.669 256.3174 372.6587 -0.2400061 0.01427295
Moved 1057.707 252.7845 372 -0.248184 0.012255
Moved 1057.746 249.9353 371 -0.2547793 0.009191177
Moved 1057.784 248 370 -0.2592593 0.006127451
Moved 1057.822 246 369 -0.2638889 0.003063726
Moved 1057.86 244.5 369 -0.2673611 0.003063726
Moved 1057.898 243.5 368 -0.2696759 0
Moved 1057.937 243 367 -0.2708333 -0.003063632
Moved 1057.998 242 365.9902 -0.2731481 -0.006157464
Moved 1058.036 240 365 -0.2777777 -0.009191177
Moved 1058.074 239 363.7446 -0.2800926 -0.01303738
Moved 1058.117 237.5 363 -0.2835648 -0.01531863
Ended 1058.154 237.5 363 -0.2835648 -0.01531863
Began 1059.1 339 351 -0.04861111 -0.05208343
Stationary 1059.148 339 351 -0.04861111 -0.05208343
Stationary 1059.19 339 351 -0.04861111 -0.05208343
Stationary 1059.23 339 351 -0.04861111 -0.05208343
Moved 1059.271 326.552 351 -0.07742584 -0.05208343
Moved 1059.314 321.5 359.5 -0.08912037 -0.02604157
Moved 1059.355 318.7474 360 -0.09549221 -0.0245098
Moved 1059.397 316.8747 361 -0.09982714 -0.02144608
Moved 1059.437 314.7813 362 -0.104673 -0.01838226
Moved 1059.478 313.7752 363.2249 -0.1070019 -0.01462965
Moved 1059.521 313 363 -0.1087963 -0.01531863
Moved 1059.563 309.3127 364 -0.1173317 -0.01225481
Moved 1059.605 302.0085 365 -0.1342396 -0.009191177
Moved 1059.647 296.1305 366 -0.147846 -0.006127451
Moved 1059.689 291.1256 367 -0.1594315 -0.003063632
Moved 1059.73 290 367 -0.162037 -0.003063632
Stationary 1059.794 290 367 -0.162037 -0.003063632
Moved 1059.836 305.6125 367 -0.1258969 -0.003063632
Moved 1059.885 325.9875 369.8312 -0.07873271 0.00561041
Moved 1059.927 347.693 376.2772 -0.02848844 0.02535923
Moved 1059.972 370.1826 383.4365 0.02357086 0.04729328
Moved 1060.016 379.9585 389.9585 0.04620025 0.06727485
Moved 1060.061 396.9176 399.6118 0.08545736 0.09684974
Moved 1060.104 408.5722 405.1907 0.1124356 0.1139423
Moved 1060.152 418.5 412 0.1354167 0.134804
Moved 1060.193 425.878 416.878 0.1524953 0.1497487
Moved 1060.258 434.6203 424.6203 0.1727323 0.173469
Moved 1060.298 439.6235 428.6235 0.1843138 0.1857339
Moved 1060.337 443.314 433.4711 0.1928566 0.2005854
Moved 1060.378 448.4691 438.4691 0.2047896 0.215898
Moved 1060.42 452.5 444.5 0.2141203 0.2343751
Moved 1060.46 455.2813 448.5625 0.2205584 0.2468214
Moved 1060.503 459.5925 454.1851 0.2305383 0.2640474
Moved 1060.546 463 458.5836 0.2384259 0.2775233
Moved 1060.588 466.8863 462.8864 0.2474221 0.2907057
Moved 1060.63 468.7664 465.7664 0.2517741 0.2995295
Moved 1060.693 471.1613 470.1613 0.2573178 0.3129943
Moved 1060.731 471 471 0.2569444 0.3155637
Moved 1060.773 471 472.374 0.2569444 0.3197732
Stationary 1060.811 471 472 0.2569444 0.3186275
Moved 1060.849 462.352 472 0.236926 0.3186275
Moved 1060.889 456.4279 472 0.2232128 0.3186275
Moved 1060.933 444.5 460 0.1956019 0.2818628
Moved 1060.979 434 452 0.1712963 0.257353
Moved 1061.024 420.0136 443.5068 0.1389204 0.2313321
Moved 1061.071 405.8253 435.8835 0.1060771 0.2079766
Moved 1061.144 384.3106 425.1035 0.05627453 0.1749496
Moved 1061.187 372.4091 418.6061 0.02872477 0.1550431
Moved 1061.23 363.5226 413.8409 0.008154213 0.1404438
Moved 1061.274 355.955 408.9775 -0.009363444 0.1255437
Moved 1061.318 343.9092 400.9092 -0.03724714 0.1008249
Moved 1061.361 334.3195 395.6597 -0.0594457 0.08474182
Moved 1061.404 324.6927 390.3464 -0.0817299 0.06846315
Moved 1061.446 316.7569 385.7569 -0.1000998 0.05440231
Moved 1061.489 312.0146 383.5073 -0.1110773 0.04751009
Moved 1061.53 306 379.5 -0.125 0.03523294
Moved 1061.603 301 375.3981 -0.1365741 0.02266566
Moved 1061.646 298.7485 373.7485 -0.1417859 0.01761184
Moved 1061.688 298 373 -0.1435185 0.01531863
Moved 1061.729 296.6698 372 -0.1465976 0.012255
Moved 1061.774 296 369.5 -0.1481481 0.004595588
Moved 1061.816 296 368.8132 -0.1481481 0.002491334
Stationary 1061.857 296 368.8132 -0.1481481 0.002491334
Moved 1061.897 295 367.9797 -0.150463 -6.226933E-05
Moved 1061.94 295 366.5 -0.150463 -0.004595495
Moved 1061.981 295 367 -0.150463 -0.003063632
Moved 1062.054 295 365.8275 -0.150463 -0.006655899
Stationary 1062.099 295 366 -0.150463 -0.006127451
Moved 1062.143 318.0841 379.6195 -0.09702751 0.03559908
Moved 1062.186 345.3194 402.3194 -0.03398289 0.1051453
Moved 1062.229 368.6694 414.7796 0.02006799 0.1433198
Moved 1062.276 386.2346 423.4897 0.06072819 0.1700054
Moved 1062.316 393.595 427.1983 0.07776619 0.1813674
Moved 1062.359 407.1373 436.5687 0.1091141 0.2100756
Moved 1062.411 416.7485 443.7485 0.1313622 0.2320725
Moved 1062.454 424.7673 450.7673 0.1499244 0.2535764
Moved 1062.521 436.5732 460.5732 0.1772529 0.283619
Moved 1062.565 440.6036 463.6036 0.1865824 0.2929033
Moved 1062.608 446.821 468 0.2009744 0.3063726
Moved 1062.65 451.7037 471 0.2122771 0.3155637
Moved 1062.693 456.1567 474 0.222585 0.324755
Moved 1062.735 461.4562 477.4562 0.2348523 0.3353437
Moved 1062.779 463.0097 478.0097 0.2384484 0.3370396
Moved 1062.82 466.3047 479 0.2460758 0.3400736
Moved 1062.863 469.1914 480 0.252758 0.3431373
Moved 1062.905 471.5 480 0.2581018 0.3431373
Moved 1062.971 472 471.9454 0.2592593 0.3184601
Moved 1063.015 472 449.0462 0.2592593 0.2483034
Moved 1063.057 452.0771 415.8723 0.2131414 0.1466675
Moved 1063.099 443.2816 396.3835 0.1927814 0.08695949
Moved 1063.149 427.1306 370.7286 0.155395 0.00835961
Moved 1063.192 409 352 0.113426 -0.04901961
Moved 1063.235 385.1034 333.5517 0.05810976 -0.1055401
Moved 1063.276 368.9059 323.9686 0.02061556 -0.1349
Moved 1063.32 356.9789 317.993 -0.006993165 -0.1532078
Moved 1063.36 348.3704 314.2469 -0.02692044 -0.1646848
Moved 1063.423 333.4209 307.8069 -0.0615257 -0.1844151
Moved 1063.462 322.3 302.4333 -0.08726855 -0.2008782
Moved 1063.5 313.6971 298.5657 -0.1071826 -0.2127274
Moved 1063.539 306.0789 293.5394 -0.1248173 -0.2281268
Moved 1063.577 301.671 289.671 -0.1350209 -0.2399787
Moved 1063.616 295.3636 286 -0.1496213 -0.2512255
Moved 1063.654 292.8278 283.8278 -0.1554913 -0.2578807
Moved 1063.693 291 281 -0.1597222 -0.2665441
Moved 1063.731 290 278.8271 -0.162037 -0.2732012
Moved 1063.769 289 275.7139 -0.1643519 -0.2827392
Moved 1063.835 289 272.9751 -0.1643519 -0.2911302
Moved 1063.876 289 272 -0.1643519 -0.2941176
Moved 1063.914 289 271 -0.1643519 -0.2971814
Moved 1063.952 289 270 -0.1643519 -0.3002451
Stationary 1064 289 270 -0.1643519 -0.3002451
Moved 1064.041 302.0318 309.3758 -0.1341856 -0.1796085
Moved 1064.082 303.0071 336.0637 -0.1319281 -0.097844
Moved 1064.124 307.6163 376.7733 -0.1212586 0.02687894
Moved 1064.165 310.6174 398.0872 -0.1143115 0.0921788
Moved 1064.205 313.1565 408.4694 -0.1084341 0.1239873
Moved 1064.273 321.3246 429.6491 -0.08952647 0.188876
Moved 1064.316 325.659 436.318 -0.07949308 0.2093076
Moved 1064.358 333.2921 449.438 -0.06182398 0.2495039
Moved 1064.399 337.4524 457.9048 -0.05219345 0.2754438
Moved 1064.439 341.9646 462.9823 -0.04174868 0.2909997
Moved 1064.487 353.1739 473.4493 -0.01580109 0.3230677
Moved 1064.53 360.5612 476.1871 0.001299183 0.3314555
Moved 1064.571 379.2231 481 0.04449784 0.3462009
Moved 1064.612 399.2886 481 0.09094597 0.3462009
Moved 1064.652 410.7361 481 0.1174448 0.3462009
Moved 1064.715 430.5233 481 0.1632485 0.3462009
Moved 1064.754 439.298 481 0.1835603 0.3462009
Moved 1064.792 445.0541 481 0.1968846 0.3462009
Moved 1064.832 450.3301 481 0.2090974 0.3462009
Moved 1064.872 455.2653 481 0.2205215 0.3462009
Moved 1064.911 459.2869 481 0.2298308 0.3462009
Moved 1064.95 463.4504 470.5496 0.2394686 0.3141837
Moved 1064.988 467.0032 467.9968 0.2476926 0.3063629
Moved 1065.027 474.6214 459.0679 0.2653274 0.279007
Moved 1065.066 479.3727 453.6273 0.2763256 0.2623386
Moved 1065.134 487.0255 438.949 0.2940405 0.2173682
Moved 1065.175 490.8881 433.2238 0.3029817 0.1998277
Moved 1065.217 493.8886 424.2228 0.3099273 0.1722512
Moved 1065.259 496.1954 412.4137 0.3152672 0.1360714
Moved 1065.3 496 403.644 0.3148148 0.1092034
Moved 1065.345 496 397.8907 0.3148148 0.0915769
Moved 1065.39 497 391.2939 0.3171296 0.07136625
Moved 1065.436 497 389 0.3171296 0.06433833
Moved 1065.477 498 385.3953 0.3194444 0.05329436
Moved 1065.52 499 383.4107 0.3217593 0.04721427
Moved 1065.591 500 380.6736 0.324074 0.03882848
Moved 1065.633 501 379.8 0.3263889 0.03615192
Moved 1065.676 504.5977 379 0.3347168 0.03370108
Moved 1065.721 507.9078 378 0.3423792 0.03063726
Moved 1065.764 511.9184 377 0.3516629 0.02757353
Moved 1065.813 515.2209 376 0.3593077 0.02450971
Moved 1065.855 517.3205 376 0.3641677 0.02450971
Moved 1065.896 519.0313 375 0.3681279 0.02144608
Stationary 1065.937 519.0313 375 0.3681279 0.02144608
Stationary 1065.978 519 375 0.3680556 0.02144608
Moved 1066.043 487.7393 388.1042 0.2956929 0.06159395
Moved 1066.087 464.7936 398.0688 0.2425779 0.09212247
Moved 1066.128 446.5345 404.7328 0.2003112 0.1125392
Moved 1066.171 422.8481 413.6912 0.1454816 0.1399852
Moved 1066.214 392.9741 423.5129 0.076329 0.1700765
Moved 1066.257 365.0964 443.9036 0.01179725 0.2325477
Moved 1066.3 352.0233 451.9767 -0.01846462 0.2572817
Moved 1066.345 343.2031 457.5938 -0.03888175 0.2744909
Moved 1066.387 338.3293 460.6707 -0.05016372 0.2839176
Moved 1066.437 328.8434 466.1566 -0.07212167 0.3007247
Moved 1066.504 321 470.5 -0.09027779 0.3140318
Moved 1066.551 317.2465 473.7535 -0.09896646 0.3239998
Moved 1066.594 315 477.0568 -0.1041667 0.3341201
Moved 1066.637 314 478.322 -0.1064815 0.3379964
Ended 1066.679 314 478 -0.1064815 0.3370098
PhraseEnd 1070.863
