one heck of a question
Basic
0.8 0.8
575.9999 435.2
Began 2067.535 546 488 0.3229167 0.2757353
Stationary 2067.611 546 488 0.3229167 0.2757353
Stationary 2067.682 546 488 0.3229167 0.2757353
Moved 2067.753 535.549 488 0.3047726 0.2757353
Moved 2067.819 523.9734 488 0.2846761 0.2757353
Moved 2067.893 497.584 455.23 0.2388611 0.2004366
Moved 2067.964 476.0058 414.343 0.201399 0.1064868
Moved 2068.036 457.5522 365.9328 0.1693615 -0.00475
Moved 2068.105 447.8502 331.2508 0.1525176 -0.08444212
Moved 2068.173 443.1324 303.5295 0.1443271 -0.1481398
Moved 2068.24 439.3914 275.5656 0.1378323 -0.2123952
Moved 2068.308 439 249.9663 0.1371527 -0.2712171
Moved 2068.402 438 231.5255 0.1354167 -0.3135903
Moved 2068.47 436 225.8669 0.1319444 -0.3265925
Moved 2068.539 432.2588 225 0.1254492 -0.3285846
Moved 2068.606 414.5113 243.3184 0.09463759 -0.2864927
Moved 2068.675 389.1946 281.2081 0.05068511 -0.19943
Moved 2068.741 364.1772 329.5275 0.007252024 -0.08840183
Moved 2068.81 341.6445 369.9258 -0.03186714 0.004425049
Moved 2068.878 328.7164 393.709 -0.05431186 0.05907407
Moved 2068.948 312.2884 416.0674 -0.08283262 0.110449
Moved 2069.019 292.5368 444.6176 -0.1171235 0.1760513
Moved 2069.134 253.6992 481.3008 -0.1845501 0.2603421
Moved 2069.21 234.6637 501.3364 -0.2175978 0.3063796
Moved 2069.282 226.1612 509.8388 -0.2323591 0.3259164
Moved 2069.354 223 513.2721 -0.2378472 0.3338054
Moved 2069.427 219.9946 515 -0.2430649 0.3377758
Moved 2069.499 211.7284 520.2716 -0.257416 0.3498888
Moved 2069.57 205 524.6389 -0.2690972 0.3599239
Ended 2069.639 200 526 -0.2777778 0.3630515
Began 2070.116 467 333 0.1857639 -0.0804228
Stationary 2070.192 467 333 0.1857639 -0.0804228
Stationary 2070.262 467 333 0.1857639 -0.0804228
Moved 2070.33 441.258 352.113 0.1410729 -0.0365049
Moved 2070.405 420.4164 362.1946 0.1048895 -0.01333966
Moved 2070.477 396.2813 376.4792 0.06298825 0.01948343
Moved 2070.547 351.4369 415.5631 -0.01486652 0.1092903
Moved 2070.615 317.6667 452.5 -0.0734954 0.1941636
Moved 2070.688 286.4445 485.6666 -0.1277004 0.2703736
Moved 2070.76 255.7437 511.1923 -0.1810006 0.3290263
Moved 2070.828 237.5923 520.9385 -0.2125134 0.3514212
Moved 2070.901 224.7772 524 -0.2347619 0.3584559
Moved 2070.972 218.5381 524 -0.2455936 0.3584559
Moved 2071.044 225.0964 483.6064 -0.2342077 0.2656397
Moved 2071.117 272.9922 377.217 -0.1510551 0.02117886
Moved 2071.188 297.8063 313.7747 -0.1079752 -0.1245985
Moved 2071.257 307.5208 281.4377 -0.09110976 -0.1989024
Moved 2071.366 317.9755 237.0736 -0.07295926 -0.3008419
Moved 2071.445 330.4095 224.8635 -0.05137239 -0.3288982
Moved 2071.519 386.2635 252.3617 0.04559636 -0.265713
Moved 2071.587 452.8459 317.6535 0.1611907 -0.1156859
Moved 2071.656 492.2711 357.7259 0.2296374 -0.02360772
Moved 2071.725 528.5341 390.5341 0.292594 0.05177884
Moved 2071.794 549.9794 407.2346 0.3298255 0.09015308
Moved 2071.863 562.9186 416.9186 0.3522892 0.1124048
Ended 2071.94 567 420 0.359375 0.1194853
Began 2072.682 593 508 0.404514 0.3216912
Stationary 2072.765 593 508 0.404514 0.3216912
Moved 2072.836 572.5601 508 0.369028 0.3216912
Moved 2072.909 537.3947 492.4649 0.3079768 0.2859948
Moved 2072.981 506.0263 481.0088 0.2535179 0.259671
Moved 2073.054 478.3808 469.3523 0.2055223 0.2328868
Moved 2073.125 439.3473 450.6736 0.1377557 0.189967
Moved 2073.196 403.6481 438.2592 0.07577793 0.1614412
Moved 2073.27 365.7244 422.5748 0.009938256 0.1254018
Moved 2073.346 329.0398 403.6932 -0.05375031 0.08201572
Moved 2073.416 295.1981 389.2995 -0.1125033 0.0489419
Moved 2073.489 277.5999 385 -0.1430558 0.0390625
Moved 2073.56 265.6948 382 -0.1637243 0.03216912
Ended 2073.631 262 380 -0.1701389 0.0275736
Began 2074.237 133 379 -0.3940972 0.02527581
Stationary 2074.318 133 379 -0.3940972 0.02527581
Stationary 2074.394 133 379 -0.3940972 0.02527581
Ended 2074.46 133 379 -0.3940972 0.02527581
Began 2075.483 145 469 -0.3732639 0.2320773
Stationary 2075.562 145 469 -0.3732639 0.2320773
Moved 2075.632 173.052 469 -0.3245625 0.2320773
Moved 2075.703 230.9012 469 -0.2241299 0.2320773
Moved 2075.773 309.8801 475.9068 -0.08701365 0.2479476
Moved 2075.843 363.6077 479.4009 0.006263405 0.2559763
Moved 2075.912 420.5 483 0.1050347 0.2642463
Moved 2075.982 447.2639 483 0.1514998 0.2642463
Moved 2076.049 473.6114 483 0.197242 0.2642463
Moved 2076.117 482.3735 483 0.212454 0.2642463
Moved 2076.188 473.1161 483 0.1963822 0.2642463
Moved 2076.271 425.8369 483 0.1143003 0.2642463
Moved 2076.341 364.2701 483 0.007413328 0.2642463
Moved 2076.411 328.9103 483 -0.05397509 0.2642463
Moved 2076.481 296 483 -0.1111111 0.2642463
Moved 2076.555 276.7851 483 -0.1444703 0.2642463
Moved 2076.625 268.0311 484.9689 -0.1596683 0.2687704
Moved 2076.698 260.8624 486.1376 -0.172114 0.271456
Moved 2076.769 257.5 486 -0.1779514 0.2711397
Moved 2076.843 250.2823 474.9235 -0.1904821 0.2456882
Moved 2076.916 233.5 445 -0.2196181 0.1769302
Moved 2077.024 214.4789 407.2184 -0.2526408 0.09011582
Moved 2077.097 205.9204 384.8409 -0.2674993 0.03869691
Moved 2077.196 204.5 379 -0.2699653 0.02527581
Moved 2077.285 209.5327 333.6245 -0.261228 -0.07898787
Moved 2077.351 252.2397 346.2798 -0.1870838 -0.04990844
Moved 2077.417 287.5423 381.6779 -0.1257946 0.0314289
Moved 2077.482 305.991 409.6547 -0.09376564 0.09571385
Moved 2077.549 328.8496 438.1329 -0.05408049 0.1611509
Moved 2077.617 352.3684 459.3684 -0.01324929 0.2099458
Moved 2077.686 369.5649 470.855 0.01660578 0.2363396
Moved 2077.788 402.031 493.5233 0.07297046 0.2884266
Moved 2077.854 428.6184 505.9236 0.1191291 0.3169202
Moved 2077.921 462.9878 510 0.1787983 0.3262868
Moved 2077.988 494.3038 510 0.2331663 0.3262868
Moved 2078.061 522.624 510 0.2823334 0.3262868
Moved 2078.133 548.2169 510 0.3267655 0.3262868
Moved 2078.205 565.7621 510 0.3572258 0.3262868
Moved 2078.274 570 500.5 0.3645834 0.3044578
Moved 2078.344 570 491.3187 0.3645834 0.2833611
Moved 2078.421 534.0042 436.2572 0.3020906 0.1568411
Moved 2078.529 498.2239 374.4478 0.239972 0.01481561
Moved 2078.604 484.2049 338.8195 0.2156334 -0.06705075
Moved 2078.673 469.0911 297.1821 0.1893942 -0.1627249
Moved 2078.741 459.6727 271.3633 0.1730429 -0.2220512
Moved 2078.811 452.8989 243.5956 0.1612828 -0.2858557
Moved 2078.88 448.1331 222.5322 0.1530088 -0.334255
Moved 2078.953 446 203.8888 0.1493056 -0.3770938
Moved 2079.025 446 192.5 0.1493056 -0.4032629
Moved 2079.095 446 187.8695 0.1493056 -0.4139028
Moved 2079.166 446 184 0.1493056 -0.4227941
Moved 2079.269 445 180.8571 0.1475695 -0.430016
Moved 2079.337 443 180 0.1440972 -0.4319853
Moved 2079.408 440.0907 179 0.1390464 -0.434283
Moved 2079.479 435.1926 178 0.1305427 -0.4365809
Moved 2079.558 431.6266 178 0.1243517 -0.4365809
Moved 2079.627 430 177 0.1215278 -0.4388787
Ended 2079.699 430 177 0.1215278 -0.4388787
PhraseEnd 2084.624
