one heck of a question
Basic
0.8 0.8
575.9999 230.4
Began 261.4719 481 331 0.2100694 0.3949653
Stationary 261.4998 481 331 0.2100694 0.3949653
Stationary 261.5216 481 331 0.2100694 0.3949653
Stationary 261.5546 481 331 0.2100694 0.3949653
Stationary 261.5739 481 331 0.2100694 0.3949653
Stationary 261.5929 481 331 0.2100694 0.3949653
Stationary 261.6097 481 331 0.2100694 0.3949653
Stationary 261.6271 481 331 0.2100694 0.3949653
Stationary 261.6453 481 331 0.2100694 0.3949653
Stationary 261.6656 481 331 0.2100694 0.3949653
Stationary 261.6883 481 331 0.2100694 0.3949653
Stationary 261.7069 481 331 0.2100694 0.3949653
Stationary 261.726 481 331 0.2100694 0.3949653
Stationary 261.7451 481 331 0.2100694 0.3949653
Stationary 261.7638 481 331 0.2100694 0.3949653
Stationary 261.7825 481 331 0.2100694 0.3949653
Stationary 261.8009 481 331 0.2100694 0.3949653
Stationary 261.8196 481 331 0.2100694 0.3949653
Stationary 261.837 481 331 0.2100694 0.3949653
Stationary 261.8553 481 331 0.2100694 0.3949653
Moved 261.8852 481 319.5558 0.2100694 0.3452942
Moved 261.9051 481 319 0.2100694 0.342882
Moved 261.9247 481 317.044 0.2100694 0.3343924
Moved 261.9442 481 314.1569 0.2100694 0.3218614
Moved 261.9638 481 312.7219 0.2100694 0.3156331
Moved 261.983 481 311.283 0.2100694 0.3093879
Moved 262.0021 481 309.8444 0.2100694 0.3031443
Moved 262.0215 481 307.2101 0.2100694 0.2917105
Moved 262.0406 481 305.8353 0.2100694 0.2857438
Moved 262.0597 488 305.3971 0.2222222 0.2838417
Moved 262.0907 489.472 302.528 0.2247778 0.2713887
Moved 262.1104 489 301.0856 0.2239584 0.2651286
Moved 262.1294 490 299.5 0.2256945 0.2582467
Moved 262.1487 490.8928 299 0.2272444 0.2560765
Moved 262.168 491 297.6757 0.2274306 0.2503287
Stationary 262.1868 491 297.6757 0.2274306 0.2503287
Moved 262.206 492 296.3645 0.2291667 0.2446378
Moved 262.2253 492 295.5 0.2291667 0.2408854
Stationary 262.2442 492 295.5 0.2291667 0.2408854
Moved 262.2632 492 295.4165 0.2291667 0.240523
Moved 262.2934 493.017 295 0.2309323 0.2387153
Moved 262.3128 493 293.6734 0.2309028 0.2329576
Moved 262.3317 493 292.2294 0.2309028 0.2266901
Moved 262.3507 493 290.7902 0.2309028 0.2204437
Moved 262.3699 493 288.5251 0.2309028 0.2106126
Moved 262.3891 493 286.4894 0.2309028 0.2017768
Moved 262.4086 493 283.3658 0.2309028 0.1882196
Moved 262.4278 493 281.9313 0.2309028 0.1819937
Moved 262.4471 493 280.4966 0.2309028 0.1757667
Moved 262.4662 493 279.5 0.2309028 0.1714411
Moved 262.4966 493 278.5332 0.2309028 0.1672448
Ended 262.5163 493 277.5 0.2309028 0.1627604
Backspace 263.1188
Began 263.8402 577 385 0.3767361 0.6293404
Stationary 263.8602 577 385 0.3767361 0.6293404
Stationary 263.8785 577 385 0.3767361 0.6293404
Stationary 263.8958 577 385 0.3767361 0.6293404
Stationary 263.9138 577 385 0.3767361 0.6293404
Stationary 263.9328 577 385 0.3767361 0.6293404
Stationary 263.95 577 385 0.3767361 0.6293404
Stationary 263.9674 577 385 0.3767361 0.6293404
Stationary 263.9849 577 385 0.3767361 0.6293404
Stationary 264.0035 577 385 0.3767361 0.6293404
Stationary 264.0218 577 385 0.3767361 0.6293404
Stationary 264.0406 577 385 0.3767361 0.6293404
Stationary 264.0594 577 385 0.3767361 0.6293404
Stationary 264.0833 577 385 0.3767361 0.6293404
Stationary 264.1026 577 385 0.3767361 0.6293404
Moved 264.1208 567.5597 376.6086 0.3603467 0.5929196
Moved 264.14 565.0517 374.0517 0.3559926 0.5818217
Moved 264.1595 562.1639 372.1639 0.350979 0.5736282
Moved 264.1791 555.0883 365.0883 0.3386949 0.542918
Moved 264.198 549.4109 358.5479 0.3288384 0.5145308
Moved 264.2166 543.7856 352.7856 0.3190723 0.4895211
Moved 264.2374 539.7903 346.3172 0.312136 0.4614463
Moved 264.2577 528.1821 330.9702 0.2919827 0.3948358
Moved 264.2908 515.3099 314.1949 0.2696353 0.3220268
Moved 264.3106 509.0508 304.4609 0.2587686 0.2797781
Moved 264.3292 503.9012 296.8354 0.2498286 0.2466815
Moved 264.3481 491.4915 279.688 0.2282838 0.172257
Moved 264.3668 487.001 273.668 0.2204879 0.1461286
Moved 264.3867 481.1539 264.6154 0.2103366 0.1068376
Moved 264.4059 477.3206 259.4274 0.2036815 0.08432031
Moved 264.4277 467.788 244.0507 0.187132 0.01758112
Moved 264.4469 463.4758 238.3011 0.1796456 -0.00737336
Moved 264.4677 460.7783 233.5566 0.1749623 -0.02796597
Moved 264.4997 452.5732 222.0977 0.1607174 -0.07770102
Moved 264.5212 447.8999 210.8499 0.1526041 -0.1265197
Moved 264.5416 446.5191 206.5574 0.1502068 -0.1451502
Moved 264.562 444.0699 201.2794 0.1459546 -0.1680581
Moved 264.5818 440.2021 192.4043 0.1392399 -0.2065786
Moved 264.6024 438.7703 188.311 0.1367541 -0.2243445
Moved 264.6222 437.5 184.5 0.1345486 -0.2408853
Moved 264.6429 433.5984 178.5984 0.127775 -0.2664999
Moved 264.6619 433 175.3644 0.1267361 -0.2805366
Moved 264.6816 431.932 172.8639 0.1248819 -0.2913894
Moved 264.7128 430.0607 169.0607 0.1216332 -0.3078963
Moved 264.7377 428.8141 167.8141 0.119469 -0.3133068
Moved 264.7578 428.1342 167 0.1182886 -0.3168403
Moved 264.7783 426.2587 166 0.1150325 -0.3211806
Moved 264.7981 424.8315 166 0.1125547 -0.3211806
Moved 264.8164 423.3917 166 0.1100551 -0.3211806
Moved 264.8364 419.8795 166 0.1039576 -0.3211806
Moved 264.8563 413.2448 177.9254 0.09243883 -0.2694208
Moved 264.8754 407.8977 185.1278 0.08315579 -0.2381607
Moved 264.8949 400.6715 196.2599 0.07061028 -0.1898443
Moved 264.9265 387.717 218.2452 0.04811973 -0.09442171
Moved 264.9464 381.711 230.104 0.03769271 -0.04295138
Moved 264.9656 373.1326 243.4457 0.0227996 0.0149552
Moved 264.985 368.8325 249.89 0.01533426 0.04292555
Moved 265.0042 365.6675 255.6649 0.009839461 0.06799009
Moved 265.0262 357.9345 265.0873 -0.003585928 0.1088862
Moved 265.0454 354.1195 268.4103 -0.01020912 0.1233088
Moved 265.0651 350.6251 271.3749 -0.01627583 0.1361758
Moved 265.0853 345.8824 276.1176 -0.02450977 0.1567606
Moved 265.1057 336.2893 285.7107 -0.04116438 0.198397
Moved 265.1377 327.6587 292.3413 -0.05614806 0.227176
Moved 265.1577 322.0996 296.6753 -0.06579924 0.2459867
Moved 265.1782 314.7217 302.2783 -0.07860814 0.2703054
Moved 265.198 310.4105 304.1965 -0.08609292 0.2786306
Moved 265.2166 306.7263 307.6368 -0.09248912 0.2935627
Moved 265.235 302.7965 309.0679 -0.09931166 0.2997738
Moved 265.2552 292.1683 314.8878 -0.1177634 0.325034
Moved 265.2747 287.9029 316.3657 -0.1251686 0.3314486
Moved 265.2933 283.6805 318.6598 -0.1324992 0.3414054
Moved 265.312 279.3509 319.883 -0.1400158 0.3467144
Moved 265.3417 272.5006 321.7497 -0.1519087 0.3548164
Moved 265.3607 269.6 323.2 -0.1569445 0.361111
Moved 265.3799 263.8542 324 -0.1669198 0.3645835
Moved 265.3981 262.8597 325.1403 -0.1686464 0.3695325
Moved 265.4164 259.7568 326 -0.1740333 0.3732638
Moved 265.4402 254.019 326 -0.1839947 0.3732638
Moved 265.4589 252.1463 327 -0.187246 0.3776042
Moved 265.4768 249.259 327 -0.1922586 0.3776042
Moved 265.4953 246.396 327 -0.1972292 0.3776042
Moved 265.5138 245.0849 327 -0.1995053 0.3776042
Moved 265.5434 240.2377 327 -0.2079207 0.3776042
Moved 265.5636 237.3632 327 -0.2129111 0.3776042
Moved 265.5821 234.857 327 -0.2172621 0.3776042
Moved 265.6007 233.5 327 -0.2196181 0.3776042
Moved 265.6192 233 327 -0.2204861 0.3776042
Moved 265.6373 230.8439 327 -0.2242294 0.3776042
Moved 265.6562 229.0456 327 -0.2273514 0.3776042
Moved 265.6747 227.6081 327 -0.2298471 0.3776042
Stationary 265.6929 227.6081 327 -0.2298471 0.3776042
Moved 265.7111 226.6266 327 -0.2315511 0.3776042
Moved 265.7405 226 327 -0.2326389 0.3776042
Moved 265.7599 224.7599 327 -0.2347919 0.3776042
Stationary 265.7786 225 327 -0.234375 0.3776042
Ended 265.7967 223.8798 327 -0.2363199 0.3776042
Began 266.1375 388 260 0.04861109 0.08680556
Stationary 266.1662 388 260 0.04861109 0.08680556
Stationary 266.1842 388 260 0.04861109 0.08680556
Stationary 266.2048 388 260 0.04861109 0.08680556
Stationary 266.2249 388 260 0.04861109 0.08680556
Stationary 266.2435 388 260 0.04861109 0.08680556
Stationary 266.2634 388 260 0.04861109 0.08680556
Stationary 266.2831 388 260 0.04861109 0.08680556
Stationary 266.3036 388 260 0.04861109 0.08680556
Stationary 266.3266 388 260 0.04861109 0.08680556
Stationary 266.3452 388 260 0.04861109 0.08680556
Stationary 266.3646 388 260 0.04861109 0.08680556
Stationary 266.3835 388 260 0.04861109 0.08680556
Stationary 266.4021 388 260 0.04861109 0.08680556
Stationary 266.4326 388 260 0.04861109 0.08680556
Stationary 266.4525 388 260 0.04861109 0.08680556
Stationary 266.4727 388 260 0.04861109 0.08680556
Stationary 266.4915 388 260 0.04861109 0.08680556
Stationary 266.5201 388 260 0.04861109 0.08680556
Stationary 266.5386 388 260 0.04861109 0.08680556
Stationary 266.5558 388 260 0.04861109 0.08680556
Stationary 266.5739 388 260 0.04861109 0.08680556
Moved 266.5924 376.3381 260 0.02836473 0.08680556
Moved 266.6129 352.5113 260 -0.01300119 0.08680556
Moved 266.6448 329.9375 264.6428 -0.0521918 0.1069568
Moved 266.6669 319.9151 270.0243 -0.06959189 0.1303139
Moved 266.6873 309.8773 271.4461 -0.08701853 0.136485
Moved 266.7065 293.1457 278.9272 -0.1160666 0.1689548
Moved 266.7259 285.932 281.8272 -0.1285902 0.1815417
Moved 266.7466 280.426 287.574 -0.1381494 0.2064845
Moved 266.7688 270.5444 293.7278 -0.1553048 0.2331937
Moved 266.7891 267.6814 296.3186 -0.1602754 0.2444383
Moved 266.8102 262.6721 299.664 -0.1689721 0.2589585
Moved 266.8289 259.8104 301.0948 -0.1739403 0.2651686
Moved 266.8593 255.0601 304.97 -0.1821874 0.2819879
Moved 266.8827 253.5889 306.4111 -0.1847414 0.2882425
Moved 266.9029 250.306 308.694 -0.190441 0.2981512
Moved 266.9218 246.2125 311.3937 -0.1975477 0.3098687
Moved 266.9407 243.3394 313.6606 -0.2025358 0.3197074
Moved 266.9594 240.4643 315.2678 -0.2075272 0.3266834
Moved 266.9777 238.2979 316.7021 -0.2112883 0.3329084
Moved 266.998 235.5 318 -0.2161459 0.3385417
Moved 267.0165 234.253 319.7469 -0.2183107 0.3461238
Moved 267.0345 233.5 320.5 -0.2196181 0.3493924
Moved 267.0641 233 320.9693 -0.2204861 0.3514294
Stationary 267.0829 233 321 -0.2204861 0.3515625
Stationary 267.1007 233 321 -0.2204861 0.3515625
Stationary 267.1179 233 321 -0.2204861 0.3515625
Moved 267.1357 232 321 -0.2222222 0.3515625
Stationary 267.1538 232 321 -0.2222222 0.3515625
Moved 267.1708 230.5 321 -0.2248264 0.3515625
Moved 267.1895 231 311.2493 -0.2239584 0.3092418
Moved 267.2091 230.4019 306.2056 -0.2249968 0.2873506
Moved 267.2353 230 295.1173 -0.2256944 0.2392245
Moved 267.27 230 283.9575 -0.2256944 0.1907875
Moved 267.2909 236.9986 266.8762 -0.2135441 0.1166503
Moved 267.3103 240.6321 259.4197 -0.207236 0.0842872
Moved 267.3298 243.5229 251.9541 -0.2022171 0.05188426
Moved 267.3495 247.1927 242.2291 -0.195846 0.009675027
Moved 267.3737 250.3989 236.5028 -0.1902798 -0.01517879
Moved 267.3932 254.4254 230.4329 -0.1832893 -0.04152404
Moved 267.4136 259.0101 222.9899 -0.1753298 -0.07382857
Moved 267.4335 260.426 220.1479 -0.1728715 -0.08616342
Moved 267.4532 263.8741 213.3776 -0.1668852 -0.1155486
Moved 267.4887 269.8405 199.6379 -0.1565269 -0.1751826
Moved 267.5089 271.2973 196.4054 -0.1539977 -0.1892126
Moved 267.5284 272.726 192.8219 -0.1515174 -0.2047661
Moved 267.5474 273 190.8389 -0.1510417 -0.213373
Moved 267.5682 274.7628 185.4745 -0.1479813 -0.2366559
Moved 267.5882 276.1119 183.8881 -0.145639 -0.2435414
Moved 267.6082 276.5495 180.9011 -0.1448794 -0.2565056
Moved 267.6297 278 176.1642 -0.1423611 -0.2770651
Moved 267.6501 279.8554 175 -0.1391399 -0.282118
Moved 267.6699 280 172.4198 -0.1388889 -0.2933169
Moved 267.7021 282 171.1467 -0.1354167 -0.2988423
Moved 267.7228 288.1879 167.2708 -0.1246737 -0.3156653
Moved 267.7415 295.9638 164.6787 -0.1111739 -0.3269152
Moved 267.7605 309.3513 161.4054 -0.08793183 -0.3411223
Moved 267.7804 335.1336 161 -0.04317086 -0.3428818
Moved 267.7998 342.4014 161 -0.03055312 -0.3428818
Moved 267.8239 355.0083 161 -0.008666181 -0.3428818
Moved 267.8452 379.0764 172.7361 0.0331188 -0.291944
Moved 267.865 391.6446 179.4692 0.0549385 -0.2627202
Moved 267.885 405.1092 184.4232 0.07831454 -0.2412187
Moved 267.9171 425.6035 193.8909 0.113895 -0.2001263
Moved 267.9372 444.7526 203.3763 0.14714 -0.1589569
Moved 267.9576 454.3584 209.2389 0.1638167 -0.1335116
Moved 267.9768 463.9202 214.9545 0.1804171 -0.1087046
Moved 267.9968 482.2752 226.4202 0.2122834 -0.05894026
Moved 268.015 488.8667 229.9333 0.2237269 -0.04369193
Moved 268.0342 496.0518 232.8207 0.236201 -0.03116038
Moved 268.0528 501.412 236.7061 0.245507 -0.01429664
Moved 268.0713 505.8425 239.5616 0.2531988 -0.001902448
Moved 268.0905 515.4542 243.3029 0.2698858 0.01433532
Moved 268.1192 526.0277 248.5139 0.2882425 0.03695276
Moved 268.1373 530.3511 250.1171 0.2957484 0.04391088
Moved 268.1553 534.6589 251.553 0.3032272 0.05014314
Moved 268.1737 538.9708 252.9902 0.3107132 0.05638123
Moved 268.1917 542.8454 255 0.3174399 0.06510431
Moved 268.2099 545.726 255.863 0.322441 0.06885
Moved 268.2321 551.1418 257.5709 0.3318433 0.07626269
Moved 268.2541 553.7449 258.8724 0.3363627 0.08191176
Moved 268.2788 556.7545 259.7545 0.3415876 0.08573983
Moved 268.3004 558.1924 260 0.344084 0.08680556
Ended 268.3327 558 260 0.34375 0.08680556
Began 268.7718 560 303 0.3472223 0.2734375
Stationary 268.805 560 303 0.3472223 0.2734375
Stationary 268.8244 560 303 0.3472223 0.2734375
Stationary 268.844 560 303 0.3472223 0.2734375
Stationary 268.8637 560 303 0.3472223 0.2734375
Stationary 268.8861 560 303 0.3472223 0.2734375
Stationary 268.9109 560 303 0.3472223 0.2734375
Stationary 268.9315 560 303 0.3472223 0.2734375
Stationary 268.952 560 303 0.3472223 0.2734375
Stationary 268.9703 560 303 0.3472223 0.2734375
Stationary 269.0035 560 303 0.3472223 0.2734375
Stationary 269.0312 560 303 0.3472223 0.2734375
Stationary 269.0512 560 303 0.3472223 0.2734375
Stationary 269.0749 560 303 0.3472223 0.2734375
Stationary 269.0942 560 303 0.3472223 0.2734375
Moved 269.1153 550.4518 294.5128 0.3306456 0.2366005
Moved 269.1381 540.4409 290.7205 0.3132655 0.2201409
Moved 269.1615 532.5008 288.8336 0.2994806 0.2119515
Moved 269.1939 517.7408 283.0963 0.2738556 0.18705
Moved 269.2156 503.8475 280.9746 0.2497353 0.1778412
Moved 269.2352 496.6447 278.0579 0.2372303 0.1651817
Moved 269.2662 479.2971 273.3188 0.2071131 0.1446132
Moved 269.2857 470.331 271.2218 0.1915468 0.1355114
Moved 269.3042 459.472 268.5634 0.1726944 0.1239732
Moved 269.3223 442.2758 264.1823 0.14284 0.1049577
Moved 269.3405 430.2775 261.6172 0.1220096 0.09382487
Moved 269.3628 420.6763 259.7646 0.1053408 0.08578394
Moved 269.3825 402.5103 256.5015 0.07380263 0.07162108
Moved 269.4019 395.379 254.1263 0.06142185 0.06131239
Moved 269.422 388.1504 252.6301 0.04887216 0.05481827
Moved 269.443 384 251.5 0.04166671 0.04991333
Moved 269.476 359.4932 250 -0.0008799136 0.04340278
Moved 269.4955 352.1895 250 -0.01355998 0.04340278
Moved 269.5145 345.5013 249.3754 -0.02517145 0.04069183
Moved 269.5336 338.6762 249 -0.03702052 0.03906263
Moved 269.556 331.1557 248.3853 -0.05007696 0.03639434
Moved 269.5801 326.8385 248 -0.05757198 0.03472222
Moved 269.6014 319.2325 246.0775 -0.07077695 0.02637797
Moved 269.6224 314.9218 246 -0.07826068 0.02604167
Moved 269.6434 311.6194 246 -0.08399412 0.02604167
Moved 269.6651 307.5433 246 -0.09107065 0.02604167
Moved 269.6971 302.8104 245 -0.09928756 0.02170139
Moved 269.7192 301.5 245 -0.1015625 0.02170139
Moved 269.74 298.5008 245 -0.1067695 0.02170139
Moved 269.7599 298.0663 245 -0.1075237 0.02170139
Moved 269.7803 296.9496 245 -0.1094624 0.02170139
Stationary 269.801 297 245 -0.109375 0.02170139
Ended 269.8239 297 245 -0.109375 0.02170139
Began 270.4808 127 253 -0.4045139 0.05642362
Stationary 270.5116 127 253 -0.4045139 0.05642362
Stationary 270.5318 127 253 -0.4045139 0.05642362
Stationary 270.552 127 253 -0.4045139 0.05642362
Stationary 270.5722 127 253 -0.4045139 0.05642362
Stationary 270.5919 127 253 -0.4045139 0.05642362
Stationary 270.6111 127 253 -0.4045139 0.05642362
Ended 270.6373 127 253 -0.4045139 0.05642362
Began 271.5895 136 316 -0.3888889 0.3298611
Stationary 271.6203 136 316 -0.3888889 0.3298611
Stationary 271.6402 136 316 -0.3888889 0.3298611
Stationary 271.6595 136 316 -0.3888889 0.3298611
Stationary 271.6797 136 316 -0.3888889 0.3298611
Stationary 271.7007 136 316 -0.3888889 0.3298611
Moved 271.7257 160.8953 316 -0.345668 0.3298611
Moved 271.7461 169.5103 316 -0.3307114 0.3298611
Moved 271.7662 178.1197 316 -0.3157645 0.3298611
Moved 271.787 196.3268 316 -0.2841549 0.3298611
Moved 271.8073 207.9435 316 -0.2639869 0.3298611
Moved 271.8282 216.0842 316 -0.2498538 0.3298611
Moved 271.8536 237.2984 316 -0.2130236 0.3298611
Moved 271.8739 251.9465 316 -0.1875928 0.3298611
Moved 271.8942 279.5833 316 -0.1396124 0.3298611
Moved 271.9143 297.5445 316 -0.1084298 0.3298611
Moved 271.9338 309.7807 316 -0.08718633 0.3298611
Moved 271.9531 327.6681 307.722 -0.05613174 0.2939323
Moved 271.9734 358.5185 302.4979 -0.002572052 0.2712585
Moved 271.9935 372.416 300.1168 0.02155557 0.2609237
Moved 272.0143 385.3891 298.6234 0.04407823 0.2544419
Moved 272.0343 409.6001 296 0.08611128 0.2430556
Moved 272.068 431.7255 294.1821 0.1245235 0.2351653
Moved 272.0879 440.514 294 0.1397812 0.234375
Moved 272.1077 449.4782 294 0.1553441 0.234375
Moved 272.1275 465.9782 294 0.1839899 0.234375
Moved 272.1469 473.5003 294 0.1970491 0.234375
Moved 272.1671 479.4252 294 0.2073354 0.234375
Moved 272.1865 488.9564 301 0.2238826 0.2647568
Moved 272.2061 491.4182 302 0.2281565 0.2690972
Moved 272.2256 492.8587 302 0.2306575 0.2690972
Moved 272.2452 494.2878 302 0.2331386 0.2690972
Moved 272.2768 494 303 0.2326389 0.2734375
Moved 272.2968 494 304.2346 0.2326389 0.2787961
Moved 272.3172 484.0616 305 0.2153846 0.2821182
Moved 272.3369 473.0707 306 0.1963034 0.2864584
Moved 272.3564 447.2813 307 0.1515301 0.2907986
Moved 272.379 431.5596 307 0.1242355 0.2907986
Moved 272.3987 415.3072 307 0.09601951 0.2907986
Moved 272.4185 386.382 307 0.04580215 0.2907986
Moved 272.4385 374.7327 307 0.02557762 0.2907986
Moved 272.4583 363.9554 307 0.006866902 0.2907986
Moved 272.4893 349.1013 307 -0.01892127 0.2907986
Moved 272.5089 330.1766 307 -0.05177673 0.2907986
Moved 272.5283 322.6953 307 -0.06476514 0.2907986
Moved 272.5477 315.0602 307 -0.07802051 0.2907986
Moved 272.5675 305.8827 307 -0.09395365 0.2907986
Moved 272.5868 292.9933 307 -0.1163311 0.2907986
Moved 272.6062 286.2662 307 -0.1280101 0.2907986
Moved 272.6256 281.3568 307 -0.1365333 0.2907986
Moved 272.6459 275.7224 307 -0.1463152 0.2907986
Moved 272.6664 271.8564 307 -0.1530271 0.2907986
Moved 272.7011 268.3006 307 -0.1592004 0.2907986
Moved 272.722 266.9486 307 -0.1615476 0.2907986
Moved 272.7418 264.5 307 -0.1657986 0.2907986
Moved 272.7613 263.817 307 -0.1669845 0.2907986
Moved 272.7807 262.5 307 -0.1692708 0.2907986
Moved 272.7998 261.8868 307 -0.1703354 0.2907986
Moved 272.8205 260.6901 307 -0.172413 0.2907986
Moved 272.8405 259.914 307 -0.1737604 0.2907986
Stationary 272.8602 259.914 307 -0.1737604 0.2907986
Moved 272.8806 256.5171 307 -0.1796579 0.2907986
Moved 272.9127 252.2518 307 -0.1870629 0.2907986
Moved 272.9327 250.282 297.4871 -0.1904826 0.24951
Moved 272.9523 247.1614 297.1614 -0.1959003 0.2480965
Moved 272.972 237.6269 289.6269 -0.2124533 0.2153945
Moved 272.9957 233.3302 286.5535 -0.2199129 0.202055
Moved 273.015 228.327 282.9952 -0.2285989 0.1866113
Moved 273.0359 221.573 276.573 -0.2403247 0.158737
Moved 273.0554 217.7408 273.7408 -0.2469777 0.1464448
Moved 273.076 213.8168 269.8168 -0.2537903 0.1294132
Moved 273.0971 207.1404 262.2107 -0.2653812 0.09640059
Moved 273.1307 200.6114 255.6115 -0.2767163 0.06775804
Moved 273.1515 197.1382 254.046 -0.2827462 0.06096364
Moved 273.172 190.3745 249.1873 -0.2944888 0.03987511
Moved 273.1924 187.5012 247.7506 -0.299477 0.0336398
Moved 273.2128 185.3099 246.3099 -0.3032814 0.02738688
Moved 273.2336 181.4376 244.4376 -0.3100041 0.01926065
Moved 273.2538 181 243.2513 -0.3107639 0.01411173
Moved 273.274 179.8983 243 -0.3126765 0.01302083
Moved 273.2986 180 242 -0.3125 0.008680689
Stationary 273.3195 180 242 -0.3125 0.008680689
Moved 273.3504 202.5656 241 -0.2733236 0.004340278
Moved 273.3704 215 241 -0.2517361 0.004340278
Moved 273.3903 239.9988 260.1104 -0.2083355 0.08728478
Moved 273.4102 250.9533 265.9767 -0.1893171 0.112746
Moved 273.43 259.5572 270.2786 -0.1743798 0.1314178
Moved 273.4498 275.75 279.8333 -0.1462674 0.1728877
Moved 273.4698 283.0572 285.6458 -0.1335813 0.1981154
Moved 273.4896 286.0535 288.5401 -0.1283794 0.2106777
Moved 273.5097 295.1843 294.7895 -0.1125273 0.2378018
Moved 273.5331 298.6419 296.821 -0.1065244 0.2466189
Moved 273.5664 306.3744 301.6872 -0.09309997 0.2677396
Moved 273.588 311.1517 304.1517 -0.08480612 0.2784361
Moved 273.6131 314.6458 305.6458 -0.07873996 0.2849208
Moved 273.6341 321 307 -0.06770834 0.2907986
Moved 273.6541 324.8579 309 -0.06101065 0.2994793
Moved 273.6743 329.1705 310.3901 -0.05352344 0.3055128
Moved 273.6948 336.8897 312 -0.04012208 0.3125001
Moved 273.7148 341.1667 312 -0.03269669 0.3125001
Moved 273.7347 346.3063 312.8266 -0.02377372 0.3160878
Moved 273.7547 350.7915 313 -0.01598697 0.3168403
Moved 273.7871 377.3947 313 0.03019921 0.3168403
Moved 273.8072 385.2946 313 0.04391432 0.3168403
Moved 273.8275 393.685 313 0.05848088 0.3168403
Moved 273.8484 412.9017 313 0.09184323 0.3168403
Moved 273.8683 422.9531 313 0.1092935 0.3168403
Moved 273.8925 433.0207 313 0.126772 0.3168403
Moved 273.9142 449.5 313 0.1553819 0.3168403
Moved 273.9355 455.772 313 0.1662708 0.3168403
Moved 273.9579 474.0038 313 0.1979233 0.3168403
Moved 273.9791 482.6941 313 0.2130106 0.3168403
Moved 274.0113 496.893 313 0.2376615 0.3168403
Moved 274.0313 504.0456 313 0.2500791 0.3168403
Moved 274.0511 512.8817 313 0.2654196 0.3168403
Moved 274.0713 517.804 313 0.2739653 0.3168403
Moved 274.0909 522.3542 313 0.281865 0.3168403
Moved 274.1114 532.8459 313 0.3000797 0.3168403
Moved 274.1318 537.4478 313 0.3080691 0.3168403
Moved 274.1516 541.6893 313 0.3154328 0.3168403
Moved 274.1772 549.3297 313 0.3286974 0.3168403
Moved 274.1982 552.6178 313 0.3344059 0.3168403
Moved 274.231 558.842 313 0.3452119 0.3168403
Moved 274.2516 561.9926 313 0.3506816 0.3168403
Moved 274.2713 563.4243 313 0.3531672 0.3168403
Moved 274.2943 564.5 313 0.3550347 0.3168403
Moved 274.3147 565 313 0.3559028 0.3168403
Stationary 274.3344 565 313 0.3559028 0.3168403
Stationary 274.3534 565 313 0.3559028 0.3168403
Moved 274.3729 552.229 299.229 0.3337309 0.2570704
Moved 274.3919 543.9927 292.5942 0.3194319 0.2282734
Moved 274.4112 535.7762 285.8135 0.3051671 0.1988435
Moved 274.442 519.5369 274.2685 0.2769738 0.1487348
Moved 274.4661 506.5 262 0.2543403 0.09548625
Moved 274.4847 501.4469 255.5958 0.2455675 0.06769022
Moved 274.5047 495.7938 248.4922 0.2357531 0.03685845
Moved 274.524 491.8229 243.0972 0.2288592 0.01344257
Moved 274.5433 484.1887 231.1887 0.2156053 -0.0382434
Moved 274.5626 480.94 224.85 0.2099652 -0.06575532
Moved 274.5813 478.0653 220.598 0.2049745 -0.08420984
Moved 274.6009 474.2644 214.1073 0.1983757 -0.1123817
Moved 274.6205 467.0833 200.6249 0.1859085 -0.170899
Moved 274.6517 462.6687 191.006 0.1782442 -0.2126477
Moved 274.6714 459.4745 186.7117 0.1726987 -0.2312863
Moved 274.6906 457.8037 182.4111 0.1697981 -0.2499516
Moved 274.7135 452.5464 173.0929 0.1606709 -0.2903954
Moved 274.7328 449.6742 169.6742 0.1556844 -0.3052336
Moved 274.7527 448.4154 166.2461 0.153499 -0.3201125
Moved 274.7722 445.5336 161.5336 0.1484958 -0.340566
Moved 274.7908 444.096 159.0959 0.146 -0.3511461
Moved 274.8109 442.9699 157.9698 0.144045 -0.3560337
Moved 274.8311 443 155.0475 0.1440972 -0.3687174
Moved 274.8642 440 149.2234 0.1388889 -0.3939957
Moved 274.886 440 148.5 0.1388889 -0.3971353
Moved 274.9057 439 147.3403 0.1371527 -0.4021686
Moved 274.9265 439 145.9181 0.1371527 -0.4083418
Ended 274.9455 438 146 0.1354167 -0.4079863
PhraseEnd 276.0127
