all work and no play
Basic
0.8 0.8
575.9999 230.4
Began 309.2757 163 268 -0.3420139 0.1215278
Stationary 309.3054 163 268 -0.3420139 0.1215278
Stationary 309.3289 163 268 -0.3420139 0.1215278
Stationary 309.3503 163 268 -0.3420139 0.1215278
Stationary 309.3732 163 268 -0.3420139 0.1215278
Stationary 309.3952 163 268 -0.3420139 0.1215278
Stationary 309.4163 163 268 -0.3420139 0.1215278
Stationary 309.4467 163 268 -0.3420139 0.1215278
Stationary 309.4679 163 268 -0.3420139 0.1215278
Stationary 309.4879 163 268 -0.3420139 0.1215278
Stationary 309.5087 163 268 -0.3420139 0.1215278
Stationary 309.5293 163 268 -0.3420139 0.1215278
Stationary 309.5504 163 268 -0.3420139 0.1215278
Stationary 309.5726 163 268 -0.3420139 0.1215278
Stationary 309.5943 163 268 -0.3420139 0.1215278
Stationary 309.6148 163 268 -0.3420139 0.1215278
Stationary 309.6349 163 268 -0.3420139 0.1215278
Moved 309.6681 180.68 268 -0.3113194 0.1215278
Moved 309.6908 192.0926 268 -0.2915059 0.1215278
Moved 309.7152 217 268 -0.2482639 0.1215278
Moved 309.7389 232.0093 268 -0.2222061 0.1215278
Moved 309.7626 264.6164 268 -0.1655966 0.1215278
Moved 309.7859 279.5317 277.2254 -0.1397019 0.1615687
Moved 309.8088 314.0453 278.9266 -0.07978242 0.1689523
Moved 309.8313 331.3048 279 -0.04981809 0.169271
Moved 309.8538 361.316 280 0.002284721 0.1736113
Moved 309.8771 374.6317 280 0.02540223 0.1736113
Moved 309.9135 401.4469 280 0.07195644 0.1736113
Moved 309.9357 423.202 280 0.1097257 0.1736113
Moved 309.9579 430.188 280 0.1218542 0.1736113
Moved 309.9799 449.5469 280 0.1554633 0.1736113
Moved 310.0019 459.4301 280 0.1726216 0.1736113
Moved 310.0244 475.096 280 0.1998195 0.1736113
Moved 310.0461 483.902 280 0.2151078 0.1736113
Moved 310.0684 499.0786 280 0.2414558 0.1736113
Moved 310.0898 507.0659 280 0.2553228 0.1736113
Moved 310.1112 514.2577 280 0.2678085 0.1736113
Moved 310.1451 536.7002 271.66 0.3067712 0.1374131
Moved 310.169 544 270.5 0.3194445 0.1323785
Moved 310.1913 554.4661 270 0.3376147 0.1302083
Moved 310.2133 560.2115 268.1971 0.3475894 0.1223834
Moved 310.235 564.677 268 0.355342 0.1215278
Moved 310.257 572.3137 265.8954 0.3686001 0.1123936
Moved 310.2785 575 266 0.3732639 0.1128472
Moved 310.3098 581.1509 262.9246 0.3839425 0.0994991
Moved 310.3325 586.9073 262 0.3939363 0.09548625
Moved 310.3546 589.7725 260.6138 0.3989106 0.08946949
Moved 310.3905 595.5134 256.7433 0.4088776 0.07267052
Moved 310.4136 597.7568 256 0.4127723 0.06944445
Moved 310.4362 599.1949 254.8051 0.415269 0.06425819
Moved 310.4593 601.0667 254 0.4185185 0.06076403
Moved 310.4818 602.5 252.5 0.421007 0.05425348
Moved 310.5049 603 251.5 0.421875 0.04991333
Moved 310.5267 604.2101 252 0.4239758 0.05208334
Moved 310.5491 604 250.8219 0.4236111 0.04697018
Stationary 310.5704 604 250.8219 0.4236111 0.04697018
Ended 310.5917 604 251 0.4236111 0.04774293
Began 311.2169 215 306 -0.2517361 0.2864584
Stationary 311.2426 215 306 -0.2517361 0.2864584
Stationary 311.2657 215 306 -0.2517361 0.2864584
Stationary 311.2875 215 306 -0.2517361 0.2864584
Stationary 311.3089 215 306 -0.2517361 0.2864584
Stationary 311.3318 215 306 -0.2517361 0.2864584
Stationary 311.358 215 306 -0.2517361 0.2864584
Stationary 311.3864 215 306 -0.2517361 0.2864584
Stationary 311.4081 215 306 -0.2517361 0.2864584
Stationary 311.4299 215 306 -0.2517361 0.2864584
Stationary 311.4517 215 306 -0.2517361 0.2864584
Stationary 311.4735 215 306 -0.2517361 0.2864584
Stationary 311.5097 215 306 -0.2517361 0.2864584
Moved 311.5327 225.9545 306 -0.232718 0.2864584
Moved 311.5554 227.04 306 -0.2308334 0.2864584
Moved 311.5809 237.7072 312.4876 -0.2123139 0.3146164
Moved 311.6032 246.1784 314.363 -0.197607 0.3227563
Moved 311.6299 277.5569 321.6973 -0.1431304 0.3545891
Moved 311.6543 309.5095 325.6168 -0.08765721 0.371601
Moved 311.6764 329.5876 328.345 -0.05279933 0.383442
Moved 311.6982 347.7066 330.5804 -0.02134275 0.3931443
Moved 311.7201 385.2756 332.3563 0.04388124 0.4008523
Moved 311.7563 416.1505 332 0.09748355 0.3993056
Moved 311.78 440.804 333 0.1402847 0.4036459
Moved 311.8016 451.5346 333 0.1589143 0.4036459
Moved 311.8237 473.6008 333 0.1972236 0.4036459
Moved 311.8448 482.2453 333 0.2122314 0.4036459
Moved 311.8663 490.9694 333 0.2273774 0.4036459
Moved 311.8871 503.3724 333 0.2489104 0.4036459
Moved 311.9083 511.0502 333 0.26224 0.4036459
Moved 311.9313 524.7146 333 0.2859628 0.4036459
Moved 311.9525 529.3298 333 0.2939754 0.4036459
Moved 311.9872 539.9695 333 0.312447 0.4036459
Moved 312.0102 547.6786 333 0.3258309 0.4036459
Moved 312.0318 552.0032 333 0.333339 0.4036459
Moved 312.0544 556.734 333 0.3415522 0.4036459
Moved 312.0764 559.6126 333 0.3465497 0.4036459
Moved 312.0983 560.748 333 0.3485208 0.4036459
Moved 312.1211 563.2758 333 0.3529094 0.4036459
Moved 312.1429 563.7176 333 0.3536764 0.4036459
Moved 312.1867 564 324.9554 0.3541667 0.3687304
Moved 312.2094 564 326 0.3541667 0.3732638
Moved 312.2448 544.1266 325 0.3196642 0.3689236
Moved 312.2679 529.6033 325 0.2944501 0.3689236
Moved 312.2885 498.5778 323.2864 0.2405865 0.3614863
Moved 312.3097 481.0522 321.8502 0.21016 0.3552524
Moved 312.3305 449.2803 321.3057 0.1550005 0.3528896
Moved 312.3513 434.8379 319.8708 0.1299269 0.3466617
Moved 312.3717 415.8845 319 0.09702161 0.342882
Moved 312.393 385.6349 317.5635 0.04450515 0.3366471
Moved 312.4144 368.544 317 0.01483336 0.3342015
Moved 312.4404 349.0008 316 -0.01909584 0.3298611
Moved 312.4739 326.1972 311.7424 -0.05868547 0.3113821
Moved 312.4946 316.8796 310.3133 -0.07486173 0.3051794
Moved 312.5157 300.233 309 -0.1037621 0.2994793
Moved 312.5384 294.0471 309 -0.1145016 0.2994793
Moved 312.5634 282.291 308.4303 -0.1349115 0.2970065
Moved 312.587 276.9865 308 -0.1441206 0.2951389
Moved 312.616 269.3952 308 -0.1573 0.2951389
Moved 312.639 262.4939 308 -0.1692814 0.2951389
Moved 312.6615 260.2342 308 -0.1732046 0.2951389
Moved 312.6842 254.5564 307.2782 -0.1830618 0.2920061
Moved 312.7211 250.408 307 -0.1902639 0.2907986
Moved 312.7435 248.9674 307 -0.1927649 0.2907986
Moved 312.7654 247.6276 307 -0.1950909 0.2907986
Stationary 312.7868 247.6276 307 -0.1950909 0.2907986
Moved 312.8074 246.6849 307 -0.1967276 0.2907986
Stationary 312.8286 247 307 -0.1961806 0.2907986
Stationary 312.8485 247 307 -0.1961806 0.2907986
Stationary 312.8686 247 307 -0.1961806 0.2907986
Moved 312.8897 262.8635 307 -0.1686397 0.2907986
Moved 312.9114 272.9442 307 -0.1511386 0.2907986
Moved 312.9475 311.5067 306 -0.08418977 0.2864584
Moved 312.9697 321.9482 305.1315 -0.06606206 0.2826887
Moved 312.9909 332.1613 305 -0.04833099 0.2821182
Moved 313.0157 352.7594 303 -0.01257047 0.2734375
Moved 313.0383 365.2221 300.5062 0.009066165 0.2626139
Moved 313.0604 382.7169 295.761 0.03943898 0.2420185
Moved 313.0827 389.5 294.5 0.05121529 0.2365452
Moved 313.1049 404.4931 287.8027 0.07724494 0.2074772
Moved 313.1265 413 285 0.09201392 0.1953125
Moved 313.149 423.7367 280.1317 0.110654 0.1741825
Moved 313.1847 432.9371 276.6876 0.1266269 0.1592345
Moved 313.2135 441.5301 272.235 0.1415452 0.1399089
Moved 313.2354 445.8288 269.4474 0.1490084 0.1278101
Moved 313.2596 453.2985 263.7015 0.1619765 0.1028714
Moved 313.2808 459 261 0.171875 0.09114584
Moved 313.3032 466.3497 252.6503 0.184635 0.05490569
Moved 313.3243 471 249.5 0.1927083 0.04123278
Moved 313.3462 476.8347 245.1239 0.202838 0.02223916
Moved 313.3682 487.329 236.5032 0.2210574 -0.0151772
Moved 313.3898 491.7886 233.4742 0.2287997 -0.0283236
Moved 313.4268 506 224 0.2534723 -0.06944432
Moved 313.4501 508.0583 221.6278 0.2570456 -0.07974043
Moved 313.472 516.5 216 0.2717014 -0.1041667
Moved 313.4933 519.9807 214.0096 0.2777443 -0.1128055
Moved 313.5161 526.7214 210.1393 0.2894469 -0.1296038
Moved 313.5381 529.5935 208.7032 0.2944332 -0.1358366
Moved 313.5599 531.5588 207.7206 0.2978452 -0.1401017
Moved 313.5823 535.2513 205.7487 0.3042558 -0.1486602
Moved 313.6045 536.6813 205.3186 0.3067385 -0.1505269
Moved 313.6269 538 203.5 0.3090279 -0.1584201
Ended 313.6613 538 204 0.3090279 -0.1562499
Began 314.6491 185 256 -0.3038194 0.06944445
Stationary 314.678 185 256 -0.3038194 0.06944445
Stationary 314.7025 185 256 -0.3038194 0.06944445
Stationary 314.726 185 256 -0.3038194 0.06944445
Stationary 314.7509 185 256 -0.3038194 0.06944445
Stationary 314.776 185 256 -0.3038194 0.06944445
Stationary 314.7975 185 256 -0.3038194 0.06944445
Stationary 314.8224 185 256 -0.3038194 0.06944445
Stationary 314.8437 185 256 -0.3038194 0.06944445
Stationary 314.8648 185 256 -0.3038194 0.06944445
Stationary 314.8868 185 256 -0.3038194 0.06944445
Stationary 314.9084 185 256 -0.3038194 0.06944445
Stationary 314.9297 185 256 -0.3038194 0.06944445
Stationary 314.9531 185 256 -0.3038194 0.06944445
Stationary 314.9789 185 256 -0.3038194 0.06944445
Moved 315.0024 198.2867 256 -0.2807522 0.06944445
Moved 315.0366 227.2708 238.1743 -0.2304327 -0.007923842
Moved 315.0592 267.0689 219.5419 -0.1613387 -0.08879397
Moved 315.0808 287 209.5 -0.1267361 -0.1323784
Moved 315.104 317.869 192.0714 -0.07314411 -0.2080233
Moved 315.1273 334.0398 183.9801 -0.04506976 -0.2431419
Moved 315.1501 356.7905 171.1047 -0.005572066 -0.2990245
Moved 315.173 368.2602 165.3699 0.01434065 -0.3239155
Moved 315.1951 387 155.5 0.04687503 -0.3667535
Moved 315.2165 392.968 153.016 0.05723611 -0.3775349
Moved 315.2388 399.3846 149.8077 0.06837615 -0.3914593
Moved 315.2757 420.5174 140.2413 0.105065 -0.4329805
Moved 315.2978 425.2498 138.5001 0.113281 -0.4405375
Moved 315.3201 432.4073 135.7964 0.1257072 -0.4522725
Moved 315.3426 437.1246 134.2917 0.1338969 -0.458803
Moved 315.3656 444.1608 131.4196 0.1461125 -0.4712693
Moved 315.3915 447.0309 131 0.1510952 -0.4730903
Moved 315.4147 451.8889 130 0.1595294 -0.4774306
Moved 315.4365 452.9674 130 0.1614017 -0.4774306
Moved 315.4591 455.8289 130 0.1663695 -0.4774306
Moved 315.4807 456.5 130 0.1675347 -0.4774306
Moved 315.5166 459.1262 130 0.1720941 -0.4774306
Stationary 315.5385 459 130 0.171875 -0.4774306
Moved 315.5593 460.3221 130 0.1741702 -0.4774306
Moved 315.5811 461.249 130 0.1757795 -0.4774306
Stationary 315.6028 461.249 130 0.1757795 -0.4774306
Stationary 315.6234 461.249 130 0.1757795 -0.4774306
Stationary 315.6455 461 130 0.1753473 -0.4774306
Stationary 315.6672 461 130 0.1753473 -0.4774306
Moved 315.6887 461 141.3685 0.1753473 -0.4280879
Moved 315.7107 450.9685 144.2292 0.1579314 -0.4156717
Moved 315.7469 440.0546 151.9673 0.1389837 -0.3820863
Moved 315.7701 429.2776 159.2917 0.1202737 -0.350296
Moved 315.7919 422.0327 162.9836 0.1076958 -0.3342723
Moved 315.8154 410.551 169.7245 0.08776211 -0.3050151
Moved 315.8394 406.1139 172.5907 0.08005881 -0.2925751
Moved 315.8625 395.3341 178.3329 0.06134391 -0.2676523
Moved 315.8872 387.19 183.405 0.04720495 -0.2456378
Moved 315.9106 381.4493 186.2754 0.0372383 -0.2331796
Moved 315.938 368.9302 191.0349 0.01550392 -0.212522
Moved 315.9629 360.2512 195.3744 0.000436157 -0.1936876
Moved 316.0002 339.6199 201.7933 -0.03538206 -0.1658276
Moved 316.0219 329.1959 205.4874 -0.0534793 -0.149794
Moved 316.0434 312.8001 209.7 -0.0819442 -0.1315106
Moved 316.0646 305.5428 211.0914 -0.09454385 -0.1254712
Moved 316.0854 296.7554 213.4635 -0.1097997 -0.1151757
Moved 316.1082 281.0326 216.9946 -0.1370962 -0.09984971
Moved 316.1308 269.3604 221.3649 -0.1573605 -0.08088166
Moved 316.1554 254.1553 231.2297 -0.1837581 -0.03806539
Moved 316.1776 249.0098 236.9902 -0.1926914 -0.01306309
Moved 316.1993 238 247 -0.2118056 0.03038208
Moved 316.2341 229.5979 253.2681 -0.2263925 0.0575871
Moved 316.2567 223.9922 259.0078 -0.2361247 0.08249906
Moved 316.2779 221.1192 261.8808 -0.2411125 0.09496875
Moved 316.3006 219.1269 263.8731 -0.2445714 0.1036159
Moved 316.3253 218 266.6558 -0.2465278 0.1156934
Moved 316.3467 217 266.8763 -0.2482639 0.1166508
Moved 316.3698 216 268 -0.25 0.1215278
Ended 316.3912 216 268 -0.25 0.1215278
Began 317.0468 394 154 0.05902775 -0.3732637
Stationary 317.0906 394 154 0.05902775 -0.3732637
Stationary 317.1125 394 154 0.05902775 -0.3732637
Stationary 317.1345 394 154 0.05902775 -0.3732637
Stationary 317.1552 394 154 0.05902775 -0.3732637
Stationary 317.1774 394 154 0.05902775 -0.3732637
Stationary 317.1995 394 154 0.05902775 -0.3732637
Stationary 317.2209 394 154 0.05902775 -0.3732637
Stationary 317.2437 394 154 0.05902775 -0.3732637
Stationary 317.2651 394 154 0.05902775 -0.3732637
Moved 317.2927 405.4007 164.2003 0.07882066 -0.3289916
Moved 317.3187 408.2624 165.6312 0.08378879 -0.3227812
Moved 317.3419 415.5 169.5 0.0963542 -0.3059895
Moved 317.3665 432.3299 179.1649 0.1255728 -0.2640411
Moved 317.3902 438.2325 183.4883 0.1358202 -0.2452766
Moved 317.4147 457.4977 195.4272 0.1692668 -0.1934581
Moved 317.4378 465.9955 201.3973 0.18402 -0.1675463
Moved 317.4618 483.0043 212.6696 0.2135492 -0.1186216
Moved 317.4853 490.5064 218.4052 0.2265737 -0.09372765
Moved 317.5123 505.486 228.8645 0.2525798 -0.04833103
Moved 317.5481 518.5 239 0.2751736 -0.004340146
Moved 317.5749 530.5455 248.1592 0.296086 0.03541311
Moved 317.5977 539.819 255.8643 0.3121858 0.06885529
Moved 317.6206 544.1327 258.7551 0.3196748 0.08140247
Moved 317.6434 551.7411 265.7411 0.3328838 0.1117235
Moved 317.6649 555.0552 270.0552 0.3386375 0.1304481
Moved 317.6868 557.1251 273.2502 0.3422311 0.1443152
Moved 317.7086 561.4939 281.9878 0.3498158 0.1822387
Moved 317.7305 563.0978 286.2935 0.3526005 0.2009265
Moved 317.7525 564.9728 293.9183 0.3558555 0.2340203
Moved 317.7886 567 300.4725 0.359375 0.2624676
Moved 317.81 568.2898 303.5796 0.3616142 0.2759532
Moved 317.832 568 307.7838 0.3611111 0.2942006
Moved 317.8538 568 309.2266 0.3611111 0.3004625
Moved 317.8777 568 312.0861 0.3611111 0.3128735
Moved 317.8996 568 313.5278 0.3611111 0.319131
Moved 317.9216 568 315 0.3611111 0.3255209
Moved 317.943 568 316.3901 0.3611111 0.3315546
Stationary 317.9644 568 316.3901 0.3611111 0.3315546
Ended 317.9908 568 316 0.3611111 0.3298611
Began 318.5272 628 349 0.4652778 0.4730904
Stationary 318.5578 628 349 0.4652778 0.4730904
Stationary 318.5793 628 349 0.4652778 0.4730904
Stationary 318.6013 628 349 0.4652778 0.4730904
Stationary 318.6237 628 349 0.4652778 0.4730904
Stationary 318.6461 628 349 0.4652778 0.4730904
Stationary 318.6674 628 349 0.4652778 0.4730904
Stationary 318.6891 628 349 0.4652778 0.4730904
Stationary 318.7141 628 349 0.4652778 0.4730904
Stationary 318.7359 628 349 0.4652778 0.4730904
Stationary 318.7575 628 349 0.4652778 0.4730904
Stationary 318.7792 628 349 0.4652778 0.4730904
Moved 318.802 628 339.5728 0.4652778 0.4321735
Moved 318.8257 628 338.6004 0.4652778 0.4279532
Moved 318.8487 628 333.3111 0.4652778 0.4049961
Moved 318.8719 628 331.4502 0.4652778 0.3969193
Moved 318.8962 617.5226 325.071 0.4470878 0.3692317
Moved 318.9379 610.5 310.5 0.4348959 0.3059896
Moved 318.9688 604.8463 299.6925 0.4250803 0.2590821
Moved 318.9916 600.5 294 0.4175347 0.234375
Moved 319.0153 590.6192 281.274 0.4003806 0.1791406
Moved 319.0376 586.6647 274.8864 0.3935152 0.1514165
Moved 319.0611 577.1658 265.5543 0.3770239 0.1109129
Moved 319.0834 573.4708 261.4708 0.370609 0.09318909
Moved 319.1069 563.0159 253.6772 0.3524582 0.05936319
Moved 319.1295 557.5834 249.6875 0.3430267 0.04204644
Moved 319.153 547.1161 245.0581 0.3248543 0.02195358
Moved 319.1886 535.5 241 0.3046875 0.004340278
Moved 319.2108 524.7009 238.1558 0.285939 -0.008004507
Moved 319.2342 502.5433 233.1929 0.247471 -0.02954483
Moved 319.2576 489.7544 230.501 0.2252681 -0.04122827
Moved 319.2797 455.6273 227.8856 0.1660197 -0.05257965
Moved 319.3035 440.5 228 0.1397569 -0.05208334
Moved 319.3321 407.6047 227 0.08264713 -0.05642362
Moved 319.3561 370.02 227 0.01739576 -0.05642362
Moved 319.3795 348.495 227 -0.01997393 -0.05642362
Moved 319.4018 305.6095 236.049 -0.09442802 -0.01714852
Moved 319.439 267.3326 241.689 -0.1608808 0.007330577
Moved 319.4631 235.9542 247.7208 -0.2153572 0.03351066
Moved 319.4864 225.9118 249.1554 -0.232792 0.03973696
Moved 319.5084 208.8567 252 -0.2624016 0.05208334
Moved 319.5308 201.5156 253.0692 -0.2751466 0.05672416
Moved 319.5536 188.1275 254.9681 -0.2983897 0.06496602
Moved 319.5758 180.9769 255 -0.310804 0.06510431
Moved 319.5992 171.8884 256.2779 -0.3265827 0.07065058
Moved 319.6217 167.8566 256 -0.3335823 0.06944445
Moved 319.6505 161.2218 256 -0.3451011 0.06944445
Moved 319.6856 154.722 256 -0.3563854 0.06944445
Moved 319.7082 147.9814 256 -0.3680879 0.06944445
Moved 319.7338 146.5539 256 -0.3705661 0.06944445
Moved 319.7562 138.1597 256 -0.3851394 0.06944445
Moved 319.7785 130.9971 256 -0.3975744 0.06944445
Moved 319.801 120.9237 256 -0.4150631 0.06944445
Moved 319.823 117.8835 256.7055 -0.4203412 0.07250654
Moved 319.8452 113.5 257 -0.4279514 0.07378473
Moved 319.8668 112.2935 257 -0.4300461 0.07378473
Moved 319.8882 110.8529 257 -0.4325471 0.07378473
Moved 319.9236 107.9806 257 -0.4375337 0.07378473
Moved 319.9453 106.6266 257 -0.4398844 0.07378473
Stationary 319.9673 107 257 -0.4392361 0.07378473
Stationary 319.9895 107 257 -0.4392361 0.07378473
Moved 320.0109 116.1303 257 -0.423385 0.07378473
Moved 320.0338 141.0704 257 -0.380086 0.07378473
Moved 320.0554 158.3164 257 -0.3501451 0.07378473
Moved 320.0828 193.0679 261.3286 -0.2898127 0.09257224
Moved 320.1078 225.8745 272.9623 -0.2328568 0.1430657
Moved 320.131 240.243 280.1215 -0.2079115 0.1741383
Moved 320.1691 284.5753 295.1918 -0.1309456 0.2395477
Moved 320.193 295.7652 299.5061 -0.1115188 0.2582732
Moved 320.2172 323.6046 308.4011 -0.06318647 0.2968799
Moved 320.239 333.9138 311.2611 -0.04528858 0.309293
Moved 320.2617 353.0107 315.0018 -0.01213428 0.3255285
Moved 320.2841 361.6541 316.4424 0.002871752 0.3317812
Moved 320.3071 375.7492 318.9582 0.02734229 0.3427006
Moved 320.3311 382.9939 319 0.03991992 0.342882
Moved 320.3543 395.07 321 0.06088548 0.3515625
Moved 320.3763 399.1065 321 0.06789327 0.3515625
Moved 320.4136 411.1127 321 0.08873732 0.3515625
Moved 320.4357 414.2906 321 0.09425446 0.3515625
Moved 320.4647 423.0386 321 0.109442 0.3515625
Moved 320.4868 425.8959 321 0.1144027 0.3515625
Moved 320.5087 432.6453 321 0.1261204 0.3515625
Moved 320.5305 434.4219 321 0.1292048 0.3515625
Moved 320.5523 438.2896 321 0.1359194 0.3515625
Stationary 320.5735 438.2896 321 0.1359194 0.3515625
Moved 320.5951 439 321 0.1371527 0.3515625
Ended 320.6172 439 321 0.1371527 0.3515625
PhraseEnd 323.3648
