the power of denial
Basic
0.8 0.8
575.9999 435.2
Began 2204.212 354 497 -0.01041666 0.2964155
Stationary 2204.31 354 497 -0.01041666 0.2964155
Stationary 2204.38 354 497 -0.01041666 0.2964155
Stationary 2204.453 354 497 -0.01041666 0.2964155
Stationary 2204.528 354 497 -0.01041666 0.2964155
Stationary 2204.599 354 497 -0.01041666 0.2964155
Moved 2204.675 373.3236 472.6763 0.0231313 0.2405246
Moved 2204.762 409.5 420.5 0.08593754 0.1206342
Moved 2204.841 431.4293 369.1886 0.1240091 0.002731225
Moved 2204.918 439 337.6649 0.1371527 -0.06970385
Moved 2204.991 439 329 0.1371527 -0.08961391
Moved 2205.062 413.0164 328 0.09204232 -0.09191177
Moved 2205.133 368.1063 364.0214 0.0140734 -0.009142021
Moved 2205.209 334.074 410.8521 -0.04501045 0.09846523
Moved 2205.283 308.6098 448.5202 -0.08921903 0.1850189
Moved 2205.355 299.9726 464.5411 -0.1042143 0.2218317
Moved 2205.46 283.7647 487.4705 -0.1323529 0.2745187
Moved 2205.536 266.8025 505.7983 -0.1618013 0.3166322
Moved 2205.607 255.7698 518.4604 -0.1809552 0.345727
Moved 2205.679 249.3992 524 -0.1920153 0.3584559
Moved 2205.751 246 528 -0.1979167 0.3676471
Ended 2205.823 246 528 -0.1979167 0.3676471
Began 2206.17 641 514 0.4878473 0.3354781
Stationary 2206.244 641 514 0.4878473 0.3354781
Moved 2206.317 631.8324 514 0.4719312 0.3354781
Moved 2206.39 618.9478 514 0.4495621 0.3354781
Moved 2206.461 606.726 514 0.4283438 0.3354781
Moved 2206.541 587.2292 514 0.3944951 0.3354781
Moved 2206.616 568 514 0.3611111 0.3354781
Moved 2206.692 553.4492 514 0.3358492 0.3354781
Moved 2206.772 544.6125 514 0.3205078 0.3354781
Moved 2206.851 537.5 514 0.3081597 0.3354781
Moved 2206.929 534.8216 514 0.3035097 0.3354781
Moved 2207.004 532 514 0.2986111 0.3354781
Moved 2207.083 526.0411 514 0.2882658 0.3354781
Moved 2207.159 510.5 514 0.2612847 0.3354781
Moved 2207.238 481.3519 514 0.2106803 0.3354781
Moved 2207.312 439.0109 504.7158 0.1371717 0.3141448
Moved 2207.384 398.9243 501 0.06757684 0.3056066
Moved 2207.458 353.8478 498 -0.01068093 0.2987133
Moved 2207.569 311.7969 497 -0.08368597 0.2964155
Moved 2207.641 291.2131 497 -0.1194216 0.2964155
Moved 2207.715 269 497 -0.1579861 0.2964155
Moved 2207.788 245.5426 506.5505 -0.1987108 0.3183605
Moved 2207.861 220.4015 515.2993 -0.2423586 0.3384634
Moved 2207.934 197.1457 525.9271 -0.2827331 0.362884
Moved 2208.007 189.2494 528 -0.296442 0.3676471
Moved 2208.082 185.3846 529.6155 -0.3031518 0.3713591
Moved 2208.157 182.5 530 -0.3081597 0.3722427
Moved 2208.229 182 530 -0.3090278 0.3722427
Stationary 2208.339 182 530 -0.3090278 0.3722427
Moved 2208.41 235.1545 530 -0.2167456 0.3722427
Moved 2208.486 287.2121 530 -0.126368 0.3722427
Moved 2208.56 320.5714 530 -0.06845237 0.3722427
Moved 2208.636 341.9979 530 -0.0312537 0.3722427
Moved 2208.711 350.5 523 -0.01649305 0.3561581
Moved 2208.784 352 523 -0.01388889 0.3561581
Ended 2208.857 352 521.5 -0.01388889 0.3527114
Began 2209.636 552 528 0.3333333 0.3676471
Stationary 2209.715 552 528 0.3333333 0.3676471
Stationary 2209.789 552 528 0.3333333 0.3676471
Moved 2209.864 529.4595 519.1532 0.2942006 0.347319
Moved 2209.94 505.9697 512.9849 0.2534196 0.3331454
Moved 2210.016 484.5163 503.3442 0.2161741 0.3109931
Moved 2210.094 460.1892 492.5946 0.1739396 0.2862928
Moved 2210.175 432.6553 481.2621 0.1261377 0.260253
Moved 2210.252 395.5131 462.6052 0.0616546 0.2173833
Moved 2210.33 371.9701 446.4775 0.02078138 0.1803253
Moved 2210.415 344.7097 426.7097 -0.02654568 0.1349027
Moved 2210.489 326.5096 411.5096 -0.05814299 0.09997617
Moved 2210.562 314.6754 400.6754 -0.07868856 0.07508142
Moved 2210.638 305.8605 391.8605 -0.09399214 0.0548266
Moved 2210.716 299.6528 382.6528 -0.1047695 0.03366913
Moved 2210.792 297 376.9081 -0.109375 0.02046894
Moved 2210.869 295 373.0153 -0.1128472 0.01152403
Ended 2210.947 295 373 -0.1128472 0.01148897
Began 2213.763 284 382 -0.1319444 0.03216912
Stationary 2213.846 284 382 -0.1319444 0.03216912
Moved 2213.921 273.5062 387.2283 -0.1501628 0.04418275
Moved 2213.998 262.9007 405.0993 -0.1685752 0.08524657
Moved 2214.072 254.294 424.8239 -0.1835173 0.1305695
Moved 2214.144 248 451.7047 -0.1944444 0.1923362
Moved 2214.217 246 466.9515 -0.1979167 0.2273702
Moved 2214.29 245 489.2617 -0.1996528 0.2786345
Moved 2214.362 245 497.9179 -0.1996528 0.2985246
Moved 2214.434 257.3475 498 -0.1782161 0.2987133
Moved 2214.511 285.1718 470.9939 -0.1299102 0.2366588
Moved 2214.581 305.6142 447.181 -0.09441976 0.1819417
Moved 2214.653 338.2652 413.6818 -0.0377341 0.1049675
Moved 2214.724 360.7182 384.6022 0.001246929 0.03814859
Moved 2214.798 386 347.5 0.0451389 -0.04710478
Moved 2214.871 400 314.5 0.06944448 -0.122932
Moved 2214.983 410.2086 279.1657 0.08716763 -0.2041229
Moved 2215.062 416.0457 259.9086 0.09730161 -0.2483719
Moved 2215.138 421.8656 245.2689 0.1074055 -0.2820107
Moved 2215.216 429.1653 235.8347 0.1200786 -0.3036886
Moved 2215.292 440.6299 233 0.1399824 -0.3102022
Moved 2215.367 467.1304 282.9708 0.1859903 -0.1953796
Moved 2215.441 472 339.5563 0.1944444 -0.06535763
Moved 2215.532 472 388.3585 0.1944444 0.04677973
Moved 2215.613 472 412.4619 0.1944444 0.1021644
Moved 2215.689 476.6261 437.5045 0.202476 0.1597071
Moved 2215.8 489.7865 477.3596 0.2253238 0.2512858
Moved 2215.877 493.0858 488.1716 0.2310518 0.2761297
Moved 2215.962 495.5 501 0.2352431 0.3056066
Moved 2216.05 495 507.3734 0.234375 0.3202515
Moved 2216.144 482.7279 514.2721 0.2130693 0.3361032
Moved 2216.231 472 521.5 0.1944444 0.3527114
Moved 2216.305 456.0122 522 0.1666879 0.3538603
Moved 2216.378 416.4513 508.7805 0.09800576 0.3234847
Moved 2216.449 345.6404 473.4075 -0.02492979 0.2422048
Moved 2216.524 288.9882 439.4379 -0.1232843 0.1641495
Moved 2216.631 238.9352 415.4676 -0.210182 0.1090708
Moved 2216.711 214.1636 403.3879 -0.2531882 0.08131406
Moved 2216.783 196.1516 394.5758 -0.284459 0.06106577
Moved 2216.865 182.5 390 -0.3081597 0.05055147
Moved 2216.945 174.5506 385.5505 -0.3219608 0.04032752
Moved 2217.018 167.8609 384 -0.3335749 0.03676478
Moved 2217.097 165.9693 381.9692 -0.3368589 0.03209837
Moved 2217.174 164.7513 382 -0.3389735 0.03216912
Moved 2217.249 154.9244 381 -0.3560341 0.02987133
Moved 2217.323 147.5 380 -0.3689237 0.0275736
Moved 2217.449 210.441 373 -0.2596511 0.01148897
Moved 2217.529 301.14 373 -0.1021874 0.01148897
Moved 2217.603 386.0867 380 0.04528933 0.0275736
Moved 2217.683 452.3852 383 0.160391 0.03446691
Moved 2217.764 492.5932 385 0.2301965 0.0390625
Moved 2217.84 517.356 388 0.2731875 0.04595592
Moved 2217.921 546.0585 394 0.3230183 0.05974269
Moved 2218.001 563.7628 397 0.3537549 0.06663611
Moved 2218.079 578.0405 399 0.3785426 0.07123166
Moved 2218.16 589.8685 399 0.3990773 0.07123166
Moved 2218.276 603.5 399 0.4227431 0.07123166
Moved 2218.354 605 399 0.4253472 0.07123166
Ended 2218.427 605 399 0.4253472 0.07123166
PhraseEnd 2224.704
