love means many things
Basic
0.6 0.6
432 172.8
Began 445.8633 574 238 0.4953703 -0.01157407
Stationary 445.8997 574 238 0.4953703 -0.01157407
Stationary 445.9264 574 238 0.4953703 -0.01157407
Stationary 445.954 574 238 0.4953703 -0.01157407
Stationary 445.9825 574 238 0.4953703 -0.01157407
Stationary 446.0091 574 238 0.4953703 -0.01157407
Stationary 446.0367 574 238 0.4953703 -0.01157407
Stationary 446.0637 574 238 0.4953703 -0.01157407
Stationary 446.0904 574 238 0.4953703 -0.01157407
Stationary 446.1169 574 238 0.4953703 -0.01157407
Stationary 446.1434 574 238 0.4953703 -0.01157407
Moved 446.176 566.1299 244.296 0.4771525 0.02486123
Moved 446.2158 558.395 249.8025 0.4592476 0.05672738
Moved 446.247 551.9709 253.3528 0.4443771 0.07727306
Moved 446.2788 544.3552 259.6448 0.4267482 0.1136852
Moved 446.3082 537.8787 264.1213 0.4117563 0.1395907
Moved 446.3371 532.0873 269.9127 0.3983502 0.173106
Moved 446.3685 526.3436 275.6564 0.3850546 0.2063448
Moved 446.4026 522.2985 281.4031 0.3756909 0.2396013
Moved 446.4321 519.795 285.4099 0.3698959 0.2627885
Moved 446.4605 516.9265 289.0735 0.3632556 0.2839906
Moved 446.4904 515.0452 292.9096 0.3589011 0.30619
Moved 446.538 512.0645 295.9355 0.3520011 0.3237013
Moved 446.5694 509.1876 299.6248 0.3453418 0.3450507
Moved 446.6006 507.3177 301.6823 0.3410132 0.3569578
Moved 446.6297 505.8816 303.1184 0.3376889 0.3652686
Moved 446.6591 505 305.074 0.3356481 0.376586
Moved 446.6961 503.5 305 0.3321759 0.3761576
Moved 446.7277 502.6266 306 0.3301541 0.3819445
Moved 446.7565 503 307.1292 0.3310186 0.3884793
Stationary 446.7863 503 307.1292 0.3310186 0.3884793
Stationary 446.8148 503 307 0.3310186 0.3877315
Stationary 446.8608 503 307 0.3310186 0.3877315
Stationary 446.8933 503 307 0.3310186 0.3877315
Moved 446.9217 501.7501 307 0.3281253 0.3877315
Moved 446.9503 498.5562 301.9465 0.3207318 0.3584869
Moved 446.98 491.0302 295.2726 0.3033105 0.3198645
Moved 447.0098 486.6414 291.9849 0.2931516 0.3008384
Moved 447.0403 473.8327 282.9164 0.2635017 0.2483587
Moved 447.0703 460.9346 274.7608 0.2336449 0.2011622
Moved 447.0987 449.1248 266.0936 0.2063073 0.1510044
Moved 447.13 436.6595 256.4946 0.1774525 0.09545521
Moved 447.1777 422.5615 243.5615 0.1448182 0.02061067
Moved 447.2065 413.998 236.6654 0.1249955 -0.01929725
Moved 447.2363 405.3836 230.9224 0.1050547 -0.05253262
Moved 447.2644 398.1956 226.1956 0.08841574 -0.07988682
Moved 447.2953 393.718 222.7179 0.07805079 -0.1000122
Moved 447.3284 389.1449 219.1449 0.06746501 -0.1206891
Moved 447.3571 384.5363 215.2682 0.05679706 -0.1431239
Moved 447.3866 379.7959 210.7959 0.04582375 -0.1690052
Moved 447.4158 375.7934 204.6902 0.0365589 -0.2043392
Moved 447.445 367.9439 194.9438 0.01838863 -0.2607416
Moved 447.498 359.3688 183.3688 -0.001461109 -0.327727
Moved 447.5259 354.2703 178.2703 -0.01326327 -0.3572321
Moved 447.5531 348.6152 173.6152 -0.02635375 -0.3841711
Moved 447.5803 341.8839 170.4419 -0.04193545 -0.4025353
Moved 447.6078 339.0226 169.0112 -0.04855881 -0.4108145
Moved 447.6359 334 169 -0.06018519 -0.4108795
Moved 447.6634 326.7646 169 -0.0769338 -0.4108795
Moved 447.6908 318.134 182.1547 -0.09691209 -0.3347533
Moved 447.7216 307.6733 201.9801 -0.1211266 -0.2200226
Moved 447.7495 299.9559 217.451 -0.138991 -0.1304916
Moved 447.7946 289.0347 250.8958 -0.1642714 0.06305429
Moved 447.8231 287.1624 260.5127 -0.1686054 0.1187077
Moved 447.8524 282.7036 276.4818 -0.1789267 0.2111213
Moved 447.8895 278.6868 290.2528 -0.188225 0.2908149
Moved 447.9175 278 295.3749 -0.1898148 0.320457
Moved 447.9453 277 296.6176 -0.1921296 0.3276484
Moved 447.9729 275.8842 300.1158 -0.1947125 0.3478923
Moved 448.0015 275 304.0345 -0.1967592 0.3705703
Moved 448.0328 274 306.9057 -0.199074 0.3871858
Moved 448.0621 274 309.5 -0.199074 0.4021993
Moved 448.1232 273 312.5 -0.2013889 0.4195602
Moved 448.1541 273 313.5 -0.2013889 0.4253471
Moved 448.1816 273 314 -0.2013889 0.4282409
Moved 448.2114 273 315.2202 -0.2013889 0.4353018
Ended 448.2463 273 315 -0.2013889 0.4340278
Began 448.7231 514 158 0.3564815 -0.4745372
Stationary 448.7594 514 158 0.3564815 -0.4745372
Stationary 448.7871 514 158 0.3564815 -0.4745372
Stationary 448.8153 514 158 0.3564815 -0.4745372
Stationary 448.8435 514 158 0.3564815 -0.4745372
Stationary 448.8706 514 158 0.3564815 -0.4745372
Stationary 448.8973 514 158 0.3564815 -0.4745372
Moved 448.9267 504.4056 158 0.3342722 -0.4745372
Moved 448.9563 502.2269 158 0.3292291 -0.4745372
Moved 448.9861 497.7024 165.6488 0.3187556 -0.430273
Moved 449.0161 489.9313 170.0343 0.300767 -0.4048941
Moved 449.0458 478.4468 178.1649 0.2741823 -0.3578419
Moved 449.0752 463.3755 186.8123 0.2392951 -0.3077995
Moved 449.1047 447.9527 195.6189 0.2035942 -0.2568349
Moved 449.1361 436.2625 202.3688 0.1765336 -0.2177733
Moved 449.1656 426.3139 208.4116 0.1535043 -0.182803
Moved 449.1952 413.6806 217.2555 0.1242606 -0.1316233
Moved 449.2436 392.2641 231.3888 0.07468531 -0.04983337
Moved 449.2767 385.1467 236.8533 0.0582099 -0.01821024
Moved 449.3066 375.6716 244.5522 0.03627688 0.02634402
Moved 449.3386 365.4131 251.2935 0.01253039 0.06535566
Moved 449.3684 350 258.5 -0.02314816 0.1070602
Moved 449.3979 336.8621 261.023 -0.05355988 0.1216611
Moved 449.4272 323.494 264.9012 -0.08450454 0.1441043
Moved 449.4562 312.9155 268.5422 -0.108992 0.165175
Moved 449.4863 304 271.5 -0.1296296 0.1822919
Moved 449.5152 298.8924 272.7769 -0.1414528 0.1896812
Moved 449.5645 279.5 279.5 -0.1863426 0.2285882
Moved 449.5928 274.1559 281 -0.1987131 0.2372685
Moved 449.6208 268.0332 286.4834 -0.2128861 0.2690012
Moved 449.6493 263.6288 289.3712 -0.2230814 0.2857127
Moved 449.678 259.755 292.245 -0.2320486 0.3023437
Moved 449.7062 256.8795 294.1205 -0.238705 0.3131976
Moved 449.7356 254.373 295 -0.2445069 0.318287
Moved 449.7632 252.5 296 -0.2488426 0.3240741
Stationary 449.7907 252.5 296 -0.2488426 0.3240741
Moved 449.8172 250.1956 297 -0.2541769 0.3298613
Moved 449.8626 245.4186 298 -0.2652347 0.3356482
Moved 449.8915 240.6513 298 -0.2762702 0.3356482
Moved 449.925 233.3445 294.1371 -0.2931841 0.3132933
Moved 449.9546 226.8548 288.9274 -0.3082065 0.2831447
Moved 449.9861 220.1128 284.1128 -0.323813 0.2552824
Moved 450.0166 214.3676 280.3677 -0.3371119 0.2336093
Moved 450.0464 210.5 277.5 -0.3460648 0.2170139
Moved 450.0776 206.4755 275.7377 -0.3553808 0.2068156
Moved 450.1083 205 272.86 -0.3587963 0.190162
Moved 450.1402 201.9848 271 -0.3657759 0.1793981
Moved 450.1853 198.0245 267.049 -0.3749433 0.1565338
Moved 450.2143 196.1409 265.1409 -0.3793036 0.1454912
Moved 450.2427 194.2685 263 -0.3836378 0.1331019
Moved 450.2781 192.8302 262 -0.3869672 0.127315
Moved 450.3062 191.9445 261 -0.3890173 0.1215278
Moved 450.3385 192 259.5 -0.3888888 0.1128474
Moved 450.3697 192 258 -0.3888888 0.1041667
Moved 450.3977 192 255.6089 -0.3888888 0.09032921
Moved 450.4265 216.9395 246.1688 -0.3311586 0.03569921
Moved 450.4543 243.8248 244 -0.268924 0.02314815
Moved 450.4992 265.2689 240 -0.219285 0
Moved 450.5273 284.5 237.5 -0.1747685 -0.01446759
Moved 450.5557 299.0451 236 -0.1410992 -0.02314815
Moved 450.5854 317.949 232.7216 -0.09734024 -0.04212062
Moved 450.6175 331.2067 231.1587 -0.06665125 -0.05116498
Moved 450.6474 343.1218 229.2927 -0.03906985 -0.0619634
Moved 450.6759 354.904 227.4192 -0.01179626 -0.07280544
Moved 450.7044 366.8274 224.5431 0.01580417 -0.08944971
Moved 450.732 376.9885 223.0038 0.03932526 -0.09835774
Moved 450.7618 386.7437 221 0.06190658 -0.1099537
Moved 450.8104 399.5097 217.8301 0.09145777 -0.128298
Moved 450.8405 407.0431 215.319 0.108896 -0.1428299
Moved 450.8729 415.1084 213.4458 0.1275658 -0.1536701
Moved 450.903 423.3071 210.5643 0.1465443 -0.1703451
Moved 450.9349 429.9522 208.0239 0.1619264 -0.1850467
Moved 450.9682 438.5311 203.3126 0.1817849 -0.2123112
Moved 450.9977 443.718 201.282 0.1937916 -0.2240626
Moved 451.0272 449.1896 197.4052 0.2064574 -0.2464978
Moved 451.0578 453.1167 194.8833 0.2155479 -0.261092
Moved 451.087 455.9883 193.0117 0.2221951 -0.2719229
Moved 451.137 458.5 191.5 0.2280092 -0.2806711
Moved 451.1678 459.2271 190.7728 0.2296925 -0.2848795
Stationary 451.201 459 191 0.2291666 -0.2835648
Moved 451.2335 447.5504 191 0.202663 -0.2835648
Moved 451.2636 432.5505 201.9797 0.1679411 -0.2200245
Moved 451.2935 415.8 208.0857 0.1291665 -0.1846891
Moved 451.3217 399.4969 211.9006 0.09142816 -0.1626121
Moved 451.3493 383.3347 216.5551 0.05401542 -0.1356768
Moved 451.3765 370.9849 220.203 0.02542804 -0.1145658
Moved 451.4081 355.1172 223.1471 -0.01130288 -0.09752839
Moved 451.4581 335.2334 227.4417 -0.05733018 -0.07267564
Moved 451.487 325.0096 229 -0.0809962 -0.06365723
Moved 451.5149 315.3961 230.8679 -0.1032496 -0.05284769
Moved 451.5438 311.1251 231 -0.1131364 -0.05208334
Moved 451.5742 303.6565 232 -0.1304248 -0.0462963
Moved 451.6039 298.4329 232 -0.1425164 -0.0462963
Moved 451.6342 292.4294 232.5706 -0.1564134 -0.04299429
Moved 451.6636 286.1076 233 -0.1710473 -0.04050926
Moved 451.6927 281.3434 233 -0.1820755 -0.04050926
Moved 451.7228 277.2104 233 -0.1916427 -0.04050926
Moved 451.7685 268.5908 233 -0.2115954 -0.04050926
Moved 451.7973 262.7913 233 -0.2250201 -0.04050926
Moved 451.8257 257.7855 233 -0.2366076 -0.04050926
Moved 451.8542 251.0384 233 -0.2522259 -0.04050926
Moved 451.8878 242.955 233 -0.2709376 -0.04050926
Moved 451.9163 235.5315 236 -0.2881216 -0.02314815
Moved 451.9458 230.5488 238 -0.2996556 -0.01157407
Moved 451.9745 227.6591 239.1704 -0.3063446 -0.004800867
Moved 452.003 223.9639 240 -0.3148984 0
Moved 452.0313 221.5 241 -0.3206019 0.005787037
Moved 452.0768 220.8606 241 -0.3220819 0.005787037
Ended 452.1055 220 241 -0.3240741 0.005787037
Began 452.5811 501 171 0.3263889 -0.3993057
Stationary 452.6192 501 171 0.3263889 -0.3993057
Stationary 452.6502 501 171 0.3263889 -0.3993057
Stationary 452.6783 501 171 0.3263889 -0.3993057
Stationary 452.706 501 171 0.3263889 -0.3993057
Stationary 452.7359 501 171 0.3263889 -0.3993057
Stationary 452.7633 501 171 0.3263889 -0.3993057
Stationary 452.7911 501 171 0.3263889 -0.3993057
Stationary 452.8189 501 171 0.3263889 -0.3993057
Moved 452.8517 490.604 171 0.3023241 -0.3993057
Moved 452.8802 488.5 171 0.2974537 -0.3993057
Moved 452.9108 481.5795 171 0.2814341 -0.3993057
Moved 452.9427 464.506 183.0602 0.2419121 -0.3295127
Moved 452.9738 442.4545 191.1364 0.190867 -0.2827756
Moved 453.0052 417.9473 195.4362 0.1341373 -0.2578925
Moved 453.0378 380.6282 201.3746 0.04775057 -0.2235264
Moved 453.0677 351.274 206.4956 -0.02019917 -0.1938912
Moved 453.0971 340.9085 207.6769 -0.04419326 -0.1870549
Moved 453.1344 308.3233 210.7418 -0.119622 -0.1693182
Moved 453.184 275.2428 214.9653 -0.1961972 -0.1448766
Moved 453.2136 254.169 216.833 -0.2449791 -0.1340683
Moved 453.2442 237 217 -0.2847222 -0.1331017
Moved 453.2738 221.8587 219.2283 -0.3197715 -0.1202066
Moved 453.3021 208.4958 220 -0.3507042 -0.1157407
Moved 453.3315 197.102 222.9659 -0.3770786 -0.09857672
Moved 453.3595 191.3876 224.4031 -0.3903065 -0.09025981
Moved 453.3884 182.1085 227.9639 -0.4117859 -0.06965355
Moved 453.4184 171.4641 232.8453 -0.4364257 -0.0414043
Moved 453.4478 166.284 235.7159 -0.4484166 -0.02479183
Moved 453.4939 164 238 -0.4537037 -0.01157407
Moved 453.5223 164 239 -0.4537037 -0.00578686
Moved 453.5504 172.545 239 -0.4339237 -0.00578686
Moved 453.5803 195.5965 239 -0.3805636 -0.00578686
Moved 453.6099 228.8 223.7333 -0.3037036 -0.09413614
Moved 453.6485 261.9005 212.9298 -0.2270823 -0.1566562
Moved 453.6785 282.7726 205.4454 -0.1787671 -0.1999686
Moved 453.7085 298.5065 199.8987 -0.142346 -0.2320678
Moved 453.7408 314.8511 195.0248 -0.1045113 -0.2602731
Moved 453.7722 327.2477 189.4514 -0.07581562 -0.2925265
Moved 453.8198 341.1932 184.2017 -0.04353424 -0.3229071
Moved 453.8517 358.432 177.7841 -0.003629625 -0.3600461
Moved 453.8857 368.9254 174.0374 0.02066066 -0.3817283
Moved 453.9152 378.6688 171.5828 0.04321476 -0.3959331
Moved 453.9462 390.6514 167.1743 0.07095238 -0.421445
Moved 453.9768 400.8712 166 0.09460916 -0.4282407
Moved 454.0041 406.9087 164.2728 0.1085849 -0.4382358
Moved 454.0364 421.8236 162 0.1431103 -0.4513887
Moved 454.0667 426.4224 160.8593 0.1537555 -0.4579904
Moved 454.0968 435.0289 158.9855 0.1736781 -0.4688341
Moved 454.1418 443.9405 158 0.1943067 -0.4745372
Moved 454.1694 446.8309 158 0.2009975 -0.4745372
Moved 454.1981 448.3493 158 0.2045124 -0.4745372
Stationary 454.2261 448 158 0.2037037 -0.4745372
Moved 454.2562 438.9595 176.6503 0.1827766 -0.3666071
Moved 454.2846 430.0072 190.9904 0.1620537 -0.2836205
Moved 454.3131 421.2419 203.5161 0.1417637 -0.2111334
Moved 454.34 417.1036 209.1952 0.1321842 -0.1782686
Moved 454.3677 413.1693 221.323 0.1230769 -0.1080843
Moved 454.3962 408.5778 233.8445 0.1124485 -0.03562203
Moved 454.4413 404.0029 245.9941 0.1018587 0.03468831
Moved 454.473 402.4094 251.772 0.09816985 0.06812485
Moved 454.5024 400.5357 256.4643 0.09383261 0.09527966
Moved 454.5337 399.6593 260.6815 0.09180387 0.1196844
Moved 454.5686 399 264.2059 0.09027779 0.1400806
Moved 454.6009 397.2535 267.7465 0.086235 0.16057
Moved 454.6317 396.3795 271.241 0.08421172 0.180793
Moved 454.6619 396 274.491 0.08333336 0.199601
Moved 454.6919 395 276.9992 0.08101851 0.2141158
Moved 454.7231 395 279.5 0.08101851 0.2285882
Moved 454.7769 393.3932 283 0.07729918 0.2488426
Moved 454.8083 393 284 0.07638891 0.2546298
Moved 454.838 391.5 286.5 0.07291664 0.2690974
Moved 454.8679 392 288.5 0.07407407 0.2806711
Moved 454.899 390.5 290.5 0.0706019 0.2922454
Moved 454.9299 391 291 0.07175922 0.2951389
Moved 454.9594 391 292.5 0.07175922 0.3038196
Moved 454.9901 391 292 0.07175922 0.3009261
Ended 455.0193 391 292 0.07175922 0.3009261
Began 455.3967 292 327 -0.1574074 0.5034722
Stationary 455.4351 292 327 -0.1574074 0.5034722
Stationary 455.4633 292 327 -0.1574074 0.5034722
Stationary 455.4919 292 327 -0.1574074 0.5034722
Stationary 455.5195 292 327 -0.1574074 0.5034722
Stationary 455.5539 292 327 -0.1574074 0.5034722
Stationary 455.5935 292 327 -0.1574074 0.5034722
Stationary 455.6238 292 327 -0.1574074 0.5034722
Stationary 455.6551 292 327 -0.1574074 0.5034722
Stationary 455.6854 292 327 -0.1574074 0.5034722
Stationary 455.7143 292 327 -0.1574074 0.5034722
Moved 455.7435 303.1206 317.8793 -0.1316652 0.4506906
Moved 455.7748 309.9858 310.0213 -0.1157737 0.4052159
Moved 455.8053 321.508 299.492 -0.08910194 0.3442824
Moved 455.8355 332 290 -0.06481484 0.2893519
Moved 455.8672 341.7996 280.2004 -0.04213065 0.2326414
Moved 455.8978 349.2737 274.7263 -0.02482931 0.2009621
Moved 455.928 357.0076 267.9924 -0.006926805 0.1619929
Moved 455.9786 368.0024 258.9976 0.01852403 0.1099399
Moved 456.0088 374.8732 252.1267 0.03442873 0.07017772
Moved 456.0414 379.7437 247.5126 0.04570315 0.04347554
Moved 456.0738 383.2115 244.7886 0.05373021 0.02771183
Moved 456.1038 387.3198 241.8401 0.06324033 0.01064883
Moved 456.135 390.0298 238.9702 0.06951332 -0.005959405
Moved 456.165 393.8114 235.1886 0.07826716 -0.02784376
Moved 456.2002 399.5921 232.704 0.0916485 -0.04222234
Moved 456.2307 407.4701 228.8433 0.1098844 -0.06456446
Moved 456.2606 415.1059 227 0.1275599 -0.07523149
Moved 456.3087 426.0271 227 0.1528404 -0.07523149
Moved 456.3392 431.8873 235.7745 0.1664057 -0.02445292
Moved 456.368 436.7617 244.2853 0.1776892 0.02479924
Moved 456.3965 438.5 252.5 0.181713 0.07233796
Moved 456.4285 439 261.4399 0.1828703 0.1240736
Moved 456.4587 440 271.0605 0.1851852 0.1797487
Moved 456.4903 441.8921 278.7841 0.1895649 0.2244451
Moved 456.5197 442 283.7034 0.1898148 0.2529134
Moved 456.5493 444.3382 286.3383 0.1952274 0.2681614
Moved 456.5791 445.2043 289.2043 0.1972322 0.2847472
Moved 456.6278 446 292.1375 0.199074 0.3017214
Moved 456.6582 448.0249 294.0249 0.2037614 0.3126441
Moved 456.6881 449.374 295.374 0.2068841 0.3204512
Moved 456.7175 451.5 296 0.2118056 0.3240741
Moved 456.7477 453.3042 296 0.2159819 0.3240741
Moved 456.783 455.1775 296 0.2203182 0.3240741
Moved 456.8134 458.0567 296 0.2269831 0.3240741
Moved 456.8438 460.5 296 0.2326389 0.3240741
Moved 456.8746 462.4679 296 0.2371942 0.3240741
Moved 456.9053 465.3378 296 0.2438375 0.3240741
Moved 456.9552 469.5 296 0.2534722 0.3240741
Moved 456.9842 470.1704 287.8074 0.255024 0.2766634
Moved 457.0129 470 287.9584 0.2546296 0.2775374
Moved 457.0428 471.5 286.5 0.2581018 0.2690974
Moved 457.073 471 284.6237 0.2569444 0.2582391
Moved 457.1029 471 282.6346 0.2569444 0.2467285
Moved 457.1335 471 277.515 0.2569444 0.217101
Moved 457.1646 471 271.7756 0.2569444 0.1838864
Moved 457.1956 461.3542 264.0625 0.2346161 0.1392506
Moved 457.2262 456.9617 253.9233 0.2244483 0.08057489
Moved 457.2742 451.1748 242.3496 0.2110528 0.01359745
Moved 457.3051 448.6564 237.6564 0.2052231 -0.01356266
Moved 457.3341 446.7809 232.5618 0.2008815 -0.04304533
Moved 457.3678 444.9101 228.91 0.1965511 -0.06417804
Moved 457.4 443.2776 225.2776 0.1927723 -0.08519897
Moved 457.4324 441.4963 222.4963 0.1886489 -0.1012943
Moved 457.4627 439.6351 218.6351 0.1843406 -0.1236393
Moved 457.4933 437.7576 213.5153 0.1799945 -0.1532684
Moved 457.5235 437 211.2349 0.1782407 -0.1664649
Moved 457.5545 435.3613 206.3613 0.1744475 -0.1946682
Moved 457.6055 434 200.6125 0.1712963 -0.2279365
Moved 457.6365 434 198.5 0.1712963 -0.2401621
Moved 457.6664 432.5 196.5 0.167824 -0.251736
Stationary 457.6952 432.5 196.5 0.167824 -0.251736
Moved 457.7232 433 195.813 0.1689814 -0.2557119
Moved 457.7527 431.9 196 0.1664352 -0.2546296
Moved 457.7818 430.454 195 0.1630879 -0.2604167
Moved 457.8091 426.1482 195 0.1531209 -0.2604167
Moved 457.8376 420.1539 195 0.1392452 -0.2604167
Moved 457.8655 410.589 195 0.1171042 -0.2604167
Moved 457.9172 397.6596 206.2269 0.08717497 -0.195446
Moved 457.9454 388.7711 209.486 0.06659974 -0.1765859
Moved 457.9742 379.8492 214.0754 0.04594713 -0.1500264
Moved 458.0025 371.7305 219.8463 0.02715389 -0.1166301
Moved 458.0314 367.4497 224.7002 0.01724462 -0.08854054
Moved 458.0602 359.5 232.5 -0.001157423 -0.04340278
Moved 458.0893 352.5339 239.4661 -0.01728262 -0.003089905
Moved 458.1179 347.7961 245.204 -0.02824982 0.03011562
Moved 458.1464 346.0204 247.9796 -0.03236005 0.0461785
Moved 458.1755 344.4494 250 -0.03599669 0.05787037
Moved 458.2209 342.1407 252 -0.04134099 0.06944445
Moved 458.2498 342 253.2952 -0.04166668 0.07693962
Moved 458.2787 339.7947 254 -0.04677156 0.0810187
Moved 458.3074 339.2973 254.7026 -0.04792293 0.08508489
Moved 458.3355 334.847 255 -0.0582245 0.08680573
Moved 458.3697 325.6625 256.4459 -0.07948492 0.09517264
Moved 458.3972 313.1899 256 -0.1083568 0.0925926
Moved 458.4294 295.2872 256 -0.1497981 0.0925926
Moved 458.4571 281.9194 256 -0.1807421 0.0925926
Moved 458.4844 272.7484 256 -0.2019713 0.0925926
Moved 458.5392 260.7451 256 -0.2297566 0.0925926
Moved 458.5675 253.0468 256 -0.2475768 0.0925926
Moved 458.5955 247.6264 256 -0.2601241 0.0925926
Moved 458.6244 242.5785 257.7108 -0.271809 0.102493
Moved 458.6547 237.8287 258.5856 -0.2828039 0.1075557
Moved 458.6834 234.545 259 -0.2904051 0.1099539
Moved 458.7122 233 259 -0.2939815 0.1099539
Moved 458.7404 231.6452 260.3548 -0.2971175 0.1177941
Moved 458.7698 230.6255 260 -0.299478 0.1157407
Moved 458.7984 229.9468 260 -0.301049 0.1157407
Stationary 458.8439 229.9468 260 -0.301049 0.1157407
Stationary 458.8718 230 260 -0.3009259 0.1157407
Ended 458.905 230 260 -0.3009259 0.1157407
PhraseEnd 461.0948
