the five boxing wizards jump quickly
Basic
0.4 0.4
288 115.2
Began 1090.899 338 303 -0.07638887 0.5468751
Stationary 1090.97 338 303 -0.07638887 0.5468751
Stationary 1091.025 338 303 -0.07638887 0.5468751
Stationary 1091.076 338 303 -0.07638887 0.5468751
Stationary 1091.127 338 303 -0.07638887 0.5468751
Stationary 1091.178 338 303 -0.07638887 0.5468751
Stationary 1091.234 338 303 -0.07638887 0.5468751
Stationary 1091.286 338 303 -0.07638887 0.5468751
Stationary 1091.338 338 303 -0.07638887 0.5468751
Moved 1091.391 342.7011 290.3284 -0.06006569 0.436879
Moved 1091.445 349.9685 284.063 -0.03483169 0.3824918
Moved 1091.512 363.4038 272.3975 0.01181886 0.281228
Moved 1091.564 370.6037 266.3963 0.03681839 0.2291346
Moved 1091.617 378.0537 260.9731 0.06268651 0.1820583
Moved 1091.669 384.5 255.5 0.08506939 0.1345486
Moved 1091.723 387 252.2605 0.09375007 0.1064282
Moved 1091.776 389 251 0.1006945 0.09548585
Moved 1091.829 390.5 250 0.1059029 0.08680556
Moved 1091.882 390 250 0.1041667 0.08680556
Stationary 1091.933 390 250 0.1041667 0.08680556
Moved 1091.988 373.3139 250 0.04622877 0.08680556
Moved 1092.073 355.5544 264.7228 -0.01543597 0.2146075
Moved 1092.128 342.838 269.081 -0.05959012 0.2524395
Moved 1092.185 334.6282 271 -0.08809641 0.2690972
Moved 1092.241 324.2151 275 -0.1242533 0.3038195
Moved 1092.296 316.4793 278 -0.1511136 0.3298611
Moved 1092.351 310.3034 279 -0.1725576 0.338542
Moved 1092.408 299.793 282.207 -0.2090521 0.3663805
Moved 1092.465 288.7327 284.6337 -0.2474559 0.3874451
Moved 1092.518 283.0695 285 -0.2671196 0.390625
Moved 1092.572 279.6713 286 -0.2789191 0.3993056
Moved 1092.655 278 286 -0.2847222 0.3993056
Ended 1092.708 278 286 -0.2847222 0.3993056
Began 1093.272 320 264 -0.1388889 0.2083336
Stationary 1093.33 320 264 -0.1388889 0.2083336
Stationary 1093.387 320 264 -0.1388889 0.2083336
Stationary 1093.441 320 264 -0.1388889 0.2083336
Stationary 1093.495 320 264 -0.1388889 0.2083336
Stationary 1093.547 320 264 -0.1388889 0.2083336
Moved 1093.6 330.4087 264 -0.1027477 0.2083336
Moved 1093.655 343.3721 264 -0.05773568 0.2083336
Moved 1093.712 361.2473 264 0.004330873 0.2083336
Moved 1093.771 380.252 264 0.07031948 0.2083336
Moved 1093.828 391.2325 264 0.1084462 0.2083336
Moved 1093.885 403.9673 273.4836 0.1526643 0.2906569
Moved 1093.942 413.8359 275.918 0.1869303 0.311788
Moved 1093.996 419.1904 277 0.2055223 0.3211806
Moved 1094.047 425.6832 277 0.2280668 0.3211806
Moved 1094.116 431.3031 278 0.2475803 0.3298611
Moved 1094.197 437 278 0.2673611 0.3298611
Moved 1094.252 440.0474 278 0.2779423 0.3298611
Moved 1094.306 442.2239 278 0.2854995 0.3298611
Stationary 1094.366 442 278 0.2847222 0.3298611
Stationary 1094.42 442 278 0.2847222 0.3298611
Moved 1094.477 429.8328 278 0.2424749 0.3298611
Moved 1094.534 418.6033 268.6033 0.2034837 0.2482928
Moved 1094.592 401.71 259.14 0.1448265 0.166146
Moved 1094.645 393.2098 250.2097 0.1153117 0.08862629
Moved 1094.701 382.7511 235.7511 0.07899702 -0.03688283
Moved 1094.789 372.5732 221.5732 0.04365698 -0.1599542
Moved 1094.843 370 217.7043 0.03472224 -0.1935387
Moved 1094.898 365.8845 213 0.02043218 -0.234375
Moved 1094.955 365 210 0.01736105 -0.2604167
Moved 1095.012 364 207.7511 0.01388892 -0.2799384
Moved 1095.067 363 205.9409 0.01041666 -0.2956515
Moved 1095.123 362 204.9702 0.006944388 -0.304078
Moved 1095.176 361 203.6362 0.003472269 -0.3156575
Moved 1095.238 357.8125 204 -0.007595495 -0.3124998
Moved 1095.293 350.9094 204 -0.03156454 -0.3124998
Moved 1095.383 338.8078 212.3453 -0.07358402 -0.2400576
Moved 1095.436 328.8053 217.1947 -0.1083148 -0.1979627
Moved 1095.489 322.107 223.786 -0.1315729 -0.1407464
Moved 1095.546 312.4679 237.7982 -0.1650421 -0.01911243
Moved 1095.602 305.2447 248.5106 -0.1901227 0.07387719
Moved 1095.658 301.0282 255.9718 -0.2047632 0.1386441
Moved 1095.716 295.5 263.5 -0.2239584 0.2039928
Moved 1095.773 291.9138 270.0862 -0.2364103 0.2611648
Moved 1095.831 287.6151 276.3849 -0.2513363 0.3158411
Moved 1095.886 284.1907 281.8093 -0.2632267 0.3629282
Moved 1095.982 282 288.0302 -0.2708333 0.416929
Moved 1096.035 282 290.3745 -0.2708333 0.4372788
Ended 1096.089 282 290 -0.2708333 0.4340278
Began 1096.681 378 200 0.06249995 -0.3472222
Stationary 1096.745 378 200 0.06249995 -0.3472222
Stationary 1096.8 378 200 0.06249995 -0.3472222
Stationary 1096.856 378 200 0.06249995 -0.3472222
Stationary 1096.908 378 200 0.06249995 -0.3472222
Moved 1096.962 387.1811 200 0.09437874 -0.3472222
Moved 1097.021 392.585 209.585 0.1131423 -0.2640195
Moved 1097.079 400.3199 214.3198 0.1399996 -0.222918
Moved 1097.134 408.4027 221.4027 0.168065 -0.1614348
Moved 1097.189 429.0418 240.0278 0.2397285 0.0002418624
Moved 1097.245 442.771 251.771 0.2873991 0.1021791
Moved 1097.303 449.367 257.6835 0.310302 0.1535026
Moved 1097.36 454.091 263.0909 0.3267049 0.2004422
Moved 1097.433 458 267.2538 0.3402779 0.2365785
Moved 1097.488 459 269 0.34375 0.2517361
Moved 1097.543 460 271.9399 0.3472223 0.2772559
Moved 1097.598 460 273 0.3472223 0.2864584
Stationary 1097.652 460 273 0.3472223 0.2864584
Moved 1097.707 430.5836 273 0.2450821 0.2864584
Moved 1097.761 409.4635 263.3112 0.1717484 0.2023546
Moved 1097.814 385.9658 258.2415 0.09015889 0.1583462
Moved 1097.868 368.8391 252.9597 0.03069118 0.1124976
Moved 1097.922 346.1849 245.5463 -0.04796908 0.04814466
Moved 1098.008 330.5 238.5 -0.1024306 -0.0130211
Moved 1098.063 319.9678 233.9839 -0.1390006 -0.05222321
Moved 1098.119 312.3741 231 -0.1653679 -0.07812501
Moved 1098.176 306.2638 227.2638 -0.1865842 -0.1105574
Moved 1098.231 300.8997 223.8997 -0.2052096 -0.1397599
Moved 1098.288 297.579 222 -0.2167395 -0.1562497
Moved 1098.344 293.5 218.5 -0.2309028 -0.186632
Moved 1098.4 292 216.4794 -0.2361111 -0.2041719
Moved 1098.454 291 216 -0.2395833 -0.2083334
Moved 1098.508 290 213.8899 -0.2430555 -0.2266503
Stationary 1098.596 290 214 -0.2430555 -0.2256942
Moved 1098.65 297.6795 214 -0.2163906 -0.2256942
Moved 1098.705 329.9987 231.5992 -0.104171 -0.07292324
Moved 1098.757 351.4876 244.4926 -0.02955683 0.03899813
Moved 1098.813 372.5775 259.6831 0.04367188 0.1708606
Moved 1098.871 382.3853 266.1926 0.07772654 0.2273666
Moved 1098.936 394.9611 273.9805 0.1213926 0.2949699
Moved 1098.995 401.2712 276.2712 0.1433028 0.3148548
Moved 1099.052 413.0421 278.6807 0.1841737 0.3357697
Moved 1099.107 426.8343 280.4172 0.2320635 0.3508435
Moved 1099.196 447.282 281 0.3030625 0.3559028
Moved 1099.254 452.6565 281 0.321724 0.3559028
Moved 1099.309 457.5 281 0.3385417 0.3559028
Moved 1099.364 459.7917 282 0.3464991 0.3645834
Moved 1099.427 460.5 282 0.3489584 0.3645834
Moved 1099.495 460 282 0.3472223 0.3645834
Moved 1099.548 448 272 0.3055556 0.2777781
Moved 1099.602 442.784 264.176 0.2874446 0.2098614
Moved 1099.657 431.3137 248.9706 0.2476169 0.07786937
Moved 1099.712 424.3968 239.3967 0.2236 -0.005236467
Moved 1099.805 414.418 225.418 0.1889513 -0.1265799
Moved 1099.863 409.6706 221 0.1724672 -0.1649306
Moved 1099.92 407 216.2692 0.1631944 -0.2059968
Moved 1099.974 405 213.9788 0.15625 -0.2258786
Moved 1100.03 402.6845 213 0.1482102 -0.234375
Moved 1100.087 398.8819 212 0.1350066 -0.2430553
Moved 1100.142 395.9089 211 0.1246837 -0.2517361
Moved 1100.195 389.3419 211 0.1018816 -0.2517361
Moved 1100.251 383.4473 211 0.08141414 -0.2517361
Moved 1100.307 375.5 224.5 0.05381942 -0.1345484
Moved 1100.397 367.2809 236.7191 0.02528101 -0.02847963
Moved 1100.452 365 242.0137 0.01736105 0.01747979
Moved 1100.51 363 245 0.01041666 0.04340278
Moved 1100.571 360.4467 250 0.001551211 0.08680556
Moved 1100.626 358.5601 253 -0.004999712 0.1128472
Moved 1100.682 357.5 256.5 -0.008680523 0.1432292
Moved 1100.738 358 258.1317 -0.006944462 0.1573934
Ended 1100.796 357 258 -0.01041666 0.15625
Began 1101.23 248 293 -0.3888889 0.4600695
Stationary 1101.293 248 293 -0.3888889 0.4600695
Stationary 1101.344 248 293 -0.3888889 0.4600695
Stationary 1101.398 248 293 -0.3888889 0.4600695
Stationary 1101.45 248 293 -0.3888889 0.4600695
Moved 1101.508 258.6147 293 -0.3520325 0.4600695
Moved 1101.564 274.406 293 -0.2972013 0.4600695
Moved 1101.619 294.1519 282.9747 -0.2286393 0.373044
Moved 1101.674 324.5 280 -0.1232639 0.3472225
Moved 1101.731 354.8112 280 -0.01801647 0.3472225
Moved 1101.786 374.7382 280 0.05117416 0.3472225
Moved 1101.84 393.1816 285.0903 0.1152138 0.3914094
Moved 1101.894 403.0485 288 0.1494739 0.4166667
Moved 1101.946 416.913 289 0.1976147 0.4253475
Moved 1101.998 427.5084 289 0.2344042 0.4253475
Moved 1102.049 435.4405 289 0.2619462 0.4253475
Moved 1102.101 441.4574 289 0.2828383 0.4253475
Moved 1102.183 445.5 289 0.296875 0.4253475
Moved 1102.236 445 289 0.295139 0.4253475
Moved 1102.287 436.0641 289 0.2641115 0.4253475
Moved 1102.339 414.6053 289 0.1896016 0.4253475
Moved 1102.391 386.6998 277.34 0.09270758 0.3241317
Moved 1102.448 369.121 271.0403 0.03167003 0.2694474
Moved 1102.504 347.4202 260.2101 -0.04368 0.1754348
Moved 1102.562 329.4883 251.3256 -0.1059432 0.09831217
Moved 1102.621 316.7148 243.8098 -0.150296 0.03307131
Moved 1102.679 307.5 236.5 -0.1822916 -0.03038168
Moved 1102.768 296.9562 226.9563 -0.2189019 -0.1132266
Moved 1102.83 290.5312 221.5311 -0.2412111 -0.1603198
Moved 1102.886 285.5 217.5 -0.2586806 -0.1953122
Moved 1102.944 283 216 -0.2673611 -0.2083334
Moved 1103.002 279.1241 213.1241 -0.2808192 -0.2332971
Moved 1103.058 275.5 210.5 -0.2934028 -0.2560764
Moved 1103.113 273.9109 209.9109 -0.2989205 -0.2611902
Moved 1103.165 270.6266 209 -0.3103244 -0.269097
Moved 1103.216 268.8409 208 -0.3165245 -0.2777778
Moved 1103.271 268 206.7977 -0.3194445 -0.2882142
Moved 1103.356 266 205.8312 -0.326389 -0.2966044
Moved 1103.409 263.9585 206 -0.3334774 -0.2951389
Moved 1103.462 262.9524 206 -0.336971 -0.2951389
Moved 1103.516 261.5 206 -0.3420139 -0.2951389
Moved 1103.569 262 206 -0.3402778 -0.2951389
Moved 1103.624 260.4179 206 -0.3457713 -0.2951389
Moved 1103.679 260 206 -0.3472223 -0.2951389
Moved 1103.735 259 222.8273 -0.3506944 -0.1490688
Moved 1103.79 259 237.5739 -0.3506944 -0.02106031
Moved 1103.844 265.6148 250.835 -0.3277264 0.09405348
Moved 1103.928 274.2109 272.2109 -0.2978787 0.2796088
Moved 1103.981 277.5222 279.5222 -0.2863814 0.3430746
Moved 1104.034 281.4627 282 -0.2726989 0.3645834
Moved 1104.091 288.1991 286.1991 -0.2493087 0.4010341
Moved 1104.158 293.0638 288 -0.2324175 0.4166667
Moved 1104.215 297.3658 288 -0.2174799 0.4166667
Moved 1104.274 301.768 289 -0.2021945 0.4253475
Moved 1104.329 306.0594 289 -0.1872937 0.4253475
Moved 1104.382 309.002 289 -0.1770765 0.4253475
Moved 1104.433 312.3625 289 -0.1654081 0.4253475
Moved 1104.513 315.1901 289 -0.1555899 0.4253475
Moved 1104.563 316.1498 289 -0.1522575 0.4253475
Moved 1104.613 317 289 -0.1493056 0.4253475
Moved 1104.664 317 280.4434 -0.1493056 0.3510706
Moved 1104.715 317 274.0128 -0.1493056 0.2952496
Moved 1104.766 308.7089 268.7089 -0.1780942 0.2492092
Moved 1104.818 302.7393 263.7393 -0.1988218 0.2060705
Moved 1104.87 296.0137 258.0137 -0.2221747 0.1563687
Moved 1104.921 291.0705 255 -0.2393386 0.1302086
Moved 1104.973 285.346 252.3459 -0.2592154 0.10717
Moved 1105.054 277.5363 248.5364 -0.2863322 0.07410076
Moved 1105.11 273.2015 248 -0.3013837 0.06944445
Moved 1105.161 269.9086 246.9086 -0.3128175 0.05997023
Moved 1105.216 268.9755 247 -0.3160573 0.06076416
Ended 1105.269 268 246 -0.3194445 0.05208334
Began 1105.95 402 267 0.1458333 0.2343753
Stationary 1106.012 402 267 0.1458333 0.2343753
Stationary 1106.064 402 267 0.1458333 0.2343753
Stationary 1106.115 402 267 0.1458333 0.2343753
Stationary 1106.166 402 267 0.1458333 0.2343753
Stationary 1106.222 402 267 0.1458333 0.2343753
Stationary 1106.275 402 267 0.1458333 0.2343753
Moved 1106.331 390.1474 274.8527 0.1046784 0.3025407
Moved 1106.387 387.8555 277.1445 0.09672032 0.3224355
Moved 1106.441 384.4706 281.5295 0.08496717 0.360499
Moved 1106.496 380.7188 288.2813 0.07194013 0.4191081
Moved 1106.552 380 294.5312 0.06944448 0.4733611
Moved 1106.609 378 300.0046 0.06249995 0.5208731
Moved 1106.667 378 304.3984 0.06249995 0.5590137
Moved 1106.744 378 306.2487 0.06249995 0.5750757
Stationary 1106.8 378 306 0.06249995 0.5729167
Moved 1106.853 388.9041 306 0.1003616 0.5729167
Moved 1106.906 392.0999 306 0.1114579 0.5729167
Moved 1106.96 396.5832 297 0.1270251 0.494792
Moved 1107.014 398.883 294 0.1350103 0.4687501
Moved 1107.068 401 288.7513 0.1423611 0.4231888
Moved 1107.122 402 283.3787 0.1458333 0.3765514
Moved 1107.175 404 273.9809 0.1527777 0.2949733
Moved 1107.228 405.309 265.0729 0.157323 0.217647
Moved 1107.312 406 245.8982 0.1597223 0.0511996
Moved 1107.365 406 238.2943 0.1597223 -0.01480633
Moved 1107.417 407 230.4791 0.1631944 -0.08264622
Moved 1107.471 408 225.4453 0.1666667 -0.1263428
Moved 1107.526 409.9316 218.1368 0.1733737 -0.1897844
Moved 1107.581 411 211.5577 0.1770833 -0.2468947
Moved 1107.64 412.6543 205.3457 0.1828273 -0.3008188
Moved 1107.695 413 202 0.1840278 -0.3298611
Moved 1107.75 414 200 0.1875 -0.3472222
Moved 1107.804 415.034 199 0.1910903 -0.3559026
Moved 1107.894 424.6404 208.2413 0.2244458 -0.2756826
Moved 1107.954 428 212 0.2361111 -0.2430553
Moved 1108.01 434.024 219.0481 0.2570279 -0.1818745
Moved 1108.067 437.2966 227.2966 0.268391 -0.110272
Moved 1108.122 439.7053 232.7053 0.2767545 -0.06332186
Moved 1108.179 444.107 241.214 0.2920382 0.0105381
Moved 1108.236 447.8772 247.8772 0.305129 0.06837872
Moved 1108.292 451.1195 253.239 0.3163871 0.114922
Moved 1108.345 454.5772 256.5771 0.328393 0.1438989
Moved 1108.399 457.6442 259.6442 0.3390424 0.1705231
Moved 1108.481 465.1143 266.1143 0.3649804 0.2266868
Moved 1108.534 468.0851 268.0851 0.3752953 0.2437944
Moved 1108.584 471.8267 270 0.3882872 0.2604167
Moved 1108.636 475.5 271 0.4010417 0.2690972
Moved 1108.688 478.037 272 0.4098507 0.2777781
Moved 1108.744 481.5 273 0.421875 0.2864584
Moved 1108.797 484.8044 273.8044 0.4333486 0.2934411
Moved 1108.85 487.3201 274 0.4420837 0.2951392
Moved 1108.904 488 274 0.4444444 0.2951392
Ended 1108.955 488 275.5 0.4444444 0.3081597
Began 1109.826 180 325 -0.625 0.7378473
Stationary 1109.884 180 325 -0.625 0.7378473
Stationary 1109.937 180 325 -0.625 0.7378473
Stationary 1109.988 180 325 -0.625 0.7378473
Stationary 1110.04 180 325 -0.625 0.7378473
Stationary 1110.099 180 325 -0.625 0.7378473
Moved 1110.151 190.6915 325 -0.5878767 0.7378473
Moved 1110.211 209.493 315.8768 -0.5225936 0.6586525
Moved 1110.272 230 307.5 -0.4513889 0.5859376
Moved 1110.329 242.4824 302 -0.4080473 0.5381945
Moved 1110.385 252.8189 295.3937 -0.3721565 0.480848
Moved 1110.453 263.6843 290 -0.3344295 0.4340278
Moved 1110.51 273.5047 285.2476 -0.3003308 0.3927745
Moved 1110.565 284.1548 281.9484 -0.2633516 0.3641357
Moved 1110.623 301.1171 279 -0.2044547 0.338542
Moved 1110.681 321.1653 278 -0.1348427 0.3298611
Moved 1110.739 337.4496 276.5168 -0.0783001 0.3169863
Moved 1110.796 347.5629 277 -0.04318431 0.3211806
Moved 1110.853 360.3553 275.8224 0.001233518 0.3109583
Moved 1110.918 373.8174 276 0.04797697 0.3124998
Moved 1110.977 385.5542 276 0.08872971 0.3124998
Moved 1111.066 402.0902 276 0.1461466 0.3124998
Moved 1111.125 413.551 276 0.1859409 0.3124998
Moved 1111.181 420.2205 276 0.2090989 0.3124998
Moved 1111.24 427.8427 276 0.2355647 0.3124998
Moved 1111.298 431.5 276 0.2482639 0.3124998
Moved 1111.356 432 276 0.2500001 0.3124998
Stationary 1111.421 432 276 0.2500001 0.3124998
Moved 1111.477 423.9464 276 0.2220361 0.3124998
Moved 1111.533 410.696 272.848 0.1760279 0.2851391
Moved 1111.59 390.5711 261.3807 0.1061496 0.1855967
Moved 1111.681 362.7259 237.8173 0.00946507 -0.01894713
Moved 1111.734 352.9088 228.9088 -0.02462231 -0.09627767
Moved 1111.787 339.4754 217.4753 -0.071266 -0.1955263
Moved 1111.842 332.2361 211.472 -0.09640262 -0.2476383
Moved 1111.902 324.022 203.022 -0.1249236 -0.3209898
Moved 1111.955 314.1927 193.0963 -0.1590533 -0.4071501
Moved 1112.012 307.601 185.6011 -0.1819409 -0.4722129
Moved 1112.065 301.4338 180.4338 -0.203355 -0.5170674
Moved 1112.118 298 178.1285 -0.2152778 -0.5370784
Moved 1112.173 296 177 -0.2222222 -0.5468751
Moved 1112.262 305.9355 177 -0.187724 -0.5468751
Moved 1112.314 317.4734 185.8245 -0.1476616 -0.4702736
Moved 1112.368 331.5 193 -0.09895831 -0.4079861
Moved 1112.424 341.1077 198.5538 -0.06559826 -0.3597755
Moved 1112.479 351.5711 206.5712 -0.029267 -0.2901809
Moved 1112.536 360.3607 214.3607 0.001252443 -0.222563
Moved 1112.591 365.971 219.9709 0.02073273 -0.1738633
Moved 1112.646 374.3245 227.3245 0.04973784 -0.110031
Moved 1112.701 383.2596 233.2596 0.08076265 -0.05850978
Moved 1112.756 394.0887 238.0443 0.1183637 -0.01697646
Moved 1112.843 414.8712 241 0.1905249 0.008680556
Moved 1112.899 429.1899 241 0.2402428 0.008680556
Moved 1112.953 444.0836 241 0.291957 0.008680556
Moved 1113.011 452.6603 241 0.3217373 0.008680556
Moved 1113.071 462.4568 232.2716 0.3557526 -0.06708676
Moved 1113.127 472.9198 231 0.3920825 -0.07812501
Moved 1113.195 482.6556 230 0.4258876 -0.0868053
Moved 1113.252 490.5624 230 0.4533418 -0.0868053
Moved 1113.307 493.2492 230 0.4626708 -0.0868053
Moved 1113.365 493 240.5 0.4618056 0.004340278
Moved 1113.448 457.3837 258.5499 0.3381379 0.1610234
Moved 1113.51 429.1689 269.9578 0.2401696 0.2600501
Moved 1113.57 409.6185 278 0.1722866 0.3298611
Moved 1113.627 394.8119 285.0941 0.1208746 0.3914417
Moved 1113.682 387.2156 287 0.09449855 0.4079864
Moved 1113.737 382.2348 289 0.07720411 0.4253475
Moved 1113.792 378.9676 290 0.06585971 0.4340278
Moved 1113.845 375.958 291.042 0.05540982 0.4430729
Moved 1113.9 372.6585 291 0.04395306 0.4427084
Moved 1113.952 368.9198 291 0.03097162 0.4427084
Moved 1114.034 368 292 0.02777785 0.4513892
Ended 1114.086 368 292 0.02777785 0.4513892
PhraseEnd 1115.353
