the quick brown fox jumps over the lazy dog
Basic
0.6 0.6
432 326.4
Began 898.9094 367 479 0.01620372 0.3400736
Stationary 898.9528 367 479 0.01620372 0.3400736
Stationary 898.9861 367 479 0.01620372 0.3400736
Stationary 899.019 367 479 0.01620372 0.3400736
Stationary 899.0528 367 479 0.01620372 0.3400736
Stationary 899.0846 367 479 0.01620372 0.3400736
Stationary 899.1167 367 479 0.01620372 0.3400736
Stationary 899.1484 367 479 0.01620372 0.3400736
Stationary 899.1808 367 479 0.01620372 0.3400736
Stationary 899.2147 367 479 0.01620372 0.3400736
Stationary 899.2554 367 479 0.01620372 0.3400736
Moved 899.2905 386.6658 452.8903 0.06172637 0.2600806
Moved 899.3257 396.2793 438.5345 0.08397987 0.2160983
Moved 899.3609 404.1689 426.3852 0.1022428 0.1788762
Moved 899.3959 416.8438 404.2082 0.131583 0.110932
Moved 899.4297 422.6444 393.5333 0.1450103 0.07822715
Moved 899.487 430.759 382.482 0.163794 0.04436886
Moved 899.5237 437.066 372.868 0.1783934 0.01491444
Moved 899.5581 439.9452 369.1096 0.1850583 0.003399569
Moved 899.5921 441 366.6267 0.1875 -0.004207387
Moved 899.6253 441 364.816 0.1875 -0.009754874
Stationary 899.6578 441 365 0.1875 -0.009191177
Moved 899.6894 421.2165 365 0.1417049 -0.009191177
Moved 899.722 400.4014 365 0.09352177 -0.009191177
Moved 899.7557 384.1888 375.9245 0.0559925 0.02427849
Moved 899.7922 362.3719 388.7996 0.005490581 0.0637242
Moved 899.848 331.9369 412.7974 -0.06496096 0.1372468
Moved 899.8885 319.849 424.151 -0.09294208 0.1720313
Moved 899.9229 314.755 429.245 -0.1047338 0.1876379
Moved 899.9575 310.0043 435.9915 -0.1157309 0.2083072
Moved 899.9921 304.256 441.744 -0.1290371 0.2259314
Moved 900.0268 298.3528 451.4708 -0.1427018 0.2557315
Moved 900.062 293.6084 460.7833 -0.1536843 0.2842625
Moved 900.0988 287.8857 470.6715 -0.1669313 0.3145573
Moved 900.1343 283 481.0838 -0.1782407 0.3464577
Moved 900.1704 282 485.4214 -0.1805555 0.3597469
Moved 900.225 280 491.0822 -0.1851852 0.3770902
Moved 900.2617 279 492 -0.1875 0.379902
Moved 900.2991 279 493.5599 -0.1875 0.3846813
Ended 900.3343 279 494 -0.1875 0.3860295
Began 901.063 151 463 -0.4837963 0.291054
Stationary 901.1047 151 463 -0.4837963 0.291054
Stationary 901.1375 151 463 -0.4837963 0.291054
Stationary 901.1716 151 463 -0.4837963 0.291054
Stationary 901.2063 151 463 -0.4837963 0.291054
Moved 901.2384 165.053 463 -0.4512662 0.291054
Moved 901.2738 174.6589 463 -0.4290302 0.291054
Moved 901.3071 183.4748 463 -0.4086232 0.291054
Moved 901.3425 195.7155 463 -0.3802882 0.291054
Moved 901.3773 213.3205 471 -0.3395359 0.3155637
Moved 901.4119 240.5898 472 -0.2764124 0.3186275
Moved 901.455 262.0419 473 -0.2267548 0.3216912
Moved 901.489 285.3014 473 -0.1729135 0.3216912
Moved 901.5233 299.9001 473 -0.13912 0.3216912
Moved 901.5583 317.2008 473 -0.09907215 0.3216912
Moved 901.592 330.6448 473 -0.06795183 0.3216912
Moved 901.6253 346.4516 473 -0.03136202 0.3216912
Moved 901.659 359.6972 473 -0.0007008513 0.3216912
Moved 901.691 373.0878 473 0.03029575 0.3216912
Moved 901.7256 384.8705 473 0.05757054 0.3216912
Moved 901.7595 394.1936 473 0.07915189 0.3216912
Moved 901.8148 414.7093 473 0.1266419 0.3216912
Moved 901.8512 422.4886 473 0.1446496 0.3216912
Moved 901.8862 438.6007 473 0.1819461 0.3216912
Moved 901.9213 445.8032 473 0.1986185 0.3216912
Moved 901.9557 452.8598 473 0.2149532 0.3216912
Moved 901.9902 460.3559 473 0.2323053 0.3216912
Moved 902.0263 469.1857 473 0.2527448 0.3216912
Moved 902.0596 475.4635 473 0.2672767 0.3216912
Moved 902.0933 481.0265 473 0.2801538 0.3216912
Moved 902.1262 485.765 473 0.2911227 0.3216912
Moved 902.1794 491.7847 473 0.3050573 0.3216912
Moved 902.2315 494 473 0.3101851 0.3216912
Moved 902.2672 495 473 0.3125 0.3216912
Stationary 902.3024 495 473 0.3125 0.3216912
Moved 902.3366 495 463.2961 0.3125 0.2919612
Moved 902.371 486.5281 457.5281 0.2928892 0.2742897
Moved 902.4056 481.5948 452.5948 0.2814694 0.2591753
Moved 902.4434 468.2671 439.2671 0.2506182 0.2183428
Moved 902.4761 460.6219 430.6219 0.2329212 0.1918565
Moved 902.5088 452.1124 422.1124 0.2132231 0.1657857
Moved 902.5627 435.5976 395.8964 0.1749945 0.08546704
Moved 902.5958 427.2618 383.103 0.1556986 0.04627125
Moved 902.6291 417.4813 367.2219 0.1330584 -0.002383999
Moved 902.6635 406.018 351.0226 0.1065232 -0.05201415
Moved 902.6966 392.5137 334.6422 0.07526319 -0.1021993
Moved 902.7302 370.0897 313.9081 0.02335568 -0.1657227
Moved 902.7635 355.4716 301.883 -0.01048237 -0.2025643
Moved 902.7965 342.1033 293.8413 -0.04142746 -0.2272019
Moved 902.8295 330.1823 288.0912 -0.06902237 -0.2448186
Moved 902.8622 322.9524 284.9762 -0.08575837 -0.2543622
Moved 902.9254 303.6986 281 -0.1303272 -0.2665441
Moved 902.9611 292.7666 278.2556 -0.1556328 -0.2749524
Moved 902.9991 285.7716 277 -0.1718249 -0.278799
Moved 903.0336 281.5079 276 -0.1816947 -0.2818629
Moved 903.0668 276.9991 274 -0.1921318 -0.2879901
Moved 903.0986 274.1236 273 -0.1987879 -0.291054
Moved 903.1299 273 272 -0.2013889 -0.2941176
Moved 903.1619 272 270.5 -0.2037037 -0.2987133
Moved 903.1948 272 270 -0.2037037 -0.3002451
Moved 903.2272 293.3946 270 -0.1541791 -0.3002451
Moved 903.2834 328.5 285 -0.07291664 -0.2542892
Moved 903.3198 366.9511 308.9756 0.01609057 -0.1808345
Moved 903.354 385.6225 322.0187 0.05931129 -0.140874
Moved 903.387 402.3699 336.8885 0.09807855 -0.09531704
Moved 903.4213 412.2426 346.2426 0.1209319 -0.06665885
Moved 903.4584 426.1134 360.1135 0.1530404 -0.02416218
Moved 903.4933 433.4952 367.4952 0.1701277 -0.001546542
Moved 903.5273 439.5646 372.5646 0.1841774 0.01398479
Moved 903.5671 448.1844 381.1844 0.2041307 0.04039362
Moved 903.6027 453.9232 386.9232 0.2174148 0.05797559
Moved 903.6561 466.65 396.325 0.2468751 0.08678006
Moved 903.6887 472.4352 400.2176 0.2602666 0.09870586
Moved 903.7214 475.6473 401.8236 0.267702 0.1036263
Moved 903.7545 478.6398 403 0.2746291 0.1072304
Moved 903.7868 481.5105 403.5105 0.2812744 0.1087945
Moved 903.8254 485.5 404 0.2905093 0.1102942
Moved 903.8581 488.346 404 0.2970972 0.1102942
Moved 903.89 490.5 405 0.3020833 0.1133579
Ended 903.9219 490 405 0.300926 0.1133579
Began 904.9501 391 279 0.07175922 -0.2726715
Stationary 904.9913 391 279 0.07175922 -0.2726715
Stationary 905.0244 391 279 0.07175922 -0.2726715
Stationary 905.0582 391 279 0.07175922 -0.2726715
Stationary 905.0911 391 279 0.07175922 -0.2726715
Stationary 905.1271 391 279 0.07175922 -0.2726715
Moved 905.163 378.7445 287.2555 0.0433901 -0.247379
Moved 905.1971 377.235 290.765 0.03989577 -0.2366268
Moved 905.2328 374.3603 294.2794 0.03324141 -0.2258596
Moved 905.2678 369.1075 303.8388 0.02108206 -0.1965722
Moved 905.3068 364.0448 312.9103 0.009362995 -0.1687795
Moved 905.346 355.3942 338.0145 -0.01066158 -0.09186727
Moved 905.381 348.9893 352.6809 -0.02548774 -0.04693349
Moved 905.4166 342.4403 365.1194 -0.04064748 -0.008825228
Moved 905.4533 323.5 393 -0.08449072 0.0765931
Moved 905.4889 314.2046 409.5908 -0.1060079 0.1274229
Moved 905.524 307.3243 424.027 -0.1219345 0.1716515
Moved 905.5816 297.4082 454.3672 -0.1448885 0.2646056
Moved 905.6165 294.5392 462.9215 -0.1515295 0.2908135
Moved 905.6493 294 470 -0.1527778 0.3125
Moved 905.6838 293 479.6164 -0.1550926 0.341962
Moved 905.7171 293 484.1803 -0.1550926 0.3559445
Moved 905.7511 293 488.6822 -0.1550926 0.3697371
Moved 905.7847 293 493.5578 -0.1550926 0.3846747
Moved 905.8186 293 496.436 -0.1550926 0.3934926
Moved 905.8517 317.9949 501.8557 -0.097234 0.4100971
Moved 905.8898 339.4007 502 -0.04768366 0.4105393
Moved 905.942 369.329 497.671 0.02159496 0.3972763
Moved 905.9741 384.7816 491.7395 0.0573648 0.3791039
Moved 906.0114 405.7726 484.5569 0.105955 0.3570983
Moved 906.0552 423 479.5 0.1458333 0.3416054
Moved 906.0907 432.6087 475.5942 0.1680757 0.3296393
Moved 906.1245 442.2711 472.9096 0.1904424 0.3214143
Moved 906.1574 450.8956 470.0348 0.2104066 0.3126066
Moved 906.1901 463.7559 465.061 0.2401756 0.2973684
Moved 906.2225 475.2527 460.3737 0.2667886 0.2830075
Moved 906.2546 485.7339 456.6331 0.2910506 0.2715474
Moved 906.3058 496.2579 453.371 0.3154117 0.2615535
Moved 906.3389 500.9981 452 0.3263846 0.257353
Moved 906.372 503.3759 452 0.3318887 0.257353
Moved 906.4053 504 452 0.3333333 0.257353
Stationary 906.4371 504 452 0.3333333 0.257353
Stationary 906.4691 504 452 0.3333333 0.257353
Stationary 906.5016 504 452 0.3333333 0.257353
Moved 906.5345 485.5 452 0.2905093 0.257353
Moved 906.5736 460.2327 460 0.23202 0.2818628
Moved 906.6094 438.5 460 0.181713 0.2818628
Moved 906.6639 400.6337 451.5853 0.09405951 0.2560824
Moved 906.7006 365.8225 445.9803 0.013478 0.2389103
Moved 906.7344 345.5051 441.8763 -0.03355299 0.2263367
Moved 906.7693 324.8445 438.5492 -0.08137842 0.2161434
Moved 906.8057 303.7054 436.2437 -0.1303115 0.2090799
Moved 906.8396 291.0523 434.8105 -0.1596011 0.204689
Moved 906.8734 277.3657 434 -0.1912831 0.2022059
Moved 906.9144 267.1137 434 -0.2150145 0.2022059
Moved 906.9488 263.0077 434 -0.2245192 0.2022059
Moved 906.9838 257.2684 433.1342 -0.2378045 0.1995535
Moved 907.0411 246.8177 433 -0.2619961 0.1991421
Moved 907.0776 239.7407 433 -0.2783781 0.1991421
Moved 907.1151 228.1523 433 -0.3052031 0.1991421
Moved 907.1517 222.6948 433 -0.3178361 0.1991421
Moved 907.1874 219.1217 433 -0.3261073 0.1991421
Moved 907.2225 217 443.0956 -0.3310185 0.2300724
Moved 907.2585 216 446.0598 -0.3333333 0.2391537
Moved 907.2926 216 448.6068 -0.3333333 0.246957
Moved 907.3264 216 452.9418 -0.3333333 0.2602384
Moved 907.3614 216 455 -0.3333333 0.2665441
Moved 907.4164 216 458 -0.3333333 0.2757353
Moved 907.4507 227.0752 459 -0.3076963 0.2787991
Moved 907.4848 247.1373 459 -0.2612563 0.2787991
Moved 907.5195 270.6974 445.121 -0.2067189 0.2362777
Moved 907.5566 298.6722 432.8852 -0.1419624 0.1987905
Moved 907.5925 314.8464 421.7946 -0.1045222 0.164812
Moved 907.6261 329.9728 409.0272 -0.06950741 0.1256961
Moved 907.6595 339.1372 398.817 -0.04829342 0.09441489
Moved 907.6943 347.7409 389.3455 -0.02837762 0.06539673
Moved 907.7272 356.8569 378.2146 -0.007275641 0.03129473
Moved 907.7849 365.4524 362.869 0.01262138 -0.01572001
Moved 907.8171 370.2095 352.5809 0.02363314 -0.0472397
Moved 907.8534 375.0749 340.7753 0.03489554 -0.08340892
Moved 907.8862 378 333.1555 0.04166663 -0.1067538
Moved 907.9183 380.8165 326.3669 0.04818638 -0.1275523
Moved 907.9499 383.2366 320.2902 0.05378842 -0.1461699
Moved 907.9828 385 309.2187 0.05787035 -0.1800898
Moved 908.0185 388.5 298.5 0.06597221 -0.2129289
Moved 908.0517 389 292.9161 0.06712963 -0.2300364
Moved 908.0844 391 286.1309 0.07175922 -0.2508246
Moved 908.1376 394.2454 278.7546 0.0792717 -0.2734232
Moved 908.1725 396 271.6099 0.08333336 -0.2953129
Moved 908.2051 398 267.8801 0.08796295 -0.3067397
Moved 908.2398 400.9339 262.1984 0.09475429 -0.3241471
Moved 908.2727 403.5 259.5 0.1006944 -0.3324142
Moved 908.306 405.3799 255.2402 0.1050461 -0.3454649
Moved 908.3386 407.5 252.5 0.1099537 -0.3538603
Moved 908.3716 409.2826 249.7174 0.1140801 -0.3623853
Moved 908.4044 409 248.8822 0.113426 -0.3649442
Ended 908.4364 409 248.8822 0.113426 -0.3649442
Began 909.3917 294 351 -0.1527778 -0.05208343
Stationary 909.4332 294 351 -0.1527778 -0.05208343
Stationary 909.4659 294 351 -0.1527778 -0.05208343
Stationary 909.5029 294 351 -0.1527778 -0.05208343
Stationary 909.5519 294 351 -0.1527778 -0.05208343
Stationary 909.5854 294 351 -0.1527778 -0.05208343
Stationary 909.6313 294 351 -0.1527778 -0.05208343
Stationary 909.663 294 351 -0.1527778 -0.05208343
Stationary 909.6945 294 351 -0.1527778 -0.05208343
Stationary 909.7261 294 351 -0.1527778 -0.05208343
Moved 909.7616 310.4712 351 -0.11465 -0.05208343
Moved 909.7979 331.5393 351 -0.06588122 -0.05208343
Moved 909.8436 371.4886 363.0543 0.0265939 -0.0151523
Moved 909.88 408.0452 372.7613 0.1112157 0.01458729
Moved 909.916 425.1898 380.5949 0.1509023 0.03858735
Moved 909.9519 439.7986 387.5194 0.184719 0.05980211
Moved 909.9872 456.983 400.9886 0.2244976 0.1010683
Moved 910.0274 463.7326 408.7327 0.2401219 0.1247938
Moved 910.0635 468.7996 414.7996 0.2518509 0.1433812
Moved 910.0984 471.6757 419.6757 0.2585086 0.1583202
Moved 910.131 473.5 423.5 0.2627315 0.1700367
Moved 910.1642 475 428.8493 0.2662037 0.1864256
Moved 910.2182 478.8308 439.4924 0.2750714 0.2190331
Moved 910.2501 480.7188 444.4375 0.2794416 0.2341835
Moved 910.2827 482.176 447.176 0.2828147 0.2425735
Moved 910.3196 484.1111 451.111 0.2872941 0.2546294
Moved 910.3516 485.996 454.996 0.2916575 0.266532
Moved 910.3836 488.8701 457.8701 0.2983104 0.2753372
Moved 910.4188 492.8818 462.8818 0.3075967 0.290692
Moved 910.4536 495.7563 465.7563 0.3142508 0.2994986
Moved 910.4903 499.631 468.631 0.3232199 0.3083057
Moved 910.5264 503.606 472.606 0.3324213 0.3204841
Moved 910.5818 507.8198 477.8198 0.3421755 0.3364578
Moved 910.6167 509 479 0.3449074 0.3400736
Moved 910.6491 510 480 0.3472221 0.3431373
Stationary 910.6826 510.4991 480 0.3483776 0.3431373
Moved 910.7159 511 480 0.349537 0.3431373
Moved 910.7484 501.2086 462.3477 0.3268718 0.2890553
Moved 910.7814 489.5919 446.9864 0.2999811 0.2419926
Moved 910.8165 471.4736 423.2631 0.2580408 0.1693111
Moved 910.8492 458.8448 408.8448 0.2288073 0.1251373
Moved 910.8824 444.9614 394.9614 0.19667 0.08260251
Moved 910.9355 426.7798 377.9747 0.1545828 0.03055965
Moved 910.9688 411.7651 362.7651 0.1198266 -0.01603837
Moved 911.0131 401.2271 352.9203 0.09543319 -0.04619991
Moved 911.0499 389.7503 343.5002 0.06886651 -0.07506043
Moved 911.0853 384 339.5 0.0555556 -0.08731619
Moved 911.1219 378.1772 335.5886 0.0420767 -0.09929966
Moved 911.1577 367.5 330.5 0.01736114 -0.1148897
Moved 911.1923 362.5552 327.7776 0.005914867 -0.1232303
Moved 911.2261 353.733 324.911 -0.01450688 -0.1320128
Moved 911.2609 337.4203 320.605 -0.05226791 -0.1452051
Moved 911.3165 324.8695 316.6232 -0.08132065 -0.1574045
Moved 911.3555 313.9635 313.3212 -0.1065659 -0.1675209
Moved 911.3917 307.5498 312 -0.1214124 -0.1715685
Moved 911.427 298.7729 309.9243 -0.1417294 -0.177928
Moved 911.463 283.4408 308 -0.1772203 -0.1838235
Moved 911.4958 278.0737 307 -0.1896443 -0.1868873
Moved 911.5298 272.3426 305.1713 -0.2029106 -0.1924898
Moved 911.5634 268.3005 304 -0.2122673 -0.1960783
Moved 911.5988 264.2473 300.2473 -0.2216499 -0.2075757
Moved 911.632 261.4584 298.4584 -0.2281055 -0.2130565
Moved 911.6871 257.1434 294.1434 -0.238094 -0.2262764
Moved 911.7258 255.1995 291.1995 -0.2425938 -0.2352958
Moved 911.7585 253.6662 289.6662 -0.246143 -0.2399932
Moved 911.7935 253 288.4572 -0.2476852 -0.2436972
Moved 911.8277 251.5 286.5 -0.2511574 -0.2496935
Moved 911.8646 250.5951 283.5952 -0.253252 -0.2585932
Moved 911.8987 251 281.8594 -0.2523148 -0.2639113
Moved 911.9337 251 279.8453 -0.2523148 -0.2700819
Moved 911.9693 251 276.8879 -0.2523148 -0.2791424
Moved 912.0027 251 275.0172 -0.2523148 -0.2848737
Moved 912.0574 251 273.6255 -0.2523148 -0.2891376
Moved 912.093 251 270.7007 -0.2523148 -0.2980981
Ended 912.1263 251 270.7007 -0.2523148 -0.2980981
Began 912.9075 416 345 0.1296297 -0.07046569
Stationary 912.9421 416 345 0.1296297 -0.07046569
Stationary 912.9766 416 345 0.1296297 -0.07046569
Stationary 913.0098 416 345 0.1296297 -0.07046569
Stationary 913.0419 416 345 0.1296297 -0.07046569
Stationary 913.0797 416 345 0.1296297 -0.07046569
Stationary 913.1133 416 345 0.1296297 -0.07046569
Stationary 913.1462 416 345 0.1296297 -0.07046569
Stationary 913.1794 416 345 0.1296297 -0.07046569
Moved 913.2141 428.8602 354.8602 0.1593987 -0.04025665
Moved 913.249 430.2921 356.2921 0.1627131 -0.03586993
Moved 913.2944 433.7025 361.7025 0.1706076 -0.01929386
Moved 913.3286 434 365 0.1712963 -0.009191177
Moved 913.3626 434 367 0.1712963 -0.003063632
Moved 913.398 434 372.4053 0.1712963 0.01349674
Moved 913.4317 422.4506 377.2747 0.1445616 0.02841519
Moved 913.4648 420.1161 381.7678 0.1391576 0.04218074
Moved 913.4986 417.2715 389.1853 0.132573 0.06490591
Moved 913.5309 416 396.2067 0.1296297 0.08641753
Moved 913.5632 413.5378 402.9245 0.12393 0.1069991
Moved 913.5954 414 409.0173 0.125 0.1256657
Moved 913.6486 413 419.5191 0.1226852 0.1578404
Moved 913.6855 413 425 0.1226852 0.1746324
Moved 913.7187 413 430.1364 0.1226852 0.1903689
Moved 913.752 413 439.8898 0.1226852 0.2202505
Moved 913.7872 423.3211 446.6422 0.1465766 0.240938
Moved 913.8212 427.7465 450.8732 0.1568206 0.2539008
Moved 913.858 431.7463 455.7463 0.1660793 0.2688305
Moved 913.8914 440.1093 460.0547 0.1854383 0.2820303
Moved 913.9253 444.1599 461.58 0.1948146 0.2867033
Moved 913.9593 448.4388 463 0.2047194 0.291054
Moved 914.0127 453.9153 464 0.2173965 0.2941177
Moved 914.0452 456.7634 464 0.2239893 0.2941177
Moved 914.0785 459.6407 464 0.2306499 0.2941177
Moved 914.1119 462.526 453.948 0.2373287 0.2633211
Moved 914.1476 466.0595 446.762 0.2455081 0.2413052
Moved 914.1842 471.3729 421.3895 0.2578077 0.1635707
Moved 914.22 473.2357 396.6432 0.2621197 0.08775511
Moved 914.2601 473 368.101 0.2615741 0.0003094767
Moved 914.2988 473 346.6768 0.2615741 -0.06532829
Moved 914.3325 473 333.4142 0.2615741 -0.1059614
Moved 914.3887 473 305.7208 0.2615741 -0.1908063
Moved 914.425 473 294.4022 0.2615741 -0.2254836
Moved 914.46 473 283.6768 0.2615741 -0.258343
Moved 914.4958 473 276.9811 0.2615741 -0.2788569
Moved 914.5333 473 271.2552 0.2615741 -0.2963994
Moved 914.571 473 267.0941 0.2615741 -0.3091481
Moved 914.6068 473 264.2471 0.2615741 -0.3178703
Moved 914.6434 473 261.5 0.2615741 -0.3262867
Stationary 914.6774 473 261.5 0.2615741 -0.3262867
Moved 914.7116 473 261 0.2615741 -0.3278186
Moved 914.7686 475.1987 304.7884 0.2666636 -0.1936629
Moved 914.8065 475 332.7368 0.2662037 -0.108037
Moved 914.8464 475 370.0472 0.2662037 0.006272186
Moved 914.8829 475 388.4231 0.2662037 0.06257076
Moved 914.9187 475 409.0309 0.2662037 0.1257073
Moved 914.9531 475 422.7036 0.2662037 0.1675967
Moved 914.9866 475 437.4519 0.2662037 0.2127816
Moved 915.0296 475 456.2759 0.2662037 0.2704532
Moved 915.0626 475 465.7547 0.2662037 0.2994936
Moved 915.0978 477.6224 472.6224 0.272274 0.3205343
Moved 915.1542 487.27 486.5133 0.2946064 0.3630922
Moved 915.1921 494.2583 492.6292 0.310783 0.3818296
Moved 915.2273 502.7009 496.7009 0.3303262 0.3943044
Moved 915.2645 507.9545 498.4773 0.3424873 0.3997467
Moved 915.3006 513.6876 499 0.3557582 0.4013481
Moved 915.3436 521 500 0.3726852 0.4044118
Moved 915.3799 525.5973 500 0.3833271 0.4044118
Moved 915.418 527.4665 500 0.3876539 0.4044118
Moved 915.4519 529 500 0.3912036 0.4044118
Moved 915.4836 530.5 500 0.3946759 0.4044118
Moved 915.5353 532.1981 500 0.3986066 0.4044118
Stationary 915.5675 532.1981 500 0.3986066 0.4044118
Moved 915.5996 533.1177 500 0.4007356 0.4044118
Stationary 915.6323 533.1177 500 0.4007356 0.4044118
Stationary 915.665 533 500 0.4004629 0.4044118
Moved 915.6979 533 491.4099 0.4004629 0.3780941
Moved 915.7311 519.1356 488.5678 0.3683695 0.3693867
Moved 915.7654 497 480.5 0.3171296 0.3446691
Moved 915.798 477.4814 472.8055 0.2719476 0.3210955
Moved 915.8313 455.3928 463.1683 0.2208167 0.2915697
Moved 915.8842 429.4342 450.4781 0.1607274 0.2526903
Moved 915.9174 404.8528 440.6176 0.103826 0.2224804
Moved 915.9537 389.6739 432.8696 0.06868948 0.1987426
Moved 915.9864 378.256 427.1281 0.0422594 0.1811522
Moved 916.0186 368.5525 423.2762 0.01979749 0.1693513
Moved 916.0504 356.6166 417.3083 -0.007831952 0.151067
Moved 916.0826 345.1118 412.778 -0.03446341 0.1371873
Moved 916.1146 334.6143 407.8072 -0.05876313 0.1219584
Moved 916.1468 327.7714 405 -0.07460321 0.1133579
Moved 916.1792 315.19 400.0634 -0.1037268 0.09823337
Moved 916.2307 301.1811 396.0604 -0.1361549 0.0859693
Moved 916.2625 290.5572 393.3715 -0.1607473 0.07773129
Moved 916.2948 280.2315 391.3079 -0.1846493 0.07140893
Moved 916.3271 275.6219 390 -0.1953197 0.06740196
Moved 916.3616 264.6909 387.897 -0.220623 0.06095882
Moved 916.3951 257.1665 385.5833 -0.2380405 0.05387031
Moved 916.4325 252.4208 384.7104 -0.2490259 0.05119609
Moved 916.4658 249.4126 384 -0.2559892 0.04901971
Moved 916.4994 245.3351 382.3351 -0.265428 0.04391886
Moved 916.5334 240.022 380.022 -0.2777269 0.03683203
Moved 916.589 236.5 378.5 -0.2858796 0.03216912
Moved 916.6235 235 378 -0.2893518 0.03063726
Moved 916.6569 233 375.9297 -0.2939815 0.02429439
Ended 916.6902 231.8331 376 -0.2966826 0.02450971
Began 917.4601 453 429 0.2152778 0.1868873
Stationary 917.5049 453 429 0.2152778 0.1868873
Stationary 917.5406 453 429 0.2152778 0.1868873
Stationary 917.5748 453 429 0.2152778 0.1868873
Stationary 917.6091 453 429 0.2152778 0.1868873
Stationary 917.6453 453 429 0.2152778 0.1868873
Stationary 917.6882 453 429 0.2152778 0.1868873
Stationary 917.7219 453 429 0.2152778 0.1868873
Stationary 917.7602 453 429 0.2152778 0.1868873
Stationary 917.7943 453 429 0.2152778 0.1868873
Stationary 917.8286 453 429 0.2152778 0.1868873
Stationary 917.8627 453 429 0.2152778 0.1868873
Stationary 917.8979 453 429 0.2152778 0.1868873
Stationary 917.9315 453 429 0.2152778 0.1868873
Stationary 917.9642 453 429 0.2152778 0.1868873
Stationary 917.999 453 429 0.2152778 0.1868873
Stationary 918.0332 453 429 0.2152778 0.1868873
Stationary 918.0652 453 429 0.2152778 0.1868873
Stationary 918.1168 453 429 0.2152778 0.1868873
Stationary 918.1524 453 429 0.2152778 0.1868873
Stationary 918.1844 453 429 0.2152778 0.1868873
Stationary 918.2161 453 429 0.2152778 0.1868873
Stationary 918.2479 453 429 0.2152778 0.1868873
Moved 918.2799 442.2388 411.7164 0.1903676 0.1339351
Moved 918.3127 436.0899 401.4532 0.176134 0.1024913
Moved 918.3462 427.5 388.5 0.15625 0.06280632
Moved 918.3896 409.8078 366.931 0.1152958 -0.003275217
Moved 918.4268 395.9758 349.9758 0.08327742 -0.05522111
Moved 918.4815 383.7912 336.0549 0.05507211 -0.09787101
Moved 918.5153 373.9456 324.8913 0.03228158 -0.1320732
Moved 918.5483 367.1616 317.2424 0.01657784 -0.1555073
Moved 918.5814 361.1259 309.6888 0.002606114 -0.1786495
Moved 918.6243 355.2408 299.7225 -0.01101663 -0.2091835
Moved 918.6609 352.3708 294.3708 -0.01766026 -0.2255797
Moved 918.7009 350 288.3679 -0.02314816 -0.243971
Moved 918.7352 348.9354 285.8708 -0.02561251 -0.2516214
Moved 918.7697 348 281.6332 -0.0277778 -0.2646041
Moved 918.8028 347 279.0963 -0.0300926 -0.2723765
Moved 918.8558 346 275.7932 -0.03240739 -0.2824963
Moved 918.8879 344.9285 275 -0.03488774 -0.2849265
Moved 918.9203 343.9901 274 -0.03705983 -0.2879901
Moved 918.9534 342.1166 274 -0.04139682 -0.2879901
Moved 918.9855 338.4828 274 -0.04980823 -0.2879901
Moved 919.0176 335.7704 283.4592 -0.05608708 -0.2590097
Moved 919.0491 324.2937 307.4125 -0.08265341 -0.1856234
Moved 919.0855 314.0257 338.8972 -0.106422 -0.08916295
Moved 919.1177 306.9924 358.0264 -0.1227027 -0.03055629
Moved 919.15 301.2539 379.1115 -0.1359864 0.03404244
Moved 919.2021 295.8259 398.5222 -0.1485511 0.09351175
Moved 919.2344 293.1851 406.6299 -0.1546642 0.1183514
Moved 919.2665 291.3684 413.2632 -0.1588695 0.1386742
Moved 919.2983 289.5079 418.9841 -0.1631761 0.1562014
Moved 919.3306 286.5 425.5 -0.1701389 0.1761642
Moved 919.3624 286 432.7012 -0.1712963 0.1982268
Moved 919.3941 285 439.6799 -0.1736111 0.2196077
Moved 919.4253 284 445.0971 -0.1759259 0.2362045
Moved 919.4568 283 450.2247 -0.1782407 0.2519139
Moved 919.4941 283 454.9587 -0.1782407 0.2664177
Moved 919.55 283 462.23 -0.1782407 0.288695
Moved 919.5835 283 465 -0.1782407 0.2971814
Moved 919.6163 283 469.6433 -0.1782407 0.3114073
Moved 919.6497 290.5168 474.5168 -0.1608406 0.3263384
Moved 919.6837 294.4704 478.4704 -0.151689 0.338451
Moved 919.7164 301.0565 482.3522 -0.1364432 0.3503437
Moved 919.7498 309.6664 486.2221 -0.116513 0.3622001
Moved 919.7843 319.5225 488.8408 -0.09369787 0.3702232
Moved 919.8178 327.9982 490 -0.07407819 0.3737745
Moved 919.851 335.6311 490 -0.05640949 0.3737745
Moved 919.9094 347.9201 490 -0.02796272 0.3737745
Moved 919.9518 351.1393 490 -0.02051085 0.3737745
Ended 919.9869 351.1393 490 -0.02051085 0.3737745
Began 920.6876 344 491 -0.03703703 0.3768382
Stationary 920.7317 344 491 -0.03703703 0.3768382
Stationary 920.767 344 491 -0.03703703 0.3768382
Stationary 920.8022 344 491 -0.03703703 0.3768382
Stationary 920.8361 344 491 -0.03703703 0.3768382
Moved 920.8705 356.4823 487.0471 -0.00814274 0.3647277
Moved 920.9067 365.0858 480.9714 0.01177261 0.3461135
Moved 920.9415 374.738 475.1747 0.03411571 0.3283538
Moved 920.9763 387.4497 465.5503 0.06354094 0.2988674
Moved 921.0118 394.6221 458.3779 0.08014381 0.276893
Moved 921.051 402.2389 450.761 0.09777526 0.2535571
Moved 921.0895 411.8642 439.1359 0.120056 0.2179408
Moved 921.1261 417 432.5 0.1319444 0.1976103
Moved 921.1624 426.4548 414.9086 0.1538307 0.143715
Moved 921.2139 434.121 399.6369 0.1715764 0.09692688
Moved 921.2502 437.6612 392.0164 0.1797713 0.07357972
Moved 921.2856 442.9637 380.1088 0.1920457 0.03709821
Moved 921.3216 444.8399 372.4802 0.1963888 0.01372627
Moved 921.3569 445 366.7454 0.1967593 -0.003843682
Moved 921.3924 445 359.3429 0.1967593 -0.02652299
Moved 921.4268 433.9438 357.4719 0.1711661 -0.03225532
Moved 921.4622 425.8319 357 0.1523887 -0.03370098
Moved 921.4994 401.015 357 0.09494215 -0.03370098
Moved 921.5325 388.9006 357 0.06689946 -0.03370098
Moved 921.5862 369.6977 370.6511 0.0224484 0.008122407
Moved 921.6273 342.5 394.5 -0.04050925 0.08118878
Moved 921.668 326.1021 410.8979 -0.07846743 0.1314275
Moved 921.7053 317.8191 420.5745 -0.09764099 0.161074
Moved 921.743 305.873 434.127 -0.1252939 0.202595
Moved 921.779 299 442.5 -0.1412037 0.2282476
Moved 921.8139 292.757 451.3644 -0.155655 0.2554058
Moved 921.8491 283.972 461.0373 -0.1759907 0.2850407
Moved 921.8864 275.3898 470.9152 -0.1958569 0.315304
Moved 921.9291 269.7518 475.2482 -0.2089078 0.328579
Moved 921.9865 265.4432 480.5568 -0.2188814 0.3448431
Moved 922.0235 263.4578 483 -0.2234772 0.3523284
Moved 922.0588 261.5848 484 -0.2278129 0.3553922
Moved 922.0933 261 485 -0.2291666 0.3584559
Moved 922.1278 258.6819 486 -0.2345327 0.3615196
Moved 922.163 258 488.0598 -0.2361111 0.3678303
Ended 922.1978 257 488 -0.2384259 0.3676471
Began 922.8896 540 359 0.4166667 -0.02757344
Stationary 922.9412 540 359 0.4166667 -0.02757344
Stationary 922.9782 540 359 0.4166667 -0.02757344
Stationary 923.0175 540 359 0.4166667 -0.02757344
Moved 923.0504 528.7034 359 0.3905172 -0.02757344
Moved 923.086 516.5728 359 0.362437 -0.02757344
Moved 923.1223 503.1394 359 0.3313413 -0.02757344
Moved 923.1594 480.2874 359 0.278443 -0.02757344
Moved 923.1943 463.834 366 0.2403564 -0.006127451
Moved 923.2359 441.3206 368.7799 0.1882422 0.002389422
Moved 923.2811 410.2951 371 0.1164239 0.009191177
Moved 923.3178 389.2862 372 0.06779213 0.012255
Moved 923.3545 372.4318 373 0.02877732 0.01531863
Moved 923.3937 343.934 373 -0.03718977 0.01531863
Moved 923.4358 324.6865 373 -0.0817443 0.01531863
Moved 923.4725 312.4455 373 -0.1100798 0.01531863
Moved 923.508 302.5 373 -0.1331019 0.01531863
Moved 923.5423 288.0804 374 -0.1664806 0.01838245
Moved 923.577 268.0357 376.3928 -0.2128802 0.0257134
Moved 923.6115 249.1256 378.2678 -0.2566537 0.0314576
Moved 923.6699 218.6074 380.6785 -0.3272976 0.03884353
Moved 923.7042 207.898 381 -0.3520879 0.03982843
Moved 923.7424 198.2838 382 -0.374343 0.04289216
Moved 923.7783 193.4639 382 -0.3855003 0.04289216
Moved 923.8184 189.3236 382 -0.3950844 0.04289216
Moved 923.86 187.8896 382 -0.3984036 0.04289216
Moved 923.895 186.6255 382 -0.4013298 0.04289216
Moved 923.9298 186 382 -0.4027778 0.04289216
Moved 923.9637 184.5 382 -0.40625 0.04289216
Stationary 923.9972 184.5 382 -0.40625 0.04289216
Moved 924.051 184 377.6596 -0.4074074 0.02959439
Moved 924.0849 184 362.538 -0.4074074 -0.0167339
Moved 924.119 197.9644 348.0593 -0.3750824 -0.06109276
Moved 924.1529 210.8055 324.2398 -0.3453577 -0.1340691
Moved 924.1867 222.9319 305.6021 -0.3172873 -0.19117
Moved 924.2255 234.4155 286.8768 -0.2907049 -0.2485393
Moved 924.2612 240.1315 278.8685 -0.2774734 -0.2730744
Moved 924.2982 248.8776 266.2449 -0.2572279 -0.3117497
Moved 924.3329 252.2776 260.4448 -0.2493574 -0.3295197
Moved 924.3666 256.2535 254.493 -0.2401539 -0.3477542
Moved 924.421 262.9944 247.0056 -0.2245499 -0.3706936
Moved 924.4561 265 244.4446 -0.2199074 -0.3785399
Moved 924.4988 268.8599 240.1401 -0.2109725 -0.3917274
Moved 924.5345 271.7375 239 -0.2043112 -0.3952205
Moved 924.571 284.8052 246.0129 -0.174062 -0.3737348
Moved 924.624 302.0249 269.0374 -0.1342016 -0.3031943
Moved 924.659 310.0252 282.7003 -0.1156823 -0.2613348
Moved 924.6953 322.6454 299.6454 -0.08646901 -0.2094198
Moved 924.7305 331.0337 313.5505 -0.06705165 -0.1668182
Moved 924.7673 341 327.5 -0.04398147 -0.1240809
Moved 924.8271 358.0795 362.159 -0.004445612 -0.01789523
Moved 924.864 372.0445 389.089 0.02788077 0.06461083
Moved 924.9011 377.6962 399.3925 0.04096349 0.09617792
Moved 924.9376 383.4551 410.9102 0.05429427 0.1314652
Moved 924.9729 394.082 430.1367 0.0788936 0.1903699
Moved 925.0127 397.5714 439.7143 0.08697093 0.2197129
Moved 925.0476 401.8758 453.5032 0.09693474 0.2619584
Moved 925.0844 402.756 460.512 0.09897222 0.2834313
Moved 925.1179 404.2771 466.5543 0.1024934 0.3019432
Moved 925.1547 405 475.1777 0.1041667 0.328363
Moved 925.21 405 486.3821 0.1041667 0.3626904
Moved 925.2443 405 494.4255 0.1041667 0.387333
Moved 925.283 405 500.7827 0.1041667 0.4068097
Moved 925.3193 405 503.5 0.1041667 0.4151348
Moved 925.3549 405 506 0.1041667 0.4227941
Ended 925.3941 405 506 0.1041667 0.4227941
Began 925.9622 289 364 -0.1643519 -0.01225481
Stationary 926.0077 289 364 -0.1643519 -0.01225481
Stationary 926.0424 289 364 -0.1643519 -0.01225481
Stationary 926.0754 289 364 -0.1643519 -0.01225481
Stationary 926.1089 289 364 -0.1643519 -0.01225481
Stationary 926.1423 289 364 -0.1643519 -0.01225481
Stationary 926.1757 289 364 -0.1643519 -0.01225481
Stationary 926.2083 289 364 -0.1643519 -0.01225481
Moved 926.2412 300.1189 371 -0.1386136 0.009191177
Moved 926.2835 306.7388 374.8694 -0.1232899 0.02104591
Moved 926.3171 314.1694 378.3898 -0.1060893 0.03183159
Moved 926.3506 330.7043 387.9739 -0.06781409 0.06119448
Moved 926.3842 349.0295 398.5148 -0.02539456 0.09348893
Moved 926.4174 386.4988 414.545 0.06133973 0.1426013
Moved 926.4501 410.7811 422.9343 0.1175488 0.1683038
Moved 926.4835 430.653 429.3265 0.1635487 0.1878877
Moved 926.5168 445.5 435 0.1979166 0.2052697
Moved 926.5496 457.7452 442.5589 0.226262 0.228428
Moved 926.5818 472.3294 451.1318 0.2600217 0.254693
Moved 926.6378 486.6043 461.6042 0.2930655 0.2867777
Moved 926.6705 495.6334 466.3167 0.3139663 0.3012155
Moved 926.703 501.382 469.191 0.3272731 0.3100214
Moved 926.7359 507.1306 472.0652 0.3405799 0.3188274
Moved 926.7683 510.6133 473 0.348642 0.3216912
Moved 926.8015 515.8241 475.8241 0.3607039 0.3303435
Moved 926.8347 519.6983 477 0.369672 0.3339461
Moved 926.8669 523.2096 479.2096 0.3778 0.3407157
Moved 926.9001 527.0866 481.0866 0.3867745 0.3464664
Moved 926.9327 530.9578 483.9578 0.3957356 0.3552627
Moved 926.9901 534.5 485 0.4039352 0.3584559
Moved 927.0251 535 486 0.4050927 0.3615196
Stationary 927.0573 535 486 0.4050927 0.3615196
Stationary 927.0888 535 486 0.4050927 0.3615196
Moved 927.1204 524.7319 476.8659 0.3813238 0.3335354
Moved 927.1522 512.7882 468.2306 0.3536764 0.3070791
Moved 927.1841 493.5383 452.8306 0.3091165 0.2598978
Moved 927.2174 478.6518 440.9214 0.2746568 0.2234112
Moved 927.2498 464.2656 430.4125 0.2413555 0.1912147
Moved 927.2842 449.9416 421.965 0.2081981 0.1653338
Moved 927.3472 428.2026 404.652 0.1578765 0.1122916
Moved 927.3843 416.5178 394.5178 0.1308283 0.08124338
Moved 927.4208 411.4741 390.7371 0.119153 0.06966021
Moved 927.4573 405.725 386.8625 0.105845 0.05778953
Moved 927.4943 396.1085 379.5542 0.08358438 0.03539899
Moved 927.5311 392.9498 376.9749 0.07627279 0.02749668
Moved 927.567 389.2043 374.1022 0.0676026 0.01869538
Moved 927.6036 383.6028 369.8014 0.0546362 0.005519063
Moved 927.6456 379.8246 366.8246 0.04589022 -0.003601149
Moved 927.6864 374.8965 363.8965 0.03448278 -0.01257177
Moved 927.7454 365.3759 359.6879 0.01244416 -0.02546591
Moved 927.7834 356.5294 356.2647 -0.008033663 -0.03595361
Moved 927.8187 351.3878 354.3878 -0.01993577 -0.04170418
Moved 927.8547 348.8804 352.8804 -0.02573982 -0.04632239
Ended 927.8976 347.5 353 -0.02893518 -0.04595589
PhraseEnd 929.4348
