an offer you cannot refuse
Basic
0.6 0.6
432 172.8
Began 343.9308 205 295 -0.3587963 0.318287
Stationary 343.954 205 295 -0.3587963 0.318287
Stationary 343.9781 205 295 -0.3587963 0.318287
Stationary 343.9995 205 295 -0.3587963 0.318287
Stationary 344.0198 205 295 -0.3587963 0.318287
Stationary 344.0398 205 295 -0.3587963 0.318287
Stationary 344.0636 205 295 -0.3587963 0.318287
Stationary 344.0842 205 295 -0.3587963 0.318287
Stationary 344.1042 205 295 -0.3587963 0.318287
Stationary 344.1248 205 295 -0.3587963 0.318287
Stationary 344.1446 205 295 -0.3587963 0.318287
Stationary 344.1664 205 295 -0.3587963 0.318287
Stationary 344.1871 205 295 -0.3587963 0.318287
Stationary 344.2083 205 295 -0.3587963 0.318287
Stationary 344.2407 205 295 -0.3587963 0.318287
Stationary 344.2606 205 295 -0.3587963 0.318287
Moved 344.2838 214.3233 295 -0.3372146 0.318287
Moved 344.3056 216.5588 288 -0.3320398 0.2777778
Moved 344.3287 219.4348 287 -0.3253823 0.2719909
Moved 344.3501 219.8726 286 -0.324369 0.2662037
Moved 344.3706 220.5 286 -0.3229167 0.2662037
Moved 344.3919 221 284.5 -0.3217593 0.2575233
Moved 344.4125 221 285 -0.3217593 0.2604167
Moved 344.4365 221 283.9329 -0.3217593 0.2542413
Moved 344.4709 222 284 -0.3194444 0.2546298
Stationary 344.4928 222 284 -0.3194444 0.2546298
Moved 344.5156 222 283 -0.3194444 0.2488426
Stationary 344.5392 222 283 -0.3194444 0.2488426
Stationary 344.5616 222 283 -0.3194444 0.2488426
Stationary 344.5836 222 283 -0.3194444 0.2488426
Stationary 344.6048 222 283 -0.3194444 0.2488426
Moved 344.6258 222 281.6522 -0.3194444 0.2410426
Stationary 344.6473 222 282 -0.3194444 0.2430556
Stationary 344.6692 222 282 -0.3194444 0.2430556
Stationary 344.7036 222 282 -0.3194444 0.2430556
Stationary 344.7252 222 282 -0.3194444 0.2430556
Stationary 344.7474 222 282 -0.3194444 0.2430556
Ended 344.7682 222 282 -0.3194444 0.2430556
Backspace 345.7363
Began 346.2872 147 302 -0.4930556 0.3587963
Stationary 346.3195 147 302 -0.4930556 0.3587963
Stationary 346.342 147 302 -0.4930556 0.3587963
Stationary 346.364 147 302 -0.4930556 0.3587963
Stationary 346.3849 147 302 -0.4930556 0.3587963
Stationary 346.4062 147 302 -0.4930556 0.3587963
Stationary 346.4273 147 302 -0.4930556 0.3587963
Stationary 346.448 147 302 -0.4930556 0.3587963
Stationary 346.4691 147 302 -0.4930556 0.3587963
Stationary 346.4929 147 302 -0.4930556 0.3587963
Stationary 346.5148 147 302 -0.4930556 0.3587963
Stationary 346.537 147 302 -0.4930556 0.3587963
Stationary 346.5582 147 302 -0.4930556 0.3587963
Stationary 346.5805 147 302 -0.4930556 0.3587963
Stationary 346.6022 147 302 -0.4930556 0.3587963
Moved 346.6243 160.1027 302 -0.4627253 0.3587963
Moved 346.6533 170.125 291.25 -0.4395256 0.2965857
Moved 346.6815 175.2405 289.3798 -0.427684 0.2857627
Moved 346.7067 184.0492 284.6339 -0.4072935 0.2582979
Moved 346.7454 195.9207 279.3598 -0.3798133 0.2277768
Moved 346.7703 198.0776 277.9224 -0.3748204 0.2194587
Moved 346.7944 203.9005 275.0497 -0.3613415 0.2028342
Moved 346.8175 205.3875 273.6125 -0.3578992 0.1945167
Moved 346.8418 207.968 273 -0.3519259 0.1909722
Moved 346.8649 209.3956 271.6044 -0.3486213 0.182896
Moved 346.8882 211 270.734 -0.3449074 0.177859
Moved 346.9104 212 271 -0.3425926 0.1793981
Moved 346.9332 213 270 -0.3402778 0.1736111
Moved 346.9554 213.7648 270 -0.3385074 0.1736111
Moved 346.9909 215 269 -0.3356481 0.1678241
Moved 347.0131 216.2157 269 -0.3328341 0.1678241
Stationary 347.0353 216.2157 269 -0.3328341 0.1678241
Moved 347.0565 217.5 268 -0.3298611 0.162037
Moved 347.0789 217 268 -0.3310185 0.162037
Moved 347.1007 218.2482 268 -0.3281292 0.162037
Moved 347.123 218 267 -0.3287037 0.1562502
Moved 347.1449 219.5 267 -0.3252315 0.1562502
Moved 347.166 219 267 -0.3263889 0.1562502
Stationary 347.1873 219 267 -0.3263889 0.1562502
Moved 347.2222 220 266 -0.3240741 0.150463
Stationary 347.2527 220 266 -0.3240741 0.150463
Moved 347.2742 221 266 -0.3217593 0.150463
Stationary 347.296 221 266 -0.3217593 0.150463
Stationary 347.318 221 266 -0.3217593 0.150463
Stationary 347.3401 221 266 -0.3217593 0.150463
Stationary 347.361 221 266 -0.3217593 0.150463
Moved 347.3813 222.374 266 -0.3185787 0.150463
Stationary 347.4036 222 266 -0.3194444 0.150463
Moved 347.4268 222 265 -0.3194444 0.1446759
Stationary 347.4605 222 265 -0.3194444 0.1446759
Ended 347.4826 222 265 -0.3194444 0.1446759
Backspace 349.1516
Began 350.2764 126 246 -0.5416667 0.03472222
Stationary 350.3098 126 246 -0.5416667 0.03472222
Stationary 350.3316 126 246 -0.5416667 0.03472222
Stationary 350.3535 126 246 -0.5416667 0.03472222
Stationary 350.3743 126 246 -0.5416667 0.03472222
Stationary 350.395 126 246 -0.5416667 0.03472222
Stationary 350.4153 126 246 -0.5416667 0.03472222
Stationary 350.4353 126 246 -0.5416667 0.03472222
Stationary 350.4554 126 246 -0.5416667 0.03472222
Stationary 350.4758 126 246 -0.5416667 0.03472222
Stationary 350.496 126 246 -0.5416667 0.03472222
Stationary 350.5168 126 246 -0.5416667 0.03472222
Stationary 350.5379 126 246 -0.5416667 0.03472222
Stationary 350.5586 126 246 -0.5416667 0.03472222
Stationary 350.5791 126 246 -0.5416667 0.03472222
Stationary 350.5997 126 246 -0.5416667 0.03472222
Stationary 350.6219 126 246 -0.5416667 0.03472222
Moved 350.657 135.8514 246 -0.5188625 0.03472222
Moved 350.6809 141.8606 246 -0.5049523 0.03472222
Moved 350.7068 155.3854 246 -0.4736449 0.03472222
Moved 350.7303 160.8267 246 -0.4610494 0.03472222
Moved 350.7543 173.2009 246 -0.4324055 0.03472222
Moved 350.7801 184.7031 239 -0.4057797 -0.00578686
Moved 350.8035 191.4422 238.1394 -0.3901802 -0.01076716
Moved 350.8273 203 238 -0.3634259 -0.01157407
Moved 350.8503 209.4746 237 -0.3484385 -0.01736093
Moved 350.8744 219.9746 236.2563 -0.3241329 -0.02166466
Moved 350.9106 229.2183 235.3909 -0.3027354 -0.02667321
Moved 350.9341 236 233.5 -0.287037 -0.03761574
Moved 350.9564 239.808 233.3973 -0.2782222 -0.03820984
Moved 350.9806 246.9519 232 -0.2616855 -0.0462963
Moved 351.0026 252.6239 231 -0.2485557 -0.05208334
Moved 351.0266 263.0344 228.3219 -0.2244575 -0.06758143
Moved 351.0493 268.4563 226.886 -0.2119068 -0.07589129
Moved 351.0735 277.4626 223.3843 -0.1910587 -0.09615563
Moved 351.0963 282.1392 221.9536 -0.1802334 -0.1044351
Moved 351.1249 289.756 220 -0.1626019 -0.1157407
Moved 351.1751 304.6833 216 -0.1280479 -0.1388889
Moved 351.2044 317.0525 213.2368 -0.09941548 -0.1548795
Moved 351.225 325.9136 212 -0.07890378 -0.1620369
Moved 351.2453 330.2177 210.9274 -0.06894047 -0.1682446
Moved 351.2662 334.5 209.5 -0.05902777 -0.1765045
Moved 351.2877 340.0374 208.9813 -0.04620974 -0.1795062
Moved 351.3092 344.3627 207.5458 -0.0361975 -0.1878138
Moved 351.3298 347.6818 207.1061 -0.02851442 -0.1903582
Moved 351.3502 354.5165 204.2417 -0.01269326 -0.2069346
Moved 351.371 357.3906 204 -0.006040285 -0.2083332
Moved 351.4031 362.5359 202 0.005870263 -0.2199074
Moved 351.4237 369.2328 199.3835 0.02137224 -0.2350489
Moved 351.4435 372.937 199 0.02994686 -0.2372683
Moved 351.4631 375.8345 197.5828 0.03665388 -0.2454701
Moved 351.4869 383.5796 196 0.05458236 -0.2546296
Moved 351.5088 385.5846 196 0.05922367 -0.2546296
Moved 351.5318 392.5375 194 0.07531822 -0.2662037
Moved 351.5535 395.4092 194 0.08196572 -0.2662037
Moved 351.5776 398.2694 192.8654 0.08858651 -0.2727698
Moved 351.5993 405.0117 193 0.1041937 -0.2719907
Moved 351.6371 411.5 192 0.119213 -0.2777776
Moved 351.6601 419.1584 192 0.1369407 -0.2777776
Moved 351.6835 422.4662 192 0.1445976 -0.2777776
Moved 351.7119 428.3858 192 0.1583005 -0.2777776
Moved 351.7359 433.4855 190.7572 0.1701053 -0.2849697
Moved 351.7585 436.3648 191 0.1767705 -0.2835648
Moved 351.7813 440.5537 191 0.1864669 -0.2835648
Moved 351.8094 443.432 191 0.1931297 -0.2835648
Moved 351.8315 444.6396 190 0.1959251 -0.2893519
Moved 351.853 445.9507 190 0.1989601 -0.2893519
Moved 351.8924 448.2563 190 0.2042969 -0.2893519
Ended 351.9167 448 190 0.2037037 -0.2893519
Began 352.4945 523 329 0.3773148 0.5150465
Stationary 352.5203 523 329 0.3773148 0.5150465
Stationary 352.5428 523 329 0.3773148 0.5150465
Stationary 352.5652 523 329 0.3773148 0.5150465
Stationary 352.5875 523 329 0.3773148 0.5150465
Stationary 352.6087 523 329 0.3773148 0.5150465
Stationary 352.6302 523 329 0.3773148 0.5150465
Stationary 352.6516 523 329 0.3773148 0.5150465
Stationary 352.6736 523 329 0.3773148 0.5150465
Stationary 352.6948 523 329 0.3773148 0.5150465
Stationary 352.7169 523 329 0.3773148 0.5150465
Stationary 352.7386 523 329 0.3773148 0.5150465
Stationary 352.7675 523 329 0.3773148 0.5150465
Stationary 352.7903 523 329 0.3773148 0.5150465
Stationary 352.8122 523 329 0.3773148 0.5150465
Moved 352.8359 512.8781 329 0.3538845 0.5150465
Moved 352.8625 510.5419 329 0.3484767 0.5150465
Moved 352.8878 506.6669 319.6682 0.3395067 0.4610426
Moved 352.912 504.2277 321.2277 0.3338605 0.470068
Moved 352.937 500 320 0.324074 0.462963
Moved 352.9654 495.8231 316.8231 0.3144054 0.4445783
Moved 352.9895 492.8009 315.4005 0.3074094 0.4363452
Moved 353.0267 485.0927 310.0927 0.2895664 0.405629
Moved 353.0499 480.9657 308.6552 0.2800131 0.3973103
Moved 353.074 473.2625 304.175 0.2621816 0.3713832
Moved 353.0959 468.9394 302.6465 0.2521746 0.3625375
Moved 353.1178 458.0975 297.5488 0.2270776 0.3330369
Moved 353.1404 454.0033 295.3344 0.2176003 0.3202221
Moved 353.1645 447.6803 291.8401 0.2029636 0.3000007
Moved 353.188 443.0564 289.3522 0.1922602 0.2856029
Moved 353.212 435.5 285.5 0.1747686 0.2633102
Moved 353.2377 431.1671 282.1114 0.1647386 0.2437002
Moved 353.275 418.2253 276.1502 0.1347807 0.2092028
Moved 353.2974 412.6688 273.3344 0.1219185 0.1929077
Moved 353.3204 401.5968 268.7984 0.09628882 0.1666574
Moved 353.3436 397.5 267.5 0.08680551 0.1591437
Moved 353.3681 387.3325 262.1663 0.06326973 0.128277
Moved 353.3916 384.7161 261.358 0.05721311 0.1235997
Moved 353.4147 376.8216 257.2144 0.03893882 0.09962012
Moved 353.4373 373.5114 256.1705 0.03127624 0.09357912
Moved 353.4608 367.5941 253.5941 0.0175789 0.07866983
Moved 353.484 363.5648 251.855 0.008251965 0.06860521
Moved 353.5227 352.6967 246.8989 -0.01690576 0.03992434
Moved 353.5513 344.066 243.022 -0.0368843 0.01748827
Moved 353.5757 339.7552 241.5851 -0.04686291 0.009172935
Moved 353.5998 332.4235 239.7118 -0.06383444 -0.001667871
Moved 353.6241 325.3994 238 -0.08009409 -0.01157407
Moved 353.6473 322.4085 238 -0.08701731 -0.01157407
Moved 353.6708 315.6641 237 -0.1026295 -0.01736093
Moved 353.6936 312.7869 237 -0.1092895 -0.01736093
Moved 353.7179 307.7863 237 -0.1208652 -0.01736093
Moved 353.7417 305.4178 237 -0.1263478 -0.01736093
Moved 353.778 298.2125 237 -0.1430266 -0.01736093
Moved 353.8 296.6706 237 -0.1465959 -0.01736093
Moved 353.8224 295.2348 237 -0.1499194 -0.01736093
Moved 353.8444 291.4616 237 -0.1586538 -0.01736093
Moved 353.8665 290.287 237 -0.1613726 -0.01736093
Moved 353.8883 287.4156 237 -0.1680195 -0.01736093
Moved 353.9099 285.9792 237 -0.1713445 -0.01736093
Moved 353.9327 283.3239 237 -0.1774911 -0.01736093
Moved 353.9547 282.5 237 -0.1793981 -0.01736093
Moved 353.9769 281.5583 237 -0.181578 -0.01736093
Moved 354.0141 279.2444 237 -0.1869342 -0.01736093
Moved 354.0374 277.8057 237 -0.1902647 -0.01736093
Moved 354.0649 277 242.0869 -0.1921296 0.01207705
Moved 354.0875 274.4049 244.5951 -0.1981369 0.02659197
Moved 354.112 272.9692 245 -0.2014602 0.02893519
Moved 354.133 271 247.8099 -0.2060186 0.0451964
Moved 354.1547 269.6592 249.3408 -0.2091222 0.05405568
Moved 354.1781 267.0838 254.8324 -0.2150839 0.08583564
Moved 354.2017 265.6482 257.7036 -0.2184069 0.1024517
Moved 354.2256 263 266.4526 -0.2245371 0.1530824
Moved 354.262 261 271.0947 -0.2291666 0.1799465
Moved 354.2858 260.3668 273.6332 -0.2306324 0.1946366
Moved 354.3087 260 275.0599 -0.2314815 0.202893
Moved 354.3315 260 276.4947 -0.2314815 0.2111961
Moved 354.353 260 278.3673 -0.2314815 0.2220332
Stationary 354.3754 260 278.3673 -0.2314815 0.2220332
Moved 354.3971 260 280 -0.2314815 0.2314817
Moved 354.4188 260 281.5 -0.2314815 0.2401621
Moved 354.4413 260 283.6234 -0.2314815 0.25245
Moved 354.4628 260 285.0673 -0.2314815 0.2608059
Moved 354.4997 268.4076 286.7038 -0.2120194 0.2702766
Moved 354.5244 274.9564 288 -0.1968601 0.2777778
Moved 354.5517 281.7021 290.3511 -0.181245 0.2913836
Moved 354.5755 285.5778 290.7889 -0.1722736 0.2939171
Moved 354.5978 292 291 -0.1574074 0.2951389
Moved 354.6195 295.497 292 -0.1493126 0.3009261
Moved 354.6426 303.2405 293 -0.1313878 0.306713
Moved 354.6647 306.1062 294.0531 -0.1247542 0.3128075
Moved 354.6874 312.861 294 -0.109118 0.3125
Moved 354.7097 314.3663 294 -0.1056335 0.3125
Moved 354.7491 321.3695 295 -0.08942236 0.318287
Moved 354.7727 322.816 296 -0.08607407 0.3240741
Moved 354.7958 325.688 296 -0.07942587 0.3240741
Moved 354.818 327.126 296 -0.07609721 0.3240741
Moved 354.8407 328.6648 296 -0.07253528 0.3240741
Moved 354.8624 330.1028 296 -0.06920636 0.3240741
Stationary 354.8837 330.1028 296 -0.06920636 0.3240741
Ended 354.9045 331.375 296 -0.06626149 0.3240741
Began 355.9253 446 313 0.199074 0.4224537
Stationary 355.9603 446 313 0.199074 0.4224537
Stationary 355.9833 446 313 0.199074 0.4224537
Stationary 356.006 446 313 0.199074 0.4224537
Stationary 356.0297 446 313 0.199074 0.4224537
Stationary 356.0512 446 313 0.199074 0.4224537
Stationary 356.0737 446 313 0.199074 0.4224537
Stationary 356.0952 446 313 0.199074 0.4224537
Stationary 356.1167 446 313 0.199074 0.4224537
Stationary 356.1379 446 313 0.199074 0.4224537
Stationary 356.1596 446 313 0.199074 0.4224537
Stationary 356.1823 446 313 0.199074 0.4224537
Stationary 356.207 446 313 0.199074 0.4224537
Stationary 356.2301 446 313 0.199074 0.4224537
Stationary 356.2524 446 313 0.199074 0.4224537
Moved 356.2749 456.932 313 0.2243796 0.4224537
Moved 356.3115 458.8061 313 0.2287177 0.4224537
Moved 356.3358 461.5 313 0.2349537 0.4224537
Moved 356.3588 462.0587 313 0.236247 0.4224537
Moved 356.3873 463.1982 313 0.2388848 0.4224537
Moved 356.4126 464.0443 313 0.2408434 0.4224537
Moved 356.4408 465.374 313 0.2439212 0.4224537
Stationary 356.4659 465.374 313 0.2439212 0.4224537
Moved 356.4881 466.1867 313 0.2458026 0.4224537
Moved 356.5098 467.2242 313 0.2482042 0.4224537
Stationary 356.5311 467.2242 313 0.2482042 0.4224537
Moved 356.5661 468.0337 313 0.2500779 0.4224537
Stationary 356.588 468.0337 313 0.2500779 0.4224537
Moved 356.6105 469.1024 313 0.2525519 0.4224537
Stationary 356.6321 469.1024 313 0.2525519 0.4224537
Stationary 356.6534 469.1024 313 0.2525519 0.4224537
Moved 356.6759 471.152 313 0.2572964 0.4224537
Moved 356.6985 472.5 313 0.2604167 0.4224537
Moved 356.7218 478.8669 313 0.2751548 0.4224537
Moved 356.7452 482.1737 313 0.2828095 0.4224537
Moved 356.7682 489.8007 320.6002 0.3004645 0.4664365
Moved 356.811 498.1113 321 0.319702 0.46875
Moved 356.8345 499.9964 321 0.3240657 0.46875
Moved 356.859 503.8658 321.8657 0.3330226 0.4737602
Moved 356.8827 504.5 322.5 0.3344907 0.4774306
Moved 356.9065 506.5 322 0.3391203 0.4745372
Moved 356.9296 507.1345 322 0.3405892 0.4745372
Moved 356.953 508.1786 322 0.3430062 0.4745372
Stationary 356.9753 508.1786 322 0.3430062 0.4745372
Stationary 356.9977 508 322 0.3425926 0.4745372
Stationary 357.0187 508 322 0.3425926 0.4745372
Ended 357.0539 508 322 0.3425926 0.4745372
Backspace 358.8795
Began 359.7574 119 291 -0.5578703 0.2951389
Stationary 359.804 119 291 -0.5578703 0.2951389
Stationary 359.8309 119 291 -0.5578703 0.2951389
Stationary 359.8543 119 291 -0.5578703 0.2951389
Stationary 359.8756 119 291 -0.5578703 0.2951389
Stationary 359.8968 119 291 -0.5578703 0.2951389
Moved 359.9182 123.6707 291 -0.5470586 0.2951389
Moved 359.9428 129.1936 291 -0.534274 0.2951389
Moved 359.9654 130.8304 291 -0.5304853 0.2951389
Moved 359.9885 132.2652 291 -0.5271639 0.2951389
Moved 360.0117 133.8144 291 -0.5235777 0.2951389
Moved 360.0345 136.6896 291 -0.5169222 0.2951389
Moved 360.0571 138.1306 291 -0.5135866 0.2951389
Moved 360.0793 143.0062 291 -0.5023003 0.2951389
Moved 360.1013 144.0669 291 -0.4998452 0.2951389
Moved 360.124 152.8961 282.0347 -0.4794073 0.2432564
Moved 360.1598 159.5252 279.3165 -0.464062 0.2275262
Moved 360.183 167.4285 277 -0.4457675 0.2141204
Moved 360.21 169.7641 276.1179 -0.4403608 0.2090159
Moved 360.2364 175.4478 273.2761 -0.4272041 0.1925703
Moved 360.2596 180.1894 270.4053 -0.4162282 0.1759566
Moved 360.2833 183.0645 268.9678 -0.409573 0.1676376
Moved 360.3064 185.5 267.5 -0.4039352 0.1591437
Moved 360.3311 187.0019 266.998 -0.4004585 0.1562387
Moved 360.3542 189.8801 266 -0.3937961 0.150463
Moved 360.3768 191.3181 264.6819 -0.3904675 0.1428353
Moved 360.4126 194.5 264 -0.3831018 0.1388891
Moved 360.4346 194.7005 263 -0.3826376 0.1331019
Moved 360.4566 195.5 263 -0.3807871 0.1331019
Moved 360.4803 197 262 -0.3773148 0.127315
Moved 360.5024 198.451 260.549 -0.3739559 0.1189174
Moved 360.5271 201.646 258.677 -0.3665601 0.1080845
Stationary 360.5496 202.3233 259 -0.3649924 0.1099539
Moved 360.5798 212.1732 254.4135 -0.3421917 0.08341119
Moved 360.6032 218.4927 252.8358 -0.3275632 0.07428134
Moved 360.6288 227.1738 249.9565 -0.307468 0.05761888
Moved 360.6656 236 245 -0.287037 0.02893519
Moved 360.69 245.0394 240.307 -0.2661125 0.00177666
Moved 360.7133 250.3412 238.2196 -0.2538398 -0.01030322
Moved 360.737 258.9451 235.3517 -0.2339234 -0.02689997
Moved 360.7608 263.3258 233.3372 -0.2237829 -0.03855811
Moved 360.7851 271.955 229.3483 -0.2038077 -0.06164198
Moved 360.8078 276.2648 227.9117 -0.1938315 -0.06995502
Moved 360.8311 282.9299 224.035 -0.178403 -0.09238985
Moved 360.8536 285.8015 222.5992 -0.1717559 -0.1006986
Moved 360.8766 292.7987 220.0671 -0.1555586 -0.1153522
Moved 360.92 300.6082 217.1959 -0.1374809 -0.1319681
Moved 360.948 309.003 213.3323 -0.1180486 -0.1543269
Moved 360.9715 317.5 210.5 -0.09837966 -0.1707176
Moved 360.9937 321.3957 210 -0.08936176 -0.1736111
Moved 361.0154 330.4019 207.5327 -0.068514 -0.1878892
Moved 361.0378 333.7359 206.088 -0.06079658 -0.1962499
Moved 361.0608 341.3775 204.2075 -0.04310771 -0.2071323
Moved 361.0836 344.4261 204 -0.03605073 -0.2083332
Moved 361.1064 352.224 202.2587 -0.01800001 -0.2184103
Moved 361.128 357.3671 200.9082 -0.006094625 -0.2262257
Moved 361.1637 365.9338 200 0.01373569 -0.2314815
Moved 361.187 373.7156 198.1422 0.03174911 -0.2422326
Moved 361.2082 376.8578 197.0474 0.03902277 -0.2485685
Moved 361.2319 383.6271 196 0.05469233 -0.2546296
Moved 361.2548 386.4993 194.7504 0.06134102 -0.2618613
Moved 361.2849 392.1239 194 0.07436097 -0.2662037
Moved 361.3078 397.5386 191.2307 0.08689492 -0.2822297
Moved 361.3307 399.1313 191 0.09058167 -0.2835648
Moved 361.354 403.007 188.9929 0.09955326 -0.2951799
Moved 361.3785 405.8824 189 0.1062091 -0.2951387
Moved 361.4161 411 187 0.1180555 -0.3067128
Moved 361.4405 412.6978 186 0.1219856 -0.3125
Moved 361.4642 418.451 184.2745 0.1353032 -0.3224853
Moved 361.4868 420.1545 184 0.1392466 -0.3240739
Moved 361.5103 425.0613 183 0.1506048 -0.3298611
Moved 361.5314 426.4718 183 0.15387 -0.3298611
Moved 361.554 427.9768 182 0.1573538 -0.335648
Moved 361.575 428.5 182 0.1585648 -0.335648
Moved 361.6021 429 182 0.1597223 -0.335648
Ended 361.6234 429 182 0.1597223 -0.335648
Began 362.3676 503 310 0.3310186 0.4050926
Stationary 362.3924 503 310 0.3310186 0.4050926
Stationary 362.4146 503 310 0.3310186 0.4050926
Stationary 362.4375 503 310 0.3310186 0.4050926
Stationary 362.4603 503 310 0.3310186 0.4050926
Stationary 362.4818 503 310 0.3310186 0.4050926
Stationary 362.5041 503 310 0.3310186 0.4050926
Stationary 362.5273 503 310 0.3310186 0.4050926
Stationary 362.5487 503 310 0.3310186 0.4050926
Stationary 362.5699 503 310 0.3310186 0.4050926
Stationary 362.5923 503 310 0.3310186 0.4050926
Stationary 362.6196 503 310 0.3310186 0.4050926
Moved 362.6443 494.7793 310 0.3119891 0.4050926
Moved 362.6674 492.6521 310 0.3070651 0.4050926
Moved 362.7043 490.89 310 0.3029861 0.4050926
Moved 362.728 489.7248 310 0.3002888 0.4050926
Moved 362.7514 486.3278 310 0.2924255 0.4050926
Moved 362.7775 484.8922 310 0.2891023 0.4050926
Moved 362.8069 482.0122 310 0.2824356 0.4050926
Moved 362.8311 479.5 299.5 0.2766204 0.3443289
Moved 362.8537 476.0813 302 0.2687066 0.3587963
Moved 362.8778 472.1627 299.1627 0.2596357 0.3423767
Moved 362.8999 469.4429 299 0.2533401 0.3414354
Moved 362.9229 462.4747 296.1583 0.23721 0.32499
Moved 362.9665 449.7118 290.9039 0.2076662 0.2945831
Moved 362.9901 447 288 0.2013889 0.2777778
Moved 363.0146 440.1611 285.1611 0.1855581 0.2613488
Moved 363.0408 438 284.5 0.1805556 0.2575233
Moved 363.0651 428.3836 282.5959 0.1582953 0.2465041
Moved 363.0902 417.9136 278.7284 0.1340593 0.2241228
Moved 363.1133 412.1726 276.2932 0.12077 0.2100298
Moved 363.1369 401 272 0.09490739 0.1851854
Moved 363.1594 395.6357 271.3271 0.08248994 0.1812914
Moved 363.1829 383 266 0.05324075 0.150463
Moved 363.22 371.3799 263.595 0.02634237 0.136545
Moved 363.2451 363.1351 260.7117 0.007257164 0.1198592
Moved 363.268 361.3644 261 0.00315845 0.1215278
Moved 363.2957 352.1584 259 -0.0181519 0.1099539
Moved 363.3237 345.5385 258 -0.0334756 0.1041667
Moved 363.3473 343.4053 257.4053 -0.03841366 0.1007251
Moved 363.3723 338.8059 257 -0.04906048 0.09837963
Moved 363.3958 337.435 256 -0.05223374 0.0925926
Moved 363.4186 334.5694 256 -0.05886709 0.0925926
Moved 363.4414 333.1299 255.1299 -0.06219933 0.08755738
Moved 363.4779 329.1403 255 -0.07143458 0.08680573
Moved 363.5005 327.7469 253.7469 -0.07465983 0.0795541
Moved 363.5235 325.5 254 -0.07986113 0.0810187
Moved 363.5454 324.4525 253 -0.0822859 0.07523149
Moved 363.5677 321.5783 251.5784 -0.08893912 0.06700446
Stationary 363.5945 321.5783 251.5784 -0.08893912 0.06700446
Moved 363.6164 319.7948 252 -0.09306759 0.06944445
Stationary 363.6403 319.7948 252 -0.09306759 0.06944445
Moved 363.6621 317.6386 251 -0.09805878 0.06365723
Stationary 363.6841 317.6386 251 -0.09805878 0.06365723
Moved 363.7189 317 249.5 -0.09953702 0.05497703
Moved 363.7415 315.9456 250 -0.1019779 0.05787037
Stationary 363.7631 315.9456 250 -0.1019779 0.05787037
Moved 363.7849 313.6255 250 -0.1073484 0.05787037
Moved 363.8076 312.8456 250 -0.1091537 0.05787037
Moved 363.8307 310.1089 250 -0.1154886 0.05787037
Moved 363.8546 307.3458 250 -0.1218847 0.05787037
Moved 363.8827 301.6069 250 -0.1351691 0.05787037
Moved 363.9061 294.8465 250 -0.1508182 0.05787037
Moved 363.9281 292.7412 250 -0.1556915 0.05787037
Moved 363.9639 286.9523 259.0477 -0.1690918 0.1102296
Moved 363.9872 281.1535 260.9232 -0.182515 0.1210836
Moved 364.0096 278.2817 262.3592 -0.1891628 0.1293935
Moved 364.0321 274.0984 265 -0.1988463 0.1446759
Moved 364.0538 271.3922 267.6078 -0.2051105 0.1597675
Moved 364.0759 266.65 270.175 -0.216088 0.1746238
Moved 364.0987 262.773 272.227 -0.2250626 0.1864988
Moved 364.1214 258.0444 274 -0.2360084 0.1967594
Moved 364.1436 257.3057 276.3886 -0.2377183 0.2105824
Moved 364.1706 255 278.4556 -0.2430556 0.2225441
Moved 364.2075 253 280.3327 -0.2476852 0.2334069
Moved 364.2308 252 281.5 -0.25 0.2401621
Moved 364.2531 250.6769 282.3231 -0.2530627 0.2449255
Moved 364.2756 251 284.1696 -0.2523148 0.2556112
Moved 364.2992 251 285.6091 -0.2523148 0.2639419
Moved 364.3221 251 287.4842 -0.2523148 0.274793
Moved 364.3447 251 288.926 -0.2523148 0.2831364
Moved 364.3678 251 291.4993 -0.2523148 0.2980282
Moved 364.3902 251 292.9335 -0.2523148 0.306328
Moved 364.413 251 294.8113 -0.2523148 0.3171953
Moved 364.4548 263.034 298.678 -0.2244583 0.3395717
Moved 364.4778 269.3337 300 -0.2098757 0.3472222
Moved 364.4999 274.6306 301.6577 -0.1976145 0.356815
Moved 364.5224 284.0845 303.5211 -0.1757304 0.3675991
Moved 364.5451 289.8491 304.9623 -0.1623863 0.3759391
Moved 364.5682 299.4909 305 -0.1400673 0.3761576
Moved 364.591 303.6887 305.9222 -0.1303502 0.3814941
Moved 364.6144 311.5392 307 -0.1121777 0.3877315
Moved 364.6371 314.4139 307 -0.1055234 0.3877315
Moved 364.6603 320.1429 307 -0.09226193 0.3877315
Moved 364.6965 323.6874 308 -0.0840569 0.3935185
Moved 364.7233 326.4908 308 -0.0775677 0.3935185
Moved 364.7456 327.915 308 -0.07427081 0.3935185
Ended 364.768 329 308 -0.07175927 0.3935185
Began 365.3891 357 278 -0.006944438 0.2199074
Stationary 365.4192 357 278 -0.006944438 0.2199074
Stationary 365.4418 357 278 -0.006944438 0.2199074
Stationary 365.4652 357 278 -0.006944438 0.2199074
Stationary 365.4893 357 278 -0.006944438 0.2199074
Stationary 365.5114 357 278 -0.006944438 0.2199074
Stationary 365.5335 357 278 -0.006944438 0.2199074
Stationary 365.5549 357 278 -0.006944438 0.2199074
Stationary 365.5837 357 278 -0.006944438 0.2199074
Stationary 365.6077 357 278 -0.006944438 0.2199074
Stationary 365.6302 357 278 -0.006944438 0.2199074
Stationary 365.652 357 278 -0.006944438 0.2199074
Stationary 365.6758 357 278 -0.006944438 0.2199074
Stationary 365.6981 357 278 -0.006944438 0.2199074
Stationary 365.7201 357 278 -0.006944438 0.2199074
Stationary 365.7433 357 278 -0.006944438 0.2199074
Stationary 365.7782 357 278 -0.006944438 0.2199074
Stationary 365.8001 357 278 -0.006944438 0.2199074
Stationary 365.8238 357 278 -0.006944438 0.2199074
Stationary 365.8514 357 278 -0.006944438 0.2199074
Moved 365.8753 369.5628 291.7086 0.02213617 0.2992395
Moved 365.9005 373.8563 294.5709 0.03207485 0.3158036
Moved 365.9265 382.4578 298.1526 0.05198568 0.3365312
Moved 365.9507 390.1311 301 0.06974787 0.3530091
Moved 365.974 394.4382 302.1461 0.07971803 0.3596417
Moved 365.9982 403.0615 305.0205 0.09967943 0.3762763
Moved 366.036 412.5393 307.8848 0.1216188 0.392852
Moved 366.0602 422.2425 309.3106 0.1440797 0.4011033
Moved 366.0841 428.397 310.8492 0.1583264 0.4100072
Moved 366.1071 439.1599 311.72 0.1832406 0.4150463
Moved 366.1424 448.7747 312 0.2054968 0.4166669
Moved 366.1671 457.3837 312 0.2254252 0.4166669
Moved 366.1899 462.8016 312 0.2379667 0.4166669
Moved 366.2148 472.401 312 0.2601874 0.4166669
Moved 366.2382 477.7058 312 0.272467 0.4166669
Moved 366.2631 485.5573 312 0.2906418 0.4166669
Moved 366.3025 492.9532 312 0.307762 0.4166669
Moved 366.3276 499.3781 312 0.3226345 0.4166669
Moved 366.3516 504.0583 303.9418 0.3334683 0.3700334
Moved 366.3748 507 302.5 0.3402778 0.3616898
Moved 366.3986 510.9998 301.0002 0.3495365 0.3530107
Moved 366.4277 513.874 300 0.3561897 0.3472222
Moved 366.4519 515.3089 300 0.3595113 0.3472222
Moved 366.4776 517 299 0.3634259 0.3414354
Moved 366.5002 518.5 297.5 0.3668982 0.3327546
Moved 366.5243 518 298 0.3657407 0.3356482
Stationary 366.5603 518 298 0.3657407 0.3356482
Stationary 366.5833 518 298 0.3657407 0.3356482
Stationary 366.6053 518 298 0.3657407 0.3356482
Moved 366.6293 500.5767 298 0.3254091 0.3356482
Moved 366.6529 493.3755 298 0.3087398 0.3356482
Moved 366.6786 477.8655 298 0.2728369 0.3356482
Moved 366.7068 464.7303 298 0.2424313 0.3356482
Moved 366.7309 460.3864 298 0.2323761 0.3356482
Moved 366.7562 450.7144 298 0.2099871 0.3356482
Moved 366.7796 448 298 0.2037037 0.3356482
Moved 366.8185 437.3727 298 0.1791036 0.3356482
Moved 366.8492 434.6418 298 0.172782 0.3356482
Moved 366.8717 432.2057 298 0.1671428 0.3356482
Moved 366.8937 429.3318 298 0.1604903 0.3356482
Moved 366.916 427.8944 298 0.1571631 0.3356482
Moved 366.9467 426.2846 298 0.1534365 0.3356482
Moved 366.9738 424.7573 298 0.1499011 0.3356482
Moved 366.9963 424 298 0.1481481 0.3356482
Moved 367.019 423.2031 298 0.1463036 0.3356482
Stationary 367.0407 423 298 0.1458333 0.3356482
Moved 367.0765 421.6787 298 0.1427749 0.3356482
Stationary 367.0984 421.6787 298 0.1427749 0.3356482
Stationary 367.1195 422 298 0.1435185 0.3356482
Ended 367.1414 422 298 0.1435185 0.3356482
Began 367.681 304 179 -0.1296296 -0.3530089
Stationary 367.711 304 179 -0.1296296 -0.3530089
Stationary 367.7412 304 179 -0.1296296 -0.3530089
Stationary 367.7668 304 179 -0.1296296 -0.3530089
Stationary 367.79 304 179 -0.1296296 -0.3530089
Stationary 367.8138 304 179 -0.1296296 -0.3530089
Stationary 367.8354 304 179 -0.1296296 -0.3530089
Stationary 367.8609 304 179 -0.1296296 -0.3530089
Stationary 367.8875 304 179 -0.1296296 -0.3530089
Moved 367.9107 292.4591 186 -0.1563447 -0.3125
Moved 367.9363 290.5 187.5 -0.1608796 -0.3038195
Moved 367.9653 290 187.8511 -0.162037 -0.3017878
Moved 367.9932 287.5489 188.7256 -0.167711 -0.2967269
Moved 368.0172 285.8863 189 -0.1715595 -0.2951387
Moved 368.0408 281.8852 190.705 -0.1808213 -0.2852722
Moved 368.0654 273.6535 194.5867 -0.1998761 -0.2628084
Moved 368.0911 262.1651 198.4587 -0.2264697 -0.2404006
Moved 368.1148 257.3118 199.896 -0.2377041 -0.2320834
Moved 368.139 243.9873 204.8051 -0.2685479 -0.2036743
Moved 368.1632 235.8153 206.8369 -0.2874645 -0.1919158
Moved 368.1878 220.4564 212.4175 -0.3230176 -0.1596209
Moved 368.2292 202.93 220.3025 -0.3635879 -0.11399
Moved 368.2591 191.3113 226.5629 -0.3904831 -0.07776102
Moved 368.2846 187.112 229.8881 -0.4002037 -0.05851799
Moved 368.3088 177.9381 234.531 -0.4214396 -0.0316491
Moved 368.3324 174.5733 236.2134 -0.4292285 -0.02191314
Moved 368.3562 170.2692 239.7308 -0.4391916 -0.001557668
Moved 368.3807 167.666 241.167 -0.4452175 0.006753427
Moved 368.4044 167 243.0411 -0.4467593 0.01759935
Moved 368.427 165.5348 243 -0.4501508 0.01736111
Stationary 368.4503 166 243 -0.4490741 0.01736111
Moved 368.4907 177.8027 243 -0.4217531 0.01736111
Moved 368.5227 206.8252 243 -0.3545713 0.01736111
Moved 368.546 224.6784 229.6621 -0.3132444 -0.05982594
Moved 368.5707 255.8038 220.3988 -0.241195 -0.1134329
Moved 368.5962 271.3777 216.0867 -0.2051443 -0.1383873
Moved 368.6205 295.4532 210.0104 -0.149414 -0.1735511
Moved 368.6464 315.5192 202.9204 -0.1029648 -0.2145808
Moved 368.6694 322.2681 201.5773 -0.08734231 -0.2223538
Moved 368.6948 337.1715 195.4142 -0.05284364 -0.2580196
Moved 368.717 344.1741 191.7303 -0.03663411 -0.2793383
Moved 368.7595 363.7823 185.0544 0.008755426 -0.317972
Moved 368.7829 374 181.5 0.03240744 -0.3385415
Moved 368.8051 378.7556 179.1222 0.04341573 -0.352302
Moved 368.8277 389.2486 176.1879 0.06770511 -0.3692832
Moved 368.851 393.7228 174.759 0.07806201 -0.3775519
Moved 368.8733 402.4771 173 0.0983266 -0.3877313
Moved 368.8954 405 171.5 0.1041667 -0.3964119
Moved 368.9178 408.2809 171 0.1117613 -0.3993057
Moved 368.9403 415.5309 170 0.1285438 -0.4050924
Moved 368.9683 424.1598 169 0.148518 -0.4108795
Moved 369.0045 431.5197 168 0.1655548 -0.4166667
Moved 369.0274 439.4681 167 0.1839539 -0.4224537
Moved 369.0495 443.5031 167 0.1932943 -0.4224537
Moved 369.0731 450.0695 167 0.2084942 -0.4224537
Moved 369.0969 451.4705 167 0.2117371 -0.4224537
Moved 369.1212 456.0187 167 0.2222655 -0.4224537
Moved 369.1487 457.4522 167 0.2255837 -0.4224537
Moved 369.1707 461.6416 167 0.2352814 -0.4224537
Moved 369.1973 467.4044 182.6067 0.2486213 -0.3321372
Moved 369.2192 470.2717 188.5435 0.2552587 -0.2977809
Moved 369.2541 476.2818 198.5636 0.2691708 -0.2397938
Moved 369.276 484.044 208.0441 0.2871389 -0.1849302
Moved 369.2973 488.3602 215.3602 0.2971301 -0.1425913
Moved 369.3192 492.6741 222.3481 0.307116 -0.1021519
Moved 369.3408 499.1562 234.3124 0.3221208 -0.03291448
Moved 369.3622 501.7643 239.5287 0.3281581 -0.002727509
Moved 369.3836 507.5097 249.0195 0.3414577 0.05219654
Moved 369.409 510.3541 254.7083 0.348042 0.0851172
Moved 369.431 514.0505 262.1011 0.3565985 0.1278997
Moved 369.4532 516.9722 266.4583 0.3633616 0.1531154
Moved 369.4875 519.0087 273.0175 0.3680757 0.1910732
Moved 369.5092 522 280.8873 0.375 0.2366161
Moved 369.5305 523.3229 283.6459 0.3780623 0.2525806
Moved 369.552 523 288.2036 0.3773148 0.2789563
Moved 369.5733 523 290.5246 0.3773148 0.2923877
Moved 369.5946 523 292.5407 0.3773148 0.3040551
Moved 369.6208 523 296.2809 0.3773148 0.3256999
Moved 369.6428 514.3966 298.0754 0.3573996 0.3360847
Moved 369.6646 502.2354 301.9529 0.3292487 0.358524
Moved 369.6867 496.7989 304.0804 0.316664 0.3708359
Moved 369.7226 463.3956 309.3721 0.2393416 0.4014588
Moved 369.7446 454.9604 309.8079 0.2198157 0.4039811
Moved 369.7661 435.213 310.6838 0.1741041 0.40905
Moved 369.7878 428.0964 311 0.1576305 0.4108796
Moved 369.8095 418.6613 312.1912 0.1357901 0.4177735
Moved 369.8359 402.8216 312 0.09912411 0.4166669
Moved 369.8577 389.3161 312 0.06786138 0.4166669
Moved 369.8797 384.8545 312 0.05753359 0.4166669
Moved 369.9011 380.7657 312 0.04806876 0.4166669
Moved 369.927 371.8868 312 0.02751579 0.4166669
Moved 369.9637 362.0505 313 0.004746517 0.4224537
Moved 369.9855 354.7792 313 -0.01208519 0.4224537
Moved 370.0065 350.5 313 -0.02199074 0.4224537
Moved 370.0277 346.9398 314 -0.03023182 0.4282409
Moved 370.055 344 314 -0.03703703 0.4282409
Moved 370.0801 339.2554 314 -0.04801999 0.4282409
Moved 370.1028 338.1947 314 -0.05047525 0.4282409
Moved 370.129 335.7142 314 -0.05621722 0.4282409
Moved 370.1538 333.8795 314 -0.06046415 0.4282409
Moved 370.1802 331.9498 314 -0.06493111 0.4282409
Stationary 370.2174 331.9498 314 -0.06493111 0.4282409
Ended 370.2426 332 314 -0.06481484 0.4282409
Began 370.9269 290 309 -0.162037 0.3993057
Stationary 370.9607 290 309 -0.162037 0.3993057
Stationary 370.9837 290 309 -0.162037 0.3993057
Stationary 371.0067 290 309 -0.162037 0.3993057
Stationary 371.0295 290 309 -0.162037 0.3993057
Stationary 371.0514 290 309 -0.162037 0.3993057
Moved 371.0753 278.585 309 -0.1884607 0.3993057
Moved 371.0989 277.1491 309 -0.1917845 0.3993057
Moved 371.1237 273.5581 309 -0.200097 0.3993057
Moved 371.1479 271.8419 309 -0.2040697 0.3993057
Moved 371.1766 269.2956 309 -0.2099639 0.3993057
Moved 371.2021 266.42 309 -0.2166203 0.3993057
Moved 371.2273 263.5516 309 -0.2232601 0.3993057
Stationary 371.2504 263.5516 309 -0.2232601 0.3993057
Moved 371.2725 262.0237 309 -0.2267969 0.3993057
Moved 371.3096 259.5 309 -0.2326389 0.3993057
Moved 371.3323 259 309 -0.2337963 0.3993057
Moved 371.3549 258 309 -0.2361111 0.3993057
Moved 371.3824 256.5 309 -0.2395834 0.3993057
Moved 371.4048 255.416 309 -0.2420926 0.3993057
Moved 371.4287 253.7723 309 -0.2458974 0.3993057
Stationary 371.4525 253.7723 309 -0.2458974 0.3993057
Moved 371.4744 253 309 -0.2476852 0.3993057
Moved 371.497 251.6799 309 -0.2507409 0.3993057
Stationary 371.5187 251.6799 309 -0.2507409 0.3993057
Stationary 371.5532 251.6799 309 -0.2507409 0.3993057
Stationary 371.5792 251.6799 309 -0.2507409 0.3993057
Stationary 371.6007 251.6799 309 -0.2507409 0.3993057
Stationary 371.6226 251.6799 309 -0.2507409 0.3993057
Stationary 371.6446 252 309 -0.25 0.3993057
Moved 371.6667 260.0385 309 -0.2313924 0.3993057
Moved 371.6896 263.3368 309 -0.2237575 0.3993057
Moved 371.7129 264.207 309 -0.221743 0.3993057
Moved 371.7371 270.3141 298.6859 -0.2076064 0.3396178
Moved 371.7653 277.1215 294.919 -0.1918483 0.3178185
Moved 371.8039 284.7426 291.0858 -0.1742069 0.2956352
Moved 371.8281 290.8705 287.1295 -0.1600219 0.2727399
Moved 371.8522 295.5982 285.134 -0.1490783 0.261192
Moved 371.8775 303.4727 279.5273 -0.1308501 0.2287459
Moved 371.9039 310.2122 275.3939 -0.1152496 0.2048259
Moved 371.9288 312.59 274.205 -0.1097453 0.1979457
Moved 371.9527 318.8179 269.7881 -0.09532898 0.1723849
Moved 371.9827 323.4663 266.5337 -0.08456871 0.1535515
Moved 372.0074 324.9073 265.0927 -0.08123298 0.1452123
Moved 372.0317 327.5 265 -0.07523149 0.1446759
Moved 372.08 330.3275 263 -0.06868625 0.1331019
Moved 372.1329 338.1249 258.9375 -0.05063673 0.109592
Moved 372.1544 343.1329 259 -0.03904422 0.1099539
Moved 372.1757 348.0133 259 -0.02774695 0.1099539
Moved 372.197 358.4879 259 -0.003500134 0.1099539
Moved 372.2227 366.851 259 0.01585871 0.1099539
Moved 372.2445 377.7205 259 0.04101972 0.1099539
Moved 372.2661 380.6812 268.8166 0.04787326 0.1667629
Moved 372.2878 391.5987 272.2994 0.07314523 0.1869179
Moved 372.3089 395.7669 274.178 0.08279383 0.1977892
Moved 372.3482 405.8886 278.9443 0.1062236 0.2253722
Moved 372.3738 411.7612 282.8408 0.1198176 0.2479211
Moved 372.4005 419.5168 286.7584 0.1377704 0.2705924
Moved 372.4288 426.2706 291.6353 0.1534042 0.2988157
Moved 372.4529 429.131 294.131 0.1600254 0.3132583
Moved 372.4748 434.4537 296.7269 0.1723465 0.3282807
Moved 372.4967 436.0704 298.0704 0.1760888 0.3360554
Moved 372.5197 439.9586 300 0.1850895 0.3472222
Moved 372.5421 441.3892 301.3892 0.1884009 0.3552619
Moved 372.5642 441.8303 302 0.189422 0.3587963
Moved 372.6025 443.5 303 0.193287 0.3645834
Moved 372.6287 443 305.5 0.1921296 0.3790509
Moved 372.6501 443 305 0.1921296 0.3761576
Stationary 372.6718 443 305 0.1921296 0.3761576
Moved 372.6927 443 306.4177 0.1921296 0.3843615
Moved 372.7154 432.093 306 0.1668821 0.3819445
Moved 372.74 413.6893 307 0.1242808 0.3877315
Moved 372.7631 405.3092 307 0.1048824 0.3877315
Moved 372.7859 389.878 299.313 0.06916205 0.3432465
Moved 372.8133 379.0993 296.8198 0.04421125 0.3288184
Moved 372.8513 366.487 291.7435 0.0150163 0.2994419
Moved 372.8738 350.9973 286.9989 -0.02083962 0.2719844
Moved 372.9034 338.5137 283.1284 -0.04973684 0.2495859
Moved 372.9279 335.1085 281.0723 -0.05761916 0.2376871
Moved 372.9515 324.539 278.1796 -0.08208573 0.2209471
Moved 372.9739 320.239 276.7463 -0.09203946 0.2126524
Moved 372.9969 309.6051 271.8684 -0.1166548 0.1844237
Moved 373.0248 304 270.5 -0.1296296 0.1765046
Moved 373.0492 295.6024 265.7349 -0.1490686 0.1489291
Moved 373.0724 284.9883 261.9961 -0.1736382 0.1272922
Moved 373.1083 276.4625 258.2312 -0.1933739 0.1055046
Moved 373.1306 273.5833 255.5833 -0.2000387 0.09018104
Moved 373.1523 266.5164 251.5165 -0.2163972 0.0666463
Moved 373.1741 263.6443 248.6443 -0.2230455 0.05002481
Moved 373.196 259.9424 245.9424 -0.2316149 0.03438897
Moved 373.2245 257.5041 245 -0.237259 0.02893519
Moved 373.247 253.2737 242.6368 -0.2470516 0.0152595
Moved 373.2693 252.5593 241.5593 -0.2487053 0.009024056
Moved 373.292 248.6826 239.6826 -0.2576791 -0.001836706
Moved 373.314 246.2477 239 -0.2633154 -0.00578686
Moved 373.3487 241.9316 238 -0.2733065 -0.01157407
Moved 373.3703 242 236.8694 -0.2731481 -0.01811699
Moved 373.3918 240.3853 237 -0.276886 -0.01736093
Moved 373.4177 237.5101 237 -0.2835414 -0.01736093
Moved 373.4395 237.0705 236 -0.2845591 -0.02314815
Moved 373.4614 235.6266 236 -0.2879014 -0.02314815
Stationary 373.4831 235.6266 236 -0.2879014 -0.02314815
Moved 373.504 235 236 -0.2893518 -0.02314815
Moved 373.5287 233.8077 236 -0.2921118 -0.02314815
Stationary 373.5499 233.8077 236 -0.2921118 -0.02314815
Moved 373.5857 244.2135 250.9514 -0.2680243 0.06337626
Moved 373.6157 251.0703 259.6054 -0.2521522 0.1134572
Moved 373.6398 253.9387 262.9387 -0.2455123 0.1327472
Moved 373.6663 259.6934 272.6934 -0.2321911 0.1891979
Moved 373.6924 263.5 278.5 -0.2233796 0.2228009
Moved 373.7187 266.2612 284.5224 -0.216988 0.2576528
Moved 373.7451 267.6898 285.6899 -0.2136809 0.264409
Moved 373.7707 269 288.5 -0.2106481 0.2806711
Moved 373.7944 270.5 289.5 -0.2071759 0.2864584
Moved 373.8222 271.3746 291.3746 -0.2051514 0.2973067
Moved 373.8643 272 293.3718 -0.2037037 0.3088647
Moved 373.8871 273.1286 293 -0.2010913 0.306713
Moved 373.9087 274.3756 294.3755 -0.1982047 0.3146733
Moved 373.9318 275.105 294 -0.1965161 0.3125
Ended 373.954 276.5 294 -0.193287 0.3125
PhraseEnd 375.6034
