yes you are very smart
Basic
0.4 0.4
288 217.6
Began 1595.615 401 444 0.1423611 0.3492649
Stationary 1595.683 401 444 0.1423611 0.3492649
Stationary 1595.737 401 444 0.1423611 0.3492649
Moved 1595.792 389.865 444 0.1036979 0.3492649
Moved 1595.847 381.5897 444 0.07496417 0.3492649
Moved 1595.905 374.7271 444 0.05113587 0.3492649
Moved 1595.959 370.8191 444 0.03756628 0.3492649
Moved 1596.016 364 444 0.01388892 0.3492649
Moved 1596.073 355.303 444 -0.0163091 0.3492649
Moved 1596.129 344.0205 444 -0.05548432 0.3492649
Moved 1596.184 330.8511 444 -0.1012115 0.3492649
Moved 1596.26 310.0164 444 -0.173554 0.3492649
Moved 1596.314 299.4055 444 -0.2103976 0.3492649
Moved 1596.371 289.0643 444 -0.2463046 0.3492649
Moved 1596.428 283.6214 444 -0.2652036 0.3492649
Moved 1596.485 282.5 444 -0.2690972 0.3492649
Moved 1596.538 282 444 -0.2708333 0.3492649
Moved 1596.592 281 444 -0.2743056 0.3492649
Moved 1596.646 279 429.726 -0.2812501 0.2836671
Moved 1596.701 273.5931 411.7794 -0.3000239 0.2011921
Moved 1596.754 270.6166 400.8497 -0.3103591 0.1509639
Moved 1596.838 266 387.015 -0.326389 0.08738498
Moved 1596.891 261 378.059 -0.34375 0.04622712
Moved 1596.944 259 373.7526 -0.3506944 0.0264367
Moved 1596.996 256.5 369.5 -0.359375 0.006893383
Moved 1597.057 256 366.9352 -0.3611111 -0.004893331
Ended 1597.111 256 366.9352 -0.3611111 -0.004893331
Began 1597.476 337 425 -0.07986113 0.2619486
Stationary 1597.538 337 425 -0.07986113 0.2619486
Stationary 1597.595 337 425 -0.07986113 0.2619486
Stationary 1597.65 337 425 -0.07986113 0.2619486
Stationary 1597.705 337 425 -0.07986113 0.2619486
Stationary 1597.76 337 425 -0.07986113 0.2619486
Moved 1597.816 366.3045 425 0.02189055 0.2619486
Moved 1597.874 393.0158 425 0.1146382 0.2619486
Moved 1597.933 414.3422 425 0.1886883 0.2619486
Moved 1597.993 433.6993 425 0.2559003 0.2619486
Moved 1598.053 443.9208 425 0.2913916 0.2619486
Moved 1598.114 448.2584 425 0.3064527 0.2619486
Moved 1598.169 450.5 425 0.3142361 0.2619486
Moved 1598.226 451 425 0.3159723 0.2619486
Moved 1598.303 428.1544 441.4228 0.2366471 0.3374211
Moved 1598.357 419.7621 443.119 0.2075073 0.3452159
Moved 1598.414 406.2028 446.8986 0.1604263 0.3625856
Moved 1598.47 395.3264 449.3368 0.1226613 0.3737904
Moved 1598.53 388.9226 450 0.1004256 0.3768383
Moved 1598.585 386.9807 450 0.09368285 0.3768383
Ended 1598.641 387 450 0.09375007 0.3768383
Began 1599.369 210 363 -0.5208334 -0.02297794
Stationary 1599.435 210 363 -0.5208334 -0.02297794
Stationary 1599.489 210 363 -0.5208334 -0.02297794
Moved 1599.553 221.1633 363 -0.4820718 -0.02297794
Moved 1599.609 239.8971 372.4742 -0.4170241 0.02056178
Moved 1599.666 257.0978 378.3234 -0.3572992 0.04744193
Moved 1599.722 274.4532 386.4532 -0.2970374 0.0848036
Moved 1599.782 290.7958 397.8979 -0.2402923 0.1373987
Moved 1599.839 301.6503 407.6503 -0.2026033 0.1822164
Moved 1599.9 312.0963 418.0963 -0.1663321 0.2302221
Moved 1599.96 317.02 424.04 -0.1492362 0.2575368
Moved 1600.017 322.6442 432.6442 -0.1297075 0.2970784
Moved 1600.074 327.0118 443.0237 -0.1145423 0.344778
Moved 1600.129 328 450.7615 -0.1111111 0.3803378
Moved 1600.183 328 453.5 -0.1111111 0.3929228
Moved 1600.237 328 456.0184 -0.1111111 0.4044962
Moved 1600.29 319.583 457 -0.1403368 0.4090075
Moved 1600.344 312.8349 458 -0.1637677 0.4136029
Moved 1600.399 309.8397 458 -0.1741678 0.4136029
Moved 1600.484 304.832 458 -0.1915555 0.4136029
Moved 1600.54 302.2599 458 -0.2004866 0.4136029
Moved 1600.596 299.9149 458 -0.2086289 0.4136029
Moved 1600.652 298.5 458 -0.2135417 0.4136029
Moved 1600.71 298 449.5 -0.2152778 0.3745406
Ended 1600.769 297 449 -0.21875 0.3722427
Began 1601.274 349 292 -0.03819443 -0.3492646
Stationary 1601.353 349 292 -0.03819443 -0.3492646
Stationary 1601.411 349 292 -0.03819443 -0.3492646
Moved 1601.468 337.1908 306.4276 -0.07919863 -0.2829614
Moved 1601.526 331.1922 314.6156 -0.1000271 -0.2453327
Moved 1601.583 322.9279 334.1441 -0.1287224 -0.1555878
Moved 1601.638 315.0567 353.83 -0.1560532 -0.06511927
Moved 1601.695 309.7607 367.7179 -0.174442 -0.001296436
Moved 1601.753 304 396.0619 -0.1944444 0.128961
Moved 1601.82 300.5 429 -0.2065972 0.280331
Moved 1601.877 298 445.641 -0.2152778 0.356806
Moved 1601.939 297 457.8051 -0.21875 0.4127071
Moved 1601.996 297 464.562 -0.21875 0.4437593
Moved 1602.055 310.3367 469 -0.1724421 0.4641546
Moved 1602.112 323.8607 471 -0.1254837 0.4733456
Moved 1602.168 334.8198 471 -0.08743138 0.4733456
Moved 1602.225 352.3127 471 -0.026692 0.4733456
Moved 1602.282 364.054 461.973 0.01407623 0.4318614
Moved 1602.341 371.7601 458.2399 0.0408338 0.4147053
Moved 1602.429 379.5787 455 0.06798149 0.3998162
Moved 1602.488 385.3381 451.6619 0.08797959 0.3844755
Moved 1602.544 388 450.2866 0.09722218 0.3781556
Moved 1602.597 389 448.9834 0.1006945 0.3721663
Stationary 1602.656 389 449 0.1006945 0.3722427
Ended 1602.717 389 447.5 0.1006945 0.3653494
Began 1603.579 255 381 -0.3645834 0.05974266
Stationary 1603.643 255 381 -0.3645834 0.05974266
Stationary 1603.7 255 381 -0.3645834 0.05974266
Moved 1603.758 270.1559 381 -0.3119589 0.05974266
Moved 1603.819 287.0135 371.2466 -0.2534253 0.01492024
Moved 1603.878 303.2348 363.9061 -0.1971015 -0.01881403
Moved 1603.946 338.4716 347.317 -0.0747513 -0.09505048
Moved 1604.015 368.7965 336.7345 0.0305435 -0.1436833
Moved 1604.073 393.1038 328.9481 0.1149437 -0.1794662
Moved 1604.131 409.5 324.5 0.1718751 -0.199908
Moved 1604.186 416.7566 322.2434 0.1970715 -0.2102783
Moved 1604.242 424.9689 318.5156 0.2255863 -0.2274103
Moved 1604.318 431.3297 318 0.2476726 -0.2297794
Moved 1604.376 435.7011 317 0.262851 -0.2343749
Moved 1604.433 438 315.5 0.2708334 -0.2412684
Moved 1604.488 438 316 0.2708334 -0.2389706
Moved 1604.545 409.8326 316 0.1730299 -0.2389706
Moved 1604.604 370.1719 332.0938 0.03531918 -0.1650103
Moved 1604.661 340.0062 340.7125 -0.06942295 -0.1254022
Moved 1604.718 310.5598 347.288 -0.1716672 -0.09518372
Moved 1604.771 284.9137 353 -0.2607165 -0.06893383
Moved 1604.826 274.9764 356.0079 -0.2952209 -0.05511074
Moved 1604.911 261.8462 359 -0.3408118 -0.04136016
Moved 1604.967 256.4529 360.5471 -0.3595387 -0.03425037
Moved 1605.021 249.0988 362.9012 -0.3850738 -0.02343178
Moved 1605.074 245 364 -0.3993056 -0.01838221
Moved 1605.131 243 366.5 -0.40625 -0.006893243
Moved 1605.185 243 368.2893 -0.40625 0.001329534
Moved 1605.24 255 371.5 -0.3645834 0.0160847
Moved 1605.295 276.0827 386.0413 -0.2913796 0.08291063
Moved 1605.348 289.9525 395.3175 -0.2432206 0.12554
Moved 1605.404 305.1993 406.7331 -0.1902801 0.1780014
Moved 1605.488 321.0408 417.0408 -0.1352749 0.2253714
Moved 1605.541 331.257 421 -0.0998021 0.2435661
Moved 1605.594 341.468 424.234 -0.06434716 0.2584284
Moved 1605.647 350.9743 426 -0.03133923 0.2665441
Moved 1605.704 358.8439 426 -0.004014299 0.2665441
Moved 1605.758 366.6658 426 0.02314508 0.2665441
Moved 1605.814 369 426 0.03124997 0.2665441
Ended 1605.871 369 426 0.03124997 0.2665441
PhraseEnd 1607.992
