the world is a stage
Basic
0.4 0.4
288 115.2
Began 951.2429 321 268 -0.1354167 0.2430556
Stationary 951.3076 321 268 -0.1354167 0.2430556
Stationary 951.3638 321 268 -0.1354167 0.2430556
Stationary 951.4106 321 268 -0.1354167 0.2430556
Stationary 951.4574 321 268 -0.1354167 0.2430556
Stationary 951.5042 321 268 -0.1354167 0.2430556
Stationary 951.55 321 268 -0.1354167 0.2430556
Moved 951.5978 321 256.5471 -0.1354167 0.1436377
Moved 951.6478 338.6082 249.9279 -0.07427692 0.08617932
Moved 951.7009 362.7059 242.0588 0.009395629 0.01787186
Moved 951.7498 383.0063 241 0.0798832 0.008680556
Moved 951.7997 393.2735 240 0.1155329 0
Moved 951.8487 402 238 0.1458333 -0.01736111
Moved 951.8976 406.8257 236.1742 0.1625894 -0.03320986
Moved 951.9472 410 236 0.1736111 -0.03472222
Moved 951.993 411 236 0.1770833 -0.03472222
Stationary 952.0638 411 236 0.1770833 -0.03472222
Moved 952.1105 376.7614 259.9908 0.05819947 0.1735317
Moved 952.1575 354.0841 270.4579 -0.02054133 0.2643922
Moved 952.2043 334.3876 279.0749 -0.08893184 0.3391918
Moved 952.269 317.2513 289.3744 -0.1484331 0.4285972
Moved 952.3323 309.8869 295.1131 -0.1740037 0.4784126
Moved 952.3867 304.9535 299.0465 -0.1911337 0.5125568
Moved 952.4406 299.2179 301.782 -0.2110489 0.5363025
Moved 952.4932 296.2416 303 -0.2213832 0.5468751
Moved 952.5448 292.9406 303 -0.232845 0.5468751
Moved 952.6257 288.5 303 -0.2482639 0.5468751
Moved 952.6761 287.7513 303 -0.2508636 0.5468751
Ended 952.725 288 303 -0.25 0.5468751
Began 953.0731 248 280 -0.3888889 0.3472225
Stationary 953.128 248 280 -0.3888889 0.3472225
Stationary 953.1732 248 280 -0.3888889 0.3472225
Stationary 953.2184 248 280 -0.3888889 0.3472225
Moved 953.2675 262.5 280 -0.3385417 0.3472225
Moved 953.3173 276.9083 280 -0.288513 0.3472225
Moved 953.3698 290.1686 285.5451 -0.24247 0.3953568
Moved 953.4182 310.1722 288.8344 -0.1730133 0.4239099
Moved 953.465 332.392 290 -0.09586126 0.4340278
Moved 953.5168 363.5 290 0.01215279 0.4340278
Moved 953.5632 385.1753 290 0.08741409 0.4340278
Moved 953.6098 403.5009 290 0.151045 0.4340278
Moved 953.6561 424.4052 279.9189 0.2236292 0.3465186
Moved 953.7027 441.7564 276.5609 0.2838764 0.3173691
Moved 953.7491 450.6074 274.6963 0.3146091 0.3011831
Moved 953.7947 459.6943 273 0.3461609 0.2864584
Moved 953.8399 464.5 272 0.3628471 0.2777781
Moved 953.8856 467.9444 271 0.374807 0.2690972
Moved 953.9335 469.5 271 0.3802084 0.2690972
Moved 954.008 447.3165 279.6835 0.3031823 0.3444752
Moved 954.0579 404.0638 291.1808 0.1529992 0.4442782
Moved 954.1068 371.5875 299.6893 0.04023448 0.5181358
Moved 954.1541 346.7596 303 -0.04597381 0.5468751
Moved 954.2031 333.0485 303 -0.09358153 0.5468751
Moved 954.253 321.604 303 -0.1333196 0.5468751
Moved 954.3015 315.4578 303 -0.1546604 0.5468751
Moved 954.3526 311.5 303 -0.1684028 0.5468751
Moved 954.3989 309.5 303 -0.1753473 0.5468751
Moved 954.4449 307.8009 303 -0.1812469 0.5468751
Moved 954.5266 306.8133 303 -0.1846761 0.5468751
Stationary 954.5817 306.8133 303 -0.1846761 0.5468751
Stationary 954.6383 306.8133 303 -0.1846761 0.5468751
Moved 954.6863 307 294.9387 -0.1840278 0.4768981
Moved 954.7338 317.4453 290.0156 -0.1477595 0.4341637
Moved 954.7868 335.8639 282.0453 -0.08380593 0.3649773
Moved 954.8406 374.3031 271.7828 0.04966348 0.2758927
Moved 954.8884 395.897 266.8206 0.1246423 0.2328179
Moved 954.9385 415.4187 263.5162 0.192426 0.204134
Moved 954.9868 434.0849 260.583 0.2572394 0.178672
Moved 955.0606 456.6982 257.4339 0.3357577 0.1513359
Moved 955.1077 468.1365 254.4318 0.3754739 0.1252757
Moved 955.1542 478.7359 249.264 0.4122776 0.08041701
Moved 955.2026 488.5086 245.7457 0.4462105 0.04987638
Moved 955.251 492.5 244 0.4600695 0.03472222
Moved 955.2985 495 242 0.46875 0.01736138
Moved 955.3452 496.8671 241 0.4752331 0.008680556
Moved 955.3922 497 241 0.4756944 0.008680556
Moved 955.4398 485.6358 241 0.4362353 0.008680556
Moved 955.4852 447.407 251.1438 0.3034967 0.09673437
Moved 955.5571 391.2533 256.2495 0.1085183 0.1410548
Moved 955.6053 368.5 258 0.02951384 0.15625
Moved 955.6556 351.399 260 -0.02986476 0.1736111
Moved 955.7083 340.343 260 -0.0682535 0.1736111
Moved 955.7586 332.7884 260 -0.09448484 0.1736111
Moved 955.8085 328.4828 260 -0.1094347 0.1736111
Moved 955.8564 324.4837 260 -0.1233204 0.1736111
Moved 955.9086 320.1815 260 -0.1382586 0.1736111
Moved 955.9571 316.8912 260 -0.1496834 0.1736111
Moved 956.0067 315 251.5 -0.15625 0.09982666
Moved 956.0851 311.9064 251 -0.1669917 0.09548585
Moved 956.1338 312 249.5 -0.1666667 0.08246555
Moved 956.1788 311 248.9446 -0.1701389 0.0776442
Moved 956.2256 309.9123 247.9122 -0.1739156 0.06868257
Moved 956.2748 310 246.8135 -0.1736111 0.05914477
Ended 956.3264 309 246 -0.1770833 0.05208334
Began 956.6216 436 319 0.2638889 0.685764
Stationary 956.6786 436 319 0.2638889 0.685764
Stationary 956.7274 436 319 0.2638889 0.685764
Stationary 956.7742 436 319 0.2638889 0.685764
Stationary 956.821 436 319 0.2638889 0.685764
Moved 956.8683 425 306 0.2256945 0.5729167
Moved 956.9221 418.3709 296.3709 0.2026769 0.4893311
Moved 956.9756 403.2743 282.6371 0.1502581 0.3701141
Moved 957.0285 386.0292 269.5219 0.09037927 0.2562666
Moved 957.0786 356.8636 257.3239 -0.01089044 0.1503807
Moved 957.1295 337.2276 250.8069 -0.07907093 0.09381004
Moved 957.18 324.6836 246.8945 -0.1226264 0.05984863
Moved 957.2316 313.2223 245 -0.1624225 0.04340278
Moved 957.2841 306.1892 243 -0.1868431 0.02604167
Moved 957.3342 300.8189 242 -0.20549 0.01736138
Moved 957.3817 296.5175 241 -0.2204254 0.008680556
Moved 957.43 293.5468 240 -0.2307405 0
Moved 957.4811 292 239 -0.2361111 -0.008680291
Ended 957.5554 289.8643 239 -0.2435266 -0.008680291
Began 957.9745 234 255 -0.4375001 0.1302086
Stationary 958.0313 234 255 -0.4375001 0.1302086
Stationary 958.0797 234 255 -0.4375001 0.1302086
Ended 958.1276 234 255 -0.4375001 0.1302086
Began 959.0362 293 234 -0.2326389 -0.05208307
Stationary 959.0923 293 234 -0.2326389 -0.05208307
Stationary 959.1384 293 234 -0.2326389 -0.05208307
Stationary 959.1848 293 234 -0.2326389 -0.05208307
Moved 959.2338 311.2573 243.6287 -0.1692456 0.0314988
Moved 959.2916 320.2482 247.624 -0.1380272 0.06618077
Moved 959.343 330.6947 252.3474 -0.1017544 0.1071824
Moved 959.391 333.3051 253 -0.09269082 0.1128472
Moved 959.4399 336.5999 256 -0.0812503 0.1388889
Moved 959.4878 339 259.386 -0.07291667 0.1682819
Moved 959.5353 345.8324 265.8324 -0.04919305 0.2242399
Moved 959.582 350.5 271.5 -0.03298611 0.2734378
Moved 959.6418 352 274.0504 -0.02777778 0.2955765
Moved 959.692 352 275 -0.02777778 0.3038195
Moved 959.7404 318.9129 275 -0.1426634 0.3038195
Moved 959.787 294.5 257.5 -0.2274306 0.1519097
Moved 959.834 280.5 241 -0.2760417 0.008680556
Moved 959.8811 270.3477 231.1738 -0.3112926 -0.07661608
Moved 959.9344 264.2046 225.2046 -0.332623 -0.1284324
Moved 959.9853 257.4708 219.4708 -0.3560041 -0.1782047
Moved 960.036 254.6592 218 -0.3657665 -0.1909722
Moved 960.0824 251.5 216 -0.3767361 -0.2083334
Moved 960.1627 248.5 214 -0.3871528 -0.2256942
Moved 960.2108 247.8396 214 -0.3894459 -0.2256942
Moved 960.2643 245.9303 213 -0.3960754 -0.234375
Stationary 960.3195 245.9303 213 -0.3960754 -0.234375
Moved 960.3666 244.8506 211.8506 -0.3998243 -0.2443526
Moved 960.4171 243.9255 212 -0.4030363 -0.2430553
Stationary 960.4643 243.9255 212 -0.4030363 -0.2430553
Moved 960.5099 242.9122 212 -0.4065548 -0.2430553
Stationary 960.559 243 212 -0.40625 -0.2430553
Moved 960.6059 243 211 -0.40625 -0.2517361
Moved 960.6831 256.0557 211 -0.3609176 -0.2517361
Moved 960.7324 278.9015 218 -0.2815922 -0.1909722
Moved 960.7815 310.4651 221.2739 -0.1719964 -0.1625527
Moved 960.8317 342.2657 222 -0.06157748 -0.1562497
Moved 960.8826 357.8641 222 -0.007416382 -0.1562497
Moved 960.9329 368.9105 222 0.03093928 -0.1562497
Moved 960.983 376.5 223.5 0.05729169 -0.1432292
Moved 961.0309 377 224.653 0.05902782 -0.1332209
Moved 961.0793 377 234.9332 0.05902782 -0.0439824
Moved 961.1291 357.2006 248.533 -0.009720252 0.07407083
Moved 961.2092 327.7989 265.1341 -0.1118095 0.2181779
Moved 961.2607 315.05 271.475 -0.1560763 0.2732203
Moved 961.312 308.2269 274.7731 -0.1797678 0.3018504
Moved 961.3632 305 276.7878 -0.1909722 0.3193387
Moved 961.4142 302 278 -0.2013889 0.3298611
Moved 961.4654 299.5 279 -0.2100694 0.338542
Moved 961.517 299 279 -0.2118056 0.338542
Moved 961.5666 298 280 -0.2152778 0.3472225
Ended 961.6182 298 280 -0.2152778 0.3472225
PhraseEnd 962.9901
