an offer you cannot refuse
Basic
0.6 0.6
432 326.4
Began 930.5009 168 387 -0.4444444 0.05821083
Stationary 930.546 168 387 -0.4444444 0.05821083
Stationary 930.5914 168 387 -0.4444444 0.05821083
Stationary 930.6296 168 387 -0.4444444 0.05821083
Stationary 930.6656 168 387 -0.4444444 0.05821083
Stationary 930.7007 168 387 -0.4444444 0.05821083
Stationary 930.7349 168 387 -0.4444444 0.05821083
Stationary 930.7699 168 387 -0.4444444 0.05821083
Stationary 930.8055 168 387 -0.4444444 0.05821083
Stationary 930.8406 168 387 -0.4444444 0.05821083
Stationary 930.8822 168 387 -0.4444444 0.05821083
Moved 930.918 197.5607 387 -0.3760168 0.05821083
Moved 930.9612 232.9675 354.1707 -0.2940568 -0.04236904
Moved 930.9988 253.0548 340.9687 -0.2475583 -0.08281642
Moved 931.0363 276.5973 325.0416 -0.1930619 -0.1316127
Moved 931.0709 288.8251 315.7049 -0.1647566 -0.1602179
Moved 931.1091 309.2686 299.8388 -0.1174337 -0.2088273
Moved 931.145 323.7452 290.1911 -0.08392304 -0.238385
Moved 931.1806 339.0933 282.6743 -0.04839524 -0.2614144
Moved 931.2158 365.5144 271.4952 0.01276493 -0.2956643
Moved 931.2722 385.2627 263.1843 0.05847842 -0.3211265
Moved 931.3103 399.9004 257.0332 0.09236206 -0.3399718
Moved 931.3482 409.3542 254.1615 0.1142458 -0.3487699
Moved 931.3881 420.4452 250.1849 0.1399195 -0.360953
Moved 931.4308 429.2428 247.8785 0.1602843 -0.3680192
Moved 931.4655 432.999 247.001 0.1689793 -0.3707078
Moved 931.5013 436.3632 247 0.1767666 -0.3707107
Moved 931.5347 439.3759 247 0.1837406 -0.3707107
Moved 931.5677 442.2502 246 0.190394 -0.3737745
Moved 931.6005 444.1312 246 0.1947481 -0.3737745
Ended 931.6578 444.1312 246 0.1947481 -0.3737745
Began 932.1747 513 430 0.3541666 0.189951
Stationary 932.2254 513 430 0.3541666 0.189951
Stationary 932.2612 513 430 0.3541666 0.189951
Stationary 932.2952 513 430 0.3541666 0.189951
Stationary 932.3311 513 430 0.3541666 0.189951
Stationary 932.3652 513 430 0.3541666 0.189951
Stationary 932.3989 513 430 0.3541666 0.189951
Moved 932.4364 513 439 0.3541666 0.2175246
Moved 932.471 513 441.0217 0.3541666 0.2237183
Moved 932.51 513 442 0.3541666 0.2267157
Moved 932.546 513 443 0.3541666 0.2297794
Moved 932.5808 513 443.769 0.3541666 0.2321354
Moved 932.6165 513 444 0.3541666 0.2328433
Moved 932.6536 500.2371 445 0.324623 0.2359069
Moved 932.6914 482.4441 445 0.2834355 0.2359069
Moved 932.7267 467.904 435.3013 0.2497777 0.2061928
Moved 932.7627 451.3148 429.3259 0.2113769 0.1878859
Moved 932.7997 430.4395 422.7198 0.1630545 0.1676465
Moved 932.8378 417.4177 418.8835 0.1329113 0.1558933
Moved 932.899 390.4943 410.1236 0.07058858 0.1290551
Moved 932.9376 377.5754 406.1439 0.04068384 0.1168624
Moved 932.972 371.6221 403.311 0.02690295 0.1081834
Moved 933.0073 366.8781 400.4391 0.01592159 0.09938446
Moved 933.0421 361.1633 397.5817 0.002692839 0.09063015
Moved 933.0775 355.1661 394.5831 -0.01118958 0.08144324
Moved 933.1122 350.4326 390.4326 -0.0221468 0.06872748
Moved 933.1471 344.6958 387.8479 -0.03542647 0.06080857
Moved 933.1818 340.0291 385.343 -0.04622882 0.05313425
Moved 933.2173 332.0715 381.0358 -0.06464924 0.03993801
Moved 933.2748 326.7232 378.7232 -0.07702957 0.03285305
Moved 933.311 321.4789 378 -0.0891691 0.03063726
Moved 933.3497 319.8692 377 -0.09289543 0.02757353
Moved 933.3869 315.935 376 -0.1020023 0.02450971
Moved 933.4216 313.0403 376 -0.1087031 0.02450971
Moved 933.4551 310.1652 376 -0.1153584 0.02450971
Moved 933.4881 301.8922 390.5131 -0.1345089 0.06897408
Moved 933.5215 289.1876 411.5155 -0.1639176 0.1333196
Moved 933.5543 280.843 425.4711 -0.1832339 0.1760756
Moved 933.587 276.544 438.368 -0.1931852 0.2155883
Moved 933.6561 267.2858 456.7142 -0.2146161 0.2717959
Moved 933.6951 263.8401 464.3199 -0.2225925 0.2950977
Moved 933.7318 262.3328 467.6672 -0.2260815 0.3053531
Moved 933.7685 261 473.9813 -0.2291666 0.3246977
Moved 933.8062 261 476.8552 -0.2291666 0.3335024
Moved 933.8456 261 483.68 -0.2291666 0.3544118
Moved 933.8821 261 492.4366 -0.2291666 0.3812397
Moved 933.9183 271.3561 499.767 -0.2051943 0.4036981
Moved 933.9553 291.803 508.5433 -0.1578634 0.4305861
Moved 933.9918 310.9044 510.4149 -0.1136472 0.4363203
Moved 934.0508 332.6804 510 -0.06323993 0.4350491
Moved 934.0897 342.3506 501.8247 -0.04085511 0.4100023
Moved 934.1263 344 500.9542 -0.03703703 0.4073351
Ended 934.1671 346.5 501 -0.03125002 0.4074755
Began 934.666 367 454 0.01620372 0.2634804
Stationary 934.7115 367 454 0.01620372 0.2634804
Stationary 934.7501 367 454 0.01620372 0.2634804
Moved 934.7861 381.0906 454 0.04882078 0.2634804
Moved 934.8217 393.4599 454 0.07745346 0.2634804
Moved 934.8588 413.3345 454 0.1234596 0.2634804
Moved 934.8968 422.4777 454 0.1446243 0.2634804
Moved 934.9326 435.3439 454 0.1744072 0.2634804
Moved 934.9687 444.7978 447 0.1962912 0.2420344
Moved 935.007 448.941 447 0.2058819 0.2420344
Moved 935.0434 455.2257 446 0.2204298 0.2389706
Moved 935.079 459.0989 446 0.2293955 0.2389706
Moved 935.1152 462.4903 446 0.2372461 0.2389706
Moved 935.1526 469.9664 446 0.2545519 0.2389706
Moved 935.1883 475.56 451.9733 0.2674999 0.2572711
Moved 935.2245 483.5 457 0.2858797 0.2726716
Moved 935.2808 493.2647 461.1323 0.308483 0.2853319
Moved 935.3177 497.0172 463.0172 0.3171694 0.2911066
Moved 935.3558 500 465 0.324074 0.2971814
Moved 935.3923 500 466 0.324074 0.300245
Moved 935.4286 500 469.142 0.324074 0.3098715
Moved 935.465 489.9419 471.686 0.3007914 0.3176655
Moved 935.5033 481.5 473.5 0.28125 0.323223
Moved 935.5388 467.5192 476 0.248887 0.3308824
Moved 935.5794 455.0389 476 0.2199976 0.3308824
Moved 935.6152 437.2013 476 0.1787066 0.3308824
Moved 935.6699 422.6789 476 0.1450901 0.3308824
Moved 935.7028 407.9581 476 0.1110141 0.3308824
Moved 935.7352 399.2357 476 0.09082337 0.3308824
Moved 935.7702 393 476 0.07638891 0.3308824
Moved 935.8078 387.4143 476 0.06345908 0.3308824
Moved 935.8436 383.8315 476 0.05516549 0.3308824
Ended 935.8785 383 476 0.05324075 0.3308824
Began 936.8314 346 248 -0.03240739 -0.3676471
Stationary 936.8755 346 248 -0.03240739 -0.3676471
Stationary 936.9163 346 248 -0.03240739 -0.3676471
Stationary 936.9505 346 248 -0.03240739 -0.3676471
Stationary 936.984 346 248 -0.03240739 -0.3676471
Moved 937.0182 336.9108 258.2253 -0.05344724 -0.3363194
Moved 937.0552 335.2649 257.7351 -0.05725721 -0.3378214
Moved 937.0911 333 259 -0.06249999 -0.333946
Moved 937.1281 331 260 -0.06712963 -0.3308824
Moved 937.1666 326.3569 262.8215 -0.07787749 -0.322238
Moved 937.2047 319.1938 266.4031 -0.09445871 -0.311265
Moved 937.2419 302.9398 276.0301 -0.1320838 -0.2817706
Moved 937.2786 290.7918 284.1041 -0.1602041 -0.257034
Moved 937.3158 278.7219 291.8521 -0.1881437 -0.2332964
Moved 937.3531 260.3212 305.943 -0.2307379 -0.1901256
Moved 937.3893 246.9601 317.0399 -0.2616664 -0.1561277
Moved 937.4265 222.7471 334.3517 -0.317715 -0.103089
Moved 937.4905 207.2025 349.6962 -0.3536978 -0.05607764
Moved 937.5285 200.5228 355.4772 -0.3691602 -0.03836651
Moved 937.5676 192.9518 363.0482 -0.3866857 -0.0151709
Moved 937.6053 188.6383 367.3617 -0.3966705 -0.001955593
Moved 937.6445 184.1199 372.7603 -0.4071299 0.01458411
Moved 937.6949 183 376.0958 -0.4097222 0.02480329
Moved 937.738 183 378.0994 -0.4097222 0.03094168
Stationary 937.775 183 378 -0.4097222 0.03063726
Moved 937.8121 226.7746 378 -0.308392 0.03063726
Moved 937.8481 265.709 354.6885 -0.2182661 -0.04078267
Moved 937.9178 327.4342 321.7829 -0.07538373 -0.1415964
Moved 937.9543 339.918 313.6656 -0.04648611 -0.1664657
Moved 937.9929 354.2588 303.6447 -0.01328975 -0.1971669
Moved 938.0294 374.3044 291.4637 0.03311207 -0.2344861
Moved 938.0659 385.2668 285.0499 0.05848795 -0.2541362
Moved 938.106 399.5193 279.3702 0.09148001 -0.2715374
Moved 938.1412 407.4851 275.5049 0.1099193 -0.2833794
Moved 938.1763 415.0496 272.9835 0.1274296 -0.2911045
Moved 938.2145 426.9555 268.6815 0.1549896 -0.3042845
Moved 938.2507 433.3884 266 0.1698806 -0.3125
Moved 938.3071 443.635 261.365 0.1935995 -0.3267004
Moved 938.3444 448 259.5 0.2037037 -0.3324142
Moved 938.3799 451.367 257.6329 0.2114977 -0.3381343
Moved 938.4142 453.1805 258 0.2156956 -0.3370098
Moved 938.4479 454.374 258 0.2184583 -0.3370098
Stationary 938.4831 454 258 0.2175926 -0.3370098
Moved 938.5186 455 284.5501 0.2199073 -0.2556676
Moved 938.5539 455 311.1896 0.2199073 -0.1740516
Moved 938.5877 447 336.119 0.2013889 -0.09767467
Moved 938.6229 447 353.4342 0.2013889 -0.04462551
Moved 938.6766 454.6324 386.4517 0.2190564 0.05653082
Moved 938.7107 457.5 397.5 0.2256945 0.0903799
Moved 938.7473 468.6382 415.2763 0.2514772 0.1448416
Moved 938.7914 475.3803 427.4508 0.2670842 0.1821409
Moved 938.8292 483.3972 442.4931 0.2856417 0.2282264
Moved 938.8661 488.1434 451.7151 0.2966283 0.2564803
Moved 938.9028 492.8916 461.7833 0.3076195 0.2873262
Moved 938.9374 496.6419 466.6419 0.3163007 0.3022118
Moved 938.9723 499.293 471.293 0.3224375 0.3164616
Moved 939.0089 502 475 0.3287037 0.3278186
Moved 939.0681 504.5361 478 0.3345744 0.3370098
Moved 939.1039 506.4088 479 0.3389093 0.3400736
Moved 939.1384 507 480 0.3402778 0.3431373
Stationary 939.1719 507 480 0.3402778 0.3431373
Moved 939.2054 507 481.0216 0.3402778 0.3462673
Moved 939.2405 492.5741 481 0.3068845 0.3462009
Moved 939.2746 483.1889 481 0.2851596 0.3462009
Moved 939.309 463.9354 472.3118 0.2405912 0.3195827
Moved 939.3438 445.9405 470.2772 0.1989364 0.3133493
Moved 939.3801 423.597 468.2662 0.1472151 0.3071881
Moved 939.4348 399.7769 467 0.09207617 0.3033088
Moved 939.4698 379.218 467 0.04448602 0.3033088
Moved 939.5043 369.3229 467 0.02158075 0.3033088
Moved 939.5412 358.9008 472.4237 -0.002544522 0.3199256
Moved 939.5791 346.7617 475 -0.03064429 0.3278186
Moved 939.616 341.8259 476 -0.04206971 0.3308824
Moved 939.6558 334.1002 477.8998 -0.05995333 0.336703
Moved 939.697 331.5 478 -0.06597221 0.3370098
Moved 939.7374 329.6896 479.3104 -0.07016301 0.3410246
Moved 939.7761 327.5 480 -0.07523149 0.3431373
Ended 939.8326 327.5 480 -0.07523149 0.3431373
Began 940.5885 360 442 0 0.2267157
Stationary 940.6273 360 442 0 0.2267157
Stationary 940.6628 360 442 0 0.2267157
Stationary 940.6993 360 442 0 0.2267157
Moved 940.7356 346.5 442 -0.03125002 0.2267157
Moved 940.7744 337.8316 452.3895 -0.05131568 0.2585461
Moved 940.8127 327.0831 457.3056 -0.07619644 0.2736079
Moved 940.851 321.4492 461.2754 -0.08923804 0.2857702
Moved 940.8881 313.4038 464.5962 -0.1078615 0.2959442
Moved 940.9278 309.8972 467.1028 -0.1159787 0.303624
Moved 940.9728 302.1194 470.4403 -0.133983 0.3138489
Moved 941.0095 293.4973 473.7513 -0.1539414 0.3239931
Moved 941.0442 287.4831 476.2584 -0.1678631 0.3316742
Moved 941.0991 277.0046 479.9954 -0.192119 0.3431232
Moved 941.1355 274.3449 480.655 -0.1982756 0.3451441
Moved 941.1725 271.5688 481 -0.204702 0.3462009
Moved 941.2123 268.2614 481 -0.2123578 0.3462009
Moved 941.2487 266.6945 481 -0.215985 0.3462009
Moved 941.2877 262.4383 470.8766 -0.2258372 0.3151859
Moved 941.3317 260 461.2372 -0.2314815 0.2856531
Moved 941.369 258.6518 456.3035 -0.2346024 0.2705378
Moved 941.4055 259 451.6836 -0.2337963 0.2563836
Moved 941.4409 259 444.7297 -0.2337963 0.2350787
Moved 941.4991 272.1161 433.8839 -0.2034348 0.20185
Moved 941.5359 279.7558 428.1628 -0.1857504 0.1843222
Moved 941.5739 287.3371 420.6629 -0.1682012 0.1613447
Moved 941.6099 299.1572 409.8428 -0.1408398 0.1281948
Moved 941.6487 307.4131 403.1901 -0.1217288 0.1078129
Moved 941.6873 319.0629 394.6248 -0.0947619 0.08157095
Moved 941.725 328.8024 389.0988 -0.07221659 0.0646408
Moved 941.7622 340.2741 383.242 -0.04566187 0.04669732
Moved 941.7994 349.5 378 -0.02430553 0.03063726
Moved 941.8383 364.3077 372.8461 0.009971558 0.01484731
Moved 941.8992 385.2402 369 0.05842636 0.003063726
Moved 941.9353 394.5358 369 0.07994403 0.003063726
Moved 941.973 405.2536 369 0.1047537 0.003063726
Moved 942.0113 417.195 382.13 0.1323958 0.04329046
Moved 942.051 425.2122 393.2122 0.150954 0.07724318
Moved 942.0888 431.9247 407.7741 0.1664924 0.121857
Moved 942.126 434.7889 417.3668 0.1731225 0.1512462
Moved 942.1691 438 433.663 0.1805556 0.2011735
Moved 942.2083 440 449.1245 0.1851852 0.2485431
Moved 942.2464 440 456.0873 0.1851852 0.2698754
Moved 942.3076 440 469.5803 0.1851852 0.3112142
Moved 942.3431 440 475.5 0.1851852 0.3293505
Moved 942.3785 429.8382 478.1619 0.1616624 0.3375057
Moved 942.4136 426.964 481.036 0.1550093 0.3463113
Moved 942.4485 425.0878 482 0.1506662 0.3492648
Moved 942.4838 421.0668 483 0.1413584 0.3523284
Moved 942.5191 418.2088 483 0.1347426 0.3523284
Moved 942.5555 413.3394 483 0.1234708 0.3523284
Moved 942.5952 403.0858 468.0858 0.09973566 0.3066353
Moved 942.6315 394.5 458.5 0.07986108 0.2772671
Moved 942.6891 384.1643 445.1642 0.05593578 0.2364102
Moved 942.7246 378.4824 439.4824 0.04278342 0.2190025
Moved 942.7618 369.886 431.943 0.02288421 0.1959037
Moved 942.8012 363.8987 426.8987 0.009024839 0.1804496
Moved 942.8383 348.2961 420.0987 -0.0270924 0.1596161
Moved 942.8758 338.6719 417.2239 -0.04937058 0.1508086
Moved 942.9129 326.0756 414.2689 -0.07852872 0.1417553
Moved 942.954 314.9818 412.3964 -0.1042089 0.1360183
Moved 942.9907 296.3459 411 -0.1473475 0.1317402
Moved 943.0261 286.8854 410 -0.1692467 0.1286765
Moved 943.0829 269.5837 407 -0.209297 0.1194853
Moved 943.1179 262.8192 405.9096 -0.2249557 0.1161447
Moved 943.1531 258.7363 405.3682 -0.2344066 0.1144858
Moved 943.1887 250.1 403.05 -0.2543981 0.1073836
Moved 943.2236 247.1744 402 -0.2611705 0.1041667
Moved 943.2585 243.3431 400.6716 -0.2700391 0.1000968
Moved 943.2936 240.795 399.795 -0.2759374 0.09741133
Moved 943.3294 235.4844 397 -0.2882305 0.08884814
Moved 943.3651 232.9357 394.9357 -0.2941304 0.08252359
Moved 943.4019 231.0593 394 -0.2984738 0.07965691
Moved 943.4622 229 391.7442 -0.3032407 0.07274567
Moved 943.4974 228 391 -0.3055556 0.07046569
Stationary 943.533 228 391 -0.3055556 0.07046569
Stationary 943.5681 228 391 -0.3055556 0.07046569
Moved 943.6037 250.172 411.9534 -0.2542314 0.134661
Moved 943.639 261.0109 425.2637 -0.2291414 0.1754402
Moved 943.6802 272.3503 449.8757 -0.2028928 0.2508447
Moved 943.7154 277.1068 461.3203 -0.1918825 0.2859077
Moved 943.7491 279 468.9386 -0.1875 0.3092482
Moved 943.784 281.8418 475.6835 -0.1809219 0.3299128
Moved 943.8399 284.2198 483.2198 -0.1754171 0.353002
Moved 943.8749 286.0945 486.0945 -0.1710775 0.3618093
Moved 943.9101 287 489 -0.1689815 0.3707108
Ended 943.9448 287 489 -0.1689815 0.3707108
PhraseEnd 945.5219
