are you talking to me
Basic
0.8 0.8
575.9999 435.2
Began 2137.709 149 377 -0.3663194 0.02068015
Stationary 2137.791 149 377 -0.3663194 0.02068015
Stationary 2137.86 149 377 -0.3663194 0.02068015
Stationary 2137.93 149 377 -0.3663194 0.02068015
Moved 2138.002 165.0528 377 -0.3384501 0.02068015
Moved 2138.074 218.9422 395.6827 -0.244892 0.0636091
Moved 2138.145 271.1619 421.3782 -0.1542329 0.1226521
Moved 2138.219 318.3698 461.0273 -0.07227469 0.2137577
Moved 2138.292 342.3752 476.2501 -0.03059864 0.2487365
Moved 2138.365 357.2947 484.2947 -0.004696697 0.2672214
Moved 2138.436 361 486.7061 0.001736134 0.2727621
Moved 2138.505 352.9598 490 -0.01222249 0.2803309
Moved 2138.574 326.6795 492 -0.0578481 0.2849265
Moved 2138.644 287.5078 492 -0.1258545 0.2849265
Moved 2138.713 268.5 492 -0.1588542 0.2849265
Moved 2138.788 244.2031 485 -0.2010363 0.268842
Moved 2138.893 220.6525 485 -0.2419228 0.268842
Moved 2138.965 213.5 485 -0.2543403 0.268842
Ended 2139.044 210.7501 485 -0.2591144 0.268842
Began 2140.076 370 502 0.01736112 0.3079045
Stationary 2140.156 370 502 0.01736112 0.3079045
Moved 2140.23 382.8955 502 0.03974915 0.3079045
Moved 2140.304 407.2845 502 0.08209118 0.3079045
Moved 2140.376 439.9647 502 0.1388276 0.3079045
Moved 2140.449 478.9347 492 0.2064839 0.2849265
Moved 2140.519 518.4605 488.3628 0.2751051 0.276569
Moved 2140.59 548.8046 487 0.3277858 0.2734376
Moved 2140.661 569.3504 487 0.3634556 0.2734376
Moved 2140.73 573.468 487 0.3706041 0.2734376
Moved 2140.802 554.2107 497.5157 0.3371713 0.2976004
Moved 2140.875 513.847 508.1865 0.2670956 0.3221198
Moved 2140.946 480.3594 513 0.2089573 0.3331802
Moved 2141.016 443.4176 515 0.1448223 0.3377758
Moved 2141.09 422.0562 515 0.1077364 0.3377758
Moved 2141.161 417.7337 515 0.1002321 0.3377758
Ended 2141.264 416 515 0.09722225 0.3377758
Began 2142.174 391 508 0.05381942 0.3216912
Stationary 2142.245 391 508 0.05381942 0.3216912
Moved 2142.315 379.6877 508 0.03417999 0.3216912
Moved 2142.387 365.47 501.2533 0.00949651 0.3061887
Moved 2142.459 335.5474 489.619 -0.04245244 0.2794554
Moved 2142.533 297.6166 478.0333 -0.1083045 0.252834
Moved 2142.609 260.5 459.5 -0.1727431 0.2102482
Moved 2142.682 230.5339 444.767 -0.2247675 0.1763947
Moved 2142.756 203.4169 431.2084 -0.2718456 0.1452399
Moved 2142.828 178.8103 423 -0.3145654 0.1263787
Moved 2142.897 172.509 420 -0.3255051 0.1194853
Moved 2142.966 171 417.5 -0.328125 0.1137408
Moved 2143.036 171 417 -0.328125 0.1125919
Moved 2143.104 171 414.7782 -0.328125 0.1074867
Moved 2143.173 171 411.7138 -0.328125 0.1004453
Moved 2143.243 225.5649 394.2877 -0.2333942 0.06040378
Moved 2143.318 322.7838 377.536 -0.06461141 0.02191179
Moved 2143.432 444.492 375 0.1466876 0.01608456
Moved 2143.519 500.3098 375 0.2435933 0.01608456
Moved 2143.591 526.8032 375 0.2895888 0.01608456
Moved 2143.661 551.503 375 0.3324705 0.01608456
Moved 2143.732 570.7482 375 0.3658822 0.01608456
Moved 2143.802 581.6154 375 0.384749 0.01608456
Moved 2143.872 586 375 0.3923612 0.01608456
Moved 2143.942 587.5 375 0.3949653 0.01608456
Moved 2144.012 545.8991 375 0.3227415 0.01608456
Moved 2144.091 494.0499 375 0.2327255 0.01608456
Moved 2144.201 452.3592 385.2136 0.1603458 0.03955337
Moved 2144.276 439.618 396.764 0.1382257 0.06609377
Moved 2144.35 437 411.4428 0.1336806 0.0998226
Moved 2144.418 441.8104 429.0065 0.1420319 0.1401803
Moved 2144.487 459.5349 454.3023 0.1728036 0.1983049
Moved 2144.555 470.5886 464.3924 0.1919941 0.2214899
Moved 2144.629 483.0703 473.0352 0.2136638 0.2413492
Moved 2144.701 488.5 476.5 0.2230903 0.2493107
Moved 2144.775 492.0031 478 0.2291721 0.2527574
Moved 2144.849 494.178 478 0.2329479 0.2527574
Moved 2144.958 496.0606 478 0.2362164 0.2527574
Moved 2145.034 496 451.9814 0.2361111 0.1929721
Moved 2145.109 485 411.5082 0.2170139 0.09997284
Moved 2145.181 476.1111 368.3889 0.2015818 0.0008935789
Moved 2145.253 467.9055 326.5274 0.1873359 -0.09529549
Moved 2145.324 464 296.6861 0.1805556 -0.1638647
Moved 2145.396 462 278.5699 0.1770833 -0.205492
Moved 2145.468 460 261.5458 0.1736111 -0.2446098
Moved 2145.54 459 253.1602 0.171875 -0.2638783
Moved 2145.611 458 248 0.1701389 -0.2757353
Moved 2145.718 445 258.5 0.1475695 -0.2516085
Moved 2145.792 423.705 277.8688 0.110599 -0.207103
Moved 2145.868 395.4836 310.5164 0.06160349 -0.1320856
Moved 2145.94 374.7171 343.3772 0.0255505 -0.05657814
Moved 2146.014 362.0698 373.7207 0.003593415 0.013145
Moved 2146.088 355 395.4965 -0.00868056 0.06318121
Moved 2146.162 352 403.6952 -0.01388889 0.08202024
Moved 2146.234 352 407 -0.01388889 0.08961401
Ended 2146.304 352 407 -0.01388889 0.08961401
Began 2147.101 322 485 -0.06597222 0.268842
Stationary 2147.179 322 485 -0.06597222 0.268842
Stationary 2147.257 322 485 -0.06597222 0.268842
Stationary 2147.329 322 485 -0.06597222 0.268842
Moved 2147.405 334.495 485 -0.04427951 0.268842
Moved 2147.479 370.727 492 0.01862332 0.2849265
Moved 2147.551 433.5411 492 0.1276756 0.2849265
Moved 2147.625 489.5498 492 0.2249129 0.2849265
Moved 2147.701 523.2623 492 0.2834415 0.2849265
Moved 2147.774 546.0719 492 0.3230416 0.2849265
Moved 2147.849 559.6539 492 0.3466215 0.2849265
Moved 2147.921 565.0144 492 0.3559278 0.2849265
Ended 2147.992 566 492 0.3576389 0.2849265
Began 2148.414 512 218 0.2638889 -0.3446691
Stationary 2148.489 512 218 0.2638889 -0.3446691
Stationary 2148.558 512 218 0.2638889 -0.3446691
Stationary 2148.633 512 218 0.2638889 -0.3446691
Moved 2148.707 492.2017 238.6387 0.2295168 -0.2972457
Moved 2148.783 455.8173 279.1827 0.1663495 -0.2040838
Moved 2148.856 401.5814 338.6212 0.07218994 -0.06750634
Moved 2148.929 358.8876 386.1967 -0.001931191 0.04181221
Moved 2149.003 326.8981 421.9223 -0.05746857 0.1239024
Moved 2149.081 299.7356 453.0192 -0.1046257 0.1953566
Moved 2149.166 275.3424 472.6577 -0.146975 0.2404818
Moved 2149.244 252.0717 488.2856 -0.1873756 0.2763916
Moved 2149.318 232.8288 498.3904 -0.2207834 0.2996104
Moved 2149.392 222.3233 503.6767 -0.2390221 0.3117571
Moved 2149.465 214.5 507 -0.2526042 0.3193934
Ended 2149.538 213 508 -0.2552083 0.3216912
PhraseEnd 2151.951
