the five boxing wizards jump quickly
Basic
0.8 0.8
575.9999 230.4
Began 386.2227 346 347 -0.02430554 0.4644099
Stationary 386.2604 346 347 -0.02430554 0.4644099
Stationary 386.2852 346 347 -0.02430554 0.4644099
Stationary 386.3112 346 347 -0.02430554 0.4644099
Stationary 386.337 346 347 -0.02430554 0.4644099
Stationary 386.3629 346 347 -0.02430554 0.4644099
Stationary 386.3888 346 347 -0.02430554 0.4644099
Stationary 386.4146 346 347 -0.02430554 0.4644099
Stationary 386.4404 346 347 -0.02430554 0.4644099
Stationary 386.47 346 347 -0.02430554 0.4644099
Stationary 386.4972 346 347 -0.02430554 0.4644099
Moved 386.5234 354.2682 338.7318 -0.009950995 0.4285235
Moved 386.5508 357.5 334.5 -0.004340262 0.4101564
Moved 386.5799 360.2159 329.5682 0.0003748387 0.3887509
Moved 386.6084 364.0801 323.8398 0.007083491 0.3638881
Moved 386.6368 367.9517 317.145 0.01380496 0.3348309
Moved 386.6634 372.1473 311.4703 0.02108909 0.3102009
Moved 386.6915 379.8782 299.2031 0.03451072 0.2569578
Moved 386.7196 387.4927 289.5073 0.04773043 0.2148753
Moved 386.7643 399.4176 276.5824 0.06843337 0.1587779
Moved 386.7948 405.3203 269.6797 0.07868111 0.1288181
Moved 386.8222 411.0644 262.4034 0.0886535 0.09723717
Moved 386.8507 415.8041 257.1959 0.09688207 0.07463522
Moved 386.8786 416.8338 254.3323 0.09866983 0.06220606
Moved 386.9063 419.343 253 0.1030261 0.05642362
Moved 386.9342 420 250.7938 0.1041666 0.04684833
Moved 386.963 421.3729 249.6271 0.1065502 0.04178418
Stationary 386.9895 421.3729 249.6271 0.1065502 0.04178418
Moved 387.0163 421 250 0.1059028 0.04340278
Stationary 387.0574 421 250 0.1059028 0.04340278
Moved 387.0849 402.5677 250 0.07390216 0.04340278
Moved 387.1122 382.4237 263.0305 0.03893003 0.09995885
Moved 387.1399 368.1319 266.3737 0.01411781 0.1144691
Moved 387.1671 339.4575 275.1628 -0.03566407 0.1526162
Moved 387.1943 310.9168 285.6944 -0.08521386 0.1983264
Moved 387.2217 294.3524 293.5129 -0.1139716 0.2322612
Moved 387.2486 283.5592 297.7903 -0.1327098 0.2508259
Moved 387.2764 268.8019 304.3986 -0.1583301 0.2795079
Moved 387.3032 258.9961 309.3359 -0.175354 0.3009373
Moved 387.3484 247.7193 314.6403 -0.1949317 0.3239597
Moved 387.3814 242.5 317.5 -0.2039931 0.3363717
Moved 387.409 238.6205 319 -0.2107282 0.342882
Moved 387.4368 236.0927 320.9073 -0.2151169 0.3511603
Moved 387.4649 234.2566 322 -0.2183045 0.3559029
Moved 387.4915 232.8208 322 -0.2207973 0.3559029
Moved 387.5193 230.9649 323 -0.2240193 0.3602431
Moved 387.5518 228.5 324 -0.2282986 0.3645835
Moved 387.5811 224.0728 326.4636 -0.2359848 0.3752762
Moved 387.6086 219.3483 329.3259 -0.244187 0.3876991
Moved 387.652 213.5 333 -0.2543403 0.4036459
Moved 387.6796 212.2917 334.7083 -0.256438 0.4110605
Moved 387.7069 210 336 -0.2604167 0.4166667
Moved 387.7353 208.9882 337.0118 -0.2621733 0.4210583
Ended 387.7633 207.7506 337 -0.2643219 0.4210071
Began 388.1484 290 260 -0.1215278 0.08680556
Stationary 388.1812 290 260 -0.1215278 0.08680556
Stationary 388.2069 290 260 -0.1215278 0.08680556
Stationary 388.2316 290 260 -0.1215278 0.08680556
Stationary 388.2582 290 260 -0.1215278 0.08680556
Stationary 388.284 290 260 -0.1215278 0.08680556
Stationary 388.3102 290 260 -0.1215278 0.08680556
Stationary 388.3354 290 260 -0.1215278 0.08680556
Stationary 388.3613 290 260 -0.1215278 0.08680556
Stationary 388.387 290 260 -0.1215278 0.08680556
Stationary 388.4126 290 260 -0.1215278 0.08680556
Moved 388.4462 304.6642 260 -0.09606916 0.08680556
Moved 388.475 323.9725 260 -0.06254774 0.08680556
Moved 388.5027 350.5 260 -0.01649305 0.08680556
Moved 388.5307 377.2143 260 0.02988592 0.08680556
Moved 388.5589 402.6606 270.7982 0.07406355 0.1336726
Moved 388.5858 414.2314 273.7695 0.09415165 0.1465689
Moved 388.6144 432.8879 280.444 0.1265415 0.1755381
Moved 388.642 449.9772 289.9829 0.1562105 0.2169397
Moved 388.6707 463.2757 296.7103 0.1792981 0.2461385
Moved 388.6989 475.5 303 0.2005208 0.2734375
Moved 388.743 486.4419 309.4419 0.2195172 0.3013971
Moved 388.7704 490.4814 311.1605 0.2265302 0.3088563
Moved 388.7966 494.0299 313.0299 0.2326909 0.3169701
Moved 388.8229 496.5665 314 0.2370946 0.3211807
Moved 388.8486 497.9774 314.9774 0.2395442 0.3254229
Moved 388.8766 499.4502 315 0.242101 0.3255209
Moved 388.9046 501 316 0.2447917 0.3298611
Moved 388.9369 502.1774 317.1774 0.2468357 0.3349711
Stationary 388.9649 502 317 0.2465278 0.3342015
Moved 388.9934 503 317 0.2482639 0.3342015
Stationary 389.0369 503 317 0.2482639 0.3342015
Stationary 389.0634 503 317 0.2482639 0.3342015
Moved 389.0898 493.2184 309.3922 0.231282 0.3011814
Moved 389.1175 485.582 299.4427 0.2180244 0.2579978
Moved 389.1452 476.7752 290.7752 0.2027348 0.2203787
Moved 389.1732 470.5803 285.6642 0.1919797 0.1981957
Moved 389.2002 459.1971 276.1478 0.1722171 0.1568914
Moved 389.2274 447.5428 264.5428 0.151984 0.1065225
Moved 389.2558 436 252 0.1319444 0.05208334
Moved 389.2831 422.9004 240.1753 0.1092021 0.0007608202
Moved 389.3283 403.1895 225.7516 0.07498168 -0.06184208
Moved 389.356 396.9867 220.99 0.06421304 -0.08250873
Moved 389.3835 388.7982 213.7982 0.0499969 -0.1137229
Moved 389.4113 382.602 207.2041 0.0392396 -0.1423433
Moved 389.44 375.4624 200.4624 0.02684444 -0.171604
Moved 389.467 370.7014 193.7013 0.01857877 -0.2009493
Moved 389.4935 368.6863 191.6863 0.01508042 -0.209695
Moved 389.5201 364.9219 186.9219 0.008544923 -0.2303737
Moved 389.5471 362.0503 181.1006 0.003559589 -0.2556399
Moved 389.5741 360.1796 178.1796 0.0003118068 -0.2683179
Moved 389.62 358.2108 175.2107 -0.003106334 -0.2812036
Moved 389.6471 356.7742 173.7742 -0.005600341 -0.2874384
Moved 389.6749 355.9021 171.9021 -0.007114374 -0.2955638
Moved 389.7023 354.5 172 -0.009548627 -0.2951388
Moved 389.7307 351.5138 171 -0.014733 -0.2994793
Moved 389.7586 348.6561 168.6561 -0.01969423 -0.3096522
Moved 389.7871 345.6003 169 -0.02499942 -0.3081596
Moved 389.8135 340 169 -0.03472224 -0.3081596
Moved 389.8406 333.6604 169 -0.04572846 -0.3081596
Moved 389.868 327.0446 169 -0.0572142 -0.3081596
Moved 389.9127 311.5884 186.1293 -0.08404792 -0.2338139
Moved 389.9404 307.8649 190.1351 -0.09051234 -0.2164274
Moved 389.9764 286.2617 220.7921 -0.128018 -0.08336744
Moved 390.0047 275.8112 236.736 -0.146161 -0.01416683
Moved 390.0327 271.0643 246.8286 -0.1544023 0.02963808
Moved 390.0616 263.5885 262.7641 -0.1673812 0.09880252
Moved 390.09 255.2809 279.7977 -0.1818039 0.1727329
Moved 390.1306 248.673 300.6541 -0.1932761 0.2632556
Moved 390.1589 244.6132 309.7736 -0.2003244 0.302837
Moved 390.1865 241.1144 316.5142 -0.2063987 0.3320927
Moved 390.2313 235.0609 333.7563 -0.2169081 0.4069286
Moved 390.2599 234 339 -0.21875 0.4296877
Moved 390.2871 231.6775 342 -0.2227822 0.4427085
Moved 390.3145 230.8082 345 -0.2242914 0.4557292
Moved 390.3428 231 347 -0.2239584 0.4644099
Moved 390.3702 231 348.4951 -0.2239584 0.470899
Moved 390.3978 231 349.0308 -0.2239584 0.4732241
Ended 390.4249 231 349 -0.2239584 0.4730904
Began 391.0138 426 193 0.1145833 -0.2039931
Stationary 391.0446 426 193 0.1145833 -0.2039931
Stationary 391.0707 426 193 0.1145833 -0.2039931
Stationary 391.0978 426 193 0.1145833 -0.2039931
Stationary 391.1234 426 193 0.1145833 -0.2039931
Stationary 391.1504 426 193 0.1145833 -0.2039931
Stationary 391.1819 426 193 0.1145833 -0.2039931
Stationary 391.2091 426 193 0.1145833 -0.2039931
Stationary 391.2345 426 193 0.1145833 -0.2039931
Stationary 391.2605 426 193 0.1145833 -0.2039931
Stationary 391.286 426 193 0.1145833 -0.2039931
Moved 391.3129 426 202.7172 0.1145833 -0.1618179
Moved 391.3441 426 203.7738 0.1145833 -0.1572318
Moved 391.3715 426 205.1293 0.1145833 -0.1513487
Moved 391.3985 426 209.0134 0.1145833 -0.1344902
Moved 391.4395 444.1957 220.8967 0.1461731 -0.08291351
Moved 391.4698 454.3565 230.3564 0.1638133 -0.04185571
Moved 391.4995 469.1851 244.4875 0.1895575 0.01947708
Moved 391.5279 474.3176 248.2118 0.1984681 0.03564146
Moved 391.5556 487.0233 260.0186 0.2205265 0.0868865
Moved 391.5821 499.7713 270.7713 0.2426585 0.133556
Moved 391.6118 511.7579 282.7579 0.2634686 0.1855811
Moved 391.6376 519.9448 291.9448 0.2776819 0.2254549
Moved 391.6634 523.3281 294.3281 0.2835558 0.2357992
Moved 391.6891 531.3813 300.2542 0.2975371 0.26152
Moved 391.7328 542.9509 309.4755 0.3176232 0.3015428
Moved 391.7599 547.3448 313.3448 0.3252515 0.3183371
Moved 391.7864 549.7739 314.7739 0.3294685 0.3245394
Moved 391.8127 552.2652 317.2652 0.3337938 0.3353526
Moved 391.8393 554.0757 318 0.336937 0.3385417
Moved 391.87 554 319.5 0.3368056 0.3450521
Moved 391.8993 554 319 0.3368056 0.342882
Stationary 391.9258 554 319 0.3368056 0.342882
Moved 391.9546 536.7792 319 0.3069084 0.342882
Moved 391.9821 512.8278 310.5222 0.2653261 0.306086
Moved 392.027 474.4087 295.5494 0.1986263 0.2411
Moved 392.0553 449.4482 284.2931 0.155292 0.1922445
Moved 392.0843 420.17 274.2437 0.1044618 0.1486271
Moved 392.1341 389.3224 263.281 0.05090684 0.101046
Moved 392.1704 367.6938 255.6268 0.01335733 0.0678248
Moved 392.1981 341.5406 245.7703 -0.03204759 0.02504455
Moved 392.226 327.3123 242.0625 -0.0567494 0.008951824
Moved 392.2549 314.6413 238.5282 -0.07874779 -0.006388029
Moved 392.2835 300.2942 233.6588 -0.1036559 -0.02752238
Moved 392.3102 292.1352 231.4541 -0.1178208 -0.03709158
Moved 392.3534 274.921 225.2302 -0.1477067 -0.06410494
Moved 392.3807 266.2784 221.4261 -0.1627111 -0.08061568
Moved 392.4074 257.6803 217.1202 -0.1776384 -0.09930439
Moved 392.4338 254.2436 215.1218 -0.1836048 -0.1079781
Moved 392.4604 248.8751 210.4375 -0.1929252 -0.1283093
Moved 392.4869 241.1628 205.4419 -0.2063147 -0.1499918
Moved 392.5136 232.6902 199.6902 -0.2210239 -0.1749558
Moved 392.5402 228.8079 196.8079 -0.2277641 -0.1874659
Moved 392.5666 220.6004 191.5334 -0.2420133 -0.2103585
Moved 392.595 215.0296 186.0297 -0.2516847 -0.2342463
Moved 392.6401 207.7081 179.7081 -0.2643956 -0.2616833
Moved 392.668 205.9191 177.9191 -0.2675017 -0.2694485
Stationary 392.6954 206 178 -0.2673611 -0.2690972
Moved 392.722 204 176 -0.2708333 -0.2777778
Moved 392.7488 204 175 -0.2708333 -0.282118
Moved 392.7753 213.9903 174 -0.2534891 -0.2864582
Moved 392.804 224.046 174 -0.2360313 -0.2864582
Moved 392.8351 259.6897 190.4758 -0.1741499 -0.2149485
Moved 392.8617 292.8904 200.9635 -0.1165097 -0.1694291
Moved 392.8877 322.0443 210.4177 -0.06589536 -0.1283954
Moved 392.9307 359.5068 231.7957 -0.0008562952 -0.03560914
Moved 392.9582 375.6427 241.7726 0.02715744 0.007693504
Moved 392.9847 395.8848 256.2034 0.06229997 0.07032739
Moved 393.0111 415.5 269.5 0.0963542 0.1280382
Moved 393.0375 434.4941 281.9961 0.1293301 0.1822747
Moved 393.0632 442.7342 287.3671 0.1436357 0.2055862
Moved 393.0891 456.154 295.6155 0.166934 0.2413867
Moved 393.1155 466.2684 304.2684 0.1844938 0.2789427
Moved 393.1411 470.5085 306.5085 0.1918551 0.2886653
Moved 393.167 480.1133 312.7422 0.2085301 0.3157213
Moved 393.2086 492.3425 322.3425 0.2297613 0.3573895
Moved 393.2357 498.373 325.1865 0.2402309 0.3697329
Moved 393.2611 501.3484 327.6742 0.2453964 0.3805304
Moved 393.2872 506.5456 330.5455 0.2544194 0.3929929
Moved 393.3135 509.4179 332 0.2594061 0.3993056
Moved 393.341 510.8487 333 0.2618901 0.4036459
Moved 393.3675 513.3497 334 0.2662322 0.4079863
Moved 393.4062 515.6835 335 0.2702839 0.4123264
Moved 393.4324 516.5 335 0.2717014 0.4123264
Stationary 393.4588 516.5 335 0.2717014 0.4123264
Moved 393.5031 517 335 0.2725694 0.4123264
Stationary 393.5312 517 335 0.2725694 0.4123264
Moved 393.5581 517 325.0654 0.2725694 0.3692074
Moved 393.5859 510.7777 314.3333 0.2617669 0.3226272
Moved 393.6154 504.6853 298.7132 0.2511897 0.2548316
Moved 393.6429 501.5 285 0.2456597 0.1953125
Moved 393.6712 496.6066 271.0328 0.2371642 0.1346911
Moved 393.6987 493.0871 255.5226 0.231054 0.06737233
Moved 393.7255 491.6486 249.5944 0.2285565 0.04164219
Moved 393.7544 487.7811 237.1243 0.2218422 -0.01248148
Moved 393.7995 483.8322 223.3287 0.2149864 -0.07235792
Moved 393.8287 482 213.6563 0.2118056 -0.1143392
Moved 393.8578 479.0421 204.1262 0.2066703 -0.1557022
Moved 393.8863 478 196.3464 0.2048611 -0.1894686
Moved 393.9151 477 191.2644 0.203125 -0.2115259
Moved 393.9416 476.1991 189.1991 0.2017345 -0.2204901
Moved 393.9711 475.3311 185.3311 0.2002276 -0.2372784
Moved 394.0001 475 182 0.1996528 -0.251736
Moved 394.0327 474 179.9744 0.1979167 -0.2605278
Moved 394.0587 473 178.0907 0.1961806 -0.2687035
Moved 394.1044 472 174.9037 0.1944444 -0.2825362
Moved 394.1338 470.5 175 0.1918403 -0.282118
Moved 394.1629 463.7458 174 0.1801142 -0.2864582
Moved 394.1924 452.0209 174 0.1597586 -0.2864582
Moved 394.22 436.8439 184.8748 0.1334096 -0.2392589
Moved 394.2489 433.7006 184.6497 0.1279525 -0.2402359
Moved 394.2762 414.0476 194.6508 0.09383261 -0.1968282
Moved 394.3036 396.6456 206.9674 0.06362081 -0.1433706
Moved 394.3303 385.7911 217.1567 0.0447762 -0.09914611
Moved 394.3563 381.4163 221.5837 0.03718108 -0.07993156
Moved 394.3986 371.0045 237.4932 0.01910515 -0.01088037
Moved 394.4259 365.2779 245.0833 0.009162948 0.02206273
Moved 394.4521 363.0756 248.9244 0.005339533 0.03873468
Moved 394.4778 361.6682 250.3318 0.002896115 0.04484296
Moved 394.5039 359.8028 253.1973 -0.0003423542 0.05727967
Moved 394.5301 358.5 255.5 -0.002604164 0.06727431
Moved 394.5598 357.7484 256.2516 -0.003909059 0.07053667
Moved 394.5854 358 257.3154 -0.003472231 0.07515392
Moved 394.6112 356.7796 258.2204 -0.005591028 0.07908173
Moved 394.6368 357 259.1024 -0.005208328 0.08290967
Moved 394.678 357 260.058 -0.005208328 0.08705723
Moved 394.7039 356 261.5 -0.006944462 0.09331611
Stationary 394.7301 356 261.5 -0.006944462 0.09331611
Stationary 394.7559 356 261.5 -0.006944462 0.09331611
Ended 394.7827 356 261 -0.006944462 0.09114584
Began 395.3956 198 318 -0.28125 0.3385417
Stationary 395.4314 198 318 -0.28125 0.3385417
Stationary 395.4613 198 318 -0.28125 0.3385417
Stationary 395.4909 198 318 -0.28125 0.3385417
Stationary 395.5193 198 318 -0.28125 0.3385417
Stationary 395.5458 198 318 -0.28125 0.3385417
Stationary 395.5714 198 318 -0.28125 0.3385417
Stationary 395.5976 198 318 -0.28125 0.3385417
Stationary 395.627 198 318 -0.28125 0.3385417
Stationary 395.6541 198 318 -0.28125 0.3385417
Stationary 395.6813 198 318 -0.28125 0.3385417
Stationary 395.7102 198 318 -0.28125 0.3385417
Stationary 395.7365 198 318 -0.28125 0.3385417
Moved 395.7649 214.9925 318 -0.2517492 0.3385417
Moved 395.7931 237.6071 318 -0.2124876 0.3385417
Moved 395.8229 270.252 318 -0.1558125 0.3385417
Moved 395.8694 317.02 318 -0.07461813 0.3385417
Moved 395.8981 345.8711 318 -0.02452936 0.3385417
Moved 395.9255 358.8929 318 -0.001921989 0.3385417
Moved 395.9532 381.9951 325 0.03818594 0.3689236
Moved 395.981 403.3398 327 0.0752426 0.3776042
Moved 396.0102 424.4819 327 0.1119477 0.3776042
Moved 396.0364 437.9349 327 0.1353037 0.3776042
Moved 396.0627 444.5 327 0.1467014 0.3776042
Moved 396.0897 459.3247 327 0.1724388 0.3776042
Moved 396.1205 468.9529 327 0.1891545 0.3776042
Moved 396.1632 484.0448 327 0.2153556 0.3776042
Moved 396.1905 490.4756 327 0.2265201 0.3776042
Moved 396.2173 493.504 327 0.2317777 0.3776042
Moved 396.2437 500.2375 327 0.2434679 0.3776042
Moved 396.2702 504.9786 327 0.251699 0.3776042
Moved 396.2966 506.0421 327 0.2535454 0.3776042
Moved 396.3235 507.5 327 0.2560764 0.3776042
Moved 396.3521 508 327 0.2569445 0.3776042
Stationary 396.3809 508 327 0.2569445 0.3776042
Moved 396.4085 496.8658 327 0.2376143 0.3776042
Moved 396.4547 456.5 309.5 0.1675347 0.3016495
Moved 396.4839 426.9111 298.3644 0.1161651 0.253318
Moved 396.5131 396.1074 285.3955 0.06268636 0.1970293
Moved 396.5407 380.1577 278.2535 0.03499597 0.1660307
Moved 396.5691 346.5856 267.3415 -0.02328895 0.1186698
Moved 396.6006 326.4989 258.833 -0.05816158 0.08174063
Moved 396.6289 308.7821 251.3911 -0.08891992 0.0494406
Moved 396.6578 290 244 -0.1215278 0.01736111
Moved 396.6861 275.9993 235.7996 -0.1458346 -0.01823108
Moved 396.7134 265.9182 228.1887 -0.1633364 -0.05126424
Moved 396.7557 258.3992 223.3992 -0.1763903 -0.07205222
Moved 396.7817 251.9922 216.9922 -0.1875135 -0.0998603
Moved 396.8084 244.9192 208.4596 -0.1997931 -0.1368941
Moved 396.8379 240.979 204.979 -0.2066336 -0.1520007
Moved 396.8674 234.1978 197.1978 -0.2184066 -0.1857737
Moved 396.8945 232.6563 195.6564 -0.2210827 -0.1924638
Moved 396.9216 228.7896 191.7897 -0.2277958 -0.2092462
Moved 396.9491 224.1828 188.1827 -0.2357938 -0.2249012
Moved 396.9768 220.3672 185.3672 -0.242418 -0.2371215
Moved 397.006 217.5 182.5 -0.2473958 -0.2495659
Moved 397.0483 214.6268 181 -0.2523841 -0.2560764
Moved 397.0824 210.6729 177.6729 -0.2592486 -0.2705172
Moved 397.1108 209.2378 177.2378 -0.26174 -0.2724056
Moved 397.1382 207.3699 176 -0.2649829 -0.2777778
Moved 397.1674 206 174.5 -0.2673611 -0.2842881
Moved 397.1975 203.9293 174 -0.2709561 -0.2864582
Moved 397.226 203 173 -0.2725694 -0.2907985
Moved 397.254 202 173 -0.2743056 -0.2907985
Moved 397.2806 200.756 173 -0.2764652 -0.2907985
Moved 397.3078 201 171.7421 -0.2760417 -0.2962586
Moved 397.3528 198.7511 170.7511 -0.2799461 -0.3005592
Stationary 397.3805 198.7511 170.7511 -0.2799461 -0.3005592
Moved 397.4087 197.8134 171 -0.281574 -0.2994793
Moved 397.436 197 169.5 -0.2829861 -0.3059895
Stationary 397.4646 197 169.5 -0.2829861 -0.3059895
Moved 397.4908 195.7511 170 -0.2851545 -0.3038193
Moved 397.5442 193.9868 170 -0.2882173 -0.3038193
Stationary 397.5717 193.9868 170 -0.2882173 -0.3038193
Moved 397.5977 192.9115 170 -0.2900842 -0.3038193
Stationary 397.6244 192.9115 170 -0.2900842 -0.3038193
Moved 397.6676 190.6271 180.9832 -0.2940502 -0.2561495
Moved 397.6949 190 180.6105 -0.2951389 -0.2577672
Moved 397.7217 188 184.4786 -0.2986111 -0.240978
Moved 397.7495 182.8979 191.1532 -0.307469 -0.2120087
Moved 397.7776 177.1574 197.7639 -0.3174351 -0.1833163
Moved 397.8049 175.6471 200.7058 -0.3200571 -0.1705477
Moved 397.833 169.5566 206.4434 -0.3306309 -0.1456452
Moved 397.8607 163.4832 213.5168 -0.341175 -0.1149443
Moved 397.8892 156.7364 221.2637 -0.3528883 -0.08132101
Moved 397.9181 152 228 -0.3611111 -0.05208334
Moved 397.9637 147.5642 233.4358 -0.3688122 -0.02849049
Moved 397.9979 145.6939 235.306 -0.3720591 -0.02037313
Moved 398.0263 145 237.1782 -0.3732639 -0.01224717
Moved 398.0534 144 238.792 -0.375 -0.00524309
Stationary 398.0812 144 239 -0.375 -0.004340146
Moved 398.1084 144 242.025 -0.375 0.00878917
Moved 398.1435 162.019 250.673 -0.343717 0.04632381
Moved 398.1789 176.9597 257.7028 -0.3177783 0.07683489
Moved 398.2061 198.756 263.439 -0.2799376 0.1017315
Moved 398.2326 207.9 266.3 -0.2640626 0.1141491
Moved 398.2756 227.8478 273.9239 -0.2294309 0.1472391
Moved 398.3032 239.099 278.0248 -0.2098975 0.1650383
Moved 398.3311 253.5439 283.886 -0.1848196 0.1904774
Moved 398.3603 265.0303 288.7576 -0.1648779 0.2116214
Moved 398.391 274.8853 293.4427 -0.1477685 0.2319561
Moved 398.4261 284.5016 297.1672 -0.1310736 0.2481214
Moved 398.4526 290.0707 301.0354 -0.121405 0.2649106
Moved 398.4792 292.9366 302.4683 -0.1164296 0.2711296
Moved 398.5073 295.9735 304 -0.1111571 0.2777779
Moved 398.5362 299.8297 306.8297 -0.1044623 0.2900597
Moved 398.5798 304.1297 309 -0.09699699 0.2994793
Moved 398.6059 304 310.5 -0.09722222 0.3059896
Moved 398.6314 306.1019 311.1019 -0.0935731 0.3086022
Stationary 398.6581 306 311 -0.09374999 0.3081597
Moved 398.684 307.5 312 -0.09114582 0.3125001
Moved 398.7104 307 312 -0.09201389 0.3125001
Stationary 398.7363 307 312 -0.09201389 0.3125001
Stationary 398.7603 307 312 -0.09201389 0.3125001
Stationary 398.79 307 312 -0.09201389 0.3125001
Stationary 398.8163 307 312 -0.09201389 0.3125001
Stationary 398.8681 307 312 -0.09201389 0.3125001
Moved 398.8999 298.1157 303.1157 -0.107438 0.2739395
Moved 398.9287 293.723 298.5845 -0.1150642 0.2542731
Moved 398.9557 291.6638 296.6638 -0.1186392 0.2459367
Moved 398.9844 282.6929 288.7953 -0.1342137 0.2117851
Moved 399.013 277.0715 283.0477 -0.1439731 0.186839
Moved 399.0406 271.4554 276.4554 -0.1537233 0.1582268
Moved 399.0694 266.3084 271.3085 -0.162659 0.1358875
Moved 399.0983 259.3294 264.3293 -0.1747754 0.1055961
Moved 399.1314 252.8216 258.8217 -0.1860736 0.08169109
Moved 399.1771 242.854 249.854 -0.2033785 0.04276925
Moved 399.2116 236.1292 246.0646 -0.2150535 0.02632194
Moved 399.2391 230.3928 242.3928 -0.2250125 0.01038551
Moved 399.2666 225 240.5 -0.234375 0.002170139
Moved 399.2938 223.2472 240.2472 -0.237418 0.001072884
Moved 399.3203 219.3779 239 -0.2441356 -0.004340146
Moved 399.3473 216.508 238 -0.2491181 -0.008680556
Moved 399.3741 213.6315 236.6316 -0.2541119 -0.01461983
Moved 399.3999 212.6188 237 -0.2558701 -0.0130207
Moved 399.4265 210.6309 235.6309 -0.2593214 -0.01896315
Moved 399.4719 208.6666 236 -0.2627316 -0.01736111
Moved 399.5011 207.9387 236 -0.2639953 -0.01736111
Moved 399.5308 206.9742 236 -0.2656697 -0.01736111
Moved 399.5573 207 234.5 -0.265625 -0.0238714
Moved 399.5879 205.6271 235 -0.2680085 -0.02170139
Moved 399.6251 203.8639 235 -0.2710696 -0.02170139
Moved 399.6557 201.8088 235 -0.2746376 -0.02170139
Moved 399.6828 200.6266 235 -0.27669 -0.02170139
Stationary 399.709 200.6266 235 -0.27669 -0.02170139
Moved 399.7346 199.7511 235 -0.27821 -0.02170139
Moved 399.7772 198.8565 235 -0.2797631 -0.02170139
Moved 399.8064 196.781 235 -0.2833664 -0.02170139
Ended 399.8326 196.781 235 -0.2833664 -0.02170139
Began 400.4268 416 247 0.09722225 0.03038208
Stationary 400.4674 416 247 0.09722225 0.03038208
Stationary 400.4956 416 247 0.09722225 0.03038208
Stationary 400.5338 416 247 0.09722225 0.03038208
Stationary 400.5628 416 247 0.09722225 0.03038208
Stationary 400.5905 416 247 0.09722225 0.03038208
Stationary 400.6173 416 247 0.09722225 0.03038208
Stationary 400.6463 416 247 0.09722225 0.03038208
Moved 400.6737 416 259.2502 0.09722225 0.08355115
Moved 400.7068 416 259.7894 0.09722225 0.08589163
Moved 400.7349 416 262.5 0.09722225 0.09765626
Moved 400.762 409 264.1218 0.08506946 0.1046954
Moved 400.7892 409 265.5861 0.08506946 0.1110509
Moved 400.8172 409 269.9161 0.08506946 0.1298445
Moved 400.8452 409 278.2899 0.08506946 0.1661888
Moved 400.8739 409 286.6381 0.08506946 0.2024224
Moved 400.9098 417 293.503 0.09895831 0.232218
Moved 400.9389 419 300.8695 0.1024306 0.2641906
Moved 400.9669 420 308.4338 0.1041666 0.2970216
Moved 401.013 422 316.8682 0.1076389 0.3336292
Moved 401.0423 424.3097 322.6194 0.1116488 0.3585914
Moved 401.0702 425 326.1746 0.1128472 0.3740219
Moved 401.098 427 329.4907 0.1163194 0.3884147
Moved 401.1252 428.1812 331.1812 0.1183702 0.395752
Moved 401.152 431.0505 334.0505 0.1233516 0.4082054
Moved 401.1792 432.9195 335 0.1265963 0.4123264
Moved 401.2063 434.3379 336.3379 0.1290588 0.4181333
Moved 401.233 436.7773 336 0.133294 0.4166667
Moved 401.264 439.7603 336 0.1384728 0.4166667
Moved 401.3071 443.0565 336 0.1441953 0.4166667
Moved 401.3336 445.5 336 0.1484375 0.4166667
Moved 401.3602 447.4478 336 0.151819 0.4166667
Stationary 401.3869 447.4478 336 0.151819 0.4166667
Moved 401.4135 450.7504 326.2496 0.1575528 0.3743473
Moved 401.44 452 322.4006 0.1597222 0.3576415
Moved 401.4663 453.725 320.275 0.162717 0.3484161
Moved 401.493 455.5957 312.6172 0.1659648 0.3151789
Moved 401.5202 456 303.5704 0.1666667 0.2759131
Moved 401.5468 456 293.0132 0.1666667 0.2300921
Moved 401.5905 456 276.8408 0.1666667 0.159899
Moved 401.6254 456 263.154 0.1666667 0.1004948
Moved 401.6527 456 253.3063 0.1666667 0.05775307
Moved 401.6799 456 244.9727 0.1666667 0.02158271
Moved 401.707 456 234.8259 0.1666667 -0.02245691
Moved 401.7359 448.0929 224.4646 0.1529391 -0.06742783
Moved 401.769 448 219.339 0.1527778 -0.08967453
Moved 401.7984 447 211.6875 0.1510417 -0.1228841
Moved 401.8258 447 204.808 0.1510417 -0.1527431
Moved 401.8543 447 198.8834 0.1510417 -0.1784572
Moved 401.8986 447 192.0117 0.1510417 -0.2082824
Moved 401.9259 447 190.5591 0.1510417 -0.2145872
Moved 401.9557 447 187.6902 0.1510417 -0.227039
Moved 401.9826 447 186.1082 0.1510417 -0.2339056
Moved 402.0089 447 185.5 0.1510417 -0.2365452
Moved 402.0347 447 184.7513 0.1510417 -0.2397944
Moved 402.0614 447 182.976 0.1510417 -0.2475001
Moved 402.0881 455.6577 181.3423 0.1660724 -0.2545908
Moved 402.1167 459.8125 181 0.1732855 -0.2560764
Moved 402.1455 465.5273 181 0.183207 -0.2560764
Moved 402.1982 477.5 181 0.203993 -0.2560764
Moved 402.2279 485.4248 191.2743 0.2177514 -0.2114831
Moved 402.2578 494.0265 195.0133 0.2326849 -0.1952546
Moved 402.2903 500.764 201.646 0.2443819 -0.166467
Moved 402.3185 506.6231 206.6232 0.2545541 -0.1448647
Moved 402.3474 514.8339 216.1119 0.2688089 -0.1036807
Moved 402.3774 523.4855 227.6473 0.2838291 -0.05361399
Moved 402.4041 527.1724 232.3447 0.2902298 -0.03322588
Moved 402.4308 534.1254 242.1881 0.3023011 0.009497007
Moved 402.458 541.9102 251.8652 0.3158163 0.05149842
Moved 402.4998 551.4941 267.9883 0.3324551 0.1214771
Moved 402.5253 555.3801 273.4502 0.3392015 0.1451833
Moved 402.5515 560.2288 282.6864 0.3476195 0.1852707
Moved 402.5781 565.1146 291.3437 0.3561017 0.2228459
Moved 402.6072 569.9665 299.9497 0.3645252 0.2601985
Moved 402.633 571.4196 302.8391 0.3670479 0.272739
Moved 402.6579 574.8757 307.8757 0.3730481 0.2945993
Moved 402.6831 577.8116 312.8116 0.3781452 0.3160229
Moved 402.708 580.4592 315.4592 0.3827416 0.3275139
Moved 402.7331 583.1098 319.1098 0.3873434 0.3433587
Moved 402.7741 587.3619 323.681 0.3947256 0.3631987
Moved 402.8001 593.6561 328.1041 0.4056529 0.3823961
Moved 402.8259 599.8475 332.8475 0.4164019 0.402984
Moved 402.851 603.5615 334.7077 0.4228499 0.4110579
Moved 402.8766 608.5837 337 0.4315689 0.4210071
Moved 402.9053 613.5214 339.2607 0.4401414 0.430819
Moved 402.9303 617.1397 340 0.4464232 0.4340278
Moved 402.9556 618.574 341 0.4489132 0.4383681
Moved 402.9806 621.055 342 0.4532205 0.4427085
Moved 403.0065 623.5 342 0.4574653 0.4427085
Moved 403.0476 625 342 0.4600695 0.4427085
Moved 403.0754 626.691 343 0.4630052 0.4470487
Moved 403.1025 627.5 343 0.4644098 0.4470487
Moved 403.1305 628 343 0.4652778 0.4470487
Moved 403.1571 629.5 343 0.4678819 0.4470487
Moved 403.1838 629 343 0.4670139 0.4470487
Ended 403.2142 629 343 0.4670139 0.4470487
Began 405.5831 92 311 -0.4652778 0.3081597
Stationary 405.6211 92 311 -0.4652778 0.3081597
Stationary 405.6477 92 311 -0.4652778 0.3081597
Stationary 405.6747 92 311 -0.4652778 0.3081597
Stationary 405.7009 92 311 -0.4652778 0.3081597
Stationary 405.7274 92 311 -0.4652778 0.3081597
Stationary 405.7538 92 311 -0.4652778 0.3081597
Stationary 405.7802 92 311 -0.4652778 0.3081597
Stationary 405.8156 92 311 -0.4652778 0.3081597
Moved 405.8448 108.147 319.7157 -0.4372447 0.3459883
Moved 405.8754 123.5058 324.1686 -0.4105802 0.3653152
Moved 405.9125 142.7825 327.1739 -0.3771137 0.3783589
Moved 405.9424 160.78 329.912 -0.3458681 0.3902432
Moved 405.9704 176.1367 330.8273 -0.3192072 0.3942159
Moved 405.9991 192.5 331 -0.2907986 0.3949653
Moved 406.029 208.2403 333.248 -0.2634717 0.4047226
Moved 406.0591 221.228 334 -0.2409237 0.4079863
Moved 406.088 233.4243 335.8849 -0.2197495 0.4161671
Moved 406.12 242.1839 336 -0.2045418 0.4166667
Moved 406.1484 260.6341 336 -0.1725102 0.4166667
Moved 406.1764 267.5342 336 -0.160531 0.4166667
Moved 406.2208 291.0552 336 -0.1196958 0.4166667
Moved 406.2492 307.0371 336 -0.09194952 0.4166667
Moved 406.2774 322.2553 336 -0.06552894 0.4166667
Moved 406.3061 336.2918 336 -0.04115999 0.4166667
Moved 406.335 347.4387 336 -0.02180777 0.4166667
Moved 406.3633 352.9491 336 -0.01224116 0.4166667
Moved 406.3911 369.2029 336 0.01597717 0.4166667
Moved 406.4236 381.6746 336 0.03762946 0.4166667
Moved 406.4517 390.5 336 0.05295143 0.4166667
Moved 406.4779 397.5763 336 0.0652367 0.4166667
Moved 406.5203 408.1791 336 0.08364425 0.4166667
Moved 406.5486 412.4642 336 0.09108372 0.4166667
Moved 406.5762 414.8423 336 0.09521224 0.4166667
Moved 406.6035 417.4416 336 0.09972498 0.4166667
Moved 406.6316 421.3145 336 0.1064487 0.4166667
Moved 406.662 424.1804 336 0.1114243 0.4166667
Moved 406.6899 426.7073 336 0.1158114 0.4166667
Moved 406.7207 429.5 336 0.1206597 0.4166667
Moved 406.7479 430.9856 336 0.1232389 0.4166667
Moved 406.7751 433 336 0.1267361 0.4166667
Moved 406.82 436 336 0.1319444 0.4166667
Moved 406.8532 438 336 0.1354167 0.4166667
Moved 406.8807 440.6297 336 0.139982 0.4166667
Moved 406.9095 442.1609 336 0.1426405 0.4166667
Moved 406.939 444.5 336 0.1467014 0.4166667
Moved 406.9688 446.9042 336 0.1508754 0.4166667
Moved 407.0001 448.5 336 0.1536458 0.4166667
Moved 407.0332 450.2773 336 0.1567315 0.4166667
Moved 407.0658 452 336 0.1597222 0.4166667
Moved 407.0957 455.0154 336 0.1649573 0.4166667
Moved 407.1428 458.0011 336 0.1701407 0.4166667
Moved 407.1726 460.8694 336 0.1751205 0.4166667
Moved 407.2041 464.4714 336 0.181374 0.4166667
Moved 407.2328 467.185 336 0.1860851 0.4166667
Moved 407.265 472.234 336 0.1948508 0.4166667
Moved 407.2941 478.9095 337 0.2064401 0.4210071
Moved 407.3225 484.523 337 0.2161858 0.4210071
Moved 407.3564 488.3281 337 0.2227918 0.4210071
Moved 407.3847 491 337 0.2274306 0.4210071
Moved 407.412 493 337 0.2309028 0.4210071
Moved 407.457 494.5 337 0.2335069 0.4210071
Stationary 407.4854 494.5 337 0.2335069 0.4210071
Moved 407.5118 483.1471 322.9302 0.213797 0.35994
Moved 407.5388 466.4436 305.666 0.1847979 0.2850086
Moved 407.5659 442.5234 289.1682 0.1432697 0.2134037
Moved 407.5932 430.8677 281.1912 0.1230342 0.1787814
Moved 407.6202 403.7278 263.7958 0.07591628 0.1032807
Moved 407.6517 376.9103 246.708 0.02935819 0.02911462
Moved 407.6785 358.6102 234.293 -0.002412908 -0.02476997
Moved 407.7068 336.3792 215.7034 -0.04100841 -0.1054543
Moved 407.7505 310.9028 198.1416 -0.08523826 -0.1816771
Moved 407.7784 301.5641 190.6731 -0.1014513 -0.2140925
Moved 407.8054 296.2449 186.83 -0.1106859 -0.2307728
Moved 407.8321 287.6313 179.6312 -0.1256401 -0.2620173
Moved 407.859 280.3412 175.3412 -0.1382965 -0.2806371
Moved 407.8871 274.1546 170.1545 -0.1490372 -0.3031487
Moved 407.9183 267.4533 165.4534 -0.1606713 -0.323553
Moved 407.9457 264.5873 163.7937 -0.1656471 -0.3307564
Moved 407.973 257.8425 159.9213 -0.1773567 -0.3475639
Moved 408.0001 253.2892 157.2892 -0.1852617 -0.3589879
Moved 408.0442 251 154.5 -0.1892361 -0.3710938
Moved 408.0737 250 154 -0.1909722 -0.3732637
Moved 408.1 257.7957 154 -0.1774379 -0.3732637
Moved 408.1281 287.3607 168.0897 -0.1261099 -0.3121105
Moved 408.1564 325.1771 187.5885 -0.06045644 -0.2274805
Moved 408.1898 355.6436 205.3218 -0.007563271 -0.1505131
Moved 408.2183 381.3457 223.6755 0.03705852 -0.07085271
Moved 408.2476 401.1676 234.5244 0.07147156 -0.02376543
Moved 408.2795 424.2361 246.9921 0.111521 0.03034751
Moved 408.3084 442.9578 253.2395 0.144024 0.05746325
Moved 408.3556 465.5 258.5 0.1831597 0.08029515
Moved 408.3852 481.1386 261.4277 0.2103101 0.09300233
Moved 408.4163 494.2091 262 0.2330019 0.09548625
Moved 408.4447 504.7035 263 0.2512213 0.0998264
Moved 408.4793 516.9511 264 0.2724846 0.1041668
Moved 408.5079 528.8247 265 0.2930985 0.108507
Moved 408.5375 539.8945 266 0.3123168 0.1128472
Moved 408.567 553.0803 266 0.3352088 0.1128472
Moved 408.598 564.54 266 0.3551042 0.1128472
Moved 408.6276 575.2689 266 0.3737308 0.1128472
Moved 408.6744 590.0233 266 0.3993461 0.1128472
Moved 408.7018 598.6545 266 0.4143307 0.1128472
Moved 408.7291 601.9686 266 0.4200844 0.1128472
Moved 408.7595 606.8467 266 0.4285534 0.1128472
Moved 408.7861 608.2895 266 0.4310581 0.1128472
Moved 408.8135 609 266 0.4322917 0.1128472
Stationary 408.8404 609 266 0.4322917 0.1128472
Moved 408.867 604.3349 266 0.4241925 0.1128472
Moved 408.8952 584.2407 267.0759 0.3893067 0.1175171
Moved 408.9228 557.2272 272.9495 0.3424084 0.1430101
Moved 408.9673 514.4557 276.2827 0.2681522 0.1574772
Moved 408.9946 493.1333 276.8741 0.2311342 0.1600438
Moved 409.0258 468.934 279.7066 0.1891216 0.1723377
Moved 409.053 458.0332 281.1381 0.1701966 0.1785509
Moved 409.0811 439.9602 282 0.1388199 0.1822917
Moved 409.1082 426.0434 283.6594 0.1146587 0.1894942
Moved 409.1352 409.1018 286.414 0.08524612 0.2014497
Moved 409.1612 405.6073 286 0.07917926 0.1996528
Moved 409.188 394.8383 289.4411 0.06048322 0.2145883
Moved 409.2149 386.5 292.5 0.04600696 0.2278647
Moved 409.2575 377.468 298.532 0.0303264 0.2540452
Moved 409.2903 373.598 301.402 0.02360761 0.2665019
Moved 409.3173 370.7239 304.2761 0.01861788 0.2789763
Moved 409.3439 369.7105 305.2895 0.01685858 0.2833745
Moved 409.3705 367.7467 306 0.01344912 0.2864584
Moved 409.3971 368 308.0626 0.01388892 0.2954108
Ended 409.4237 368 308 0.01388892 0.2951389
Backspace 424.0883
Began 424.7508 301 328 -0.1024305 0.3819445
Stationary 424.7896 301 328 -0.1024305 0.3819445
Stationary 424.8189 301 328 -0.1024305 0.3819445
Stationary 424.8463 301 328 -0.1024305 0.3819445
Stationary 424.8825 301 328 -0.1024305 0.3819445
Stationary 424.9092 301 328 -0.1024305 0.3819445
Stationary 424.9352 301 328 -0.1024305 0.3819445
Moved 424.9621 291.2178 328 -0.1194136 0.3819445
Stationary 424.989 291.2178 328 -0.1194136 0.3819445
Stationary 425.0177 291.2178 328 -0.1194136 0.3819445
Moved 425.0468 292 328 -0.1180556 0.3819445
Stationary 425.0743 292 328 -0.1180556 0.3819445
Stationary 425.1036 292 328 -0.1180556 0.3819445
Moved 425.1321 304 318.5 -0.09722222 0.3407118
Moved 425.1715 318.5748 308.1608 -0.0719187 0.295837
Moved 425.1996 332.6953 300.1219 -0.04740402 0.2609457
Moved 425.2294 345.1655 291.6259 -0.02575438 0.2240708
Moved 425.2607 358.3019 284.0189 -0.002948083 0.1910541
Moved 425.2896 370.5 278 0.01822919 0.1649306
Moved 425.3194 379.1686 272.9157 0.03327876 0.1428635
Moved 425.3475 388.7594 267.0802 0.04992947 0.1175356
Moved 425.3797 398.1483 259.6387 0.0662297 0.08523756
Moved 425.4084 406.5 251.5 0.08072921 0.04991333
Moved 425.4363 410.3519 247.6481 0.08741654 0.03319489
Moved 425.4907 428.5 230.5 0.1189236 -0.04123264
Moved 425.5197 434.7896 226.2103 0.1298431 -0.05985102
Moved 425.5522 436 225.0613 0.1319444 -0.0648382
Stationary 425.5807 436 225 0.1319444 -0.06510417
Stationary 425.6092 436 225 0.1319444 -0.06510417
Moved 425.6366 428.6923 225 0.1192575 -0.06510417
Moved 425.6691 385.3192 249.2917 0.04395701 0.04032877
Moved 425.6971 372.2113 253.9296 0.02120011 0.06045819
Moved 425.7273 343.5824 263.0253 -0.02850283 0.0999362
Moved 425.756 328.528 269.824 -0.05463899 0.1294446
Moved 425.8033 300.0361 287.7711 -0.104104 0.2073399
Moved 425.8342 287.755 297.1838 -0.1254254 0.2481934
Moved 425.8636 281.6146 302.6927 -0.1360857 0.2721037
Moved 425.8934 278.5471 306.9057 -0.1414112 0.2903894
Moved 425.9227 275.6889 308 -0.1463734 0.2951389
Moved 425.9572 275 310 -0.1475694 0.3038195
Moved 425.9866 274 311.7507 -0.1493056 0.3114181
Moved 426.0158 272.3846 312.6154 -0.1521102 0.3151712
Moved 426.0433 272 313 -0.1527778 0.3168403
Moved 426.0733 268.6446 314 -0.1586032 0.3211807
Moved 426.1201 263.6847 316 -0.1672141 0.3298611
Moved 426.1495 259.8117 318 -0.173938 0.3385417
Moved 426.1796 255.952 320 -0.180639 0.3472222
Moved 426.2085 251.8978 322.5511 -0.1876774 0.3582947
Moved 426.2414 243.7369 327.8421 -0.2018457 0.3812591
Moved 426.2725 237.4154 332.2923 -0.2128205 0.4005742
Moved 426.3031 233.2434 336.8783 -0.2200635 0.4204788
Moved 426.3337 229.2863 340.7137 -0.2269335 0.4371256
Moved 426.3635 226.4151 343.585 -0.2319183 0.4495876
Moved 426.3925 226 345.2271 -0.2326389 0.456715
Moved 426.4378 225 347.979 -0.234375 0.4686589
Moved 426.4688 225 349 -0.234375 0.4730904
Ended 426.4978 225 349 -0.234375 0.4730904
Began 426.768 293 271 -0.1163194 0.1345486
Stationary 426.8053 293 271 -0.1163194 0.1345486
Stationary 426.8339 293 271 -0.1163194 0.1345486
Stationary 426.8628 293 271 -0.1163194 0.1345486
Stationary 426.8908 293 271 -0.1163194 0.1345486
Stationary 426.9205 293 271 -0.1163194 0.1345486
Stationary 426.9503 293 271 -0.1163194 0.1345486
Stationary 426.9827 293 271 -0.1163194 0.1345486
Stationary 427.0114 293 271 -0.1163194 0.1345486
Moved 427.0406 311.8529 279.3706 -0.08358867 0.1708795
Moved 427.072 328.2126 283.2425 -0.0551865 0.1876846
Moved 427.1087 338.2453 286.8113 -0.03776856 0.2031742
Moved 427.1373 357.9195 293.2299 -0.003612042 0.2310325
Moved 427.1667 381.377 299.9648 0.03711291 0.2602641
Moved 427.196 402.4694 305.7056 0.07373162 0.2851804
Moved 427.2265 424.9944 309.7989 0.1128374 0.3029467
Moved 427.2539 443.6421 313.7737 0.1452119 0.3201983
Moved 427.2821 452.0747 315.1791 0.1598518 0.3262985
Moved 427.3097 467.3164 319.0633 0.1863132 0.3431568
Moved 427.3379 479.8793 321.5759 0.2081238 0.354062
Moved 427.3668 491.765 324.4412 0.2287587 0.3664985
Moved 427.4128 499.7477 326 0.2426175 0.3732638
Moved 427.4425 503.2417 327.2417 0.2486835 0.3786534
Moved 427.4752 507.187 327 0.2555331 0.3776042
Moved 427.5057 510.0497 327 0.260503 0.3776042
Moved 427.5341 512.9186 327 0.2654836 0.3776042
Moved 427.564 514.194 327 0.267698 0.3776042
Moved 427.5929 516.1604 327 0.2711118 0.3776042
Stationary 427.6219 516.1604 327 0.2711118 0.3776042
Moved 427.6499 517.3729 327 0.2732168 0.3776042
Stationary 427.6784 517 327 0.2725694 0.3776042
Moved 427.7309 505.523 318.3075 0.2526441 0.3398763
Moved 427.7606 492.5 304 0.2300347 0.2777779
Moved 427.7896 482.3363 294.3363 0.2123894 0.2358348
Moved 427.819 463.9763 274.9763 0.1805143 0.1518068
Moved 427.8478 446.0345 251.8483 0.1493654 0.05142477
Moved 427.8761 434.1584 235.2375 0.1287472 -0.02067036
Moved 427.9063 426.0781 225.1041 0.114719 -0.06465211
Moved 427.9342 419.3316 214.6632 0.1030062 -0.1099687
Moved 427.9644 413.588 205.882 0.09303465 -0.1480817
Moved 427.9916 408.5831 198.3746 0.08434572 -0.1806655
Moved 428.0357 404.8512 190.7024 0.07786669 -0.2139653
Moved 428.0634 398.965 182.9651 0.06764762 -0.2475474
Moved 428.0907 393.2361 176.2361 0.05770162 -0.2767531
Moved 428.1252 387.7151 171.1434 0.04811645 -0.2988568
Moved 428.1562 381.4164 165.7083 0.03718131 -0.322447
Moved 428.1946 369.2333 159.4111 0.01603007 -0.3497781
Moved 428.2261 362.7588 155.8392 0.004789532 -0.3652811
Moved 428.2566 355.0967 152.0483 -0.008512699 -0.3817347
Moved 428.2874 347.5227 149.1742 -0.02166197 -0.3942093
Moved 428.3179 342 147.5 -0.03125001 -0.4014756
Moved 428.3647 334.333 147 -0.0445608 -0.4036457
Moved 428.3919 328.9139 146 -0.05396884 -0.4079863
Moved 428.4252 323.2011 146 -0.06388699 -0.4079863
Moved 428.4561 319.1503 146 -0.07091962 -0.4079863
Moved 428.4927 314.4175 146 -0.0791363 -0.4079863
Moved 428.5212 308.0327 162.9344 -0.09022094 -0.3344859
Moved 428.5516 301.6574 180.1992 -0.1012893 -0.259552
Moved 428.5825 292.7586 211.2068 -0.1167385 -0.1249706
Moved 428.6132 285.1005 232.6985 -0.1300339 -0.0316906
Moved 428.6416 276.3702 254.8893 -0.1451906 0.06462376
Moved 428.6889 269.2216 279.1133 -0.1576013 0.1697628
Moved 428.7184 265.347 288.959 -0.1643281 0.2124956
Moved 428.7509 263.5 296 -0.1675347 0.2430556
Moved 428.7818 260.9871 300.0129 -0.1718974 0.2604729
Moved 428.815 259 303.8812 -0.1753472 0.277262
Moved 428.8434 257 306.7408 -0.1788195 0.2896737
Moved 428.8724 256 309.5 -0.1805556 0.3016495
Moved 428.9006 252.8653 312.1347 -0.1859978 0.3130847
Moved 428.9296 249.9971 315.0029 -0.1909773 0.3255337
Moved 428.9582 247.1313 317.8688 -0.1959527 0.3379721
Moved 429.0111 236.3676 330.4487 -0.2146397 0.3925724
Moved 429.0421 230.6259 337.3741 -0.2246078 0.4226306
Moved 429.072 224.9014 344.0986 -0.2345462 0.451817
Moved 429.1027 219.8187 348.0906 -0.2433704 0.4691435
Moved 429.1314 215.0335 352.9666 -0.251678 0.4903063
Moved 429.1623 212 355.8512 -0.2569445 0.5028265
Moved 429.1917 208.2772 358.7228 -0.2634076 0.5152899
Moved 429.2201 207.5 359.5 -0.2647569 0.5186633
Moved 429.2625 202.8786 362.1214 -0.2727802 0.5300409
Moved 429.2907 199.0072 364 -0.2795015 0.5381946
Moved 429.3356 192.1536 369.8464 -0.2913999 0.5635694
Moved 429.3636 185.4007 374.5993 -0.3031239 0.5841984
Moved 429.3926 182.3334 377.6666 -0.308449 0.5975115
Moved 429.4232 179.5 379 -0.3133681 0.6032988
Moved 429.4531 176.9246 382.0754 -0.3178393 0.6166469
Moved 429.487 176 384.9437 -0.3194445 0.6290961
Moved 429.5164 175 386.8119 -0.3211806 0.6372046
Moved 429.5459 174 388.2428 -0.3229167 0.643415
Moved 429.5764 172.8029 390.1971 -0.324995 0.6518971
Moved 429.6081 173 392.0671 -0.3246528 0.6600137
Moved 429.6564 172 395.0497 -0.3263889 0.6729587
Moved 429.6852 172 397 -0.3263889 0.6814238
Moved 429.7178 172 399.5 -0.3263889 0.6922744
Moved 429.7458 172 401.5 -0.3263889 0.7009551
Moved 429.7761 172 402.194 -0.3263889 0.703967
Stationary 429.8054 172 402.194 -0.3263889 0.703967
Moved 429.8329 172 403.0236 -0.3263889 0.7075677
Moved 429.8613 172 404.2487 -0.3263889 0.7128853
Moved 429.8907 172 405.2214 -0.3263889 0.7171067
Stationary 429.9193 172 405.2214 -0.3263889 0.7171067
Ended 429.9692 172 406 -0.3263889 0.7204861
Backspace 431.662
Began 432.5845 324 331 -0.06250002 0.3949653
Stationary 432.6243 324 331 -0.06250002 0.3949653
Stationary 432.6533 324 331 -0.06250002 0.3949653
Stationary 432.6808 324 331 -0.06250002 0.3949653
Stationary 432.7094 324 331 -0.06250002 0.3949653
Stationary 432.7421 324 331 -0.06250002 0.3949653
Stationary 432.7708 324 331 -0.06250002 0.3949653
Stationary 432.8086 324 331 -0.06250002 0.3949653
Stationary 432.8372 324 331 -0.06250002 0.3949653
Stationary 432.8656 324 331 -0.06250002 0.3949653
Stationary 432.8946 324 331 -0.06250002 0.3949653
Stationary 432.9247 324 331 -0.06250002 0.3949653
Stationary 432.9648 324 331 -0.06250002 0.3949653
Moved 432.996 333.5451 331 -0.04592869 0.3949653
Moved 433.0273 344.2177 321.6956 -0.02739981 0.3545814
Moved 433.0564 353.1466 317.5121 -0.01189832 0.336424
Moved 433.0866 370.893 310.204 0.01891151 0.3047048
Moved 433.1162 385.8246 302.3052 0.04483432 0.2704221
Moved 433.1435 395.1448 295.9035 0.06101526 0.2426369
Moved 433.176 406.793 287.1553 0.08123785 0.204667
Moved 433.2063 416.447 279.553 0.09799822 0.1716712
Moved 433.2357 427.026 270.974 0.1163646 0.1344358
Moved 433.2863 438.2682 259.7318 0.1358823 0.08564141
Moved 433.3159 442.5243 255.4757 0.1432713 0.06716888
Moved 433.3467 445.3903 252.6097 0.148247 0.05472992
Moved 433.3748 445.9098 252 0.149149 0.05208334
Moved 433.4092 446.5 252 0.1501736 0.05208334
Moved 433.4389 446 251 0.1493056 0.04774293
Stationary 433.4709 446 251 0.1493056 0.04774293
Moved 433.5009 424.4432 261.2784 0.1118805 0.09235409
Moved 433.5308 398.4612 270.8463 0.06677286 0.1338814
Moved 433.5623 374.437 281.2816 0.02506413 0.1791734
Moved 433.6083 345.2574 292.5809 -0.02559487 0.2282158
Moved 433.6433 319.5378 302.1849 -0.07024698 0.2698997
Moved 433.6725 306.1454 305.9418 -0.0934976 0.286206
Moved 433.7036 301.8991 307.0252 -0.1008696 0.2909082
Moved 433.7338 286.0199 311 -0.1284377 0.3081597
Moved 433.7664 277.2298 313 -0.1436982 0.3168403
Moved 433.796 270.3977 315 -0.1555596 0.3255209
Moved 433.8264 266.4908 316.1697 -0.1623424 0.3305978
Moved 433.8609 257.0596 318.4702 -0.178716 0.3405827
Moved 433.8904 247.9918 319.3361 -0.1944586 0.3443406
Moved 433.9381 232.8446 321.2888 -0.2207559 0.3528161
Moved 433.9683 223.5253 322 -0.2369353 0.3559029
Moved 433.9977 216.9669 324 -0.2483213 0.3645835
Moved 434.0273 212.4158 325 -0.2562226 0.3689236
Moved 434.0556 209.9825 326.0087 -0.2604471 0.3733018
Moved 434.0901 206.6731 326 -0.2661925 0.3732638
Ended 434.1191 207 326 -0.265625 0.3732638
Began 434.5079 263 233 -0.1684028 -0.03038195
Stationary 434.5449 263 233 -0.1684028 -0.03038195
Stationary 434.5721 263 233 -0.1684028 -0.03038195
Stationary 434.601 263 233 -0.1684028 -0.03038195
Stationary 434.6305 263 233 -0.1684028 -0.03038195
Stationary 434.6604 263 233 -0.1684028 -0.03038195
Moved 434.688 276.9269 233 -0.1442241 -0.03038195
Moved 434.7195 288 233 -0.125 -0.03038195
Moved 434.7491 301.0064 233 -0.1024194 -0.03038195
Moved 434.7826 315.439 233 -0.07736284 -0.03038195
Moved 434.812 325.9579 233 -0.05910084 -0.03038195
Moved 434.842 335.0726 236.627 -0.04327677 -0.01463996
Moved 434.8783 345.6358 242.4089 -0.02493791 0.01045558
Moved 434.9089 356.0222 245.2555 -0.006905869 0.02281043
Moved 434.9384 371.6475 251.259 0.02022132 0.04886747
Moved 434.9682 386.1819 256.394 0.04545473 0.07115431
Moved 434.9975 398.7293 260.8646 0.06723836 0.0905584
Moved 435.0276 412.36 265.34 0.09090275 0.1099829
Moved 435.0565 418.0754 267.7689 0.1008254 0.1205246
Moved 435.1072 439.5392 277.1797 0.138089 0.1613705
Moved 435.136 449.2995 281.0999 0.1550338 0.1783848
Moved 435.1655 457.9816 284.6605 0.170107 0.1938392
Moved 435.1941 463.0045 286.0011 0.1788273 0.1996576
Moved 435.2244 473.4697 289.7349 0.196996 0.2158633
Moved 435.2523 483.2076 292.7358 0.2139021 0.2288881
Moved 435.2805 491.5 296.5 0.2282986 0.2452258
Moved 435.3149 497.2907 300.2907 0.2383519 0.2616785
Moved 435.347 501.0256 302.0256 0.2448361 0.2692083
Moved 435.3753 503.7952 304 0.2496444 0.2777779
Moved 435.4191 504 305.2106 0.25 0.2830323
Stationary 435.4457 504 305 0.25 0.2821182
Moved 435.4723 504 306.0119 0.25 0.28651
Stationary 435.4999 504 306 0.25 0.2864584
Moved 435.5319 492.6017 306 0.2302112 0.2864584
Moved 435.5592 481.3018 292.6415 0.2105935 0.2284787
Moved 435.588 467.9784 281.1827 0.1874626 0.1787447
Moved 435.6191 454.7725 269.5794 0.1645356 0.1283829
Moved 435.6499 441.8919 252.8918 0.1421735 0.0559542
Moved 435.6811 430.0591 241.0592 0.1216304 0.004597241
Moved 435.7326 418 229 0.1006945 -0.04774293
Moved 435.7697 399.1304 218.5652 0.0679347 -0.09303305
Moved 435.8007 390.2326 213.4109 0.05248718 -0.1154041
Moved 435.8312 381.6162 209.5387 0.03752813 -0.1322105
Moved 435.8604 376.0367 205.0244 0.02784141 -0.1518036
Moved 435.8896 371.2909 200.2909 0.01960225 -0.1723484
Moved 435.9218 365.5647 195.5647 0.00966102 -0.1928616
Moved 435.9509 361.6376 190.6376 0.002843067 -0.2142465
Moved 435.985 357.8965 185.793 -0.003651939 -0.2352736
Moved 436.0151 353.0245 182.0245 -0.01211025 -0.2516295
Moved 436.0609 348.0342 177.0342 -0.02077393 -0.2732892
Moved 436.0911 344.1701 174.17 -0.02748251 -0.2857203
Moved 436.1198 340.3019 173 -0.03419813 -0.2907985
Moved 436.1473 338.8801 171.8801 -0.03666651 -0.2956592
Moved 436.1755 335.5 172 -0.04253473 -0.2951388
Moved 436.208 330 172 -0.05208332 -0.2951388
Moved 436.2349 322.8977 171 -0.06441377 -0.2994793
Moved 436.2724 313.5 181.5 -0.08072916 -0.2539061
Moved 436.2996 308.979 185.5316 -0.08857816 -0.2364079
Moved 436.3271 298.2913 207.7993 -0.1071333 -0.1397601
Moved 436.3725 285.2791 246.1626 -0.1297237 0.02674752
Moved 436.4001 280.6596 262.3827 -0.1377437 0.09714723
Moved 436.4319 274.3432 282.9703 -0.1487097 0.1865034
Moved 436.4603 269.6261 294.9348 -0.1568992 0.2384324
Moved 436.4885 266.9468 302.1063 -0.1615506 0.2695587
Moved 436.5171 265.9009 304.1981 -0.1633664 0.2786377
Moved 436.5449 262.0121 308.994 -0.1701179 0.299453
Moved 436.5743 259.1373 313.7254 -0.1751089 0.3199888
Moved 436.6075 256.2669 317.7331 -0.1800922 0.3373832
Moved 436.6389 253.698 321.3021 -0.1845521 0.3528736
Moved 436.6837 249.3978 328.6022 -0.1920178 0.3845583
Moved 436.712 248 330 -0.1944444 0.3906251
Moved 436.7404 246 333.0024 -0.1979167 0.4036565
Moved 436.7695 244.1285 334 -0.2011657 0.4079863
Moved 436.7987 243.2561 335.7439 -0.2026804 0.4155553
Stationary 436.8272 243 336 -0.203125 0.4166667
Moved 436.8577 241.5 337 -0.2057292 0.4210071
Moved 436.8848 242 338.2715 -0.2048611 0.4265256
Moved 436.9118 240.5924 338 -0.2073049 0.4253473
Stationary 436.9382 240.5924 338 -0.2073049 0.4253473
Moved 436.9813 240 339 -0.2083333 0.4296877
Stationary 437.0078 240 339 -0.2083333 0.4296877
Moved 437.0334 239.4379 339.5621 -0.2093093 0.4321275
Moved 437.0628 239 340 -0.2100695 0.4340278
Moved 437.0912 237.0479 340 -0.2134585 0.4340278
Moved 437.1231 236 340.8168 -0.2152778 0.4375728
Moved 437.1507 234 341 -0.21875 0.4383681
Moved 437.177 233.1419 341.8581 -0.2202398 0.4420926
Moved 437.2061 232 342 -0.2222222 0.4427085
Moved 437.2419 228.9898 342 -0.2274484 0.4427085
Ended 437.2894 228.9898 342 -0.2274484 0.4427085
Began 437.7235 403 180 0.07465281 -0.2604167
Stationary 437.7634 403 180 0.07465281 -0.2604167
Stationary 437.7956 403 180 0.07465281 -0.2604167
Stationary 437.8292 403 180 0.07465281 -0.2604167
Stationary 437.8598 403 180 0.07465281 -0.2604167
Stationary 437.8867 403 180 0.07465281 -0.2604167
Moved 437.917 403 189.6936 0.07465281 -0.2183438
Moved 437.9449 413.5 192.5 0.09288193 -0.2061631
Moved 437.9738 414.1156 197.1156 0.09395064 -0.1861302
Moved 438.0042 420.7634 202.8423 0.105492 -0.1612748
Moved 438.0379 426.5945 209.5945 0.1156155 -0.1319684
Moved 438.0662 433.7628 215.7628 0.1280604 -0.105196
Moved 438.0949 447.0888 227.871 0.1511958 -0.05264336
Moved 438.1355 467.5 246 0.186632 0.02604167
Moved 438.1649 480.0762 258.0762 0.2084656 0.07845575
Moved 438.1935 490.1558 265.2541 0.2259649 0.1096099
Moved 438.2274 510.3705 282.6964 0.2610599 0.1853144
Moved 438.2587 522 293 0.2812501 0.2300348
Moved 438.2863 526.1878 294.4585 0.2885205 0.2363652
Moved 438.3157 536.5 301 0.3064236 0.2647568
Moved 438.3447 545.158 306.386 0.321455 0.2881338
Moved 438.3741 552.7853 312.2618 0.3346967 0.3136362
Moved 438.4079 557.5768 317.5768 0.3430153 0.3367049
Moved 438.4613 564.5 325.5 0.3550347 0.3710938
Moved 438.4906 565.5 327.5 0.3567708 0.3797743
Moved 438.5182 565 329 0.3559028 0.3862849
Stationary 438.5458 565 329 0.3559028 0.3862849
Moved 438.5735 552.8818 329 0.3348642 0.3862849
Moved 438.6061 522.2144 319.3572 0.2816221 0.3444325
Moved 438.6351 487.6213 303.3107 0.2215648 0.2747859
Moved 438.6637 453.6455 286.5661 0.162579 0.2021098
Moved 438.6922 424.5025 274.601 0.1119835 0.150178
Moved 438.7205 398.99 264.36 0.06769098 0.1057291
Moved 438.765 353.5312 250.8722 -0.01123052 0.04718834
Moved 438.7962 332.4579 243.1963 -0.04781608 0.01387292
Moved 438.8228 325.1923 240.2769 -0.0604301 0.00120163
Moved 438.8503 308.4182 238.0697 -0.08955166 -0.008378162
Moved 438.8812 289.9952 233.1991 -0.1215362 -0.02951794
Moved 438.9087 278.3282 228.332 -0.1417913 -0.05064223
Moved 438.9379 268.5 223 -0.1588542 -0.07378473
Moved 438.9676 260.7855 218.8569 -0.1722474 -0.09176679
Moved 439.0038 253.1788 214.0596 -0.1854535 -0.1125887
Moved 439.0326 245.5737 207.3824 -0.1986569 -0.1415693
Moved 439.078 237.5281 200.5281 -0.2126248 -0.1713191
Moved 439.1069 231.7954 194.3977 -0.2225774 -0.1979266
Moved 439.1345 228.543 191.543 -0.2282239 -0.210317
Moved 439.1612 227.0918 190.0918 -0.2307433 -0.2166155
Moved 439.1893 224.5521 186.1042 -0.2351526 -0.2339226
Moved 439.2187 221.6802 184.6802 -0.2401385 -0.2401034
Moved 439.2503 220.5 182.5 -0.2421875 -0.2495659
Moved 439.2786 219.6832 181.6832 -0.2436056 -0.2531109
Moved 439.3066 218.683 180.683 -0.245342 -0.2574524
Moved 439.3352 217.993 180 -0.24654 -0.2604167
Moved 439.3798 218 177.6322 -0.2465278 -0.2706936
Stationary 439.4076 218 177.6322 -0.2465278 -0.2706936
Moved 439.4355 274.7399 193.87 -0.148021 -0.2002169
Moved 439.4695 309.3564 211.6782 -0.08792301 -0.1229243
Moved 439.5005 336.2969 228.8646 -0.04115127 -0.04833063
Moved 439.5302 360.9694 243.9805 0.001682937 0.01727647
Moved 439.5694 393.1469 262.2268 0.05754672 0.09647052
Moved 439.5988 405.8103 271.6482 0.07953175 0.1373618
Moved 439.6269 419.9915 279.9957 0.1041519 0.1735926
Moved 439.6551 428.5775 284.2888 0.1190583 0.1922255
Moved 439.7058 450.5152 295.8384 0.1571444 0.2423542
Moved 439.736 457.0915 299.3638 0.1685617 0.2576555
Moved 439.7655 464.494 303.247 0.1814133 0.2745096
Moved 439.7998 471.2279 308.114 0.1931041 0.2956335
Moved 439.8307 477.1797 310.4531 0.2034369 0.3057862
Moved 439.8615 483.9951 312 0.2152693 0.3125001
Moved 439.8929 489.7339 315.3669 0.2252325 0.3271135
Moved 439.9262 495.4688 317.2344 0.235189 0.3352189
Moved 439.9577 500.6004 318 0.244098 0.3385417
Moved 439.9862 506.333 319 0.2540504 0.342882
Moved 440.0334 511.9542 320 0.2638094 0.3472222
Moved 440.0606 514.3737 320 0.2680098 0.3472222
Moved 440.0895 515.3724 320 0.2697437 0.3472222
Moved 440.1172 516.374 320 0.2714826 0.3472222
Stationary 440.1483 516 320 0.2708333 0.3472222
Stationary 440.1758 516 320 0.2708333 0.3472222
Moved 440.2037 516 305.8584 0.2708333 0.2858436
Moved 440.2344 506.1745 294.3491 0.2537752 0.23589
Moved 440.2645 499.4385 283.6577 0.2420807 0.1894868
Moved 440.293 493.024 272.3733 0.2309445 0.1405091
Moved 440.3382 485.7653 254.5306 0.2183425 0.06306702
Moved 440.3708 482.5054 246.5161 0.212683 0.02828188
Moved 440.3996 478.9915 240.9746 0.2065826 0.004230208
Moved 440.4289 476.1229 234.2457 0.2016023 -0.02497514
Moved 440.4587 474.2574 228.5149 0.1983636 -0.04984856
Moved 440.4872 472.5 224 0.1953125 -0.06944432
Moved 440.5149 472 222.2509 0.1944444 -0.0770361
Moved 440.5428 470.3892 217.3892 0.1916479 -0.09813733
Moved 440.5752 468.5316 212.5316 0.1884229 -0.1192204
Moved 440.6047 468 207.3163 0.1875 -0.1418563
Moved 440.6584 465.251 198.251 0.1827274 -0.1812024
Moved 440.6898 465 192.777 0.1822916 -0.2049609
Moved 440.7201 463.9121 188.9121 0.180403 -0.2217355
Moved 440.7499 464 186.0117 0.1805556 -0.234324
Moved 440.7792 463 183.1431 0.1788195 -0.2467748
Moved 440.8116 463 180.2734 0.1788195 -0.2592298
Moved 440.8394 462.1253 179.1254 0.1773009 -0.2642127
Moved 440.8678 462 177.7312 0.1770833 -0.2702638
Moved 440.8971 460.719 175.719 0.1748594 -0.2789973
Moved 440.9256 459.8579 174.8579 0.1733645 -0.2827349
Moved 440.9724 446.9816 175 0.1510096 -0.282118
Moved 441.0024 435.9886 190.7585 0.1319247 -0.2137216
Moved 441.035 422.3753 203.6246 0.1082905 -0.1578791
Moved 441.065 405.8626 217.4479 0.07962257 -0.09788236
Moved 441.095 391.7949 228.2052 0.05519942 -0.05119271
Moved 441.1243 381.292 237.281 0.03696531 -0.01180119
Moved 441.1556 373.1271 242.5819 0.02279014 0.0112062
Moved 441.187 366.354 247.646 0.01103133 0.03318575
Moved 441.2169 359.6091 252.3909 -0.0006787106 0.05377982
Moved 441.2519 354 256.5 -0.01041666 0.07161459
Moved 441.3082 346.1097 262.8903 -0.02411507 0.09935048
Moved 441.3387 344 264.779 -0.02777778 0.1075477
Moved 441.3712 342.7951 266.2049 -0.02986957 0.1137367
Moved 441.3996 340.821 267 -0.03329691 0.1171876
Moved 441.4274 339.9598 268 -0.03479201 0.1215278
Moved 441.4557 340 268.906 -0.03472224 0.1254602
Moved 441.4867 338.6282 269 -0.03710385 0.1258681
Stationary 441.5146 339 269 -0.03645834 0.1258681
Moved 441.5419 339 270 -0.03645834 0.1302083
Stationary 441.5703 339 270 -0.03645834 0.1302083
Moved 441.6169 339 271.4423 -0.03645834 0.1364682
Stationary 441.6449 339 271.4423 -0.03645834 0.1364682
Stationary 441.6737 339 271 -0.03645834 0.1345486
Stationary 441.7052 339 271 -0.03645834 0.1345486
Stationary 441.7334 339 271 -0.03645834 0.1345486
Ended 441.7604 339 271 -0.03645834 0.1345486
Began 442.2014 176 295 -0.3194445 0.2387153
Stationary 442.2388 176 295 -0.3194445 0.2387153
Stationary 442.2674 176 295 -0.3194445 0.2387153
Stationary 442.2946 176 295 -0.3194445 0.2387153
Stationary 442.325 176 295 -0.3194445 0.2387153
Stationary 442.3527 176 295 -0.3194445 0.2387153
Stationary 442.3803 176 295 -0.3194445 0.2387153
Stationary 442.4073 176 295 -0.3194445 0.2387153
Stationary 442.4346 176 295 -0.3194445 0.2387153
Stationary 442.4629 176 295 -0.3194445 0.2387153
Stationary 442.4927 176 295 -0.3194445 0.2387153
Moved 442.525 187.4052 295 -0.2996438 0.2387153
Moved 442.5549 206.4832 304.4407 -0.2665221 0.2796907
Moved 442.5843 236.2426 308.1775 -0.2148565 0.2959093
Moved 442.6139 271.5205 310.46 -0.1536103 0.3058161
Moved 442.6432 306.1142 314.0088 -0.09355181 0.3212188
Moved 442.6878 361.2954 319 0.002248958 0.342882
Moved 442.7166 376.8052 320.6505 0.02917566 0.3500454
Moved 442.7497 413.949 323 0.09366148 0.3602431
Moved 442.778 426.4207 324.0421 0.1153138 0.3647659
Moved 442.8121 454.4024 324 0.163893 0.3645835
Moved 442.841 469.537 324 0.1901683 0.3645835
Moved 442.8755 481.0425 324 0.2101433 0.3645835
Moved 442.9055 492.9271 325.4818 0.2307762 0.3710146
Moved 442.9342 501.0152 325 0.244818 0.3689236
Moved 442.9654 507.4242 325 0.2559448 0.3689236
Moved 443.0098 510.7553 325 0.261728 0.3689236
Moved 443.0372 512.1899 325 0.2642187 0.3689236
Moved 443.0642 513 325 0.265625 0.3689236
Moved 443.0925 514 325 0.2673611 0.3689236
Moved 443.1201 501.7621 315.3811 0.2461148 0.327175
Moved 443.153 477.5657 306.7697 0.2041072 0.2897991
Moved 443.1833 444.0338 294.5488 0.1458919 0.2367571
Moved 443.215 410.0636 283.0824 0.08691601 0.1869896
Moved 443.2431 380.4658 273.8397 0.03553092 0.1468738
Moved 443.273 347.8395 263.3053 -0.02111197 0.1011515
Moved 443.3209 314.8606 250.3228 -0.07836696 0.04480362
Moved 443.3591 293.6445 240.7048 -0.1152005 0.003059308
Moved 443.3904 278.8386 231.1031 -0.1409053 -0.03861481
Moved 443.4259 265.289 221.8594 -0.1644288 -0.07873536
Moved 443.457 257.6834 217.5612 -0.177633 -0.09739082
Moved 443.4854 256.1308 215.1309 -0.1803284 -0.107939
Moved 443.5143 249.7798 209.7798 -0.1913545 -0.1311641
Moved 443.548 244.5812 205.7905 -0.2003799 -0.1484786
Moved 443.5796 235.8382 197.4191 -0.2155588 -0.1848131
Moved 443.6084 233.9777 194.9553 -0.2187888 -0.1955063
Moved 443.6551 225.0403 188.0404 -0.234305 -0.2255191
Moved 443.6854 218.3289 184.1644 -0.2459567 -0.2423419
Moved 443.7151 213.585 180.2925 -0.2541928 -0.2591473
Moved 443.747 209.843 177.4215 -0.2606893 -0.2716079
Moved 443.7758 206.855 176 -0.2658767 -0.2777778
Moved 443.804 202.9954 172.9954 -0.2725775 -0.2908186
Moved 443.832 198.239 171.1195 -0.280835 -0.2989606
Moved 443.8602 191.5 169.5 -0.2925347 -0.3059895
Moved 443.8883 186.428 169 -0.3013402 -0.3081596
Moved 443.9205 179.6924 169 -0.3130341 -0.3081596
Moved 443.9676 168.6343 169 -0.3322322 -0.3081596
Moved 443.9962 162.1271 180.8304 -0.3435293 -0.2568123
Moved 444.025 154.348 193.304 -0.3570347 -0.2026738
Moved 444.0532 151.4897 199.0205 -0.361997 -0.1778624
Moved 444.081 147.8687 211.6565 -0.3682835 -0.1230187
Moved 444.1131 144.3238 220.7048 -0.3744379 -0.08374625
Moved 444.1404 143 228.6364 -0.3767361 -0.04932126
Moved 444.1685 142 234.8313 -0.3784722 -0.02243347
Moved 444.1963 142 238.9513 -0.3784722 -0.004551543
Moved 444.2244 142 241.7323 -0.3784722 0.007518663
Moved 444.2703 142 252.0096 -0.3784722 0.05212533
Moved 444.3018 142 259.7432 -0.3784722 0.08569122
Moved 444.3299 142 263.2993 -0.3784722 0.1011255
Moved 444.3591 154.8966 268.9311 -0.3560823 0.125569
Moved 444.3888 163.5175 274.6783 -0.3411154 0.1505137
Moved 444.4189 175.5 281.5 -0.3203125 0.1801215
Moved 444.4485 191.3802 287.4601 -0.2927428 0.20599
Moved 444.4806 211.7162 292.1023 -0.2574371 0.2261385
Moved 444.5085 226.8561 295.9424 -0.2311525 0.2428058
Moved 444.5357 237.0284 297 -0.2134923 0.247396
Moved 444.5803 257.8763 302.5505 -0.1772981 0.2714867
Moved 444.6093 268.5736 304.6434 -0.1587264 0.2805702
Moved 444.6372 273.237 306.079 -0.1506301 0.2868014
Moved 444.6694 280.8449 307.615 -0.1374221 0.2934679
Moved 444.6984 288.4569 309.4857 -0.1242067 0.3015871
Moved 444.7269 294.7064 310 -0.1133569 0.3038195
Moved 444.7555 299.8016 310.9008 -0.1045111 0.3077293
Moved 444.7848 303.732 311 -0.09768751 0.3081597
Moved 444.815 306.5915 311 -0.09272304 0.3081597
Moved 444.8465 308.0276 311 -0.09022978 0.3081597
Moved 444.8914 310 311 -0.08680557 0.3081597
Moved 444.9198 311.2485 311 -0.08463807 0.3081597
Stationary 444.9488 311.2485 311 -0.08463807 0.3081597
Stationary 444.9768 311.2485 311 -0.08463807 0.3081597
Moved 445.0103 302.8138 293.2206 -0.09928166 0.2309924
Moved 445.0443 297.0873 285.6309 -0.1092235 0.1980509
Moved 445.0744 290.3532 279.3532 -0.1209145 0.170804
Moved 445.1038 285.3511 275.3511 -0.1295988 0.1534335
Moved 445.1339 277.9134 269.6089 -0.1425116 0.1285108
Moved 445.1673 270.8864 264.8864 -0.1547112 0.1080138
Moved 445.2164 262.9369 257.9369 -0.1685124 0.07785109
Moved 445.2523 254.816 251.2107 -0.182611 0.04865766
Moved 445.2819 246.165 245.7217 -0.1976302 0.02483368
Moved 445.3126 238.4599 240.3066 -0.2110072 0.001330773
Moved 445.342 230.0117 237 -0.2256741 -0.0130207
Moved 445.3747 224.4682 234.4683 -0.2352983 -0.02400915
Moved 445.4062 219.2078 232.6039 -0.2444308 -0.03210121
Moved 445.4423 213.5894 233 -0.2541851 -0.03038195
Moved 445.4731 208.4439 233 -0.2631183 -0.03038195
Moved 445.5021 205.8507 233 -0.2676203 -0.03038195
Moved 445.5486 200.8986 233 -0.2762178 -0.03038195
Moved 445.5787 198.0242 233 -0.281208 -0.03038195
Moved 445.6074 197.5 233 -0.2821181 -0.03038195
Moved 445.6402 194.8494 233 -0.2867198 -0.03038195
Stationary 445.6676 194.8494 233 -0.2867198 -0.03038195
Ended 445.6953 192.8501 233 -0.2901909 -0.03038195
Began 446.2491 434 262 0.1284722 0.09548625
Stationary 446.2839 434 262 0.1284722 0.09548625
Stationary 446.3144 434 262 0.1284722 0.09548625
Stationary 446.3458 434 262 0.1284722 0.09548625
Stationary 446.3748 434 262 0.1284722 0.09548625
Stationary 446.4044 434 262 0.1284722 0.09548625
Stationary 446.4322 434 262 0.1284722 0.09548625
Stationary 446.4605 434 262 0.1284722 0.09548625
Moved 446.4889 447.2406 262 0.1514594 0.09548625
Moved 446.5239 451.9732 262 0.1596758 0.09548625
Moved 446.5525 456.3525 262 0.1672787 0.09548625
Moved 446.5808 458.9429 268.6001 0.1717758 0.1241324
Moved 446.6092 460.3513 269 0.1742211 0.1258681
Moved 446.6382 461 272.2233 0.1753473 0.1398581
Moved 446.667 462 276.1967 0.1770833 0.1571037
Moved 446.7 462 283.1909 0.1770833 0.1874603
Moved 446.73 462 291.4461 0.1770833 0.2232905
Moved 446.7586 452.3268 298.7638 0.1602896 0.2550512
Moved 446.7868 450.7503 305.4993 0.1575527 0.2842854
Moved 446.8323 445.8233 312.1766 0.1489989 0.3132667
Moved 446.8614 444 316.0508 0.1458333 0.3300817
Moved 446.8954 441.5 318.5 0.1414931 0.3407118
Moved 446.9236 440.8259 319.1741 0.1403227 0.3436378
Moved 446.9572 440 321.3392 0.1388889 0.3530346
Moved 446.9887 440 322.3729 0.1388889 0.3575211
Stationary 447.0157 440 322.3729 0.1388889 0.3575211
Stationary 447.0437 440 322 0.1388889 0.3559029
Stationary 447.0767 440 322 0.1388889 0.3559029
Stationary 447.1038 440 322 0.1388889 0.3559029
Stationary 447.1469 440 322 0.1388889 0.3559029
Moved 447.1743 448.7596 315.9236 0.1540964 0.3295295
Moved 447.2018 453.2655 308.1017 0.1619193 0.2955805
Moved 447.2299 457.5097 299.471 0.1692876 0.2581209
Moved 447.2611 460.0465 290.8605 0.1736919 0.2207487
Moved 447.2888 464.8205 277.4488 0.18198 0.1625382
Moved 447.3186 468.5569 262.1076 0.1884669 0.09595315
Moved 447.3524 471.5 245.5 0.1935764 0.02387153
Moved 447.3855 474.1632 235.3472 0.1982001 -0.02019445
Moved 447.4156 476 224.8945 0.2013889 -0.06556194
Moved 447.4684 479 207.6965 0.2065972 -0.140206
Moved 447.4965 481 199.3821 0.2100694 -0.1762929
Moved 447.5272 483 191.5022 0.2135417 -0.210494
Moved 447.5591 484 184.7651 0.2152778 -0.2397347
Moved 447.5897 485 180.8008 0.2170139 -0.256941
Moved 447.6194 486 176.9869 0.21875 -0.2734942
Moved 447.6583 486 174.5 0.21875 -0.2842881
Moved 447.6907 487 173 0.2204861 -0.2907985
Stationary 447.7214 487 173 0.2204861 -0.2907985
Moved 447.7505 489.2476 172 0.2243883 -0.2951388
Moved 447.7971 498.0748 172 0.2397133 -0.2951388
Moved 447.8265 509.865 188.3313 0.2601823 -0.2242564
Moved 447.859 519.0109 199.3479 0.2760606 -0.1764413
Moved 447.8904 528.5803 214.1605 0.2926741 -0.1121504
Moved 447.9208 537.1302 229.5504 0.3075178 -0.04535411
Moved 447.95 544.1487 242.723 0.3197026 0.01181867
Moved 447.9788 551.3484 256.6968 0.3322021 0.07246879
Moved 448.0064 553.6292 263.2583 0.3361617 0.1009475
Moved 448.0409 561.8696 281.4782 0.350468 0.180027
Moved 448.0723 565.7411 291.2234 0.3571895 0.222324
Moved 448.1227 570.0452 302.0903 0.3646618 0.2694894
Moved 448.1556 572.5 308 0.3689237 0.2951389
Moved 448.1853 574.425 313.8501 0.3722658 0.3205301
Moved 448.2182 575 317.3029 0.3732639 0.3355163
Moved 448.2583 577.3047 321.3047 0.3772652 0.3528852
Moved 448.29 578 324.1749 0.3784722 0.3653426
Moved 448.3203 580.0479 327.0479 0.3820277 0.3778123
Moved 448.3521 580 327.6851 0.3819445 0.3805778
Moved 448.3824 581.013 329.013 0.3837031 0.3863412
Moved 448.4141 583.326 330 0.3877188 0.3906251
Moved 448.466 585.3154 332.3154 0.3911726 0.4006748
Moved 448.4987 587.1375 332 0.3943359 0.3993056
Moved 448.5309 589.0056 333.0056 0.3975792 0.4036702
Moved 448.5607 590.4424 333 0.4000736 0.4036459
Moved 448.5916 592 334 0.4027778 0.4079863
Moved 448.6255 595 334 0.4079861 0.4079863
Moved 448.6607 596.5 334 0.4105903 0.4079863
Moved 448.6906 596 334 0.4097223 0.4079863
Ended 448.721 596 334 0.4097223 0.4079863
Began 450.11 109 316 -0.4357639 0.3298611
Stationary 450.1483 109 316 -0.4357639 0.3298611
Stationary 450.181 109 316 -0.4357639 0.3298611
Stationary 450.2096 109 316 -0.4357639 0.3298611
Stationary 450.2372 109 316 -0.4357639 0.3298611
Stationary 450.2676 109 316 -0.4357639 0.3298611
Stationary 450.2975 109 316 -0.4357639 0.3298611
Stationary 450.3254 109 316 -0.4357639 0.3298611
Stationary 450.3556 109 316 -0.4357639 0.3298611
Stationary 450.3862 109 316 -0.4357639 0.3298611
Moved 450.4172 124.3919 316 -0.4090419 0.3298611
Moved 450.4469 142.5102 323.9301 -0.3775864 0.3642799
Moved 450.487 168.7847 325.7785 -0.331971 0.3723026
Moved 450.5197 214.9552 330.0796 -0.2518138 0.3909705
Moved 450.5537 236.5 332 -0.2144097 0.3993056
Moved 450.585 266.651 332 -0.1620642 0.3993056
Moved 450.6158 287.8176 332 -0.1253166 0.3993056
Moved 450.6467 307.909 332 -0.09043583 0.3993056
Moved 450.6761 321.8552 332 -0.06622355 0.3993056
Moved 450.7066 336.5 332 -0.0407986 0.3993056
Moved 450.7402 348.504 332 -0.01995828 0.3993056
Moved 450.77 362.2127 323.3022 0.003841445 0.3615548
Moved 450.8167 378.573 321.8568 0.03224478 0.3552812
Moved 450.8452 389.0639 319.9787 0.05045816 0.3471299
Moved 450.8737 399.5727 318.1068 0.06870255 0.3390053
Moved 450.906 408.6687 317 0.08449436 0.3342015
Moved 450.9393 416.8622 315.7126 0.09871908 0.3286137
Moved 450.9701 424.4702 316 0.1119275 0.3298611
Moved 450.9995 430.4972 316 0.122391 0.3298611
Moved 451.0299 437 316 0.1336806 0.3298611
Moved 451.0607 441.405 316 0.1413281 0.3298611
Moved 451.0924 446.5525 316 0.1502647 0.3298611
Moved 451.1465 452.5303 316 0.1606429 0.3298611
Moved 451.1846 460.1068 316 0.1737965 0.3298611
Moved 451.2162 465.8439 316 0.1837568 0.3298611
Moved 451.2451 470.8716 316 0.1924855 0.3298611
Moved 451.2766 476.6046 315 0.2024385 0.3255209
Moved 451.3058 483.3502 314.3249 0.2141497 0.3225907
Moved 451.3389 487.097 314 0.2206545 0.3211807
Moved 451.3682 493.0144 314 0.2309278 0.3211807
Moved 451.398 495.8792 314 0.2359013 0.3211807
Moved 451.4272 498.5 314 0.2404514 0.3211807
Moved 451.4756 500.2856 314 0.2435513 0.3211807
Moved 451.5053 501.1519 312.8481 0.2450553 0.3161812
Moved 451.5387 501 311.5474 0.2447917 0.3105357
Moved 451.5674 492.3419 310.038 0.2297604 0.3039845
Moved 451.5967 464.7099 298.684 0.1817881 0.2547047
Moved 451.626 449.0007 292.9094 0.1545151 0.2296414
Moved 451.6547 413.3596 280.4532 0.09263822 0.1755782
Moved 451.6846 388.1877 270.2751 0.04893691 0.1314023
Moved 451.7183 355.9302 255.6892 -0.00706561 0.06809554
Moved 451.7474 332.0306 243.3032 -0.04855797 0.01433691
Moved 451.7979 298.2554 222.6277 -0.1071955 -0.07540068
Moved 451.8287 284.2623 211.9468 -0.1314891 -0.1217587
Moved 451.8602 273.3387 201.7849 -0.1504537 -0.1658641
Moved 451.8899 265.7275 191.6366 -0.1636676 -0.2099106
Moved 451.9227 260.0056 182.0168 -0.1736014 -0.2516631
Moved 451.9531 256.1393 173.4178 -0.1803138 -0.2889851
Moved 451.9831 252.2625 164.7875 -0.1870443 -0.3264433
Moved 452.013 248.7377 158.4755 -0.1931637 -0.3538392
Moved 452.0421 245.8548 150.7097 -0.1981687 -0.3875447
Moved 452.0733 243.9881 143.9644 -0.2014095 -0.4168214
Moved 452.1245 243 138.1025 -0.203125 -0.4422635
Moved 452.1534 243 136.6156 -0.203125 -0.4487171
Moved 452.1819 243 134.7472 -0.203125 -0.4568263
Moved 452.2098 254.1926 135 -0.1836935 -0.4557291
Moved 452.2384 273.9548 148.9698 -0.149384 -0.3950963
Moved 452.2678 295.1633 167.1633 -0.1125637 -0.3161314
Moved 452.3047 325.1409 191.4846 -0.06051921 -0.2105704
Moved 452.3347 339.2924 201.0339 -0.03595077 -0.1691236
Moved 452.3691 363.7237 211.6464 0.00646472 -0.1230627
Moved 452.3995 380.421 218.0842 0.03545314 -0.09512054
Moved 452.4484 399.2901 224.1161 0.068212 -0.06894059
Moved 452.4812 415.692 225 0.09668745 -0.06510417
Moved 452.5168 430.0854 226 0.1216761 -0.06076403
Moved 452.5477 441.7543 226 0.1419345 -0.06076403
Moved 452.5797 450.8701 227 0.1577607 -0.05642362
Moved 452.6089 461.3535 227 0.175961 -0.05642362
Moved 452.6387 471.8281 227 0.1941461 -0.05642362
Moved 452.6685 483.5 227 0.2144098 -0.05642362
Moved 452.7014 494.3245 227 0.2332022 -0.05642362
Moved 452.7306 505.8147 227 0.2531505 -0.05642362
Moved 452.7804 526.4623 227 0.288997 -0.05642362
Moved 452.8127 539.3494 227 0.3113704 -0.05642362
Moved 452.8416 549.3795 227 0.3287838 -0.05642362
Moved 452.8723 554.341 227 0.3373976 -0.05642362
Moved 452.9048 565.4754 228.7377 0.3567281 -0.04888164
Moved 452.9333 569.4841 230.1614 0.3636877 -0.04270236
Moved 452.9619 574.0427 232.0427 0.3716019 -0.03453679
Moved 452.9906 577.9125 233.9125 0.3783204 -0.02642155
Moved 453.0189 580.4766 236.4766 0.3827718 -0.0152927
Moved 453.0506 581 241.6993 0.3836806 0.007375612
Moved 453.0974 581 246.6676 0.3836806 0.02893925
Moved 453.1256 570.2314 250.3931 0.3649852 0.0451088
Moved 453.1537 552.5631 256.0624 0.334311 0.06971546
Moved 453.1817 524.5242 260.9476 0.2856323 0.09091828
Moved 453.2147 502.5 264.5 0.2473959 0.1063368
Moved 453.2461 473.0792 267.3245 0.196318 0.1185962
Moved 453.2777 450.6746 270.1893 0.1574212 0.1310301
Moved 453.3079 434.6801 274.1279 0.129653 0.1481247
Moved 453.3379 421.3504 276.6083 0.1065111 0.1588901
Moved 453.3717 408.0757 280.4811 0.08346483 0.1756991
Moved 453.4199 389.6893 287.7703 0.05154387 0.2073364
Moved 453.4503 381.3388 293.4408 0.0370466 0.2319478
Moved 453.4807 372.4435 300.371 0.02160326 0.2620271
Moved 453.5104 366.9073 305.0927 0.01199193 0.2825202
Moved 453.5437 362.1637 307.9182 0.003756434 0.2947838
Moved 453.5741 359.5408 310.4592 -0.0007972122 0.3058127
Moved 453.6043 357.8353 312.1647 -0.003758222 0.313215
Moved 453.6359 358 313.3766 -0.003472231 0.3184751
Moved 453.6657 358 314 -0.003472231 0.3211807
Ended 453.7033 358 314 -0.003472231 0.3211807
PhraseEnd 456.7776
