the quick brown fox jumps over the lazy dog
Basic
0.8 0.8
575.9999 435.2
Began 2170.729 306 533 -0.09374999 0.3791361
Stationary 2170.82 306 533 -0.09374999 0.3791361
Stationary 2170.892 306 533 -0.09374999 0.3791361
Stationary 2170.966 306 533 -0.09374999 0.3791361
Moved 2171.041 323.4775 523.5225 -0.06340716 0.3573588
Moved 2171.116 345.2186 504.7268 -0.02566222 0.3141701
Moved 2171.191 366.5133 485.3651 0.01130775 0.2696808
Moved 2171.266 394.162 444.6759 0.05930908 0.1761855
Moved 2171.342 411.7388 411.7835 0.08982436 0.1006055
Moved 2171.416 421.7366 390.5269 0.1071815 0.05176212
Moved 2171.491 427.4591 377.0818 0.1171165 0.02086815
Moved 2171.561 432.2995 361.1014 0.12552 -0.01585161
Moved 2171.649 432 358 0.125 -0.02297794
Moved 2171.719 391.8858 372.7928 0.05535737 0.01101284
Moved 2171.789 354.2548 403.7452 -0.009974391 0.08213517
Moved 2171.86 325.5307 429.4693 -0.05984254 0.1412438
Moved 2171.933 298.0081 457.9918 -0.1076248 0.2067827
Moved 2172.008 279 477.5 -0.140625 0.2516085
Moved 2172.083 264.861 487.3797 -0.165172 0.27431
Moved 2172.155 251 503 -0.1892361 0.3102022
Moved 2172.228 245.0825 511.9175 -0.1995095 0.3306928
Moved 2172.301 234.468 528.5319 -0.2179374 0.3688693
Moved 2172.41 224.9919 540.0082 -0.2343892 0.3952394
Ended 2172.485 225 542 -0.234375 0.3998163
Began 2172.88 134 530 -0.3923612 0.3722427
Stationary 2172.966 134 530 -0.3923612 0.3722427
Stationary 2173.037 134 530 -0.3923612 0.3722427
Moved 2173.111 169.7073 530 -0.3303692 0.3722427
Moved 2173.183 232.8536 530 -0.2207402 0.3722427
Moved 2173.256 279.6279 530 -0.1395349 0.3722427
Moved 2173.332 329.4048 530 -0.05311676 0.3722427
Moved 2173.406 377.6951 530 0.03072068 0.3722427
Moved 2173.486 423.6827 523 0.1105603 0.3561581
Moved 2173.558 464.7495 522 0.1818568 0.3538603
Moved 2173.63 500.9818 519.0045 0.2447602 0.3469773
Moved 2173.7 518.1735 517 0.2746067 0.3423713
Moved 2173.774 532.2809 510.8596 0.2990988 0.3282619
Moved 2173.845 539.5 506.5 0.3116319 0.3182446
Moved 2173.918 540 503.2218 0.3125 0.3107119
Moved 2173.997 500.638 469.6017 0.2441631 0.2334599
Moved 2174.071 465.68 428.4 0.1834723 0.1387869
Moved 2174.147 420.9919 370.7399 0.1058887 0.006295654
Moved 2174.26 362.7254 303.9672 0.004731641 -0.1471342
Moved 2174.334 351.8237 287.8237 -0.01419503 -0.1842286
Moved 2174.416 338.5848 269.5848 -0.03717911 -0.2261377
Moved 2174.491 330.5 254.5 -0.05121529 -0.2607996
Moved 2174.565 313.258 237.2579 -0.08114938 -0.3004185
Moved 2174.638 304.7937 232 -0.09584431 -0.3125
Moved 2174.709 299.5 227.5 -0.1050347 -0.3228401
Moved 2174.781 296.734 226 -0.1098368 -0.3262869
Moved 2174.858 306.6948 225 -0.09254371 -0.3285846
Moved 2174.934 375.0144 287.0144 0.0260666 -0.1860882
Moved 2175.044 458.0616 363.1868 0.1702459 -0.01105961
Moved 2175.121 497.7027 393.4189 0.2390672 0.0584074
Moved 2175.198 517.3417 410.8945 0.2731627 0.0985627
Moved 2175.27 525.882 418.882 0.2879896 0.1169165
Moved 2175.347 536.7159 424 0.3067985 0.1286765
Moved 2175.425 546.9619 425.9619 0.3245867 0.1331846
Moved 2175.499 549.5 426 0.3289931 0.1332721
Ended 2175.569 549 426 0.328125 0.1332721
Began 2176.399 437 220 0.1336806 -0.3400736
Stationary 2176.477 437 220 0.1336806 -0.3400736
Stationary 2176.556 437 220 0.1336806 -0.3400736
Moved 2176.634 421.0679 235.9321 0.1060206 -0.3034648
Moved 2176.703 413.8942 242.1058 0.09356634 -0.2892789
Moved 2176.776 411.4556 245 0.08933261 -0.2826287
Moved 2176.851 410 247.2736 0.08680553 -0.2774045
Moved 2176.935 406.5 250.5 0.08072921 -0.2699908
Moved 2177.012 400.2178 255.7821 0.06982259 -0.2578537
Moved 2177.088 384.5346 272.6981 0.04259482 -0.2189842
Moved 2177.162 360.9256 316.4574 0.001606867 -0.1184343
Moved 2177.235 331.7774 373.5566 -0.04899763 0.01276795
Moved 2177.307 309.2669 416.3771 -0.08807823 0.1111607
Moved 2177.378 295.9069 447.2794 -0.1112728 0.1821678
Moved 2177.476 287.663 467.6741 -0.1255851 0.2290305
Moved 2177.547 288 484.5772 -0.125 0.2678705
Moved 2177.619 296.3224 496.3224 -0.1105514 0.2948585
Moved 2177.693 315.8801 512.4401 -0.07659701 0.3318936
Moved 2177.767 354.2435 518 -0.009993985 0.3446691
Moved 2177.841 401.1343 506.0853 0.07141382 0.3172916
Moved 2177.919 442.2811 493.4297 0.1428491 0.2882118
Moved 2177.99 465.8342 487.0331 0.18374 0.2735137
Moved 2178.064 496.1238 482.1752 0.2363261 0.2623512
Moved 2178.135 523.7294 478 0.2842525 0.2527574
Moved 2178.242 545.5323 475 0.3221048 0.245864
Moved 2178.313 551.9225 475 0.3331988 0.245864
Moved 2178.386 555 475 0.3385417 0.245864
Moved 2178.462 541.1651 487.89 0.3145228 0.2754824
Moved 2178.533 509.5122 491 0.2595699 0.2826287
Moved 2178.605 470 491 0.1909722 0.2826287
Moved 2178.678 409.3217 483 0.08562789 0.2642463
Moved 2178.75 354.8305 476.8329 -0.008974858 0.2500758
Moved 2178.822 310.2376 476 -0.08639303 0.2481618
Moved 2178.894 281.3721 475 -0.1365068 0.245864
Moved 2178.999 246.1201 474 -0.1977082 0.2435662
Moved 2179.069 215.5464 484.5814 -0.2507874 0.2678801
Moved 2179.138 194.9113 502.0591 -0.2866124 0.3080404
Moved 2179.214 184.1696 510.8304 -0.3052611 0.3281949
Moved 2179.284 180 515 -0.3125 0.3377758
Moved 2179.362 179 517.8547 -0.3142361 0.3443353
Moved 2179.436 179 518 -0.3142361 0.3446691
Moved 2179.508 220.8951 495.5118 -0.2415016 0.2929959
Moved 2179.583 286.1894 455.358 -0.1281434 0.2007307
Moved 2179.655 331.5493 425.5423 -0.04939367 0.1322204
Moved 2179.767 381.0423 381.9577 0.03653177 0.032072
Moved 2179.846 402.8108 353.5856 0.07432432 -0.03312139
Moved 2179.92 416.7587 332.4825 0.09853945 -0.08161181
Moved 2179.994 425.1466 309.7068 0.1131018 -0.1339457
Moved 2180.069 433.4478 288.6566 0.1275136 -0.1823148
Moved 2180.143 445.6069 264.1794 0.1486231 -0.2385584
Moved 2180.22 454.4457 246.1085 0.1639683 -0.2800815
Moved 2180.296 458.2548 234.7452 0.1705813 -0.306192
Moved 2180.366 459 230.5 0.171875 -0.3159467
Moved 2180.437 461 227 0.1753473 -0.323989
Ended 2180.548 461 227 0.1753473 -0.323989
Began 2181.871 287 370 -0.1267361 0.004595589
Stationary 2181.955 287 370 -0.1267361 0.004595589
Stationary 2182.03 287 370 -0.1267361 0.004595589
Stationary 2182.105 287 370 -0.1267361 0.004595589
Moved 2182.181 301.7411 384.7411 -0.1011439 0.03846765
Moved 2182.256 387.5657 413.8018 0.04785717 0.1052431
Moved 2182.33 468.6997 447.4221 0.1887147 0.1824956
Moved 2182.407 512.0612 472.0408 0.2639951 0.2390643
Moved 2182.481 535.5114 485 0.3047073 0.268842
Moved 2182.558 551.5744 492 0.3325945 0.2849265
Moved 2182.639 559.5 494 0.3463542 0.2895221
Moved 2182.712 560 494 0.3472223 0.2895221
Moved 2182.801 544.6262 494 0.3205317 0.2895221
Moved 2182.874 499.6472 471.227 0.2424432 0.2371944
Moved 2182.948 460.0078 428.5804 0.1736247 0.1392013
Moved 2183.021 420.277 387.5641 0.1046475 0.04495446
Moved 2183.1 380.0054 354.0054 0.03473163 -0.03215664
Moved 2183.173 350.3653 329.524 -0.01672685 -0.08840996
Moved 2183.245 330.6255 308.6255 -0.0509974 -0.1364304
Moved 2183.316 312.3515 289.3515 -0.0827231 -0.1807181
Moved 2183.389 298.194 275.796 -0.107302 -0.2118658
Moved 2183.46 283.0442 267.0442 -0.1336038 -0.2319757
Moved 2183.573 259.6653 257.8884 -0.1741923 -0.2530138
Moved 2183.642 248 248 -0.1944444 -0.2757353
Moved 2183.721 238.3331 240.3331 -0.2112272 -0.2933522
Moved 2183.802 233.0305 236 -0.2204331 -0.3033088
Moved 2183.876 232 233.8583 -0.2222222 -0.3082302
Ended 2183.948 231 232.5 -0.2239584 -0.3113511
Began 2184.531 487 335 0.2204861 -0.07582721
Stationary 2184.61 487 335 0.2204861 -0.07582721
Stationary 2184.683 487 335 0.2204861 -0.07582721
Stationary 2184.751 487 335 0.2204861 -0.07582721
Moved 2184.826 464.9876 347.0062 0.1822701 -0.04823938
Moved 2184.897 448.3298 361.6702 0.1533504 -0.01454466
Moved 2184.974 433.2285 403.4005 0.1271328 0.081343
Moved 2185.051 429.1328 449.3359 0.1200222 0.1868931
Moved 2185.128 428 478.1165 0.1180556 0.2530251
Moved 2185.203 428 495.0204 0.1180556 0.2918669
Moved 2185.277 428 504.6758 0.1180556 0.3140529
Moved 2185.35 438.5 506 0.1362847 0.3170956
Moved 2185.423 452.7348 482.5305 0.1609979 0.2631674
Moved 2185.499 474.172 407.8819 0.1982153 0.09164036
Moved 2185.598 479 337.6707 0.2065972 -0.0696906
Moved 2185.672 481 282.257 0.2100694 -0.1970198
Moved 2185.746 483.3664 258.5344 0.2141778 -0.2515295
Moved 2185.82 485 239.6642 0.2170139 -0.2948892
Moved 2185.893 486 228.0002 0.21875 -0.3216906
Moved 2185.964 487 224.2764 0.2204861 -0.3302473
Moved 2186.036 518.8368 271.1362 0.2757583 -0.222573
Moved 2186.107 544.8051 338.0127 0.3208421 -0.06890466
Moved 2186.178 551.1333 375.6664 0.3318287 0.01761591
Moved 2186.249 556 407.9084 0.3402778 0.0917013
Moved 2186.356 564.6389 442.9167 0.3552759 0.1721433
Moved 2186.427 570.0485 462.1454 0.3646675 0.2163268
Moved 2186.5 579 491.663 0.3802084 0.2841521
Moved 2186.573 586.0447 510.134 0.3924387 0.3265946
Moved 2186.643 589 516.9007 0.3975695 0.3421433
Moved 2186.717 589 517 0.3975695 0.3423713
Moved 2186.788 561.5775 496.0443 0.349961 0.2942195
Moved 2186.86 522.223 478.8057 0.2816371 0.2546088
Moved 2186.935 502.0074 472.0037 0.2465407 0.2389792
Moved 2187.016 479.9268 466.7317 0.2082062 0.2268651
Moved 2187.13 404.3424 445.0978 0.07698328 0.177155
Moved 2187.209 364.3379 439.1911 0.007531047 0.1635825
Moved 2187.286 328.1538 435.0385 -0.05528849 0.1540406
Moved 2187.362 290.0296 428.2059 -0.1214763 0.1383409
Moved 2187.438 258.0543 420.4108 -0.1769892 0.1204293
Moved 2187.519 220.3018 408.2012 -0.2425317 0.09237403
Moved 2187.597 202.937 399.9685 -0.2726788 0.07345702
Moved 2187.67 194.169 394.5845 -0.287901 0.06108586
Moved 2187.744 186.4132 389.7066 -0.301366 0.04987735
Moved 2187.819 181.5438 385.5438 -0.3098198 0.04031213
Ended 2187.928 179.6906 383.6906 -0.3130371 0.0360538
Began 2188.804 564 489 0.3541667 0.2780331
Stationary 2188.883 564 489 0.3541667 0.2780331
Stationary 2188.955 564 489 0.3541667 0.2780331
Moved 2189.028 551.2598 489 0.3320483 0.2780331
Moved 2189.105 545.1885 489 0.3215079 0.2780331
Moved 2189.181 537.7637 481.3818 0.3086175 0.2605281
Moved 2189.258 518.5261 467.8946 0.2752189 0.2295372
Moved 2189.334 496.6806 445.021 0.2372928 0.1769784
Moved 2189.409 475.5302 411.0604 0.2005733 0.098944
Moved 2189.492 455.8161 374.1761 0.1663473 0.01419152
Moved 2189.565 440.2038 338.5095 0.1392426 -0.06776319
Moved 2189.638 425.1129 317.1129 0.1130432 -0.1169282
Moved 2189.715 411.8824 292.6473 0.09007365 -0.173145
Moved 2189.791 399.4277 275.1415 0.06845079 -0.2133698
Moved 2189.868 390.8593 257.578 0.05357519 -0.253727
Moved 2189.943 379.015 235.0299 0.03301211 -0.3055379
Moved 2190.018 370.8477 222.8477 0.01883276 -0.3335302
Moved 2190.094 364.0534 216.0533 0.007037074 -0.3491422
Moved 2190.171 351.6781 213 -0.0144478 -0.3561581
Moved 2190.291 309.7119 247.6948 -0.08730572 -0.2764366
Moved 2190.366 284.5077 309.2231 -0.131063 -0.1350571
Moved 2190.441 271.1956 348.6088 -0.1541743 -0.04455693
Moved 2190.516 261.2714 379.6431 -0.1714039 0.02675358
Moved 2190.591 253.9352 403.3243 -0.1841404 0.08116793
Moved 2190.665 244.7626 434.6616 -0.2000649 0.1531748
Moved 2190.741 240 466.4421 -0.2083333 0.2261998
Moved 2190.818 240 490.613 -0.2083333 0.2817395
Moved 2190.895 240 501.0718 -0.2083333 0.3057717
Moved 2190.971 252.9382 509.9382 -0.1858713 0.3261447
Moved 2191.085 290.2939 526.0735 -0.1210176 0.3632204
Moved 2191.162 307.7356 528 -0.09073687 0.3676471
Moved 2191.239 317.5 529 -0.07378475 0.3699449
Ended 2191.309 317.5 529 -0.07378475 0.3699449
Began 2192.101 337 523 -0.03993057 0.3561581
Stationary 2192.176 337 523 -0.03993057 0.3561581
Stationary 2192.252 337 523 -0.03993057 0.3561581
Stationary 2192.33 337 523 -0.03993057 0.3561581
Moved 2192.406 369.2928 496.7072 0.01613341 0.2957426
Moved 2192.481 388.4166 479.7222 0.04933439 0.2567147
Moved 2192.555 402.9206 459.1985 0.0745149 0.2095555
Moved 2192.632 411.1153 446.8847 0.08874185 0.1812608
Moved 2192.705 417.947 435.106 0.1006024 0.1541957
Moved 2192.778 427.2685 417.2192 0.1167855 0.1130957
Moved 2192.854 436.9299 396.1401 0.1335589 0.06466025
Moved 2192.94 442 385.2063 0.1423611 0.03953657
Moved 2193.01 442 380.9196 0.1423611 0.02968662
Moved 2193.08 407.4865 379 0.08244187 0.02527581
Moved 2193.154 345.9373 388.3036 -0.02441444 0.04665365
Moved 2193.227 288.0845 420.9471 -0.1248533 0.1216617
Moved 2193.301 257.4929 453.5071 -0.1779637 0.1964777
Moved 2193.374 241.8105 466.0947 -0.2051901 0.2254016
Moved 2193.446 222.0656 478.6229 -0.2394695 0.2541888
Moved 2193.518 207.8517 493.1483 -0.2641463 0.2875651
Moved 2193.587 203 498.9627 -0.2725694 0.3009254
Ended 2193.692 199.5 503.5 -0.2786458 0.3113511
Began 2194.349 619 362 0.4496528 -0.0137867
Stationary 2194.431 619 362 0.4496528 -0.0137867
Moved 2194.504 592.4627 362 0.4035811 -0.0137867
Moved 2194.58 545.4077 362 0.3218884 -0.0137867
Moved 2194.657 489.1813 362 0.2242731 -0.0137867
Moved 2194.732 426.0162 369.9838 0.1146115 0.004558424
Moved 2194.81 353.4174 370 -0.01142815 0.004595589
Moved 2194.887 285.8418 370 -0.1287469 0.004595589
Moved 2194.959 225.8348 370 -0.2329257 0.004595589
Moved 2195.034 173.7076 376.5094 -0.3234242 0.01955285
Moved 2195.107 140.0618 389.9691 -0.3818372 0.05048047
Moved 2195.181 126.7067 394 -0.4050232 0.05974269
Moved 2195.273 123.5 394 -0.4105903 0.05974269
Moved 2195.348 137.5 357 -0.3862848 -0.02527574
Moved 2195.423 179.2567 285.1791 -0.3137904 -0.1903053
Moved 2195.498 202.0994 250.5341 -0.2741329 -0.2699126
Moved 2195.574 215.1651 231.6698 -0.2514495 -0.3132587
Moved 2195.655 224.384 221.616 -0.2354444 -0.3363603
Moved 2195.728 234.575 214.8083 -0.2177518 -0.3520029
Moved 2195.801 283.692 261.538 -0.1324792 -0.2446279
Moved 2195.876 339.6889 346.0334 -0.03526226 -0.05047469
Moved 2195.951 384.0183 399.0183 0.04169837 0.07127374
Moved 2196.058 433.7957 443.7957 0.1281176 0.1741629
Moved 2196.129 452.1773 462.1773 0.16003 0.2164001
Moved 2196.204 459.2775 473.2775 0.1723568 0.2419061
Moved 2196.279 461 479.6599 0.1753473 0.2565714
Moved 2196.354 462 489.6331 0.1770833 0.2794878
Moved 2196.429 462 496.6915 0.1770833 0.2957066
Ended 2196.501 462 497 0.1770833 0.2964155
Began 2197.099 263 402 -0.1684028 0.07812501
Stationary 2197.18 263 402 -0.1684028 0.07812501
Stationary 2197.252 263 402 -0.1684028 0.07812501
Stationary 2197.334 263 402 -0.1684028 0.07812501
Stationary 2197.411 263 402 -0.1684028 0.07812501
Moved 2197.482 283.041 402 -0.1336094 0.07812501
Moved 2197.56 361.3974 414.1703 0.002425984 0.1060899
Moved 2197.636 435.1183 449.765 0.1304137 0.1878792
Moved 2197.711 483.1248 465.425 0.2137584 0.2238626
Moved 2197.792 511.7112 473.1778 0.2633874 0.2416769
Moved 2197.869 529.5507 477 0.2943588 0.2504596
Moved 2197.962 544.5364 483.5364 0.3203757 0.2654788
Moved 2198.038 553.3618 486 0.3356977 0.2711397
Moved 2198.116 556 489.0998 0.3402778 0.2782624
Moved 2198.206 545.5 491 0.3220486 0.2826287
Moved 2198.281 523.3091 491 0.2835227 0.2826287
Moved 2198.354 493.6143 476.0762 0.2319694 0.248337
Moved 2198.427 467.2245 461.6122 0.1861537 0.2151017
Moved 2198.499 436.7669 442.8601 0.1332758 0.1720131
Moved 2198.573 414.4245 429.1415 0.094487 0.1404905
Moved 2198.653 391.5665 412.5665 0.05480297 0.1024045
Moved 2198.765 373.5 393.5 0.02343752 0.05859372
Moved 2198.858 362.0976 379.0976 0.003641695 0.02549999
Moved 2198.936 355.3165 367.9496 -0.008131043 -0.0001157733
Moved 2199.012 350.5 357 -0.01649305 -0.02527574
Moved 2199.087 349 351.3027 -0.01909722 -0.03836688
Ended 2199.158 348 350 -0.02083335 -0.0413603
PhraseEnd 2203.613
