the power of denial
Basic
0.8 0.8
575.9999 230.4
Began 351.9788 366 380 0.01041666 0.6076391
Stationary 352.0156 366 380 0.01041666 0.6076391
Stationary 352.0434 366 380 0.01041666 0.6076391
Stationary 352.0679 366 380 0.01041666 0.6076391
Stationary 352.0912 366 380 0.01041666 0.6076391
Stationary 352.1146 366 380 0.01041666 0.6076391
Stationary 352.1373 366 380 0.01041666 0.6076391
Stationary 352.1602 366 380 0.01041666 0.6076391
Stationary 352.1834 366 380 0.01041666 0.6076391
Stationary 352.207 366 380 0.01041666 0.6076391
Stationary 352.2307 366 380 0.01041666 0.6076391
Stationary 352.2567 366 380 0.01041666 0.6076391
Stationary 352.2847 366 380 0.01041666 0.6076391
Stationary 352.3141 366 380 0.01041666 0.6076391
Stationary 352.3387 366 380 0.01041666 0.6076391
Moved 352.3625 377.0393 380 0.02958216 0.6076391
Moved 352.4008 377.771 371 0.03085241 0.5685765
Moved 352.4259 379 367.5999 0.03298611 0.5538191
Moved 352.4514 380 363.8524 0.03472224 0.537554
Moved 352.4765 381 360.8229 0.0364583 0.5244052
Moved 352.5015 381 355.537 0.0364583 0.5014627
Moved 352.5268 381.8583 353.1417 0.03794841 0.4910664
Moved 352.5522 382 348.0924 0.03819443 0.4691511
Moved 352.58 383 343.3509 0.03993057 0.4485717
Moved 352.6069 384 339.8004 0.04166671 0.4331616
Moved 352.6336 385 337.3715 0.04340276 0.4226192
Moved 352.6754 387.6031 330.7937 0.04792213 0.3940699
Moved 352.7016 390.4746 325.0508 0.05290733 0.3691441
Moved 352.7266 393.8006 319.3988 0.05868159 0.3446129
Moved 352.7517 399 310 0.06770834 0.3038195
Moved 352.7783 402.2904 299.8384 0.07342086 0.2597152
Moved 352.8029 404.7224 297.5551 0.0776431 0.2498052
Moved 352.8271 407.596 290.4041 0.08263193 0.2187676
Moved 352.8514 409.4532 285.0936 0.08585624 0.1957189
Moved 352.8747 410 284.4329 0.08680553 0.1928512
Moved 352.8993 411 281.5654 0.08854166 0.1804053
Moved 352.9395 413.3058 278.6942 0.09254478 0.1679438
Moved 352.9666 413 276.8289 0.09201392 0.1598475
Moved 352.991 414 276 0.09374999 0.1562499
Stationary 353.0156 414 276 0.09374999 0.1562499
Moved 353.0399 414 274.5 0.09374999 0.1497397
Moved 353.073 414 275 0.09374999 0.1519097
Ended 353.097 414 275 0.09374999 0.1519097
Backspace 353.7392
Began 354.2289 315 370 -0.078125 0.5642362
Stationary 354.2651 315 370 -0.078125 0.5642362
Stationary 354.2903 315 370 -0.078125 0.5642362
Stationary 354.3145 315 370 -0.078125 0.5642362
Stationary 354.3391 315 370 -0.078125 0.5642362
Stationary 354.3636 315 370 -0.078125 0.5642362
Stationary 354.3872 315 370 -0.078125 0.5642362
Stationary 354.4111 315 370 -0.078125 0.5642362
Stationary 354.4345 315 370 -0.078125 0.5642362
Stationary 354.4603 315 370 -0.078125 0.5642362
Stationary 354.4912 315 370 -0.078125 0.5642362
Stationary 354.5167 315 370 -0.078125 0.5642362
Moved 354.5421 328.5 355 -0.05468749 0.4991321
Moved 354.5698 339.4988 346.601 -0.03559228 0.4626778
Moved 354.5973 356.026 331.9844 -0.006899312 0.3992378
Moved 354.6244 371.3146 320.4113 0.01964338 0.3490072
Moved 354.6507 381.0342 310.9658 0.03651775 0.3080111
Moved 354.6768 390.4591 303.5409 0.05288035 0.2757851
Moved 354.7017 401.0715 293.619 0.07130466 0.2327215
Moved 354.7263 406.457 288.543 0.08065455 0.21069
Moved 354.7681 419.2572 275.7428 0.1028771 0.1551338
Moved 354.7944 425.0049 270.9951 0.1128557 0.1345273
Moved 354.8195 427.4363 267.1274 0.1170769 0.1177408
Moved 354.8545 433 258.5131 0.1267361 0.08035197
Moved 354.8809 434.1774 256.8226 0.1287802 0.0730149
Moved 354.9074 435.5 254.5 0.1310764 0.06293417
Moved 354.9326 435 255 0.1302084 0.06510431
Stationary 354.9563 435 255 0.1302084 0.06510431
Stationary 354.9807 435 255 0.1302084 0.06510431
Moved 355.0045 419.3669 255 0.1030675 0.06510431
Moved 355.0452 394.4512 263.8069 0.0598111 0.1033288
Moved 355.0715 376.3493 267.1301 0.02838418 0.1177523
Moved 355.0962 366.5 270 0.01128472 0.1302083
Moved 355.1221 345.4904 275.2184 -0.0251903 0.1528577
Moved 355.1518 325.1259 278.9496 -0.06054539 0.1690524
Moved 355.1807 307.95 283.6833 -0.09036463 0.1895979
Moved 355.2046 300.6115 285.2777 -0.1031051 0.1965179
Moved 355.2292 287.758 288.8484 -0.1254202 0.2120156
Moved 355.2559 274.327 293.3365 -0.1487379 0.2314956
Moved 355.2879 263.8221 297.089 -0.1669756 0.2477822
Moved 355.3274 250.9116 301.8354 -0.1893897 0.2683828
Moved 355.3545 239.0502 303.9875 -0.2099824 0.2777236
Moved 355.3797 225.4193 306.8602 -0.233647 0.2901921
Moved 355.4032 219.8122 309.5939 -0.2433816 0.302057
Moved 355.4273 211.5145 312.1618 -0.2577873 0.3132022
Moved 355.45 209 313.5 -0.2621528 0.3190103
Moved 355.4743 202.7302 316.1349 -0.2730379 0.3304466
Moved 355.4984 201.4285 317.5715 -0.2752979 0.336682
Moved 355.5262 198.5612 319.4388 -0.2802757 0.3447864
Ended 355.5569 195.3727 320 -0.2858113 0.3472222
Began 356.371 609 320 0.4322917 0.3472222
Stationary 356.4026 609 320 0.4322917 0.3472222
Stationary 356.4284 609 320 0.4322917 0.3472222
Stationary 356.4531 609 320 0.4322917 0.3472222
Stationary 356.478 609 320 0.4322917 0.3472222
Stationary 356.5043 609 320 0.4322917 0.3472222
Stationary 356.5328 609 320 0.4322917 0.3472222
Stationary 356.5575 609 320 0.4322917 0.3472222
Stationary 356.5833 609 320 0.4322917 0.3472222
Stationary 356.6104 609 320 0.4322917 0.3472222
Stationary 356.6345 609 320 0.4322917 0.3472222
Stationary 356.6623 609 320 0.4322917 0.3472222
Moved 356.6868 598.8094 312.8666 0.4145997 0.3162614
Moved 356.7121 597.7983 311.7983 0.4128442 0.3116246
Moved 356.7374 589.6019 309.8673 0.3986146 0.3032437
Moved 356.7616 584.1305 309.4261 0.3891155 0.3013285
Moved 356.7874 566.8795 307 0.3591657 0.2907986
Moved 356.8134 550.1227 305.0175 0.3300741 0.2821941
Moved 356.8382 540.1013 305 0.3126759 0.2821182
Moved 356.8831 518.4 302 0.275 0.2690972
Moved 356.9121 507.0748 301 0.2553381 0.2647568
Moved 356.9376 497.7316 300 0.2391174 0.2604167
Moved 356.9634 484.2106 299.0421 0.2156433 0.2562593
Moved 356.9899 474.2521 299 0.1983543 0.2560765
Moved 357.0176 452.1831 298 0.1600401 0.2517361
Moved 357.0426 423.2698 295.1891 0.1098435 0.2395363
Moved 357.0694 409.8296 295 0.08650974 0.2387153
Moved 357.096 374.6736 295 0.02547495 0.2387153
Moved 357.123 341.1392 295 -0.03274452 0.2387153
Moved 357.1642 297.7451 295 -0.1080814 0.2387153
Moved 357.1896 287.2985 295 -0.1262179 0.2387153
Moved 357.2149 265.3104 295 -0.1643917 0.2387153
Moved 357.2401 245.196 295 -0.1993125 0.2387153
Moved 357.2651 237.6957 295 -0.2123339 0.2387153
Moved 357.2918 224.495 295 -0.2352518 0.2387153
Moved 357.3178 210.9904 302 -0.2586972 0.2690972
Moved 357.3423 206.6971 303.4343 -0.2661509 0.2753226
Moved 357.3698 197.0802 305 -0.2828469 0.2821182
Moved 357.3952 186.6344 307.8414 -0.3009821 0.2944507
Moved 357.4369 178.5687 309 -0.3149849 0.2994793
Moved 357.4674 172.8407 310.5797 -0.3249294 0.3063353
Moved 357.4942 169.9156 311 -0.3300077 0.3081597
Moved 357.5248 166.0471 312 -0.3367238 0.3125001
Moved 357.5597 163.5 312 -0.3411459 0.3125001
Moved 357.5849 162.8691 313.1309 -0.3422412 0.3174085
Moved 357.6099 161.7758 313 -0.3441394 0.3168403
Stationary 357.6345 161.7758 313 -0.3441394 0.3168403
Moved 357.659 162 314.5 -0.34375 0.3233507
Moved 357.6828 162 314 -0.34375 0.3211807
Stationary 357.7253 162 314 -0.34375 0.3211807
Moved 357.7515 181.9945 314 -0.3090374 0.3211807
Moved 357.776 187.9312 314 -0.2987305 0.3211807
Moved 357.8008 204.6879 314 -0.2696391 0.3211807
Moved 357.8269 220.3092 314 -0.2425187 0.3211807
Moved 357.8511 227.4471 314 -0.2301265 0.3211807
Moved 357.8774 240.8876 314 -0.2067924 0.3211807
Moved 357.9043 254.3382 314 -0.1834407 0.3211807
Moved 357.9291 259.7446 314 -0.1740545 0.3211807
Moved 357.9581 271.0027 314 -0.1545092 0.3211807
Moved 357.9989 284.283 314 -0.1314531 0.3211807
Moved 358.025 292.1091 314 -0.1178662 0.3211807
Moved 358.0494 295.076 314 -0.1127153 0.3211807
Moved 358.0746 302.6821 314 -0.09951026 0.3211807
Moved 358.0988 305.6832 314 -0.09430007 0.3211807
Moved 358.1236 312.387 314 -0.08266152 0.3211807
Moved 358.149 316.7489 314 -0.07508871 0.3211807
Moved 358.1735 319.339 314 -0.07059198 0.3211807
Moved 358.1997 322.0564 314 -0.06587431 0.3211807
Moved 358.2249 324 314 -0.06250002 0.3211807
Moved 358.2644 325 314 -0.06076388 0.3211807
Moved 358.29 326 314 -0.05902778 0.3211807
Moved 358.3186 327 314 -0.05729165 0.3211807
Ended 358.3459 327 314 -0.05729165 0.3211807
Began 359.4932 521 329 0.2795139 0.3862849
Stationary 359.5248 521 329 0.2795139 0.3862849
Stationary 359.5484 521 329 0.2795139 0.3862849
Stationary 359.5716 521 329 0.2795139 0.3862849
Stationary 359.5945 521 329 0.2795139 0.3862849
Stationary 359.6173 521 329 0.2795139 0.3862849
Stationary 359.6403 521 329 0.2795139 0.3862849
Stationary 359.6634 521 329 0.2795139 0.3862849
Stationary 359.6864 521 329 0.2795139 0.3862849
Stationary 359.71 521 329 0.2795139 0.3862849
Stationary 359.7348 521 329 0.2795139 0.3862849
Stationary 359.76 521 329 0.2795139 0.3862849
Stationary 359.7837 521 329 0.2795139 0.3862849
Stationary 359.8168 521 329 0.2795139 0.3862849
Stationary 359.8404 521 329 0.2795139 0.3862849
Stationary 359.8636 521 329 0.2795139 0.3862849
Stationary 359.8859 521 329 0.2795139 0.3862849
Stationary 359.9095 521 329 0.2795139 0.3862849
Stationary 359.9318 521 329 0.2795139 0.3862849
Stationary 359.9538 521 329 0.2795139 0.3862849
Stationary 359.976 521 329 0.2795139 0.3862849
Moved 360.0028 498.7892 318.7969 0.2409534 0.3420004
Moved 360.0268 479.6412 313.0403 0.2077104 0.3170155
Moved 360.0654 456.5944 308.955 0.1676986 0.2992837
Moved 360.0902 430.8918 302.3243 0.1230761 0.2705048
Moved 360.1146 417.8299 300.6478 0.1003992 0.2632282
Moved 360.1379 394.0334 294.563 0.05908572 0.2368187
Moved 360.1612 387 292 0.04687503 0.2256946
Moved 360.1868 368.5699 287.7957 0.01487836 0.2074468
Moved 360.2117 350.6382 282.9277 -0.01625303 0.186318
Moved 360.238 343.5 281.5 -0.02864584 0.1801215
Moved 360.2637 333.4946 279.6237 -0.04601632 0.1719777
Moved 360.2878 326.3711 277.1237 -0.05838357 0.161127
Moved 360.3265 321.2577 275.2577 -0.06726101 0.1530282
Moved 360.3511 316.3907 273.3907 -0.07571067 0.144925
Moved 360.3746 314.9553 271.9553 -0.07820264 0.1386951
Moved 360.398 311.4147 271 -0.08434951 0.1345486
Moved 360.4231 309.9766 269.9766 -0.08684614 0.1301069
Moved 360.4488 308.54 270 -0.08934022 0.1302083
Moved 360.475 305.2371 268 -0.09507452 0.1215278
Moved 360.4999 304.5 268 -0.09635414 0.1215278
Moved 360.5265 303.8822 266.8822 -0.0974267 0.1166764
Ended 360.5514 303 265 -0.09895836 0.108507
Began 361.6344 272 267 -0.1527778 0.1171876
Stationary 361.6742 272 267 -0.1527778 0.1171876
Stationary 361.7007 272 267 -0.1527778 0.1171876
Stationary 361.7269 272 267 -0.1527778 0.1171876
Stationary 361.7536 272 267 -0.1527778 0.1171876
Stationary 361.7797 272 267 -0.1527778 0.1171876
Stationary 361.8048 272 267 -0.1527778 0.1171876
Stationary 361.8306 272 267 -0.1527778 0.1171876
Stationary 361.8553 272 267 -0.1527778 0.1171876
Stationary 361.8806 272 267 -0.1527778 0.1171876
Moved 361.9065 265 277.2662 -0.1649306 0.1617456
Moved 361.9327 263.9265 280.1471 -0.1667944 0.1742496
Moved 361.9677 260.9901 288.0298 -0.1718922 0.2084626
Moved 361.9989 257.1144 295.6568 -0.1786208 0.2415661
Moved 362.0247 255.6833 298.6334 -0.1811054 0.2544854
Moved 362.0523 251.8132 307.3735 -0.1878243 0.29242
Moved 362.0788 248.2054 314.5892 -0.1940878 0.3237377
Moved 362.1066 243.4051 328.7846 -0.2024216 0.3853499
Moved 362.1324 241.963 334.1479 -0.2049253 0.408628
Moved 362.1597 240.09 341.7301 -0.2081772 0.4415371
Moved 362.187 240 345.5 -0.2083333 0.4578994
Moved 362.22 239 348.2971 -0.2100695 0.4700394
Moved 362.2619 239 352.5 -0.2100695 0.4882813
Moved 362.2875 239 353.0166 -0.2100695 0.4905235
Stationary 362.3118 239 353.0166 -0.2100695 0.4905235
Moved 362.3353 239 354.226 -0.2100695 0.4957724
Moved 362.3611 247.8133 354 -0.1947686 0.4947918
Moved 362.3868 261.1382 344.6464 -0.1716352 0.4541944
Moved 362.4117 269.2816 339.1456 -0.1574973 0.4303196
Moved 362.4384 283.7739 329.7357 -0.132337 0.3894777
Moved 362.4645 296.0773 317.9227 -0.110977 0.3382063
Moved 362.4911 311.9754 302.5205 -0.08337603 0.2713564
Moved 362.533 322.9778 290.0222 -0.06427463 0.2171103
Moved 362.5613 336.3267 275.808 -0.04109949 0.1554166
Moved 362.5868 346.9014 263.3733 -0.0227407 0.1014467
Moved 362.611 352.6903 256.1371 -0.0126905 0.07003984
Moved 362.636 364.8953 240.3257 0.008498729 0.001413557
Moved 362.6614 374.72 228.7067 0.02555549 -0.04901621
Moved 362.6864 379.0279 223.972 0.03303461 -0.06956565
Moved 362.7119 389.5412 211.4589 0.05128675 -0.1238765
Moved 362.7378 398.5 198 0.06684028 -0.1822917
Moved 362.7733 406.3244 189.5134 0.08042433 -0.2191258
Moved 362.8169 416.8499 176.7251 0.09869784 -0.2746308
Moved 362.843 418.8907 175.2186 0.1022407 -0.2811691
Moved 362.8695 423.7011 170.299 0.1105922 -0.3025219
Moved 362.8955 429.6483 165.3517 0.1209172 -0.3239946
Moved 362.9212 433.1993 163.8007 0.1270822 -0.3307263
Moved 362.9486 435.2613 162.3694 0.1306619 -0.3369385
Moved 362.9752 439.1239 159.8761 0.1373679 -0.34776
Moved 363.004 443.0401 157.96 0.1441669 -0.3560764
Moved 363.0298 445.9131 158 0.1491548 -0.3559029
Moved 363.0556 447.3458 158 0.151642 -0.3559029
Moved 363.1223 453.1541 157 0.161726 -0.360243
Moved 363.1497 455.1948 157 0.1652688 -0.360243
Moved 363.1764 462.3999 170.8665 0.1777776 -0.3000588
Moved 363.2033 469.9753 183.9568 0.1909294 -0.243243
Moved 363.23 478.6012 201.2024 0.2059048 -0.1683924
Moved 363.2555 482.8629 212.301 0.2133037 -0.1202213
Moved 363.2816 491.484 234.1293 0.2282708 -0.02548059
Moved 363.3132 497.3577 250.7518 0.2384682 0.04666594
Moved 363.3393 503 268.5 0.2482639 0.1236979
Moved 363.3642 504.8912 273.5648 0.2515473 0.1456804
Moved 363.4069 510.1884 292.5652 0.2607437 0.2281475
Moved 363.4339 511.7579 299.2737 0.2634686 0.2572647
Moved 363.4596 512 305.2493 0.2638889 0.2832002
Moved 363.4849 512 307.0574 0.2638889 0.2910478
Moved 363.5107 512 311.9291 0.2638889 0.3121922
Moved 363.5372 512 314.4563 0.2638889 0.323161
Stationary 363.5626 512 314.4563 0.2638889 0.323161
Moved 363.5888 512 317 0.2638889 0.3342015
Moved 363.6174 499.7064 318.6468 0.2425459 0.3413488
Moved 363.6449 486.958 320 0.2204131 0.3472222
Moved 363.691 454.3857 320 0.1638641 0.3472222
Moved 363.714 443.7632 320 0.1454221 0.3472222
Moved 363.7364 419.5 320 0.1032986 0.3472222
Moved 363.7588 402.1905 308.5841 0.0732474 0.2976741
Moved 363.7817 370.2939 302.549 0.01787141 0.2714801
Moved 363.8081 355.3447 297.3379 -0.008082055 0.2488623
Moved 363.8312 330.7348 290.9116 -0.05080764 0.2209706
Moved 363.8571 319.1579 288.0395 -0.07090648 0.2085048
Moved 363.8825 297.9933 282.9981 -0.1076505 0.1866239
Moved 363.912 281.512 280.128 -0.136264 0.1741666
Moved 363.951 267.2749 278.255 -0.1609811 0.1660374
Moved 363.9773 255.8574 275.7715 -0.1808032 0.1552582
Moved 364.0007 240.2807 274 -0.207846 0.1475696
Moved 364.0244 234.1556 273 -0.2184799 0.1432292
Moved 364.0478 224.5323 272 -0.235187 0.138889
Moved 364.0721 221.1513 271 -0.2410567 0.1345486
Moved 364.0963 212.614 268.538 -0.2558785 0.1238628
Moved 364.1201 208.3203 267.1068 -0.2633328 0.1176508
Moved 364.1454 199.9301 264.2325 -0.2778992 0.1051761
Moved 364.1729 190.4489 260.3622 -0.2943596 0.0883778
Moved 364.2161 177.6824 257.4206 -0.3165237 0.07561022
Moved 364.248 171.1092 254.5546 -0.3279354 0.06317087
Moved 364.2732 168.2388 254.1194 -0.3329189 0.06128206
Moved 364.2995 162 252.5 -0.34375 0.05425348
Moved 364.326 157.7093 253 -0.3511991 0.05642362
Moved 364.3517 154.5 253 -0.3567708 0.05642362
Moved 364.3766 153.7 253 -0.3581597 0.05642362
Moved 364.4016 152.982 253 -0.3594063 0.05642362
Stationary 364.4271 153 253 -0.359375 0.05642362
Stationary 364.4506 153 253 -0.359375 0.05642362
Stationary 364.4882 153 253 -0.359375 0.05642362
Moved 364.5108 166.7632 249.8473 -0.3354805 0.04274011
Moved 364.535 175.7445 248.782 -0.319888 0.03811625
Moved 364.5581 205.6485 246.8501 -0.2679713 0.02973133
Moved 364.5814 223.1047 247 -0.2376655 0.03038208
Moved 364.6056 262.3827 251.1031 -0.1694745 0.04819076
Moved 364.6293 300.8833 262.9767 -0.1026332 0.0997252
Moved 364.6572 323.3172 267.8423 -0.06368548 0.1208434
Moved 364.6809 362.5102 272.2925 0.004357994 0.1401587
Moved 364.7048 381.1982 274.7198 0.03680244 0.1506938
Moved 364.7426 426.7783 276 0.1159345 0.1562499
Moved 364.7664 438.9285 276 0.1370286 0.1562499
Moved 364.7896 458.7285 277.9612 0.1714036 0.1647622
Moved 364.8134 476.9876 278 0.2031034 0.1649306
Moved 364.8364 484.2496 279.2499 0.2157111 0.1703558
Moved 364.8596 499.0106 280.8021 0.2413379 0.1770926
Moved 364.8827 506.1715 282.2343 0.2537701 0.1833087
Moved 364.9066 517.4324 282 0.2733202 0.1822917
Moved 364.93 524.1841 282 0.2850419 0.1822917
Moved 364.9532 535.7089 282 0.3050501 0.1822917
Moved 364.9911 544.7285 282 0.3207092 0.1822917
Moved 365.0153 552.4224 282 0.3340667 0.1822917
Moved 365.0424 556.7148 282 0.3415188 0.1822917
Moved 365.0659 563.2146 282 0.3528031 0.1822917
Moved 365.0892 566.5471 282 0.3585887 0.1822917
Moved 365.1123 574.2099 274.2653 0.3718922 0.148721
Moved 365.1357 578.0945 274 0.3786364 0.1475696
Moved 365.159 584.8275 271.5862 0.3903254 0.1370931
Moved 365.1826 589.9286 268.0714 0.3991816 0.1218377
Moved 365.2063 592.7718 267.6141 0.4041177 0.1198528
Moved 365.2438 598.6895 264.3105 0.4143915 0.1055143
Moved 365.2672 600.1255 264 0.4168847 0.1041668
Moved 365.2904 601.5 263 0.4192708 0.0998264
Moved 365.3135 601 263 0.4184028 0.0998264
Ended 365.3366 601 263 0.4184028 0.0998264
PhraseEnd 367.1435
