time to go shopping
Basic
0.8 0.8
575.9999 435.2
Began 2055.679 327 463 -0.05729165 0.2182904
Stationary 2055.761 327 463 -0.05729165 0.2182904
Stationary 2055.846 327 463 -0.05729165 0.2182904
Stationary 2055.912 327 463 -0.05729165 0.2182904
Moved 2055.98 348.2888 470 -0.020332 0.234375
Moved 2056.047 360.0803 471.5402 0.0001393259 0.237914
Moved 2056.115 379.0934 474.2733 0.03314823 0.2441942
Moved 2056.182 408.4511 477 0.08411653 0.2504596
Moved 2056.25 437.5904 481 0.1347055 0.2596507
Moved 2056.317 463.2614 483 0.1792732 0.2642463
Moved 2056.383 490.3122 483 0.2262364 0.2642463
Moved 2056.464 504.7438 476.0249 0.2512913 0.248219
Moved 2056.533 511.6107 453.7253 0.263213 0.1969791
Moved 2056.601 518.4399 391.0408 0.2750693 0.05294313
Moved 2056.672 519 345.8117 0.2760417 -0.05098413
Moved 2056.741 519 314.0549 0.2760417 -0.1239546
Moved 2056.808 510.5863 289.9316 0.2614346 -0.1793852
Moved 2056.882 510 261.2522 0.2604167 -0.2452844
Moved 2056.951 506.5854 246.5853 0.2544884 -0.2789859
Moved 2057.022 499.6518 243 0.2424511 -0.2872243
Moved 2057.093 455.3701 258.8612 0.1655731 -0.2507785
Moved 2057.197 398.8268 292.5385 0.06740771 -0.1733949
Moved 2057.272 356.1922 327.2758 -0.006610751 -0.09357587
Moved 2057.34 338.258 352.656 -0.03774654 -0.03525727
Moved 2057.41 313.8482 386.2023 -0.08012459 0.04182521
Moved 2057.48 296.6654 409.7794 -0.1099559 0.09600058
Moved 2057.555 266.5 453.5 -0.1623264 0.1964614
Moved 2057.625 241.7861 478.2139 -0.2052325 0.2532489
Moved 2057.695 229.1885 495.623 -0.2271033 0.2932514
Moved 2057.765 214.0273 513.918 -0.2534248 0.3352895
Moved 2057.835 209 524.3544 -0.2621528 0.3592702
Moved 2057.941 206 534 -0.2673611 0.3814339
Ended 2058.011 206 534 -0.2673611 0.3814339
Began 2058.414 324 502 -0.06250002 0.3079045
Stationary 2058.504 324 502 -0.06250002 0.3079045
Stationary 2058.575 324 502 -0.06250002 0.3079045
Moved 2058.644 355.2357 502 -0.008271411 0.3079045
Moved 2058.711 389.345 511.069 0.05094625 0.3287432
Moved 2058.778 430.4165 516.9166 0.1222508 0.3421798
Moved 2058.848 465.8878 517 0.1838329 0.3423713
Moved 2058.915 506.3377 517 0.2540585 0.3423713
Moved 2058.988 532.4832 507.2067 0.29945 0.3198684
Moved 2059.061 558.1962 499.9346 0.3440907 0.3031585
Moved 2059.131 565.9329 498 0.3575225 0.2987133
Ended 2059.198 566 498 0.3576389 0.2987133
Began 2059.602 332 346 -0.04861113 -0.05055147
Stationary 2059.673 332 346 -0.04861113 -0.05055147
Stationary 2059.742 332 346 -0.04861113 -0.05055147
Moved 2059.812 341.6577 355.6577 -0.03184434 -0.0283601
Moved 2059.883 350.0506 361.0253 -0.01727328 -0.0160265
Moved 2059.953 379.1585 382.2787 0.03326126 0.03280948
Moved 2060.028 433.2417 421.1611 0.1271557 0.1221533
Moved 2060.1 472.5215 459.6411 0.1953498 0.2105724
Moved 2060.173 488.513 475.342 0.2231128 0.2466498
Moved 2060.246 506.194 488.796 0.2538091 0.2775644
Moved 2060.315 525.479 501.2395 0.2872899 0.306157
Moved 2060.385 537.4406 506.7203 0.3080566 0.3187506
Moved 2060.454 546 510 0.3229167 0.3262868
Moved 2060.521 550 511 0.3298611 0.3285846
Ended 2060.612 552 512 0.3333333 0.3308824
Began 2061.228 218 369 -0.2465278 0.002297794
Stationary 2061.307 218 369 -0.2465278 0.002297794
Stationary 2061.382 218 369 -0.2465278 0.002297794
Moved 2061.457 255.2929 369 -0.1817831 0.002297794
Moved 2061.531 303.318 369 -0.09840623 0.002297794
Moved 2061.602 343.5359 369 -0.02858341 0.002297794
Moved 2061.669 389.5 369 0.05121529 0.002297794
Moved 2061.738 415.6184 358 0.09655975 -0.02297794
Moved 2061.809 432.0402 354.9799 0.1250697 -0.0299174
Moved 2061.883 441.1887 355 0.1409525 -0.02987126
Moved 2061.955 452.1772 363.7658 0.1600299 -0.009729302
Moved 2062.051 472.6331 412.716 0.1955437 0.1027481
Moved 2062.125 483.7521 455.0085 0.2148475 0.1999277
Moved 2062.195 493.6653 480.3307 0.2320579 0.2581128
Moved 2062.294 509.1597 509.3195 0.2589579 0.3247231
Moved 2062.367 530.7356 527.8017 0.296416 0.3671915
Moved 2062.439 554.1753 537.0876 0.3371099 0.3885286
Moved 2062.509 570.0049 537 0.3645919 0.3883272
Moved 2062.581 584.2991 537 0.3894083 0.3883272
Moved 2062.656 593.465 525.535 0.4053211 0.3619831
Moved 2062.729 595 521.8424 0.4079861 0.3534982
Moved 2062.799 590.1807 513.3115 0.3996194 0.3338961
Moved 2062.867 552.6627 502 0.3344839 0.3079045
Moved 2062.935 517.5101 500 0.2734551 0.3033088
Moved 2063.038 481.9969 507.0109 0.2118002 0.3194185
Moved 2063.104 473 508 0.1961806 0.3216912
Moved 2063.17 469.964 508 0.1909097 0.3216912
Moved 2063.239 469 481.4363 0.1892361 0.2606534
Moved 2063.306 469 433.157 0.1892361 0.1497175
Moved 2063.376 469 384.0021 0.1892361 0.03676948
Moved 2063.443 469 347.4124 0.1892361 -0.04730603
Moved 2063.51 468 317.4714 0.1875 -0.1161043
Moved 2063.585 467 299.5581 0.1857639 -0.1572654
Moved 2063.655 467 281.0991 0.1857639 -0.1996805
Moved 2063.764 466 265.712 0.1840278 -0.2350368
Moved 2063.833 463.8745 262 0.1803377 -0.2435661
Moved 2063.905 461.4858 261 0.1761907 -0.245864
Moved 2063.976 440.2878 287.0683 0.1393886 -0.1859644
Moved 2064.05 420.9189 330.1623 0.1057619 -0.08694327
Moved 2064.121 411.114 354.829 0.08873963 -0.0302643
Moved 2064.192 402.9165 373.1671 0.07450774 0.01187283
Moved 2064.266 395.1123 387.7755 0.0609588 0.04543995
Moved 2064.336 390.5 394.5 0.05295143 0.06089159
Moved 2064.404 390 398.0267 0.05208336 0.06899512
Ended 2064.51 390 399 0.05208336 0.07123166
PhraseEnd 2066.81
