the world is a stage
Basic
0.4 0.4
288 217.6
Began 1493.046 340 472 -0.06944448 0.4779413
Stationary 1493.102 340 472 -0.06944448 0.4779413
Stationary 1493.157 340 472 -0.06944448 0.4779413
Stationary 1493.21 340 472 -0.06944448 0.4779413
Stationary 1493.261 340 472 -0.06944448 0.4779413
Stationary 1493.312 340 472 -0.06944448 0.4779413
Moved 1493.361 350.7401 462.2599 -0.03215261 0.4331799
Moved 1493.415 353.7214 455.5571 -0.02180055 0.4023766
Moved 1493.474 359.4673 445.0654 -0.001849681 0.354161
Moved 1493.531 364.8436 437.1564 0.01681805 0.3178146
Moved 1493.596 369.5 430.5 0.03298611 0.2872243
Moved 1493.657 375.0014 421.9987 0.05208806 0.2481557
Moved 1493.708 378.3048 416.6952 0.06355852 0.2237831
Moved 1493.758 381 411.7291 0.0729166 0.2009611
Moved 1493.811 384.0121 405.9879 0.08337528 0.174577
Moved 1493.864 385 402.0481 0.08680553 0.1564712
Moved 1493.917 386 397.3129 0.09027779 0.1347099
Moved 1493.968 387.6642 394.3358 0.09605618 0.1210287
Moved 1494.019 389 391.5 0.1006945 0.1079965
Moved 1494.071 391 388.638 0.1076388 0.09484383
Moved 1494.151 393 384.5 0.1145834 0.07582735
Moved 1494.209 393 381.5 0.1145834 0.06204045
Moved 1494.26 393 380 0.1145834 0.0551472
Moved 1494.311 393 378.7761 0.1145834 0.04952263
Moved 1494.364 378.1123 379 0.06289005 0.05055162
Moved 1494.417 366.3027 386.8991 0.02188444 0.0868526
Moved 1494.471 348.4578 392.6356 -0.04007719 0.113215
Moved 1494.533 334.9521 398.0479 -0.0869719 0.1380879
Moved 1494.586 324.302 402.349 -0.1239515 0.157854
Moved 1494.638 312.5213 409.7394 -0.1648567 0.1918171
Moved 1494.719 304.3777 416.6223 -0.1931331 0.2234482
Moved 1494.771 299.0883 419 -0.2114991 0.2343752
Moved 1494.825 293.764 423.236 -0.2299861 0.2538418
Moved 1494.878 290.381 426 -0.2417325 0.2665441
Moved 1494.933 286.006 430.994 -0.2569235 0.2894943
Moved 1494.988 281.7086 436.2914 -0.2718451 0.3138392
Moved 1495.039 278.2201 442.7799 -0.2839579 0.3436578
Moved 1495.091 275.9875 447.0125 -0.29171 0.363109
Moved 1495.144 275 450 -0.2951389 0.3768383
Ended 1495.194 275 451.5 -0.2951389 0.3837317
Began 1495.731 273 428 -0.3020833 0.2757353
Stationary 1495.793 273 428 -0.3020833 0.2757353
Stationary 1495.843 273 428 -0.3020833 0.2757353
Stationary 1495.893 273 428 -0.3020833 0.2757353
Stationary 1495.944 273 428 -0.3020833 0.2757353
Moved 1495.997 290.1436 428 -0.242557 0.2757353
Moved 1496.05 310.8089 428 -0.1708023 0.2757353
Moved 1496.105 330.8847 428 -0.1010949 0.2757353
Moved 1496.159 357.4162 428 -0.008971543 0.2757353
Moved 1496.209 375.2933 436 0.05310178 0.3125
Moved 1496.261 389.1576 437 0.1012418 0.3170957
Moved 1496.314 405.2978 438 0.1572838 0.3216912
Moved 1496.381 420 440 0.2083333 0.3308824
Moved 1496.434 434.8822 444 0.2600075 0.3492649
Moved 1496.488 443.487 445 0.2898853 0.3538603
Moved 1496.55 450.6472 446 0.3147471 0.3584559
Moved 1496.603 456.3818 446 0.334659 0.3584559
Moved 1496.656 459.3188 446 0.344857 0.3584559
Moved 1496.713 461.0143 446 0.3507441 0.3584559
Stationary 1496.763 461 446 0.3506945 0.3584559
Moved 1496.815 436.5993 446 0.2659698 0.3584559
Moved 1496.866 392.8298 438 0.1139924 0.3216912
Moved 1496.945 356.2053 435 -0.01317598 0.3079045
Moved 1496.997 339.3928 435 -0.0715527 0.3079045
Moved 1497.048 327.5 435 -0.1128472 0.3079045
Moved 1497.102 321.3867 435 -0.134074 0.3079045
Moved 1497.155 317.5 435 -0.1475695 0.3079045
Moved 1497.208 314.6255 435 -0.1575504 0.3079045
Moved 1497.261 314 433.9109 -0.1597222 0.3028996
Moved 1497.318 313 431.9873 -0.1631945 0.2940593
Moved 1497.375 342.0278 422.4861 -0.06240339 0.2503956
Moved 1497.43 370.2426 407.8787 0.0355646 0.1832662
Moved 1497.515 411.1122 386.9551 0.177473 0.08711016
Moved 1497.57 430.2788 375.4808 0.2440237 0.03437856
Moved 1497.623 443.1812 365.8187 0.2888237 -0.01002424
Moved 1497.679 459.3908 352.0728 0.3451069 -0.07319465
Moved 1497.733 468.5878 342.4122 0.3770411 -0.117591
Moved 1497.789 486.2983 328.8508 0.438536 -0.1799135
Moved 1497.84 493.0935 322.9066 0.4621302 -0.2072308
Moved 1497.892 495 320.7867 0.46875 -0.216973
Stationary 1497.941 495 321 0.46875 -0.2159927
Moved 1497.992 453.1381 333.1231 0.3233964 -0.1602799
Moved 1498.076 395.1632 342.9796 0.1220945 -0.1149833
Moved 1498.127 360.8069 347.7419 0.002801568 -0.09309784
Moved 1498.18 341.1496 348.7126 -0.06545268 -0.08863702
Moved 1498.237 320.6375 349 -0.1366755 -0.08731604
Moved 1498.289 309.1441 349 -0.1765831 -0.08731604
Moved 1498.341 292.7274 349 -0.2335856 -0.08731604
Moved 1498.391 284.9151 349 -0.2607116 -0.08731604
Moved 1498.442 278.5807 349 -0.2827059 -0.08731604
Moved 1498.493 275.5 350 -0.2934028 -0.08272059
Ended 1498.543 276 350 -0.2916667 -0.08272059
Began 1498.96 428 425 0.2361111 0.2619486
Stationary 1499.017 428 425 0.2361111 0.2619486
Stationary 1499.066 428 425 0.2361111 0.2619486
Stationary 1499.116 428 425 0.2361111 0.2619486
Stationary 1499.164 428 425 0.2361111 0.2619486
Moved 1499.215 415.5 425 0.1927084 0.2619486
Moved 1499.269 412.5 425 0.1822917 0.2619486
Moved 1499.322 401.0383 425 0.1424941 0.2619486
Moved 1499.379 383.2136 425 0.08060291 0.2619486
Moved 1499.434 350.384 404.5051 -0.03338896 0.1677625
Moved 1499.487 329.5671 394.6268 -0.1056699 0.122366
Moved 1499.54 306.7014 385.9254 -0.1850644 0.08237769
Moved 1499.591 292.8712 380.6237 -0.2330862 0.05801342
Moved 1499.644 284.424 378 -0.2624166 0.04595589
Moved 1499.696 277.8849 375 -0.2851217 0.03216912
Moved 1499.745 273.9345 371.9344 -0.2988386 0.01808111
Moved 1499.799 269.1768 368.1768 -0.3153583 0.0008124464
Moved 1499.852 267.5 367 -0.3211805 -0.004595448
Ended 1499.933 266 363.9364 -0.326389 -0.01867477
Began 1500.31 254 363 -0.3680556 -0.02297794
Stationary 1500.375 254 363 -0.3680556 -0.02297794
Ended 1500.427 254 363 -0.3680556 -0.02297794
Began 1501.42 313 358 -0.1631945 -0.04595589
Stationary 1501.496 313 358 -0.1631945 -0.04595589
Stationary 1501.552 313 358 -0.1631945 -0.04595589
Stationary 1501.604 313 358 -0.1631945 -0.04595589
Moved 1501.658 330.5528 369.5527 -0.1022474 0.007135729
Moved 1501.715 344.1908 382.2861 -0.0548932 0.06565333
Moved 1501.77 354.4987 397.9973 -0.01910187 0.1378554
Moved 1501.826 358 406.5934 -0.006944462 0.1773595
Moved 1501.883 360 416.3349 0 0.2221274
Moved 1501.943 360 425.8154 0 0.2656957
Moved 1501.994 360 432.6385 0 0.2970518
Moved 1502.048 360 443.6202 0 0.3475195
Moved 1502.098 360 448 0 0.3676471
Moved 1502.148 360 450 0 0.3768383
Moved 1502.201 344.0029 450 -0.0555455 0.3768383
Moved 1502.255 325.4834 436.7417 -0.1198494 0.3159087
Moved 1502.306 302.8882 422.9161 -0.198305 0.252372
Moved 1502.357 283.308 409.9848 -0.2662918 0.1929449
Moved 1502.409 270.7031 397.7031 -0.3100588 0.1365031
Moved 1502.492 256.2358 382.2358 -0.3602922 0.06542207
Moved 1502.545 252.1336 377.1335 -0.3745362 0.04197416
Moved 1502.6 247.395 368.395 -0.3909896 0.001815207
Moved 1502.659 243.5 360 -0.404514 -0.03676471
Moved 1502.712 243 355.6977 -0.40625 -0.05653621
Moved 1502.766 248.1359 351.2663 -0.3884169 -0.07690122
Moved 1502.822 277.1621 349 -0.2876317 -0.08731604
Moved 1502.875 310.0885 359.0884 -0.1733039 -0.04095386
Moved 1502.93 328.1882 362.7294 -0.1104575 -0.02422151
Moved 1502.986 344.2846 367.0948 -0.05456746 -0.004159703
Moved 1503.065 360.5437 371 0.001887679 0.01378677
Moved 1503.116 368.496 372 0.02950013 0.0183825
Moved 1503.17 376.9833 374.9833 0.05896986 0.03209241
Moved 1503.221 380.9368 375.9368 0.07269726 0.03647426
Moved 1503.271 383.374 376 0.08115962 0.03676457
Moved 1503.32 384 378.6708 0.08333341 0.0490385
Moved 1503.37 375.0564 383.9718 0.05227908 0.07339983
Moved 1503.42 362.1164 393.8836 0.007348657 0.1189504
Moved 1503.472 335.5995 412.0403 -0.0847239 0.2023911
Moved 1503.525 322.8465 421.4357 -0.1290051 0.2455684
Moved 1503.618 300.587 442.413 -0.2062951 0.3419713
Moved 1503.676 295.3544 448.6456 -0.224464 0.3706141
Moved 1503.739 290.6166 453.3834 -0.2409146 0.3923871
Moved 1503.794 289 456.7732 -0.2465278 0.407965
Moved 1503.849 286.9621 460.0379 -0.2536038 0.4229684
Moved 1503.904 286 462.0821 -0.2569445 0.4323626
Moved 1503.957 285 464.384 -0.2604167 0.4429414
Moved 1504.011 284 465 -0.2638889 0.4457721
Ended 1504.071 284 465 -0.2638889 0.4457721
PhraseEnd 1511.766
