never too rich and never too thin
Basic
0.8 0.8
575.9999 435.2
Began 2090.959 429 203 0.1197917 -0.3791361
Stationary 2091.038 429 203 0.1197917 -0.3791361
Moved 2091.108 429 214.1281 0.1197917 -0.3535661
Moved 2091.182 411.1794 239.731 0.08885309 -0.2947359
Moved 2091.255 398.7775 266.2787 0.06732204 -0.2337345
Moved 2091.326 379.7517 302.0804 0.03429123 -0.1514695
Moved 2091.402 354 347 -0.01041666 -0.04825361
Moved 2091.478 327.3226 388.5161 -0.0567316 0.04714188
Moved 2091.554 301.0519 421.1851 -0.1023404 0.1222084
Moved 2091.627 287.9326 457.3371 -0.125117 0.2052783
Moved 2091.697 278.1736 480.4792 -0.1420597 0.2584541
Moved 2091.766 268.0512 494.2992 -0.1596333 0.2902096
Moved 2091.852 254 506 -0.1840278 0.3170956
Moved 2091.918 249 508 -0.1927084 0.3216912
Moved 2091.985 247 511.0125 -0.1961806 0.3286133
Stationary 2092.052 247 511 -0.1961806 0.3285846
Stationary 2092.12 247 511 -0.1961806 0.3285846
Moved 2092.187 261.0124 491.9752 -0.1718535 0.2848695
Moved 2092.258 301.3809 425.4109 -0.1017693 0.1319184
Moved 2092.326 327.6971 371.4745 -0.05608149 0.007983658
Moved 2092.398 343.5 330 -0.02864584 -0.08731611
Moved 2092.47 351.0911 303.6356 -0.01546685 -0.1478962
Moved 2092.574 357 281.4229 -0.005208328 -0.1989365
Moved 2092.643 359.6009 270.3992 -0.0006929413 -0.2242666
Moved 2092.713 361 263.6627 0.001736134 -0.2397456
Moved 2092.782 361 259 0.001736134 -0.2504595
Moved 2092.855 361 258 0.001736134 -0.2527574
Moved 2092.935 343.1974 266.4045 -0.02917119 -0.2334455
Moved 2093.005 317.7706 296.9014 -0.07331488 -0.16337
Moved 2093.076 284.8047 356.7929 -0.1305474 -0.02575152
Moved 2093.149 257.8872 403.6693 -0.1772792 0.08196063
Moved 2093.222 245.1371 422.7257 -0.1994147 0.1257485
Moved 2093.332 235 449.955 -0.2170139 0.1883158
Moved 2093.404 235 465 -0.2170139 0.2228861
Moved 2093.476 239.5924 482.3121 -0.209041 0.2626658
Moved 2093.55 247.4557 493.9114 -0.1953894 0.2893186
Moved 2093.622 253.1828 502.1828 -0.1854466 0.3083245
Moved 2093.696 265.0626 510.0209 -0.1648219 0.3263347
Moved 2093.766 282.5128 515 -0.1345263 0.3377758
Moved 2093.835 295.1296 515 -0.1126223 0.3377758
Moved 2093.905 305.429 515 -0.09474125 0.3377758
Moved 2093.974 308 515 -0.09027779 0.3377758
Ended 2094.076 308 515 -0.09027779 0.3377758
Began 2094.69 301 494 -0.1024305 0.2895221
Stationary 2094.769 301 494 -0.1024305 0.2895221
Moved 2094.844 319.8766 494 -0.06965861 0.2895221
Moved 2094.914 337.8508 494 -0.03845349 0.2895221
Moved 2094.981 365.1626 494 0.008962825 0.2895221
Moved 2095.048 383.679 494 0.04110932 0.2895221
Moved 2095.116 413.9886 494 0.09373017 0.2895221
Moved 2095.185 439.0577 494 0.137253 0.2895221
Moved 2095.253 463.4572 494 0.1796132 0.2895221
Moved 2095.321 494.2735 494 0.2331138 0.2895221
Moved 2095.401 509.2201 494 0.2590626 0.2895221
Moved 2095.469 520.9029 494 0.2793453 0.2895221
Moved 2095.538 532.0472 494 0.2986931 0.2895221
Moved 2095.605 543.1172 494 0.3179119 0.2895221
Moved 2095.704 566.3549 494 0.3582551 0.2895221
Moved 2095.777 579.9511 494 0.3818595 0.2895221
Moved 2095.85 584.3439 494 0.3894859 0.2895221
Ended 2095.918 584 494 0.3888889 0.2895221
Began 2096.52 237 479 -0.2135416 0.2550552
Stationary 2096.595 237 479 -0.2135416 0.2550552
Stationary 2096.674 237 479 -0.2135416 0.2550552
Moved 2096.748 249.7892 479 -0.1913381 0.2550552
Moved 2096.819 269.2754 491.6377 -0.157508 0.284094
Moved 2096.892 299.7987 500.2662 -0.1045162 0.3039206
Moved 2096.966 342.968 502 -0.02956934 0.3079045
Moved 2097.039 391.3452 502 0.05441882 0.3079045
Moved 2097.11 420.2808 490.5438 0.1046542 0.2815805
Moved 2097.183 446 490 0.1493056 0.2803309
Moved 2097.255 467.2467 489 0.1861922 0.2780331
Moved 2097.327 477.8213 488 0.2045508 0.2757353
Moved 2097.425 489.3867 488 0.2246297 0.2757353
Moved 2097.498 492 487 0.2291667 0.2734376
Moved 2097.571 484.9714 482.9918 0.2169643 0.2642276
Moved 2097.644 458.8525 452.1935 0.1716189 0.1934593
Moved 2097.716 436.002 408.006 0.1319479 0.09192555
Moved 2097.789 426.6352 378.5408 0.1156861 0.02422066
Moved 2097.862 414.8486 349.5458 0.09522327 -0.04240394
Moved 2097.934 400.9014 327.9014 0.0710094 -0.09213834
Moved 2098.007 384.4801 312.6534 0.0425002 -0.1271752
Moved 2098.079 370.6119 301.6119 0.01842342 -0.1525463
Moved 2098.188 343.5 287.5 -0.02864584 -0.1849724
Moved 2098.264 325.0652 278.5326 -0.06065064 -0.2055776
Moved 2098.336 309.4803 274 -0.0877078 -0.2159926
Moved 2098.408 294.7836 267.9279 -0.113223 -0.2299452
Moved 2098.48 284.3654 264.1827 -0.1313101 -0.2385509
Moved 2098.551 277.3741 260.3741 -0.1434477 -0.247302
Moved 2098.621 271.5 258 -0.1536458 -0.2527574
Moved 2098.69 267.5 253.5 -0.1605903 -0.2630975
Moved 2098.76 262.9619 246.9619 -0.168469 -0.2781206
Moved 2098.829 258.5 241.5 -0.1762153 -0.2906709
Moved 2098.933 256 237.7863 -0.1805556 -0.2992044
Stationary 2099.002 256 238 -0.1805556 -0.2987133
Moved 2099.074 293.9763 288.2085 -0.1146245 -0.1833444
Moved 2099.165 338.9481 345.1851 -0.03654845 -0.0524239
Moved 2099.24 360.2914 367.2914 0.00050582 -0.001628259
Moved 2099.314 379.7019 379.9006 0.03420465 0.02734521
Moved 2099.387 396.1224 388 0.06271259 0.04595592
Moved 2099.46 407.8503 392.4252 0.08307353 0.05612402
Moved 2099.53 420.2636 393 0.1046244 0.05744483
Moved 2099.601 427.9948 393 0.1180465 0.05744483
Ended 2099.707 430 393 0.1215278 0.05744483
Began 2100.315 159 390 -0.3489584 0.05055147
Stationary 2100.394 159 390 -0.3489584 0.05055147
Moved 2100.469 181.332 390 -0.3101874 0.05055147
Moved 2100.54 203.3733 390 -0.2719214 0.05055147
Moved 2100.61 225.301 390 -0.2338525 0.05055147
Moved 2100.681 261.6756 369.6622 -0.1707021 0.003819396
Moved 2100.753 298.5172 344.9885 -0.106741 -0.05287563
Moved 2100.826 333.9216 317.6628 -0.04527506 -0.1156646
Moved 2100.897 367.9992 284.4006 0.01388744 -0.1920941
Moved 2100.968 387.0421 265.9579 0.04694812 -0.2344718
Moved 2101.042 406.6714 244.2191 0.08102679 -0.2844229
Moved 2101.118 418.4295 231.5704 0.1014402 -0.3134871
Moved 2101.189 426.8872 224.1128 0.1161236 -0.3306232
Moved 2101.261 436.5121 219.744 0.1328334 -0.3406617
Moved 2101.334 448.0984 218 0.1529486 -0.3446691
Moved 2101.433 437.1246 244.1003 0.1338969 -0.2846959
Moved 2101.503 412.3853 263.5688 0.0909467 -0.2399613
Moved 2101.574 365.2731 287.5582 0.009154603 -0.1848387
Moved 2101.643 328.1909 308.5394 -0.05522423 -0.1366282
Moved 2101.713 278.1669 341.8998 -0.1420713 -0.0599728
Moved 2101.782 258.5563 362.6656 -0.1761176 -0.01225738
Moved 2101.851 242.2124 376.7876 -0.2044924 0.02019209
Moved 2101.92 232.2034 383.5933 -0.2218692 0.03583011
Moved 2101.99 222.3895 390.6105 -0.2389072 0.05195439
Ended 2102.058 219 392 -0.2447917 0.0551471
Began 2102.649 460 222 0.1736111 -0.3354779
Stationary 2102.727 460 222 0.1736111 -0.3354779
Moved 2102.803 442.7407 240.2594 0.143647 -0.2935216
Moved 2102.879 421.4839 262.3951 0.1067428 -0.2426583
Moved 2102.956 395.7807 299.3289 0.06211929 -0.1577922
Moved 2103.027 375.1853 328.1757 0.02636343 -0.09150814
Moved 2103.096 348.2027 362.7973 -0.02048142 -0.01195473
Moved 2103.169 309.7983 420.0824 -0.08715571 0.1196746
Moved 2103.24 284.6558 459.0818 -0.1308059 0.2092873
Moved 2103.323 252.4534 497.5466 -0.1867128 0.2976714
Moved 2103.393 237.2701 514.7299 -0.2130727 0.337155
Moved 2103.468 229 524 -0.2274306 0.3584559
Moved 2103.539 229 525 -0.2274306 0.3607537
Moved 2103.609 257.8538 476.0869 -0.1773372 0.2483615
Moved 2103.68 294.3326 404.0853 -0.1140058 0.08291656
Moved 2103.753 316.9144 356.1713 -0.07480145 -0.02718
Moved 2103.826 331.9983 325.0034 -0.04861404 -0.09879744
Moved 2103.898 345.5 293 -0.02517361 -0.1723346
Moved 2103.969 354.5 274.5 -0.009548627 -0.2148437
Moved 2104.078 360 251.3676 0 -0.2679973
Moved 2104.156 360 240 0 -0.2941177
Moved 2104.228 360 236.5 0 -0.3021599
Moved 2104.299 342.0645 245.8064 -0.03113795 -0.2807758
Moved 2104.372 308.6219 336.9452 -0.08919806 -0.07135756
Moved 2104.447 286.721 398.5579 -0.1272204 0.07021589
Moved 2104.519 269 441 -0.1579861 0.167739
Moved 2104.59 254.1006 465.849 -0.1838531 0.2248369
Moved 2104.659 241.2047 492.181 -0.2062418 0.2853425
Moved 2104.729 240 507.0485 -0.2083333 0.3195049
Moved 2104.834 240 523.199 -0.2083333 0.3566153
Moved 2104.904 267.3015 532.0754 -0.1609349 0.3770115
Moved 2104.974 290 534 -0.1215278 0.3814339
Moved 2105.044 305.6427 534 -0.09437032 0.3814339
Moved 2105.123 308.2393 534 -0.08986235 0.3814339
Ended 2105.196 309 534 -0.08854166 0.3814339
Began 2105.815 309 499 -0.08854166 0.3010111
Stationary 2105.894 309 499 -0.08854166 0.3010111
Stationary 2105.967 309 499 -0.08854166 0.3010111
Stationary 2106.044 309 499 -0.08854166 0.3010111
Moved 2106.119 328.0072 499 -0.05554304 0.3010111
Moved 2106.19 340.3127 499 -0.03417928 0.3010111
Moved 2106.263 371.4381 507 0.01985781 0.3193934
Moved 2106.336 420.0567 510 0.1042651 0.3262868
Moved 2106.404 452.1813 510 0.1600371 0.3262868
Moved 2106.473 486.606 510 0.2198021 0.3262868
Moved 2106.552 512.1123 510.7041 0.2640839 0.3279047
Moved 2106.627 530.5 511 0.2960069 0.3285846
Moved 2106.703 541.2914 511 0.314742 0.3285846
Moved 2106.782 548.5 511 0.3272569 0.3285846
Moved 2106.854 551.5 511 0.3324653 0.3285846
Moved 2106.926 556.5 511 0.3411459 0.3285846
Moved 2107.004 560 511 0.3472223 0.3285846
Ended 2107.077 560 511 0.3472223 0.3285846
Began 2107.429 274 483 -0.1493056 0.2642463
Stationary 2107.51 274 483 -0.1493056 0.2642463
Stationary 2107.586 274 483 -0.1493056 0.2642463
Moved 2107.655 287.064 483 -0.1266251 0.2642463
Moved 2107.724 301.7522 483 -0.1011246 0.2642463
Moved 2107.793 329.5304 456.558 -0.05289857 0.2034881
Moved 2107.863 352 432.5 -0.01388889 0.1482077
Moved 2107.933 380.8167 390.9721 0.03614016 0.05278514
Moved 2108.003 393.002 372.996 0.05729512 0.01147986
Moved 2108.073 402.1708 357.6583 0.07321329 -0.02376304
Moved 2108.144 405.5 353.5 0.07899307 -0.03331802
Moved 2108.212 419.6413 352 0.1035438 -0.03676471
Moved 2108.285 456.3244 392.9055 0.1672299 0.05722776
Moved 2108.361 468.946 418.8378 0.1891423 0.1168148
Moved 2108.432 477.7743 459.8715 0.2044693 0.2111017
Moved 2108.532 485 497.0819 0.2170139 0.2966037
Moved 2108.602 489 508.2192 0.2239584 0.3221948
Moved 2108.671 491 515.0416 0.2274306 0.3378714
Moved 2108.739 491 517.3307 0.2274306 0.3431313
Stationary 2108.806 491 517 0.2274306 0.3423713
Moved 2108.873 491 509.8925 0.2274306 0.3260397
Moved 2108.94 479.683 481.2765 0.2077829 0.2602861
Moved 2109.008 458.2937 418.4499 0.1706488 0.1159235
Moved 2109.075 438.7444 371.4889 0.1367092 0.008016756
Moved 2109.142 418.1234 322.2468 0.1009087 -0.1051314
Moved 2109.244 397.2279 275.8419 0.06463186 -0.2117604
Moved 2109.311 393 253.5277 0.05729169 -0.2630337
Moved 2109.38 389 231.9983 0.05034723 -0.312504
Moved 2109.449 386 221.2225 0.0451389 -0.3372644
Moved 2109.518 384 213.5 0.04166671 -0.3550093
Moved 2109.594 384 207.6367 0.04166671 -0.3684818
Ended 2109.662 384 204 0.04166671 -0.3768382
Backspace 2115.545
Began 2116.16 471 195 0.1927083 -0.3975184
Stationary 2116.244 471 195 0.1927083 -0.3975184
Moved 2116.317 456.7235 215.553 0.1679227 -0.3502918
Moved 2116.391 444.5992 238.2025 0.1468735 -0.2982479
Moved 2116.463 437.3004 255.3993 0.134202 -0.2587333
Moved 2116.533 425.6995 274.5008 0.1140617 -0.2148419
Moved 2116.603 394.2515 331.3712 0.05946443 -0.08416555
Moved 2116.675 372.416 377.1679 0.02155565 0.02106597
Moved 2116.749 352.5131 407.9825 -0.01299806 0.09187173
Moved 2116.823 335 432 -0.04340276 0.1470589
Moved 2116.906 313.0447 457.4329 -0.0815196 0.2054985
Moved 2116.977 288.6031 481.0477 -0.1239529 0.2597603
Moved 2117.069 268.787 499.8195 -0.1583558 0.302894
Moved 2117.146 255.444 510.778 -0.1815208 0.3280745
Moved 2117.219 247.5 514 -0.1953125 0.3354781
Moved 2117.292 242.78 516 -0.203507 0.3400735
Moved 2117.363 241 516 -0.2065972 0.3400735
Moved 2117.432 241 499.9783 -0.2065972 0.3032589
Moved 2117.5 257.6789 457.6423 -0.1776409 0.2059795
Moved 2117.569 300.4454 365.2751 -0.1033934 -0.006261153
Moved 2117.641 314.9986 334.0024 -0.07812743 -0.07811946
Moved 2117.711 329.7199 305.4201 -0.05256954 -0.1437957
Moved 2117.816 344.6303 272.7394 -0.02668355 -0.2188892
Moved 2117.889 351.4867 256.27 -0.01478005 -0.2567327
Moved 2117.964 356.0759 241.8483 -0.006812662 -0.2898707
Moved 2118.037 358 233.7587 -0.003472231 -0.308459
Moved 2118.111 358 232 -0.003472231 -0.3125
Moved 2118.195 344.3937 249.55 -0.0270943 -0.2721736
Moved 2118.267 296.1437 338.9033 -0.1108617 -0.06685825
Moved 2118.338 268.2623 396.4755 -0.1592669 0.06543072
Moved 2118.407 253.0715 429.0949 -0.1856397 0.1403836
Moved 2118.476 242.518 458.9641 -0.2039618 0.2090167
Moved 2118.581 237 483.4572 -0.2135416 0.2652968
Moved 2118.652 236 497.2068 -0.2152778 0.2968908
Moved 2118.724 246.0895 508.8827 -0.1977613 0.3237194
Moved 2118.8 280.0207 516 -0.138853 0.3400735
Moved 2118.897 328.3532 504.3234 -0.05494233 0.3132432
Moved 2118.97 342.6798 497.3202 -0.03006976 0.2971512
Ended 2119.042 344 496 -0.02777778 0.2941177
Began 2119.416 291 515 -0.1197917 0.3377758
Stationary 2119.495 291 515 -0.1197917 0.3377758
Moved 2119.57 324.7346 515 -0.06122467 0.3377758
Moved 2119.644 359.8683 515 -0.0002285466 0.3377758
Moved 2119.714 386.4373 507.1407 0.04589811 0.3197167
Moved 2119.783 413.6313 498.3422 0.09310983 0.2994995
Moved 2119.857 440.9503 494 0.1405388 0.2895221
Moved 2119.93 479.3863 488 0.2072679 0.2757353
Moved 2120.001 513.2928 485.9512 0.2661334 0.2710275
Moved 2120.077 540.7838 486 0.3138608 0.2711397
Moved 2120.167 561.5085 486 0.3498411 0.2711397
Moved 2120.238 569.8141 496.8141 0.3642607 0.2959884
Moved 2120.307 577 500.5 0.3767361 0.3044578
Ended 2120.4 581 506 0.3836806 0.3170956
Began 2120.94 262 480 -0.1701389 0.257353
Stationary 2121.029 262 480 -0.1701389 0.257353
Stationary 2121.1 262 480 -0.1701389 0.257353
Stationary 2121.172 262 480 -0.1701389 0.257353
Moved 2121.244 276.8187 488.9094 -0.1444119 0.2778249
Moved 2121.316 297.849 498.9245 -0.1079011 0.3008375
Moved 2121.394 375 518.5 0.02604165 0.345818
Moved 2121.467 423.9134 521 0.1109608 0.3515625
Moved 2121.539 463.4292 521 0.1795646 0.3515625
Moved 2121.611 493.696 513 0.2321111 0.3331802
Moved 2121.692 512.1662 509.9169 0.2641774 0.3260959
Moved 2121.779 522.3759 508 0.2819026 0.3216912
Moved 2121.848 525.2239 507 0.286847 0.3193934
Moved 2121.918 527 506 0.2899306 0.3170956
Moved 2121.988 528 505 0.2916667 0.3147978
Moved 2122.059 528 500.8322 0.2916667 0.305221
Moved 2122.13 485.7845 475.7844 0.2183758 0.2476664
Moved 2122.202 431.0994 430.0994 0.1234365 0.1426916
Moved 2122.273 388.1235 394.1235 0.04882544 0.06002637
Moved 2122.344 369.0731 374.3821 0.01575194 0.01466478
Moved 2122.417 354.8643 350.593 -0.00891611 -0.0399978
Moved 2122.531 338.7823 328.5646 -0.03683627 -0.09061428
Moved 2122.609 331.9441 312.8323 -0.04870814 -0.1267639
Moved 2122.681 329 292.4005 -0.05381946 -0.1737122
Moved 2122.755 325.3904 276.7807 -0.06008622 -0.2096032
Moved 2122.827 324 266.6381 -0.06250002 -0.2329088
Moved 2122.901 322 253.3652 -0.06597222 -0.263407
Moved 2122.974 321 247.9684 -0.06770834 -0.275808
Moved 2123.046 320 242.5 -0.06944445 -0.2883731
Moved 2123.121 319 240 -0.07118054 -0.2941177
Moved 2123.194 318 238 -0.07291667 -0.2987133
Moved 2123.302 317 237 -0.07465278 -0.301011
Moved 2123.377 316 237 -0.0763889 -0.301011
Moved 2123.45 328.3615 260.723 -0.05492792 -0.2465004
Moved 2123.524 347.8852 293.8469 -0.02103262 -0.1703885
Moved 2123.597 366.4549 324.9098 0.01120642 -0.09901243
Moved 2123.669 393.7366 356.6488 0.05857058 -0.02608278
Moved 2123.745 412.479 377.4789 0.09110936 0.02178066
Moved 2123.818 423.4758 390.4758 0.1102011 0.0516449
Moved 2123.892 432.3079 398.3079 0.1255346 0.06964137
Moved 2123.965 437.1665 401 0.1339696 0.07582718
Ended 2124.074 441.0053 403 0.1406342 0.0804228
Began 2124.796 153 420 -0.359375 0.1194853
Stationary 2124.879 153 420 -0.359375 0.1194853
Stationary 2124.948 153 420 -0.359375 0.1194853
Stationary 2125.017 153 420 -0.359375 0.1194853
Moved 2125.086 171.8695 411.0652 -0.3266155 0.09895508
Moved 2125.158 200.5477 399.0446 -0.276827 0.07133415
Moved 2125.229 268.8522 357.1182 -0.1582427 -0.02500408
Moved 2125.303 328.7104 310.5339 -0.05432215 -0.1320453
Moved 2125.377 364.3325 281.8005 0.007521735 -0.1980688
Moved 2125.453 390.4774 265.7613 0.05291217 -0.2349235
Moved 2125.525 406.9414 256.0293 0.08149542 -0.2572857
Moved 2125.598 426.9838 246.6721 0.1162913 -0.2787864
Moved 2125.67 447.5 238.5 0.1519098 -0.2975644
Moved 2125.745 460.6282 236 0.1747017 -0.3033088
Moved 2125.816 464.7456 235 0.18185 -0.3056066
Moved 2125.885 466 235 0.1840278 -0.3056066
Moved 2125.955 452.7043 251.9718 0.1609449 -0.2666089
Moved 2126.062 419.0677 273.9662 0.102548 -0.2160704
Moved 2126.135 363.9803 303.3873 0.006910264 -0.1484666
Moved 2126.207 301.0564 334.9624 -0.1023327 -0.07591361
Moved 2126.281 268.7371 355.4471 -0.1584426 -0.02884388
Moved 2126.354 252.1163 365.4418 -0.1872981 -0.00587814
Moved 2126.429 241.692 372.308 -0.2053959 0.00989907
Moved 2126.505 235.93 375.0699 -0.2153992 0.01624528
Moved 2126.578 234 376 -0.21875 0.01838228
Ended 2126.651 234 377 -0.21875 0.02068015
Began 2127.382 464 250 0.1805556 -0.2711397
Stationary 2127.456 464 250 0.1805556 -0.2711397
Stationary 2127.528 464 250 0.1805556 -0.2711397
Stationary 2127.6 464 250 0.1805556 -0.2711397
Moved 2127.676 446.7332 262.7556 0.1505785 -0.24183
Moved 2127.749 426.1528 275.8472 0.1148486 -0.2117482
Moved 2127.825 395 298.5 0.06076388 -0.1596967
Moved 2127.9 346.2603 346.7397 -0.02385374 -0.04885176
Moved 2127.974 307.5508 386.8574 -0.09105761 0.04333048
Moved 2128.048 281.0345 411.5793 -0.1370929 0.1001363
Moved 2128.132 253.9794 434.0206 -0.1840635 0.1517017
Moved 2128.205 232.2974 455.7026 -0.221706 0.2015226
Moved 2128.279 213.9187 472.0813 -0.2536134 0.2391574
Moved 2128.353 208.1834 477 -0.2635705 0.2504596
Moved 2128.426 207 480.3223 -0.265625 0.2580935
Stationary 2128.497 207 480 -0.265625 0.257353
Moved 2128.57 234.1314 443.3029 -0.2185219 0.1730306
Moved 2128.647 271.3764 361.3295 -0.1538604 -0.01532751
Moved 2128.721 285.8717 324.8983 -0.128695 -0.09903888
Moved 2128.794 298.0065 292.9869 -0.1076275 -0.1723645
Moved 2128.899 315.4225 265.5775 -0.07739157 -0.2353458
Moved 2128.966 330.2528 247.7472 -0.05164445 -0.2763162
Moved 2129.031 345.5743 233.4258 -0.02504465 -0.3092238
Moved 2129.098 357.2825 225.3588 -0.004717931 -0.3277602
Moved 2129.166 367.0771 219.9614 0.0122866 -0.3401621
Moved 2129.233 374.5 219 0.02517357 -0.3423713
Moved 2129.311 363.8959 259.2602 0.006763711 -0.2498617
Moved 2129.388 328.751 323.7126 -0.05425178 -0.1017634
Moved 2129.46 300.9352 365.2906 -0.102543 -0.00622553
Moved 2129.531 275.6507 403.799 -0.1464397 0.08225876
Moved 2129.635 254.8064 436.2903 -0.1826277 0.1569172
Moved 2129.704 247.1647 454.6706 -0.1958947 0.1991512
Moved 2129.774 241.3224 466.6777 -0.2060376 0.226741
Moved 2129.844 236.9414 474.0586 -0.2136434 0.2437009
Moved 2129.917 234 482.2256 -0.21875 0.2624671
Moved 2129.993 234 488 -0.21875 0.2757353
Moved 2130.07 234 492.3618 -0.21875 0.2857579
Moved 2130.145 251.2602 498 -0.1887844 0.2987133
Moved 2130.218 277.6554 501 -0.1429594 0.3056066
Moved 2130.288 293.8684 501 -0.1148118 0.3056066
Moved 2130.393 318.9312 501 -0.07129993 0.3056066
Moved 2130.462 321 501 -0.06770834 0.3056066
Ended 2130.53 321 501 -0.06770834 0.3056066
Began 2131.036 291 488 -0.1197917 0.2757353
Stationary 2131.119 291 488 -0.1197917 0.2757353
Stationary 2131.21 291 488 -0.1197917 0.2757353
Moved 2131.281 318.5371 488 -0.07198423 0.2757353
Moved 2131.349 334.709 488 -0.04390802 0.2757353
Moved 2131.424 355.2153 488 -0.008306727 0.2757353
Moved 2131.499 386.3789 488 0.04579678 0.2757353
Moved 2131.573 424.1903 478.9619 0.1114415 0.2549677
Moved 2131.644 450.6055 479 0.1573011 0.2550552
Moved 2131.718 464.6579 477 0.1816978 0.2504596
Moved 2131.801 490.6808 473 0.2268765 0.2412684
Moved 2131.873 505.7707 471 0.2530741 0.2366728
Moved 2131.944 519.1992 470 0.2763875 0.234375
Moved 2132.018 527.278 470 0.2904131 0.234375
Moved 2132.092 534.093 470 0.3022447 0.234375
Moved 2132.168 541.9468 478.9468 0.31588 0.2549331
Moved 2132.24 551.676 484 0.3327709 0.2665442
Moved 2132.312 562.5 490.5 0.3515625 0.2814798
Moved 2132.385 565 491 0.3559028 0.2826287
Ended 2132.455 565 492.3751 0.3559028 0.2857883
Began 2132.895 275 496 -0.1475694 0.2941177
Stationary 2132.968 275 496 -0.1475694 0.2941177
Stationary 2133.036 275 496 -0.1475694 0.2941177
Moved 2133.105 284.0141 496 -0.13192 0.2941177
Moved 2133.175 292.764 496 -0.1167291 0.2941177
Moved 2133.246 321.2547 485.9926 -0.06726618 0.2711226
Moved 2133.323 357.411 462.5889 -0.004494712 0.2173459
Moved 2133.399 388.9217 435.3087 0.05021133 0.1546616
Moved 2133.47 407.4277 411.3584 0.08233979 0.09962872
Moved 2133.542 424.5562 385.6656 0.1120769 0.04059206
Moved 2133.627 436.0443 365.9557 0.1320214 -0.004697408
Moved 2133.7 439.426 358.574 0.1378925 -0.021659
Moved 2133.775 440 355.8503 0.1388889 -0.02791749
Moved 2133.849 449.366 371.732 0.1551493 0.008575357
Moved 2133.922 468.9083 408.8165 0.1890768 0.09378802
Moved 2133.996 487.9198 446.3798 0.222083 0.1801006
Moved 2134.071 498.5222 475.5666 0.24049 0.2471659
Moved 2134.144 505.3418 489.0126 0.2523295 0.2780622
Moved 2134.214 513 503.6816 0.265625 0.3117685
Moved 2134.289 516 509.6553 0.2708333 0.3254949
Moved 2134.4 517 511 0.2725694 0.3285846
Moved 2134.473 504.3023 472.1396 0.2505249 0.2392914
Moved 2134.544 492.0755 425.3397 0.2292977 0.1317548
Moved 2134.624 484 361.9781 0.2152778 -0.01383711
Moved 2134.701 479 320.863 0.2065972 -0.1083112
Moved 2134.781 476 292.4581 0.2013889 -0.1735798
Moved 2134.863 473 272.0239 0.1961806 -0.2205333
Moved 2134.937 468 247.4287 0.1875 -0.277048
Moved 2135.013 462.3083 232.6167 0.1776186 -0.311083
Moved 2135.087 459 223.1443 0.171875 -0.3328486
Ended 2135.197 457 218.782 0.1684028 -0.3428723
PhraseEnd 2136.844
