never too rich and never too thin
Basic
0.8 0.8
575.9999 230.4
Began 276.969 383 152 0.03993057 -0.3819445
Stationary 276.9951 383 152 0.03993057 -0.3819445
Stationary 277.0155 383 152 0.03993057 -0.3819445
Stationary 277.0358 383 152 0.03993057 -0.3819445
Stationary 277.056 383 152 0.03993057 -0.3819445
Stationary 277.0758 383 152 0.03993057 -0.3819445
Stationary 277.0958 383 152 0.03993057 -0.3819445
Stationary 277.1162 383 152 0.03993057 -0.3819445
Stationary 277.1368 383 152 0.03993057 -0.3819445
Stationary 277.1563 383 152 0.03993057 -0.3819445
Stationary 277.1768 383 152 0.03993057 -0.3819445
Stationary 277.1965 383 152 0.03993057 -0.3819445
Stationary 277.2164 383 152 0.03993057 -0.3819445
Stationary 277.2359 383 152 0.03993057 -0.3819445
Stationary 277.2557 383 152 0.03993057 -0.3819445
Stationary 277.2875 383 152 0.03993057 -0.3819445
Stationary 277.3073 383 152 0.03993057 -0.3819445
Stationary 277.3265 383 152 0.03993057 -0.3819445
Moved 277.3475 383 161.8524 0.03993057 -0.3391821
Moved 277.3681 383 163.2871 0.03993057 -0.3329552
Moved 277.3882 383 166.4473 0.03993057 -0.3192395
Moved 277.4083 383 173 0.03993057 -0.2907985
Moved 277.4286 383 179.6641 0.03993057 -0.2618746
Moved 277.448 383 185.6542 0.03993057 -0.2358759
Moved 277.4687 383 197.1849 0.03993057 -0.1858291
Moved 277.5003 375.7361 215.356 0.02731964 -0.106962
Moved 277.5217 369.5655 229.5863 0.01660668 -0.04519834
Moved 277.5421 364.7052 235.2128 0.008168743 -0.02077778
Moved 277.5631 349.985 254.3508 -0.0173872 0.06228646
Moved 277.5834 343.9373 263.594 -0.02788655 0.1024045
Moved 277.6037 338.2124 270.9844 -0.03782563 0.1344809
Moved 277.6244 325.6537 288.4849 -0.05962908 0.2104379
Moved 277.6451 322.6754 291.3246 -0.06479976 0.2227632
Moved 277.6664 316.8249 297.7626 -0.07495676 0.2507059
Moved 277.6884 308.6184 304.9211 -0.08920421 0.2817756
Moved 277.7213 302.3559 310.6441 -0.1000766 0.3066151
Moved 277.743 300.4658 312.7671 -0.103358 0.3158295
Moved 277.7639 295.3659 316.6341 -0.112212 0.3326134
Moved 277.7857 293.2483 317 -0.1158885 0.3342015
Moved 277.8064 290.6364 318.1818 -0.120423 0.339331
Moved 277.8284 286.8877 319 -0.1269311 0.342882
Moved 277.8539 281.5 320 -0.1362847 0.3472222
Moved 277.8752 278.9833 321.0056 -0.140654 0.3515866
Moved 277.8963 276.1086 321 -0.1456448 0.3515625
Moved 277.9277 269.3664 321 -0.15735 0.3515625
Moved 277.9635 261 321 -0.171875 0.3515625
Moved 277.9844 258.4907 321 -0.1762315 0.3515625
Moved 278.0045 256.8009 321 -0.1791651 0.3515625
Moved 278.0253 251.866 321 -0.1877326 0.3515625
Moved 278.0452 250.4932 321 -0.190116 0.3515625
Moved 278.0656 249.0592 321 -0.1926055 0.3515625
Moved 278.0873 248 321 -0.1944444 0.3515625
Moved 278.1082 247 321 -0.1961806 0.3515625
Stationary 278.1363 247 321 -0.1961806 0.3515625
Stationary 278.1568 247 321 -0.1961806 0.3515625
Stationary 278.188 247 321 -0.1961806 0.3515625
Stationary 278.2083 247 321 -0.1961806 0.3515625
Moved 278.2312 247 310.8995 -0.1961806 0.3077239
Moved 278.2518 258.754 309.5308 -0.1757743 0.3017828
Moved 278.2737 271.7596 297.5923 -0.1531951 0.2499665
Moved 278.2943 278.1593 292.6305 -0.1420845 0.2284311
Moved 278.3154 289.6514 283.6789 -0.1221331 0.1895787
Moved 278.3375 295.0633 280.4683 -0.1127373 0.1756438
Moved 278.3588 299.609 276.3911 -0.1048455 0.1579474
Moved 278.3801 311.2892 265.7108 -0.0845673 0.1115918
Moved 278.4133 319.5 256 -0.07031251 0.06944445
Moved 278.4342 324.0752 251.9248 -0.06236952 0.0517571
Moved 278.4564 329.7893 242.316 -0.05244907 0.01005239
Moved 278.4772 331.3243 238.0271 -0.04978418 -0.008562804
Moved 278.4975 333.763 234.7111 -0.04555039 -0.02295534
Moved 278.5192 336.5 230 -0.0407986 -0.04340265
Moved 278.542 338.5435 226.6847 -0.03725085 -0.05779214
Moved 278.5639 341.6455 221.709 -0.03186539 -0.0793881
Moved 278.5844 344.1586 217.7621 -0.02750237 -0.09651873
Moved 278.6052 345.5164 216.4836 -0.02514523 -0.1020675
Moved 278.6393 350.7174 207.924 -0.01611561 -0.1392189
Moved 278.66 351.9152 205.1697 -0.01403611 -0.1511733
Moved 278.6807 353.3529 202.2943 -0.01154013 -0.1636532
Moved 278.7028 356 197.7736 -0.006944462 -0.1832745
Moved 278.7234 357 196.3367 -0.005208328 -0.189511
Moved 278.7433 357 195.5 -0.005208328 -0.1931424
Moved 278.7638 358.0716 194.9285 -0.003347993 -0.1956229
Stationary 278.7832 358.0716 194.9285 -0.003347993 -0.1956229
Stationary 278.802 358.0716 194.9285 -0.003347993 -0.1956229
Stationary 278.8222 358.0716 194.9285 -0.003347993 -0.1956229
Moved 278.8545 344.3103 201.276 -0.0272391 -0.1680728
Moved 278.8752 335.9979 207.3347 -0.04167028 -0.1417764
Moved 278.8955 330.9625 212.2781 -0.05041227 -0.1203209
Moved 278.917 314.214 228.786 -0.0794896 -0.04867183
Moved 278.9374 305.6112 237.3888 -0.09442493 -0.01133323
Moved 278.959 298.5 246 -0.1067709 0.02604167
Moved 278.9799 282.8807 260.1193 -0.1338876 0.0873232
Moved 279.0001 277.2206 267.2242 -0.1437143 0.1181608
Moved 279.0278 268.0141 277.9859 -0.1596978 0.1648694
Moved 279.0489 263.6935 283.3065 -0.1671987 0.1879621
Moved 279.0815 257 292.5 -0.1788195 0.2278647
Moved 279.1011 252.7871 299.4258 -0.1861335 0.2579244
Moved 279.1207 250.7059 302.2941 -0.1897467 0.2703737
Moved 279.1414 248.9132 304.0868 -0.1928591 0.2781546
Moved 279.1618 246.0437 308.9126 -0.1978408 0.2990998
Moved 279.1813 244.6108 310.3892 -0.2003284 0.3055087
Moved 279.2005 243.5015 312.4985 -0.2022543 0.3146635
Moved 279.22 242.0658 314.8684 -0.2047469 0.3249497
Moved 279.2405 241 318.598 -0.2065972 0.3411369
Moved 279.2608 239.767 319 -0.2087379 0.342882
Moved 279.2928 238.8915 322.1085 -0.2102578 0.3563739
Moved 279.3127 239 323.132 -0.2100695 0.3608162
Moved 279.3324 239 325.5 -0.2100695 0.3710938
Moved 279.3525 239 326.4854 -0.2100695 0.3753707
Moved 279.3724 239 327.5 -0.2100695 0.3797743
Moved 279.3919 239 328.1794 -0.2100695 0.3827233
Stationary 279.4111 239 328.1794 -0.2100695 0.3827233
Moved 279.4299 239 329 -0.2100695 0.3862849
Stationary 279.4495 239 329 -0.2100695 0.3862849
Moved 279.4691 259.9743 329.6624 -0.1736558 0.3891596
Moved 279.5056 273.5792 330 -0.1500361 0.3906251
Moved 279.5291 277.1436 330 -0.1438478 0.3906251
Moved 279.5519 283.9526 330 -0.1320267 0.3906251
Moved 279.5735 287.8241 330 -0.1253054 0.3906251
Moved 279.5952 292.7871 330 -0.1166891 0.3906251
Moved 279.6154 295.4445 330 -0.1120755 0.3906251
Moved 279.6348 296.5119 330 -0.1102224 0.3906251
Moved 279.6541 298.1127 330 -0.1074432 0.3906251
Stationary 279.6802 298.1127 330 -0.1074432 0.3906251
Moved 279.6991 299 330 -0.1059028 0.3906251
Stationary 279.7296 299 330 -0.1059028 0.3906251
Ended 279.7492 299 330 -0.1059028 0.3906251
Began 280.4012 363 303 0.005208328 0.2734375
Stationary 280.4266 363 303 0.005208328 0.2734375
Stationary 280.446 363 303 0.005208328 0.2734375
Stationary 280.4655 363 303 0.005208328 0.2734375
Stationary 280.4853 363 303 0.005208328 0.2734375
Stationary 280.5044 363 303 0.005208328 0.2734375
Stationary 280.524 363 303 0.005208328 0.2734375
Stationary 280.5439 363 303 0.005208328 0.2734375
Stationary 280.5638 363 303 0.005208328 0.2734375
Moved 280.5837 372.9939 303 0.02255887 0.2734375
Moved 280.6054 376.5116 303 0.02866596 0.2734375
Moved 280.6264 382.4842 303 0.03903508 0.2734375
Moved 280.6504 388.0327 303 0.04866779 0.2734375
Moved 280.6726 396.4855 303 0.06334298 0.2734375
Moved 280.6932 401.1711 303 0.07147767 0.2734375
Moved 280.7148 405.985 303 0.07983514 0.2734375
Moved 280.7461 414.0364 303 0.09381324 0.2734375
Moved 280.7675 425.5267 303 0.1137616 0.2734375
Moved 280.7892 431.2598 303 0.123715 0.2734375
Moved 280.8099 443.5759 303 0.1450971 0.2734375
Moved 280.8299 450.5338 303 0.1571766 0.2734375
Moved 280.8502 456.0931 303 0.1668283 0.2734375
Moved 280.8717 471.1798 307.4518 0.1930205 0.2927595
Moved 280.8925 480.5101 311.0729 0.2092189 0.3084761
Moved 280.9133 487.5 311 0.2213541 0.3081597
Moved 280.9349 500.512 313 0.2439444 0.3168403
Moved 280.9677 509.7695 314 0.2600165 0.3211807
Moved 280.9869 515.4272 314 0.2698389 0.3211807
Moved 281.022 525.9042 315 0.2880281 0.3255209
Moved 281.0457 533.2885 317.0961 0.3008481 0.3346188
Moved 281.066 536 317 0.3055556 0.3342015
Moved 281.0861 541.0885 317 0.3143898 0.3342015
Moved 281.1065 543.9537 318.4768 0.319364 0.3406112
Moved 281.1274 544.9153 318 0.3210334 0.3385417
Moved 281.1485 547.7794 318 0.3260058 0.3385417
Moved 281.1681 549.2166 318 0.328501 0.3385417
Moved 281.2 551 319 0.3315973 0.342882
Moved 281.2208 552.205 319 0.3336892 0.342882
Moved 281.241 553.5 319 0.3359375 0.342882
Stationary 281.262 553.5 319 0.3359375 0.342882
Moved 281.2814 554.249 319 0.3372378 0.342882
Moved 281.3016 555.4684 320 0.339355 0.3472222
Stationary 281.3211 555.4684 320 0.339355 0.3472222
Moved 281.3401 556.3442 320 0.3408754 0.3472222
Stationary 281.3595 556.3442 320 0.3408754 0.3472222
Moved 281.3791 557.0731 320 0.3421409 0.3472222
Moved 281.4102 558.226 320 0.3441423 0.3472222
Moved 281.4303 558.6625 320 0.3449003 0.3472222
Moved 281.4498 559 321.0981 0.3454861 0.3519885
Stationary 281.4702 559 321.0981 0.3454861 0.3519885
Moved 281.4895 561 321 0.3489583 0.3515625
Stationary 281.5086 561 321 0.3489583 0.3515625
Stationary 281.528 561 321 0.3489583 0.3515625
Ended 281.5507 561 321 0.3489583 0.3515625
Began 282.0808 307 320 -0.09201389 0.3472222
Stationary 282.107 307 320 -0.09201389 0.3472222
Stationary 282.1265 307 320 -0.09201389 0.3472222
Stationary 282.1462 307 320 -0.09201389 0.3472222
Stationary 282.1678 307 320 -0.09201389 0.3472222
Stationary 282.1879 307 320 -0.09201389 0.3472222
Stationary 282.2079 307 320 -0.09201389 0.3472222
Stationary 282.2293 307 320 -0.09201389 0.3472222
Stationary 282.252 307 320 -0.09201389 0.3472222
Stationary 282.2731 307 320 -0.09201389 0.3472222
Stationary 282.2939 307 320 -0.09201389 0.3472222
Stationary 282.3146 307 320 -0.09201389 0.3472222
Stationary 282.3354 307 320 -0.09201389 0.3472222
Stationary 282.3551 307 320 -0.09201389 0.3472222
Stationary 282.3767 307 320 -0.09201389 0.3472222
Moved 282.3979 321.5775 320 -0.06670579 0.3472222
Moved 282.42 324.7123 320 -0.06126337 0.3472222
Moved 282.4431 332.9771 320 -0.04691486 0.3472222
Moved 282.4762 348.3065 320 -0.02030112 0.3472222
Moved 282.4976 358.2827 320 -0.002981387 0.3472222
Moved 282.5201 376.2323 320 0.028181 0.3472222
Moved 282.5409 388.5396 320 0.04954793 0.3472222
Moved 282.5619 398.3616 320 0.0666 0.3472222
Moved 282.5865 424.1605 329.4581 0.1113897 0.3882731
Moved 282.607 433.5282 327 0.1276532 0.3776042
Moved 282.6287 448.5 328 0.1536458 0.3819445
Moved 282.651 454.7966 329 0.1645775 0.3862849
Moved 282.6737 467.5344 329 0.1866916 0.3862849
Moved 282.7062 477.5 330 0.203993 0.3906251
Moved 282.7273 481.8635 330 0.2115686 0.3906251
Moved 282.7471 486.1123 330 0.218945 0.3906251
Moved 282.7693 489.88 330 0.2254862 0.3906251
Moved 282.7902 491.3142 331.3142 0.2279761 0.396329
Moved 282.8122 494.1842 331 0.2329587 0.3949653
Moved 282.8322 495.5 331 0.2352431 0.3949653
Stationary 282.8514 495.5 331 0.2352431 0.3949653
Moved 282.8702 496.0541 331 0.236205 0.3949653
Stationary 282.8903 496 331 0.2361111 0.3949653
Stationary 282.9211 496 331 0.2361111 0.3949653
Stationary 282.9407 496 331 0.2361111 0.3949653
Moved 282.9595 496 321.6132 0.2361111 0.3542242
Moved 282.9792 486.8956 316.4478 0.2203048 0.3318049
Moved 283 465.1464 294.9079 0.1825459 0.2383156
Moved 283.0201 457.0096 288.2077 0.1684196 0.209235
Moved 283.0449 435.5819 272.791 0.1312187 0.1423219
Moved 283.0657 424 264 0.1111111 0.1041668
Moved 283.0879 413.2074 257.3796 0.09237393 0.0754322
Moved 283.1119 394.5 246 0.05989581 0.02604167
Moved 283.1465 376.3287 236.4735 0.02834842 -0.01530594
Moved 283.1704 360.4785 228.2393 0.0008307398 -0.05104489
Moved 283.1919 353 224.5 -0.01215279 -0.06727418
Moved 283.2151 333.2144 214.3304 -0.0465028 -0.111413
Moved 283.2367 323.6893 209.3446 -0.06303937 -0.1330529
Moved 283.2592 304 201 -0.09722222 -0.169271
Moved 283.2807 297.1461 197.0876 -0.1091214 -0.1862517
Moved 283.3019 291.3739 195.5935 -0.1191426 -0.1927365
Moved 283.324 281.3446 191.1724 -0.1365545 -0.2119255
Moved 283.3455 276.9507 188.3005 -0.1441827 -0.2243899
Moved 283.3815 262.6828 183.3414 -0.1689536 -0.2459138
Moved 283.4024 258.7136 181.9045 -0.1758445 -0.2521503
Moved 283.4234 255.5377 180.8459 -0.1813581 -0.2567449
Moved 283.4448 250.8385 177.9192 -0.1895166 -0.269448
Moved 283.465 249.5 176.5 -0.1918403 -0.2756077
Moved 283.4855 248.0483 176.0482 -0.1943606 -0.2775684
Moved 283.5058 246.6183 174.6183 -0.1968431 -0.2837747
Moved 283.5303 245.0715 174 -0.1995286 -0.2864582
Moved 283.5515 244.224 173 -0.201 -0.2907985
Moved 283.5717 243.5 173 -0.202257 -0.2907985
Moved 283.6053 244 172 -0.2013889 -0.2951388
Stationary 283.6261 244 172 -0.2013889 -0.2951388
Moved 283.6459 244 171 -0.2013889 -0.2994793
Stationary 283.6659 244 171 -0.2013889 -0.2994793
Moved 283.6854 262.7025 177.7397 -0.1689192 -0.2702267
Moved 283.7064 283.7261 194.0446 -0.13242 -0.1994593
Moved 283.727 292.6362 201.3635 -0.1169511 -0.167693
Moved 283.7476 298.5 207.5 -0.1067709 -0.141059
Moved 283.7679 317.7018 217.9724 -0.07343441 -0.09560586
Moved 283.7874 326.0162 222.0081 -0.0589997 -0.07809004
Moved 283.8201 337.1493 227.6119 -0.03967132 -0.05376764
Moved 283.8416 341.9409 229.9803 -0.03135264 -0.04348795
Moved 283.862 352.4293 234.4858 -0.01314353 -0.02393286
Moved 283.8834 362.3315 235.9164 0.004047751 -0.01772404
Moved 283.9052 378.9872 237.7975 0.03296398 -0.009559526
Moved 283.9303 386.1762 238 0.04544489 -0.008680556
Moved 283.9514 395.3284 240.1095 0.06133408 0.0004752477
Moved 283.9727 398.479 240 0.06680385 0
Moved 283.993 402.9587 240.6528 0.07458106 0.002833605
Moved 284.0144 412.5 243.5 0.09114587 0.01519097
Moved 284.047 420.1945 244.3982 0.1045044 0.01908951
Moved 284.0678 422.6568 244.8284 0.1087792 0.02095646
Moved 284.0891 427.7 246.35 0.1175348 0.02756079
Moved 284.1101 430.5751 246 0.1225262 0.02604167
Moved 284.1311 433.4478 246 0.1275135 0.02604167
Moved 284.1525 437.0949 247.095 0.1338454 0.03079415
Moved 284.1751 438.5 247 0.1362847 0.03038208
Moved 284.1965 441.1075 247 0.1408117 0.03038208
Moved 284.2181 442.5 247 0.1432291 0.03038208
Moved 284.2387 443.5 248.5 0.1449653 0.03689237
Moved 284.2716 444.2096 248 0.1461972 0.03472222
Moved 284.293 445 248 0.1475695 0.03472222
Ended 284.3133 445 248 0.1475695 0.03472222
Began 284.8489 175 234 -0.3211806 -0.02604154
Stationary 284.879 175 234 -0.3211806 -0.02604154
Stationary 284.8997 175 234 -0.3211806 -0.02604154
Stationary 284.9207 175 234 -0.3211806 -0.02604154
Stationary 284.942 175 234 -0.3211806 -0.02604154
Stationary 284.9634 175 234 -0.3211806 -0.02604154
Stationary 284.9853 175 234 -0.3211806 -0.02604154
Stationary 285.0052 175 234 -0.3211806 -0.02604154
Stationary 285.0254 175 234 -0.3211806 -0.02604154
Stationary 285.0461 175 234 -0.3211806 -0.02604154
Stationary 285.0664 175 234 -0.3211806 -0.02604154
Stationary 285.0867 175 234 -0.3211806 -0.02604154
Moved 285.1084 184.3143 234 -0.30501 -0.02604154
Moved 285.1378 185.3729 234 -0.3031721 -0.02604154
Moved 285.1597 186.7711 234 -0.3007446 -0.02604154
Moved 285.1828 189.2162 234 -0.2964997 -0.02604154
Moved 285.21 193.1932 234 -0.2895951 -0.02604154
Moved 285.232 204.0093 229.787 -0.2708171 -0.04432731
Moved 285.2556 212.2265 225.9623 -0.2565513 -0.06092748
Moved 285.2779 241.9267 219.2683 -0.2049883 -0.0899813
Moved 285.3007 256.4633 215.8931 -0.1797513 -0.1046308
Moved 285.3224 303.6275 212 -0.09786885 -0.1215277
Moved 285.3429 320.6545 210.6954 -0.06830809 -0.1271901
Moved 285.3765 355.315 206.7809 -0.008133614 -0.1441801
Moved 285.398 378.9435 202.5142 0.03288791 -0.162699
Moved 285.417 391.7751 197.6899 0.05516514 -0.1836374
Moved 285.4373 401.5 196.5 0.0720486 -0.188802
Moved 285.4578 411.6585 193.0975 0.08968487 -0.2035697
Moved 285.4805 428.2862 188.1785 0.1185525 -0.2249197
Moved 285.5021 433.8555 185.5723 0.1282214 -0.2362314
Moved 285.5237 443.6602 182.335 0.1452433 -0.2502823
Moved 285.5448 448.3081 179.7947 0.1533126 -0.2613077
Moved 285.5753 457.9414 176.0293 0.1700372 -0.2776508
Moved 285.6093 466.7002 172.1499 0.1852434 -0.2944883
Moved 285.6311 473.8851 171 0.1977171 -0.2994793
Moved 285.652 477.4839 169.172 0.2039652 -0.3074134
Moved 285.6726 480.5391 167.7305 0.2092692 -0.3136697
Moved 285.6923 485.261 167 0.217467 -0.3168403
Moved 285.712 486.5741 166.4259 0.2197467 -0.3193322
Moved 285.7317 487.5 165.5 0.2213541 -0.3233507
Moved 285.7515 488.0351 166 0.2222833 -0.3211806
Stationary 285.771 488 166 0.2222222 -0.3211806
Stationary 285.7903 488 166 0.2222222 -0.3211806
Moved 285.8208 477.7536 166 0.2044334 -0.3211806
Moved 285.8416 470.0278 176.8413 0.1910205 -0.2741263
Moved 285.8627 454.3656 185.8173 0.1638291 -0.2351682
Moved 285.882 446.6934 190.1533 0.1505093 -0.2163485
Moved 285.9024 438.0246 194.4877 0.1354593 -0.197536
Moved 285.9265 423.8491 202.0906 0.1108491 -0.1645374
Moved 285.9459 417.1129 204.9435 0.09915442 -0.152155
Moved 285.9659 411.6043 207.3583 0.08959085 -0.141674
Moved 285.9867 397.8316 211.8673 0.06567985 -0.1221038
Moved 286.0091 391.4858 213.8785 0.0546629 -0.1133743
Moved 286.0422 378.2263 217 0.03164284 -0.09982626
Moved 286.0638 366.5 219.5 0.01128472 -0.0889757
Moved 286.0845 359.169 220.6902 -0.001442768 -0.08380996
Moved 286.1061 342.1647 223.567 -0.03096406 -0.07132372
Moved 286.1268 335.0049 225.998 -0.04339435 -0.06077237
Moved 286.1475 328.7984 227.4403 -0.05416938 -0.05451256
Moved 286.1691 316.7273 231.6364 -0.07512618 -0.03630055
Moved 286.1912 311.4071 232.3186 -0.08436263 -0.03333927
Moved 286.2139 296.4836 234.3032 -0.1102715 -0.0247256
Moved 286.2349 291.0592 236.7352 -0.1196889 -0.01416988
Moved 286.2736 279.5614 240.2194 -0.1396503 0.000952085
Moved 286.297 269.5972 244.2014 -0.1569493 0.01823531
Moved 286.3243 259.9821 248.006 -0.1736422 0.03474819
Moved 286.3449 255.6759 250.8828 -0.1811183 0.04723443
Moved 286.3653 250.3614 251.8795 -0.1903448 0.05156041
Moved 286.3873 240.7412 255.5059 -0.2070465 0.06729987
Moved 286.414 234.0325 258.3225 -0.2186936 0.07952492
Moved 286.4373 231.489 259.7555 -0.2231094 0.0857442
Moved 286.4594 229.8079 260 -0.226028 0.08680556
Moved 286.4812 226.9344 261 -0.2310167 0.09114584
Moved 286.5153 225.2972 262 -0.233859 0.09548625
Ended 286.5376 221.8725 262 -0.2398047 0.09548625
Began 287.1736 426 160 0.1145833 -0.3472221
Stationary 287.2041 426 160 0.1145833 -0.3472221
Stationary 287.2293 426 160 0.1145833 -0.3472221
Stationary 287.2509 426 160 0.1145833 -0.3472221
Stationary 287.2716 426 160 0.1145833 -0.3472221
Stationary 287.2927 426 160 0.1145833 -0.3472221
Stationary 287.3127 426 160 0.1145833 -0.3472221
Stationary 287.3327 426 160 0.1145833 -0.3472221
Stationary 287.3533 426 160 0.1145833 -0.3472221
Stationary 287.3738 426 160 0.1145833 -0.3472221
Stationary 287.3942 426 160 0.1145833 -0.3472221
Stationary 287.4157 426 160 0.1145833 -0.3472221
Stationary 287.4358 426 160 0.1145833 -0.3472221
Stationary 287.4561 426 160 0.1145833 -0.3472221
Stationary 287.477 426 160 0.1145833 -0.3472221
Stationary 287.4969 426 160 0.1145833 -0.3472221
Stationary 287.5205 426 160 0.1145833 -0.3472221
Moved 287.5551 412.1698 174.2642 0.09057255 -0.2853118
Moved 287.5771 404.0101 180.9916 0.07640637 -0.2561128
Moved 287.5992 396.7568 185.3459 0.06381392 -0.2372137
Moved 287.6211 383.9662 194.0203 0.04160799 -0.1995647
Moved 287.6416 374.3045 199.797 0.02483413 -0.1744922
Moved 287.6627 356.705 211.3114 -0.005720519 -0.1245164
Moved 287.6832 345.6728 218.0441 -0.02487361 -0.09529498
Moved 287.7042 336.907 222.5465 -0.04009199 -0.075753
Moved 287.7256 322.261 233.1593 -0.06551918 -0.02969053
Moved 287.7474 315.151 238.6792 -0.0778629 -0.00573251
Moved 287.7815 299.8395 250.0963 -0.1044453 0.04382094
Moved 287.8023 285.537 258.7852 -0.129276 0.08153293
Moved 287.8224 279.6264 263.0302 -0.1395375 0.09995753
Moved 287.8462 269.6635 271.5024 -0.1568343 0.1367294
Moved 287.8669 263.9281 277.0719 -0.1667915 0.1609024
Moved 287.887 258.8621 282.8506 -0.1755867 0.1859835
Moved 287.9087 250.2489 293.3347 -0.19054 0.2314875
Moved 287.9294 245.9415 298.0585 -0.1980182 0.2519899
Moved 287.9494 241.6177 300.9216 -0.2055249 0.2644166
Moved 287.9702 235.9914 308.0086 -0.2152927 0.2951763
Moved 288.007 231.1214 311.8786 -0.2237476 0.3119731
Moved 288.0293 229.6927 313.3073 -0.2262279 0.318174
Moved 288.0498 225.6364 316 -0.2332702 0.3298611
Moved 288.0711 224.8064 317.1936 -0.2347111 0.3350417
Moved 288.0927 222.8641 319 -0.2380832 0.342882
Moved 288.114 223 320 -0.2378472 0.3472222
Stationary 288.1343 223 320 -0.2378472 0.3472222
Stationary 288.1586 223 320 -0.2378472 0.3472222
Moved 288.1789 223 321 -0.2378472 0.3515625
Stationary 288.2005 223 321 -0.2378472 0.3515625
Moved 288.2347 238.0178 309.9822 -0.2117746 0.3037423
Moved 288.2584 246.1557 301.8443 -0.1976464 0.2684215
Moved 288.2803 261.9668 286.0332 -0.1701966 0.1997969
Moved 288.3017 271.1053 278.0526 -0.1543311 0.1651587
Moved 288.3246 285.1759 261.7947 -0.1299029 0.09459536
Moved 288.3456 292.3947 253.1263 -0.1173702 0.05697198
Moved 288.3671 300.4244 243.6715 -0.1034298 0.01593537
Moved 288.3892 312 230.5 -0.08333334 -0.04123264
Moved 288.4104 317.5321 224.4679 -0.07372893 -0.06741366
Moved 288.4334 328.8194 212.4757 -0.05413294 -0.1194631
Moved 288.4698 338.7341 199.6879 -0.03692001 -0.1749657
Moved 288.4904 344.0722 192.9097 -0.02765238 -0.2043851
Moved 288.512 349.1298 186.3053 -0.01887187 -0.2330498
Moved 288.5331 352.0099 182.9901 -0.01387171 -0.2474388
Moved 288.5545 355.8683 177.3953 -0.007173159 -0.271722
Moved 288.5754 357.3042 175.6958 -0.004680268 -0.279098
Moved 288.596 358 174.2603 -0.003472231 -0.2853287
Moved 288.6175 359 172.804 -0.001736097 -0.2916495
Stationary 288.6373 359 172.804 -0.001736097 -0.2916495
Moved 288.6572 359 171.8716 -0.001736097 -0.2956963
Stationary 288.6907 359 172 -0.001736097 -0.2951388
Moved 288.7157 351.2422 172 -0.01520448 -0.2951388
Moved 288.7367 344.9876 172 -0.02606317 -0.2951388
Moved 288.7633 326.6864 191.3136 -0.05783618 -0.2113125
Moved 288.785 299.8131 216.4197 -0.1044912 -0.102345
Moved 288.8201 278.6408 243.6046 -0.1412486 0.01564503
Moved 288.8423 272.0834 252.4833 -0.152633 0.05418102
Moved 288.8647 258.0777 274.6757 -0.1769484 0.1505021
Moved 288.8858 252.9187 284.1625 -0.1859049 0.1916777
Moved 288.9078 247.0969 297.6125 -0.1960124 0.2500544
Moved 288.9414 243.5 305.5 -0.202257 0.2842882
Moved 288.9631 240.3422 308.4867 -0.2077392 0.2972513
Moved 288.9849 235.2985 316.1046 -0.2164957 0.3303149
Moved 289.007 233.8615 319.277 -0.2189905 0.3440844
Moved 289.0284 233 321.5786 -0.2204861 0.3540739
Moved 289.0518 231.575 324.425 -0.2229601 0.3664279
Moved 289.077 232 325.5612 -0.2222222 0.3713596
Moved 289.0975 232 328.4348 -0.2222222 0.3838318
Moved 289.1179 232 329.8696 -0.2222222 0.3900591
Moved 289.1381 232 331.3087 -0.2222222 0.3963051
Moved 289.1707 241.5137 334.1892 -0.2057054 0.4088075
Moved 289.1925 246.7958 335 -0.196535 0.4123264
Moved 289.2135 253.6705 335 -0.1845999 0.4123264
Moved 289.2353 269.0806 335 -0.1578462 0.4123264
Moved 289.2558 276.2358 335 -0.145424 0.4123264
Moved 289.2766 284.5238 335 -0.1310351 0.4123264
Moved 289.2976 297.7664 335 -0.1080444 0.4123264
Moved 289.3219 303.5233 335 -0.09804991 0.4123264
Moved 289.351 310.4885 335 -0.08595754 0.4123264
Moved 289.3724 313 335 -0.08159724 0.4123264
Ended 289.405 313 335 -0.08159724 0.4123264
Began 290.1606 321 325 -0.06770834 0.3689236
Stationary 290.1959 321 325 -0.06770834 0.3689236
Stationary 290.2203 321 325 -0.06770834 0.3689236
Stationary 290.2418 321 325 -0.06770834 0.3689236
Stationary 290.2619 321 325 -0.06770834 0.3689236
Stationary 290.2825 321 325 -0.06770834 0.3689236
Stationary 290.3029 321 325 -0.06770834 0.3689236
Stationary 290.3233 321 325 -0.06770834 0.3689236
Stationary 290.3469 321 325 -0.06770834 0.3689236
Moved 290.3673 330.2981 325 -0.05156577 0.3689236
Moved 290.3925 333.2803 325 -0.04638832 0.3689236
Moved 290.4144 336.1647 325 -0.04138071 0.3689236
Moved 290.4354 340.9474 325 -0.03307752 0.3689236
Moved 290.4571 343.7588 325 -0.02819654 0.3689236
Moved 290.4788 351.7413 325 -0.01433808 0.3689236
Moved 290.5003 354.6827 325 -0.009231344 0.3689236
Moved 290.5224 362.7837 325 0.004832745 0.3689236
Moved 290.5444 379.5374 325 0.03391914 0.3689236
Moved 290.5651 389.5436 325 0.05129092 0.3689236
Moved 290.5864 407.6311 325 0.08269281 0.3689236
Moved 290.6229 425.5 325 0.1137153 0.3689236
Moved 290.6436 435.768 325 0.1315417 0.3689236
Moved 290.6664 451.9682 325 0.159667 0.3689236
Moved 290.6877 460.5913 325 0.1746377 0.3689236
Moved 290.7149 476.2626 325 0.2018448 0.3689236
Moved 290.7359 485.7101 325 0.2182467 0.3689236
Moved 290.7573 499.5849 325 0.2423349 0.3689236
Moved 290.7779 504.6704 325 0.2511639 0.3689236
Moved 290.7987 509.9425 325 0.2603169 0.3689236
Moved 290.8199 518.5 325 0.2751736 0.3689236
Moved 290.8551 527.1256 325 0.2901486 0.3689236
Moved 290.8851 532.4706 325 0.2994282 0.3689236
Moved 290.9104 538.2199 325 0.3094096 0.3689236
Moved 290.932 541 325 0.3142361 0.3689236
Moved 290.9542 543.3092 325 0.3182451 0.3689236
Moved 290.9756 548 325 0.326389 0.3689236
Moved 290.9957 549.9291 325 0.3297381 0.3689236
Moved 291.0176 553.8373 325 0.3365231 0.3689236
Moved 291.0393 555.278 325 0.3390244 0.3689236
Moved 291.0596 557.5333 325 0.3429398 0.3689236
Moved 291.0946 561.6485 325 0.3500842 0.3689236
Moved 291.1157 563.1124 325 0.3526256 0.3689236
Moved 291.1398 564.5396 325 0.3551034 0.3689236
Moved 291.1599 566.5 325 0.358507 0.3689236
Moved 291.1817 567.5492 325 0.3603285 0.3689236
Moved 291.2039 569 325 0.3628472 0.3689236
Stationary 291.2251 569 325 0.3628472 0.3689236
Moved 291.2453 570.3729 325 0.3652307 0.3689236
Stationary 291.267 570 325 0.3645834 0.3689236
Ended 291.288 570 325 0.3645834 0.3689236
Began 291.7006 342 331 -0.03125001 0.3949653
Stationary 291.7304 342 331 -0.03125001 0.3949653
Stationary 291.7509 342 331 -0.03125001 0.3949653
Stationary 291.7755 342 331 -0.03125001 0.3949653
Stationary 291.7964 342 331 -0.03125001 0.3949653
Stationary 291.8168 342 331 -0.03125001 0.3949653
Stationary 291.837 342 331 -0.03125001 0.3949653
Stationary 291.8565 342 331 -0.03125001 0.3949653
Stationary 291.876 342 331 -0.03125001 0.3949653
Stationary 291.897 342 331 -0.03125001 0.3949653
Stationary 291.9167 342 331 -0.03125001 0.3949653
Stationary 291.9375 342 331 -0.03125001 0.3949653
Moved 291.9587 357.2857 320.8096 -0.00471238 0.350736
Moved 291.981 361.5 318 0.002604201 0.3385417
Moved 292.0149 375.3222 307.4518 0.02660103 0.2927599
Moved 292.0377 385.591 297.3272 0.04442886 0.2488159
Moved 292.0602 390.0642 292.9358 0.05219482 0.2297561
Moved 292.0829 401.912 282.316 0.07276402 0.1836631
Moved 292.1048 405.9683 277.6878 0.07980608 0.1635756
Moved 292.1267 414.5 271 0.09461805 0.1345486
Moved 292.1478 417.9653 268.0347 0.1006343 0.1216783
Moved 292.1691 421.1798 263.7303 0.1062149 0.102996
Moved 292.1909 429.8882 257.0746 0.1213336 0.07410845
Moved 292.2134 432.8071 254.1929 0.1264012 0.06160101
Moved 292.2473 437.5414 249.4586 0.1346204 0.04105303
Moved 292.2762 439.8079 247.1921 0.1385554 0.03121588
Moved 292.3004 442.676 245.3241 0.1435347 0.02310806
Moved 292.3221 444.116 245 0.1460348 0.02170139
Moved 292.3441 447.9922 245 0.1527642 0.02170139
Moved 292.3664 450.0856 245 0.1563986 0.02170139
Moved 292.3878 459.7299 245 0.1731421 0.02170139
Moved 292.4096 464.0951 255.9203 0.1807207 0.06909861
Moved 292.4314 470.2341 258.4256 0.1913787 0.07997236
Moved 292.454 481.7043 267.0282 0.2112921 0.1173099
Moved 292.488 490.8899 274.8899 0.2272394 0.1514318
Moved 292.5151 498.2956 283.3941 0.2400965 0.1883425
Moved 292.5355 501.5389 287.6168 0.2457273 0.20667
Moved 292.5582 505.4012 293.8025 0.2524328 0.2335178
Moved 292.5785 506.5 296 0.2543403 0.2430556
Moved 292.5994 507.9283 298 0.2568199 0.2517361
Moved 292.6213 510 303.8008 0.2604167 0.2769135
Moved 292.6434 511.2413 305.2413 0.2625717 0.2831654
Moved 292.6661 512 308.1118 0.2638889 0.2956242
Moved 292.6877 513.5 309.5 0.2664931 0.3016495
Moved 292.7228 514 310 0.2673611 0.3038195
Stationary 292.7494 514 310 0.2673611 0.3038195
Moved 292.7702 514 311.2162 0.2673611 0.3090982
Stationary 292.7899 514 311 0.2673611 0.3081597
Stationary 292.8091 514 311 0.2673611 0.3081597
Stationary 292.8282 514 311 0.2673611 0.3081597
Stationary 292.8477 514 311 0.2673611 0.3081597
Moved 292.8697 504.692 298.3841 0.2512015 0.2534032
Moved 292.8909 500.2054 293.0091 0.2434123 0.2300743
Moved 292.9125 493.7844 282.7125 0.2322646 0.1853842
Moved 292.9484 486.0911 267.2126 0.2189082 0.1181105
Moved 292.9738 479.2963 252.5925 0.2071115 0.05465521
Moved 292.9937 476.4572 245.6429 0.2021826 0.02449195
Moved 293.0141 473.562 240.124 0.1971563 0.0005382962
Moved 293.0363 469.4615 229.923 0.1900373 -0.04373696
Moved 293.0573 467.3108 224.9324 0.1863034 -0.06539769
Moved 293.0785 464.7312 219.4624 0.1818249 -0.08913889
Moved 293.1009 462.0011 210.0045 0.1770853 -0.1301887
Moved 293.1219 459.1228 204.2456 0.1720882 -0.155184
Moved 293.1438 458 198.1075 0.1701389 -0.1818249
Moved 293.1779 456 191.317 0.1666667 -0.2112977
Moved 293.2038 454.2878 186.5756 0.163694 -0.2318769
Moved 293.2248 454 184.8539 0.1631945 -0.2393495
Moved 293.2455 452.5 183.5 0.1605903 -0.2452257
Moved 293.2668 451.9229 181.9229 0.1595883 -0.2520708
Moved 293.2878 452 180.5 0.1597222 -0.2582465
Moved 293.309 452 179.9814 0.1597222 -0.2604971
Ended 293.3303 450.5469 180 0.1571995 -0.2604167
PhraseEnd 295.3083
