a problem with the engine
Basic
0.4 0.4
288 115.2
Began 1066.61 166 303 -0.6736112 0.5468751
Stationary 1066.667 166 303 -0.6736112 0.5468751
Stationary 1066.724 166 303 -0.6736112 0.5468751
Ended 1066.774 166 303 -0.6736112 0.5468751
Backspace 1067.981
Began 1068.826 261 285 -0.34375 0.390625
Stationary 1068.892 261 285 -0.34375 0.390625
Ended 1068.945 261 285 -0.34375 0.390625
Backspace 1070.416
Began 1071.325 223 237 -0.4756945 -0.0260414
Stationary 1071.384 223 237 -0.4756945 -0.0260414
Stationary 1071.434 223 237 -0.4756945 -0.0260414
Ended 1071.486 223 237 -0.4756945 -0.0260414
Began 1072.447 502 300 0.4930556 0.5208334
Stationary 1072.51 502 300 0.4930556 0.5208334
Stationary 1072.565 502 300 0.4930556 0.5208334
Stationary 1072.616 502 300 0.4930556 0.5208334
Stationary 1072.667 502 300 0.4930556 0.5208334
Stationary 1072.719 502 300 0.4930556 0.5208334
Stationary 1072.771 502 300 0.4930556 0.5208334
Stationary 1072.824 502 300 0.4930556 0.5208334
Stationary 1072.877 502 300 0.4930556 0.5208334
Moved 1072.932 486.9254 300 0.4407133 0.5208334
Moved 1072.989 455.4931 294.493 0.3315732 0.4730299
Moved 1073.058 408.7632 290 0.1693167 0.4340278
Moved 1073.114 386.1996 289 0.09097084 0.4253475
Moved 1073.173 363.2906 289 0.01142561 0.4253475
Moved 1073.23 346.0459 287 -0.04845187 0.4079864
Moved 1073.285 338.1038 284.0519 -0.07602841 0.3823954
Moved 1073.343 331.7663 283 -0.09803378 0.3732639
Moved 1073.399 325.9398 279.9398 -0.1182646 0.3466996
Moved 1073.453 320.9733 279 -0.1355095 0.338542
Moved 1073.505 316.5 278 -0.1510417 0.3298611
Moved 1073.561 314.2074 277 -0.159002 0.3211806
Moved 1073.654 313 277 -0.1631945 0.3211806
Moved 1073.709 329.7868 277 -0.104907 0.3211806
Moved 1073.765 370.4005 277 0.03611267 0.3211806
Moved 1073.822 393.1839 287.0575 0.1152219 0.4084852
Moved 1073.878 410.5244 286 0.1754318 0.3993056
Moved 1073.936 423.0853 287 0.219046 0.4079864
Moved 1073.992 430.6864 288 0.2454388 0.4166667
Moved 1074.051 437.2513 288 0.2682336 0.4166667
Moved 1074.109 442.7321 288 0.2872642 0.4166667
Moved 1074.165 449.3825 288 0.3103559 0.4166667
Moved 1074.252 456.2395 288 0.3341648 0.4166667
Moved 1074.307 459.2694 288 0.3446856 0.4166667
Moved 1074.365 460 288 0.3472223 0.4166667
Moved 1074.417 460 279.3149 0.3472223 0.3412756
Moved 1074.471 460 271.8953 0.3472223 0.2768686
Moved 1074.525 448.3042 260.9563 0.3066118 0.1819126
Moved 1074.58 439.4663 249.4663 0.2759245 0.08217309
Moved 1074.631 428.785 238.785 0.2388369 -0.01054658
Moved 1074.684 420.9539 231.9694 0.2116457 -0.06971016
Moved 1074.741 404.9766 221.4883 0.1561688 -0.160692
Moved 1074.825 377.8062 204.8708 0.06182716 -0.3049406
Moved 1074.877 366.2856 197.6428 0.02182499 -0.3676839
Moved 1074.928 357.3535 193.6768 -0.009189398 -0.4021115
Moved 1074.984 350.9256 190 -0.03150843 -0.4340278
Moved 1075.04 347.6282 187.6282 -0.04295774 -0.4546166
Moved 1075.097 347 187 -0.0451389 -0.4600692
Moved 1075.155 376.1859 199.593 0.05620122 -0.3507551
Moved 1075.212 408 214.5 0.1666667 -0.2213542
Moved 1075.273 435.0181 229.7635 0.2604795 -0.08885808
Moved 1075.331 449.3884 238.6942 0.3103763 -0.01133468
Moved 1075.416 460.8757 245 0.350263 0.04340278
Moved 1075.468 465.6566 248 0.366863 0.06944445
Moved 1075.521 470.5651 250 0.3839067 0.08680556
Moved 1075.58 472 252.5 0.3888889 0.108507
Moved 1075.637 473 253 0.3923612 0.1128472
Moved 1075.692 473 256.6553 0.3923612 0.144577
Moved 1075.746 442.0049 262.399 0.2847395 0.1944359
Moved 1075.798 421.2643 264 0.2127235 0.2083336
Moved 1075.849 398.7622 266.6476 0.1345912 0.2313159
Moved 1075.902 375.6143 268 0.05421624 0.2430556
Moved 1075.987 349.1779 270.2055 -0.03757678 0.2622006
Moved 1076.041 333.7219 271 -0.09124347 0.2690972
Moved 1076.095 326.1373 272 -0.1175788 0.2777781
Moved 1076.148 319.6989 273.3011 -0.1399346 0.2890728
Moved 1076.207 312.4464 273.7768 -0.1651167 0.2932011
Moved 1076.265 304.9938 276.0062 -0.1909939 0.3125543
Moved 1076.32 292 279.5 -0.2361111 0.3428822
Moved 1076.378 284 282.1289 -0.2638889 0.3657023
Moved 1076.433 281 283.437 -0.2743056 0.3770572
Moved 1076.488 279 283 -0.2812501 0.3732639
Moved 1076.573 279 284.2465 -0.2812501 0.3840839
Stationary 1076.627 279 284 -0.2812501 0.3819447
Stationary 1076.68 279 284 -0.2812501 0.3819447
Moved 1076.734 304.7079 284 -0.1919863 0.3819447
Moved 1076.792 342.128 264.9573 -0.06205552 0.2166438
Moved 1076.847 367.9176 254.5411 0.02749175 0.1262252
Moved 1076.903 389.5884 245.8038 0.1027374 0.0503805
Moved 1076.956 399 240.5 0.1354167 0.004340278
Moved 1077.009 405.942 237.058 0.1595208 -0.02553808
Moved 1077.062 409.2417 236 0.170978 -0.03472222
Moved 1077.149 418.0076 231.4962 0.2014154 -0.07381784
Moved 1077.206 426.9142 226.0858 0.2323412 -0.1207829
Moved 1077.265 434.1892 220.8108 0.2576014 -0.166573
Moved 1077.32 442 215.5 0.2847222 -0.2126736
Moved 1077.377 445.5 212.5 0.296875 -0.2387153
Moved 1077.433 448.5 211 0.3072916 -0.2517361
Moved 1077.491 449 210 0.3090277 -0.2604167
Ended 1077.546 449 210 0.3090277 -0.2604167
Began 1077.901 267 299 -0.3229167 0.5121531
Stationary 1077.97 267 299 -0.3229167 0.5121531
Stationary 1078.024 267 299 -0.3229167 0.5121531
Stationary 1078.074 267 299 -0.3229167 0.5121531
Stationary 1078.123 267 299 -0.3229167 0.5121531
Stationary 1078.174 267 299 -0.3229167 0.5121531
Moved 1078.227 277.2358 299 -0.2873757 0.5121531
Moved 1078.281 283.3246 299 -0.2662339 0.5121531
Moved 1078.334 303.5424 299 -0.1960335 0.5121531
Moved 1078.392 332.5975 288.6805 -0.09514757 0.4225739
Moved 1078.448 354.1078 286 -0.020459 0.3993056
Moved 1078.502 376.9828 284.0043 0.05896822 0.3819818
Moved 1078.568 392 284 0.1111111 0.3819447
Moved 1078.62 405.33 283 0.1573958 0.3732639
Moved 1078.672 412.4489 282 0.1821144 0.3645834
Moved 1078.723 420.8353 281 0.2112338 0.3559028
Moved 1078.774 427.1559 280 0.2331801 0.3472225
Moved 1078.826 429.5 280 0.2413194 0.3472225
Moved 1078.875 430 280 0.2430555 0.3472225
Stationary 1078.924 430 280 0.2430555 0.3472225
Moved 1078.972 422.9306 280 0.2185091 0.3472225
Moved 1079.024 411.8098 289.0951 0.1798952 0.4261725
Moved 1079.104 390.338 294 0.1053402 0.4687501
Moved 1079.157 378.6867 296 0.06488443 0.4861112
Moved 1079.209 369.0861 297 0.03154889 0.494792
Moved 1079.262 356.2957 298 -0.01286201 0.5034723
Moved 1079.316 338.6736 299 -0.07404983 0.5121531
Moved 1079.374 330.9677 299 -0.1008068 0.5121531
Moved 1079.428 328.6266 299 -0.1089355 0.5121531
Stationary 1079.482 329 299 -0.1076389 0.5121531
Stationary 1079.534 329 299 -0.1076389 0.5121531
Moved 1079.588 338.4485 290.5515 -0.0748314 0.438815
Moved 1079.671 351 283 -0.03124997 0.3732639
Moved 1079.727 363.0827 276.9174 0.01070365 0.3204632
Moved 1079.785 372.6731 272.6635 0.04400388 0.2835369
Moved 1079.845 380.7313 269.2687 0.07198349 0.2540689
Moved 1079.898 386.0732 268 0.09053186 0.2430556
Moved 1079.95 389.402 265.598 0.1020904 0.2222046
Moved 1080.003 393.5 263.5 0.1163195 0.2039928
Moved 1080.054 397.1029 261.8971 0.1288295 0.190079
Moved 1080.105 399 259.5914 0.1354167 0.1700645
Moved 1080.159 401 259 0.1423611 0.1649308
Ended 1080.247 402 258 0.1458333 0.15625
Began 1080.807 310 306 -0.1736111 0.5729167
Stationary 1080.87 310 306 -0.1736111 0.5729167
Stationary 1080.924 310 306 -0.1736111 0.5729167
Stationary 1080.977 310 306 -0.1736111 0.5729167
Moved 1081.033 328.2736 306 -0.1101612 0.5729167
Moved 1081.089 335.8975 296.0513 -0.08368918 0.4865562
Moved 1081.146 347.8018 287.4655 -0.04235491 0.4120263
Moved 1081.203 363.1742 276.9129 0.0110215 0.3204248
Moved 1081.257 372.055 269.945 0.04185766 0.2599393
Moved 1081.321 382.5298 261.2351 0.07822842 0.1843328
Moved 1081.377 389.1984 255.8016 0.1013832 0.137167
Moved 1081.434 393 251.0654 0.1145834 0.09605435
Moved 1081.489 394 250 0.1180555 0.08680556
Moved 1081.543 394 249 0.1180555 0.07812527
Moved 1081.597 380.6785 249 0.07180035 0.07812527
Moved 1081.65 361.0999 258.3 0.00381887 0.1588546
Moved 1081.706 348.3795 261 -0.04034892 0.1822917
Moved 1081.793 327.1604 265.8396 -0.1140265 0.2243024
Moved 1081.852 317.7527 268.2473 -0.1466921 0.2452024
Moved 1081.904 314.8882 269.1118 -0.156638 0.2527062
Moved 1081.958 311.02 270 -0.1700696 0.2604167
Moved 1082.011 310 270 -0.1736111 0.2604167
Moved 1082.063 307.7752 271 -0.1813362 0.2690972
Moved 1082.118 306.0344 272 -0.1873806 0.2777781
Moved 1082.176 303.6662 273.3338 -0.1956035 0.2893562
Moved 1082.234 298.8626 275.0687 -0.2122827 0.3044163
Moved 1082.293 293.5375 278 -0.2307727 0.3298611
Moved 1082.378 290.5 280 -0.2413195 0.3472225
Ended 1082.429 291 280 -0.2395833 0.3472225
Began 1082.93 279 295 -0.2812501 0.4774306
Stationary 1082.99 279 295 -0.2812501 0.4774306
Stationary 1083.044 279 295 -0.2812501 0.4774306
Stationary 1083.096 279 295 -0.2812501 0.4774306
Stationary 1083.149 279 295 -0.2812501 0.4774306
Moved 1083.204 297.4687 295 -0.2171226 0.4774306
Moved 1083.259 310.3541 281.7639 -0.1723815 0.3625343
Moved 1083.314 328.937 270.0315 -0.1078575 0.2606901
Moved 1083.368 338.5536 262.2232 -0.07446662 0.1929098
Moved 1083.423 352.5851 248.4149 -0.02574623 0.07304616
Moved 1083.485 366.3667 235.95 0.02210662 -0.03515668
Moved 1083.538 381.604 224.396 0.07501379 -0.1354514
Moved 1083.589 392.5 217 0.1128472 -0.1996525
Moved 1083.642 400.2 210.7999 0.1395833 -0.2534729
Moved 1083.697 408.3421 202.658 0.1678546 -0.3241494
Moved 1083.748 414.3092 197.6908 0.1885734 -0.3672672
Moved 1083.8 421.044 190.9559 0.2119584 -0.4257298
Moved 1083.857 423.9796 189 0.2221516 -0.4427081
Moved 1083.908 425.249 187.7511 0.2265589 -0.4535495
Stationary 1083.958 425.249 187.7511 0.2265589 -0.4535495
Stationary 1084.04 425 188 0.2256945 -0.451389
Moved 1084.093 407.4877 201.2561 0.1648878 -0.3363186
Moved 1084.145 395.5 208.5 0.1232639 -0.2734375
Moved 1084.197 383.344 216.104 0.08105546 -0.2074303
Moved 1084.26 371.7125 225.5751 0.04066825 -0.1252164
Moved 1084.315 366.3189 230.6812 0.02194062 -0.08089278
Moved 1084.369 360.9617 236.0383 0.003339201 -0.0343895
Moved 1084.422 356.6369 241.7262 -0.01167744 0.01498434
Moved 1084.476 354.1761 244 -0.02022192 0.03472222
Moved 1084.53 352.9438 246 -0.02450064 0.05208334
Moved 1084.612 353 248.1766 -0.02430558 0.07097802
Moved 1084.666 353 251 -0.02430558 0.09548585
Moved 1084.718 360.5876 253.5876 0.002040267 0.1179483
Moved 1084.77 370.6417 259.3209 0.03695026 0.1677158
Moved 1084.826 379.4299 265.2149 0.06746486 0.2188797
Moved 1084.884 394.044 273.022 0.1182084 0.2866496
Moved 1084.942 405.7492 276 0.1588515 0.3124998
Moved 1084.999 415.105 277 0.1913369 0.3211806
Moved 1085.051 420.0892 277 0.2086432 0.3211806
Moved 1085.105 424.8151 278 0.2250522 0.3298611
Moved 1085.189 428.3135 278 0.2371998 0.3298611
Moved 1085.242 429.1686 278 0.2401687 0.3298611
Stationary 1085.293 429 278 0.2395834 0.3298611
Stationary 1085.344 429 278 0.2395834 0.3298611
Moved 1085.396 429 264.1061 0.2395834 0.2092542
Moved 1085.455 429 243.8794 0.2395834 0.03367557
Moved 1085.515 420 231.5322 0.2083333 -0.07350498
Moved 1085.57 418 223.5321 0.2013889 -0.1429505
Moved 1085.628 417 218.132 0.1979166 -0.1898268
Moved 1085.683 415.8337 214.8337 0.1938671 -0.2184569
Moved 1085.767 416 211.5 0.1944445 -0.2473956
Moved 1085.821 415 211 0.1909722 -0.2517361
Moved 1085.876 402.4715 211 0.1474704 -0.2517361
Moved 1085.933 385.7204 211 0.08930699 -0.2517361
Moved 1085.99 358.7152 226.8212 -0.00446111 -0.1143996
Moved 1086.047 337.2329 237.3835 -0.07905252 -0.02271228
Moved 1086.104 322.135 246.9325 -0.1314756 0.06017791
Moved 1086.163 314.1832 252.8169 -0.1590862 0.1112578
Moved 1086.224 300.7396 263.2604 -0.2057652 0.2019133
Moved 1086.281 286.9595 274.027 -0.2536127 0.2953734
Moved 1086.37 274.7688 284.2312 -0.2959418 0.3839514
Moved 1086.422 271.8271 286.1729 -0.3061558 0.4008065
Moved 1086.473 269.7728 288.2272 -0.3132889 0.4186387
Ended 1086.523 269 289 -0.3159722 0.4253475
PhraseEnd 1088.833
