my favorite place to visit
Basic
0.4 0.4
288 115.2
Began 1026.791 462 203 0.3541667 -0.3211806
Stationary 1026.85 462 203 0.3541667 -0.3211806
Stationary 1026.899 462 203 0.3541667 -0.3211806
Stationary 1026.947 462 203 0.3541667 -0.3211806
Stationary 1026.996 462 203 0.3541667 -0.3211806
Stationary 1027.045 462 203 0.3541667 -0.3211806
Stationary 1027.093 462 203 0.3541667 -0.3211806
Stationary 1027.142 462 203 0.3541667 -0.3211806
Stationary 1027.19 462 203 0.3541667 -0.3211806
Moved 1027.239 449.9162 203 0.312209 -0.3211806
Moved 1027.289 438.6422 214.7859 0.2730632 -0.2188725
Moved 1027.352 416.4178 224.2329 0.1958951 -0.1368671
Moved 1027.403 393.3188 235.8937 0.1156902 -0.03564517
Moved 1027.454 381.259 241.9137 0.07381588 0.01661195
Moved 1027.503 371.6356 248.1823 0.04040137 0.07102649
Moved 1027.553 360.5486 253.9677 0.001904964 0.1212473
Moved 1027.605 346.2658 259.8671 -0.04768826 0.1724577
Moved 1027.655 338.8355 263.1646 -0.07348792 0.2010812
Moved 1027.706 335 264 -0.08680553 0.2083336
Moved 1027.758 332 266.5 -0.09722225 0.230035
Moved 1027.81 330.8763 267.1237 -0.1011238 0.2354484
Moved 1027.893 331 269.5 -0.1006945 0.2560764
Moved 1027.945 331 270 -0.1006945 0.2604167
Stationary 1027.996 331 270 -0.1006945 0.2604167
Ended 1028.045 331 270 -0.1006945 0.2604167
Backspace 1028.732
Began 1029.903 463 158 0.3576389 -0.7118059
Stationary 1029.961 463 158 0.3576389 -0.7118059
Stationary 1030.017 463 158 0.3576389 -0.7118059
Stationary 1030.068 463 158 0.3576389 -0.7118059
Stationary 1030.117 463 158 0.3576389 -0.7118059
Stationary 1030.167 463 158 0.3576389 -0.7118059
Moved 1030.218 463 167.9552 0.3576389 -0.6253889
Moved 1030.271 454.2785 179.443 0.3273559 -0.5256685
Moved 1030.325 448.9712 190.0864 0.3089277 -0.4332773
Moved 1030.378 441.5999 202.8003 0.2833328 -0.3229142
Moved 1030.441 430.7312 219.5376 0.2455944 -0.177625
Moved 1030.493 422.7823 233.4353 0.2179943 -0.05698523
Moved 1030.549 412.1467 247.5598 0.1810651 0.06562366
Moved 1030.603 403.4058 255.5942 0.1507145 0.1353669
Moved 1030.659 390.9456 264.5272 0.10745 0.2129099
Moved 1030.711 375.058 277.913 0.0522846 0.3291062
Moved 1030.761 364.4561 287.272 0.01547247 0.410347
Moved 1030.81 358.7559 294.2441 -0.004319698 0.4708691
Moved 1030.862 355 298.545 -0.01736112 0.5082036
Moved 1030.912 353 301.9108 -0.02430558 0.5374205
Ended 1031.008 353 303 -0.02430558 0.5468751
Began 1031.668 331 280 -0.1006945 0.3472225
Stationary 1031.729 331 280 -0.1006945 0.3472225
Stationary 1031.779 331 280 -0.1006945 0.3472225
Stationary 1031.829 331 280 -0.1006945 0.3472225
Stationary 1031.878 331 280 -0.1006945 0.3472225
Moved 1031.94 320 280 -0.1388889 0.3472225
Moved 1031.994 315.5 280 -0.1545139 0.3472225
Moved 1032.047 311.6382 280 -0.1679231 0.3472225
Moved 1032.102 302.7288 280 -0.1988584 0.3472225
Moved 1032.156 291.9318 269.9545 -0.2363479 0.260022
Moved 1032.211 274.7233 261.2411 -0.2960998 0.1843845
Moved 1032.266 264.6621 253.8311 -0.3310345 0.1200612
Moved 1032.318 260.5264 251 -0.3453946 0.09548585
Moved 1032.373 258 247.1598 -0.3541667 0.06215123
Moved 1032.445 255.9549 244.955 -0.3612676 0.04301177
Moved 1032.497 256 243.7737 -0.3611111 0.03275765
Moved 1032.549 256 241.8956 -0.3611111 0.01645512
Moved 1032.6 272.1077 238.723 -0.3051816 -0.01108488
Moved 1032.651 290.0394 234.9803 -0.2429189 -0.04357338
Moved 1032.702 300.8809 232.0397 -0.2052746 -0.06910007
Moved 1032.754 311.5327 228.7336 -0.1682891 -0.09779825
Moved 1032.805 323.3419 226 -0.127285 -0.1215281
Moved 1032.855 332.9396 223 -0.09395958 -0.1475695
Moved 1032.903 339.8279 220.0861 -0.0700421 -0.1728641
Moved 1032.983 356.2385 214.9205 -0.01306079 -0.2177035
Moved 1033.033 372.5681 213 0.04363925 -0.234375
Moved 1033.082 388.299 213 0.09826048 -0.234375
Moved 1033.132 401.3881 213 0.1437086 -0.234375
Moved 1033.182 414.2736 222.0912 0.1884501 -0.1554585
Moved 1033.234 433.8842 236.4132 0.2565424 -0.03113535
Moved 1033.284 442.3011 243.7671 0.2857679 0.03270043
Moved 1033.337 448.6121 248.806 0.3076808 0.07644124
Moved 1033.387 454 254.4813 0.326389 0.1257059
Moved 1033.436 458.5 257.5 0.3420138 0.1519097
Moved 1033.513 462.2979 261.2979 0.3552012 0.1848777
Moved 1033.563 463.0192 262.0192 0.3577057 0.1911394
Moved 1033.612 464 264.4651 0.3611112 0.2123706
Moved 1033.661 464 267.0992 0.3611112 0.2352365
Moved 1033.712 455.8102 272.5949 0.3326744 0.2829422
Moved 1033.766 442.291 276.903 0.2857327 0.3203387
Moved 1033.817 424.1687 280.2771 0.222808 0.3496276
Moved 1033.872 410.2683 282.5772 0.1745428 0.3695941
Moved 1033.927 395.0325 285 0.1216407 0.390625
Moved 1033.979 387.7095 286 0.09621352 0.3993056
Moved 1034.06 374.7767 287 0.05130783 0.4079864
Moved 1034.118 366.9097 287 0.02399206 0.4079864
Moved 1034.175 360.7168 287 0.002488941 0.4079864
Moved 1034.229 356.8165 287 -0.01105383 0.4079864
Moved 1034.281 351.0168 287 -0.03119149 0.4079864
Moved 1034.332 346.0571 287 -0.04841298 0.4079864
Moved 1034.383 339.7753 287 -0.07022455 0.4079864
Moved 1034.439 329.5677 281.9871 -0.1056676 0.3644716
Moved 1034.493 319.6338 279 -0.1401603 0.338542
Moved 1034.548 315.5 278 -0.1545139 0.3298611
Moved 1034.629 309.5627 277 -0.1751295 0.3211806
Moved 1034.68 307.6756 277 -0.1816821 0.3211806
Moved 1034.73 307 275.5 -0.1840278 0.3081597
Moved 1034.78 305.97 276 -0.1876041 0.3124998
Stationary 1034.831 305.97 276 -0.1876041 0.3124998
Moved 1034.881 306 274.9067 -0.1875 0.3030099
Stationary 1034.932 306 275 -0.1875 0.3038195
Stationary 1034.983 306 275 -0.1875 0.3038195
Moved 1035.032 311.7831 274.1738 -0.1674198 0.2966478
Moved 1035.083 323.3624 274 -0.127214 0.2951392
Moved 1035.166 351.604 274 -0.02915278 0.2951392
Moved 1035.217 371.7834 274 0.04091457 0.2951392
Moved 1035.275 390.1594 283.0797 0.1047203 0.3739561
Moved 1035.326 401.0906 284.0302 0.1426756 0.382207
Moved 1035.377 409.6975 284 0.1725608 0.3819447
Moved 1035.429 418.7885 285 0.2041266 0.390625
Moved 1035.482 425.0177 285 0.2257559 0.390625
Moved 1035.533 429.3143 285 0.2406746 0.390625
Moved 1035.586 434.7292 285 0.2594765 0.390625
Moved 1035.644 437 286.0129 0.2673611 0.3994182
Moved 1035.723 438 287.117 0.2708334 0.4090018
Stationary 1035.775 438 287 0.2708334 0.4079864
Moved 1035.827 438 288.226 0.2708334 0.4186289
Moved 1035.879 424.021 288 0.2222952 0.4166667
Moved 1035.931 416.4206 288 0.1959047 0.4166667
Moved 1035.983 406.7514 288 0.1623312 0.4166667
Moved 1036.036 397.0887 288 0.1287803 0.4166667
Moved 1036.087 386.2328 288 0.09108634 0.4166667
Moved 1036.139 370.9763 288 0.03811211 0.4166667
Moved 1036.191 360.07 281 0.000243187 0.3559028
Moved 1036.271 340.7035 279 -0.06700174 0.338542
Moved 1036.324 330.8368 278 -0.1012612 0.3298611
Moved 1036.375 324.4939 278 -0.123285 0.3298611
Moved 1036.426 321.1907 277 -0.1347546 0.3211806
Moved 1036.477 316.7981 277 -0.1500067 0.3211806
Moved 1036.527 314.9272 277 -0.1565026 0.3211806
Moved 1036.578 311.9966 277 -0.1666787 0.3211806
Moved 1036.628 307.9158 277 -0.180848 0.3211806
Moved 1036.679 304.8582 277 -0.1914644 0.3211806
Moved 1036.728 302.56 277 -0.1994445 0.3211806
Moved 1036.805 299.7665 277 -0.209144 0.3211806
Moved 1036.858 298.5 277 -0.2135417 0.3211806
Moved 1036.911 297.873 277 -0.2157189 0.3211806
Moved 1036.963 296.9079 277 -0.2190698 0.3211806
Stationary 1037.016 297 277 -0.21875 0.3211806
Ended 1037.073 297 276 -0.21875 0.3124998
Began 1037.4 468 297 0.375 0.494792
Stationary 1037.46 468 297 0.375 0.494792
Stationary 1037.509 468 297 0.375 0.494792
Stationary 1037.56 468 297 0.375 0.494792
Stationary 1037.612 468 297 0.375 0.494792
Stationary 1037.664 468 297 0.375 0.494792
Stationary 1037.717 468 297 0.375 0.494792
Stationary 1037.769 468 297 0.375 0.494792
Stationary 1037.822 468 297 0.375 0.494792
Stationary 1037.875 468 297 0.375 0.494792
Moved 1037.929 468 285.3463 0.375 0.3936307
Moved 1037.983 468 278.949 0.375 0.3380996
Moved 1038.036 468 273.6823 0.375 0.2923815
Moved 1038.088 468 268.2726 0.375 0.2454223
Moved 1038.139 468 263.9684 0.375 0.2080592
Moved 1038.193 468 261.0234 0.375 0.1824954
Moved 1038.277 468 253.8512 0.375 0.1202364
Moved 1038.33 463.33 249.4163 0.358785 0.08173864
Moved 1038.391 444.0196 244 0.2917347 0.03472222
Moved 1038.447 423.101 243 0.2191006 0.02604167
Moved 1038.501 401.8726 243 0.1453911 0.02604167
Moved 1038.557 381.408 243 0.07433326 0.02604167
Moved 1038.613 365.4311 243 0.01885802 0.02604167
Moved 1038.669 349.5714 243 -0.03621035 0.02604167
Moved 1038.727 332.5 243 -0.09548612 0.02604167
Moved 1038.784 322.5338 243 -0.1300912 0.02604167
Moved 1038.865 314.8083 243 -0.1569158 0.02604167
Moved 1038.925 310.168 243 -0.1730279 0.02604167
Moved 1038.98 303.763 241.7629 -0.1952674 0.0153033
Moved 1039.036 294.907 239.4535 -0.2260172 -0.004743735
Moved 1039.092 282.2494 236.0831 -0.2699673 -0.03400035
Moved 1039.147 271.3536 234 -0.3077999 -0.05208307
Moved 1039.2 267.3706 232.3706 -0.3216299 -0.06622739
Moved 1039.254 263.0671 231.0671 -0.3365725 -0.07754221
Moved 1039.307 258.6829 230 -0.3517954 -0.0868053
Moved 1039.36 256.3782 228.3782 -0.3597979 -0.1008836
Moved 1039.462 251.882 225.8821 -0.3754096 -0.1225514
Moved 1039.521 252 224.76 -0.375 -0.1322916
Moved 1039.579 261.9723 220.5138 -0.3403739 -0.1691508
Moved 1039.632 275.2354 216.5883 -0.2943217 -0.203227
Moved 1039.687 291.2863 211.8568 -0.2385893 -0.2442985
Moved 1039.742 301.215 208.7849 -0.2041145 -0.2709643
Moved 1039.799 313.677 206.1615 -0.1608436 -0.293737
Moved 1039.853 319.5638 205 -0.1404034 -0.3038192
Moved 1039.907 325.5 204 -0.1197917 -0.3124998
Moved 1039.961 329.3894 204 -0.1062868 -0.3124998
Moved 1040.04 332 204 -0.09722225 -0.3124998
Moved 1040.092 332 213.1382 -0.09722225 -0.2331752
Moved 1040.143 322.248 226.1279 -0.1310832 -0.1204173
Moved 1040.196 318.2597 235.7402 -0.1449315 -0.03697713
Moved 1040.247 316 243.0649 -0.1527778 0.02660566
Moved 1040.299 314 247.0001 -0.1597222 0.06076495
Moved 1040.349 312 252.738 -0.1666667 0.1105733
Moved 1040.401 311 256.6886 -0.1701389 0.1448666
Moved 1040.452 309.0047 260 -0.177067 0.1736111
Moved 1040.51 308 264.3292 -0.1805556 0.2111915
Moved 1040.596 304.985 270.015 -0.1910242 0.2605473
Moved 1040.648 304.017 272 -0.1943854 0.2777781
Moved 1040.701 302.2815 275 -0.2004116 0.3038195
Moved 1040.755 302 277.3231 -0.2013889 0.3239852
Moved 1040.816 302 278.1868 -0.2013889 0.3314829
Moved 1040.87 300.8274 279.1725 -0.2054604 0.3400395
Moved 1040.923 301 280.187 -0.2048611 0.3488454
Moved 1040.976 299.8352 282.1647 -0.2089054 0.3660133
Moved 1041.028 300 283.1186 -0.2083334 0.3742934
Moved 1041.083 300 284 -0.2083334 0.3819447
Ended 1041.161 300 284 -0.2083334 0.3819447
Began 1041.691 323 253 -0.1284722 0.1128472
Stationary 1041.749 323 253 -0.1284722 0.1128472
Stationary 1041.8 323 253 -0.1284722 0.1128472
Stationary 1041.853 323 253 -0.1284722 0.1128472
Stationary 1041.903 323 253 -0.1284722 0.1128472
Moved 1041.956 332.893 259.2511 -0.09412155 0.1671105
Moved 1042.011 338.6207 261.6207 -0.07423356 0.1876799
Moved 1042.067 343.589 264 -0.05698271 0.2083336
Moved 1042.124 350.3129 268.3129 -0.03363587 0.2457714
Moved 1042.179 358.3786 274.6893 -0.005629734 0.3011227
Moved 1042.233 364.9823 279.9823 0.0172995 0.3470686
Moved 1042.285 376.8413 287.4207 0.05847693 0.4116377
Moved 1042.338 384.7205 292.7205 0.08583502 0.4576429
Moved 1042.389 391.3842 294.6921 0.1089731 0.4747585
Moved 1042.441 401.426 296 0.1438403 0.4861112
Moved 1042.492 409.7086 296 0.1725991 0.4861112
Moved 1042.542 420.3156 296 0.2094292 0.4861112
Moved 1042.601 434.1322 286.9339 0.2574036 0.4074124
Moved 1042.68 445.2319 283 0.2959441 0.3732639
Moved 1042.73 449.6135 281 0.3111579 0.3559028
Moved 1042.779 452.9132 280 0.3226152 0.3472225
Moved 1042.829 455.9152 279 0.333039 0.338542
Moved 1042.879 459.2122 278 0.3444869 0.3298611
Moved 1042.928 462 276.3881 0.3541667 0.3158686
Moved 1042.981 462 276 0.3541667 0.3124998
Ended 1043.031 462 276 0.3541667 0.3124998
Began 1043.857 340 185 -0.06944448 -0.4774306
Stationary 1043.923 340 185 -0.06944448 -0.4774306
Stationary 1043.975 340 185 -0.06944448 -0.4774306
Stationary 1044.025 340 185 -0.06944448 -0.4774306
Stationary 1044.075 340 185 -0.06944448 -0.4774306
Stationary 1044.125 340 185 -0.06944448 -0.4774306
Moved 1044.178 348.5247 194.5247 -0.03984474 -0.3947513
Moved 1044.233 357.4735 202.649 -0.008772463 -0.324227
Moved 1044.289 370.3188 218.4783 0.0358294 -0.1868203
Moved 1044.345 389.8557 240.8557 0.1036656 0.007428064
Moved 1044.401 397.8302 250.8302 0.1313549 0.09401216
Moved 1044.46 408.2326 262.6163 0.1674745 0.1963226
Moved 1044.532 418.9228 272.4614 0.2045931 0.2817835
Moved 1044.584 423.7613 277.7613 0.2213934 0.3277893
Moved 1044.638 428 281.152 0.2361111 0.3572221
Moved 1044.692 429 282.0065 0.2395834 0.3646403
Moved 1044.746 429 283.5 0.2395834 0.3776042
Moved 1044.802 401.6081 283 0.1444727 0.3732639
Moved 1044.855 359.8301 274.4043 -0.000589937 0.2986484
Moved 1044.908 334.5234 270.1047 -0.08846053 0.2613256
Moved 1044.963 313.2073 265 -0.1624745 0.2170139
Moved 1045.018 302.2954 260.4318 -0.2003633 0.1773596
Moved 1045.1 287.1502 254 -0.2529506 0.1215281
Moved 1045.151 282 250.5 -0.2708333 0.09114584
Moved 1045.202 278.9108 249 -0.2815596 0.07812527
Moved 1045.26 276 246.1652 -0.2916667 0.0535173
Moved 1045.315 272.7363 244 -0.3029991 0.03472222
Moved 1045.373 269.5 240.5 -0.3142361 0.004340278
Moved 1045.432 267.5 240 -0.3211805 0
Moved 1045.485 266 239 -0.326389 -0.008680291
Stationary 1045.538 266 239 -0.326389 -0.008680291
Moved 1045.594 299.9697 248.5985 -0.2084386 0.07463986
Moved 1045.68 350.8884 261.2961 -0.03163763 0.1848626
Moved 1045.743 377.0912 270.0456 0.05934447 0.2608125
Moved 1045.799 392.9279 276.6186 0.1143329 0.3178698
Moved 1045.853 409.2379 281.746 0.1709651 0.3623785
Moved 1045.908 420.0902 285.0451 0.2086465 0.3910166
Moved 1045.961 430.6923 287 0.2454594 0.4079864
Moved 1046.013 434.5 289.5 0.2586806 0.4296876
Moved 1046.064 436 291.0217 0.2638889 0.4428965
Moved 1046.114 436 293.16 0.2638889 0.4614584
Moved 1046.165 422.5 296.5 0.217014 0.4904517
Moved 1046.248 385.2944 298 0.08782789 0.5034723
Moved 1046.301 372.4255 298 0.04314423 0.5034723
Moved 1046.355 359.5183 298 -0.001672655 0.5034723
Moved 1046.408 348.4023 291 -0.04026987 0.4427084
Moved 1046.462 341.1945 289.0973 -0.06529681 0.4261921
Moved 1046.515 335.6966 286.6967 -0.08438669 0.405353
Moved 1046.567 332.6956 287 -0.09480678 0.4079864
Moved 1046.619 330.5 286 -0.1024306 0.3993056
Ended 1046.674 331 286 -0.1006945 0.3993056
PhraseEnd 1048.942
