breathing is difficult
Basic
0.6 0.6
432 172.8
Began 485.8061 358 187 -0.004629641 -0.3067128
Stationary 485.8531 358 187 -0.004629641 -0.3067128
Stationary 485.8925 358 187 -0.004629641 -0.3067128
Stationary 485.9273 358 187 -0.004629641 -0.3067128
Stationary 485.9579 358 187 -0.004629641 -0.3067128
Stationary 485.9878 358 187 -0.004629641 -0.3067128
Stationary 486.0168 358 187 -0.004629641 -0.3067128
Stationary 486.0468 358 187 -0.004629641 -0.3067128
Stationary 486.0756 358 187 -0.004629641 -0.3067128
Stationary 486.1046 358 187 -0.004629641 -0.3067128
Stationary 486.1335 358 187 -0.004629641 -0.3067128
Stationary 486.1725 358 187 -0.004629641 -0.3067128
Stationary 486.2022 358 187 -0.004629641 -0.3067128
Stationary 486.2319 358 187 -0.004629641 -0.3067128
Moved 486.2637 358 196 -0.004629641 -0.2546296
Moved 486.2952 358 199.5513 -0.004629641 -0.2340781
Moved 486.3281 358 204.8627 -0.004629641 -0.2033409
Moved 486.3601 358 211.854 -0.004629641 -0.1628818
Moved 486.399 347.3423 228.973 -0.0293001 -0.06381353
Moved 486.4399 337.7269 250.6829 -0.05155817 0.06182212
Moved 486.4738 332.3748 260.8754 -0.06394709 0.1208071
Moved 486.5265 323.6303 282.1091 -0.08418908 0.2436868
Moved 486.5572 320.0653 287.8693 -0.09244134 0.2770217
Moved 486.5869 318 292.7858 -0.09722222 0.3054732
Moved 486.6169 315.3435 295.313 -0.1033715 0.3200985
Moved 486.6465 314.5 297 -0.1053241 0.3298613
Moved 486.6788 310.9514 298 -0.1135385 0.3356482
Moved 486.7109 305.2171 299 -0.1268122 0.3414354
Moved 486.7436 292.2591 299 -0.1568077 0.3414354
Moved 486.7755 280 299 -0.1851852 0.3414354
Moved 486.8069 270.491 299 -0.2071967 0.3414354
Moved 486.8589 256.6445 289.5482 -0.2392488 0.2867371
Moved 486.8916 249.0637 286.6879 -0.2567969 0.2701849
Moved 486.9261 238.1304 282.7101 -0.2821056 0.2471654
Moved 486.9583 230.5154 278.6769 -0.2997328 0.2238249
Moved 486.9902 224.9699 275.9699 -0.3125696 0.2081594
Moved 487.022 219 273.5 -0.3263889 0.1938657
Moved 487.0532 212.1811 271 -0.3421734 0.1793981
Moved 487.0844 207.4349 267.7174 -0.35316 0.1604017
Moved 487.1159 204.1309 266 -0.360808 0.150463
Moved 487.1485 198.6034 262.3017 -0.3736032 0.1290609
Moved 487.2003 187.1301 254.5651 -0.4001618 0.08428857
Moved 487.231 183.0436 250.0872 -0.4096213 0.05837493
Moved 487.2614 180.1819 248 -0.4162456 0.0462963
Moved 487.2917 178.3139 246 -0.4205697 0.03472222
Moved 487.3208 178 244.8762 -0.4212963 0.02821887
Moved 487.3521 178 243.7001 -0.4212963 0.02141246
Moved 487.3827 178 243 -0.4212963 0.01736111
Moved 487.4133 178 242 -0.4212963 0.01157425
Moved 487.4442 186.1216 241 -0.4024963 0.005787037
Moved 487.4772 211.5018 250.1025 -0.3437459 0.05846377
Moved 487.5307 231.9451 256.767 -0.2964234 0.09703142
Moved 487.5642 244.278 262.139 -0.2678749 0.1281196
Moved 487.5966 256.8462 267.9231 -0.2387819 0.161592
Moved 487.6324 271.7941 273.2647 -0.2041804 0.1925041
Moved 487.6636 278.5822 275.8607 -0.1884671 0.2075273
Moved 487.6969 286.045 277 -0.1711921 0.2141204
Moved 487.7285 293.1078 279 -0.154843 0.2256946
Moved 487.7595 300.2213 281.4071 -0.1383766 0.2396244
Moved 487.7916 306.7917 283.9306 -0.1231672 0.254228
Moved 487.825 312.6095 286 -0.1097002 0.2662037
Moved 487.877 325.5 290.5 -0.07986113 0.2922454
Moved 487.9094 330.2176 292.1088 -0.06894067 0.3015559
Moved 487.9435 335.9593 293 -0.05564973 0.306713
Moved 487.9756 342.5547 293 -0.04038264 0.306713
Moved 488.0096 348.8683 293 -0.02576778 0.306713
Moved 488.0434 361.0536 293 0.002438823 0.306713
Moved 488.0771 376.7136 281.4288 0.03868878 0.2397502
Moved 488.1091 384.1655 278.9448 0.05593866 0.2253751
Moved 488.1409 392.8577 274.0474 0.0760596 0.1970337
Moved 488.1723 400.466 269.178 0.09367137 0.1688541
Moved 488.2224 409.6838 261.4743 0.1150087 0.1242728
Moved 488.2542 416.3213 255.0181 0.1303734 0.08691029
Moved 488.2847 422.5877 248.4122 0.144879 0.04868207
Moved 488.3178 427.7029 243.6486 0.1567196 0.02111435
Moved 488.3519 431.6352 239.1824 0.1658222 -0.004731638
Moved 488.3908 438.2553 232.8723 0.1811467 -0.04124818
Moved 488.4245 440.999 229.001 0.1874976 -0.06365176
Moved 488.4663 445.005 226 0.1967708 -0.0810187
Moved 488.4984 447.8764 222.2472 0.2034175 -0.102736
Moved 488.5302 449.7498 221 0.2077542 -0.1099537
Moved 488.5853 452.0783 219 0.2131443 -0.1215278
Moved 488.6172 453.0262 218 0.2153386 -0.1273148
Stationary 488.6485 453 218 0.2152778 -0.1273148
Moved 488.6798 455.1677 227.3413 0.2202955 -0.07325632
Moved 488.7113 456 240.3755 0.2222222 0.002172965
Moved 488.743 457 257.8594 0.2245371 0.1033532
Moved 488.7735 458.7683 273.8414 0.2286303 0.1958416
Moved 488.8039 459.5612 287.2449 0.2304658 0.2734082
Moved 488.8366 460 297.7317 0.2314815 0.3340956
Moved 488.8699 461 303.6071 0.2337964 0.3680967
Moved 488.9246 462 312.6891 0.2361111 0.4206547
Moved 488.9572 462 314.5549 0.2361111 0.4314518
Moved 488.9918 462 316 0.2361111 0.4398148
Moved 489.0253 462 317.4412 0.2361111 0.4481551
Moved 489.0595 462 319 0.2361111 0.4571759
Stationary 489.0919 462 319 0.2361111 0.4571759
Moved 489.1222 462 320.5 0.2361111 0.4658565
Moved 489.1527 462 320 0.2361111 0.462963
Stationary 489.1836 462 320 0.2361111 0.462963
Stationary 489.2124 462 320 0.2361111 0.462963
Stationary 489.2603 462 320 0.2361111 0.462963
Stationary 489.29 462 320 0.2361111 0.462963
Stationary 489.3173 462 320 0.2361111 0.462963
Moved 489.3458 454.1033 310.7438 0.2178318 0.4093972
Moved 489.378 449.989 301.989 0.2083078 0.3587324
Moved 489.4087 445.12 293.2401 0.1970371 0.3081023
Moved 489.4422 440 286 0.1851852 0.2662037
Moved 489.4751 434.2988 275.5977 0.171988 0.206005
Moved 489.507 430.5 268.5 0.1631944 0.1649306
Moved 489.5386 426.1113 260.6669 0.1530353 0.1196001
Moved 489.5898 423.5518 251.1036 0.1471107 0.06425717
Moved 489.6216 421.6803 243.3606 0.1427784 0.01944807
Moved 489.652 419.8033 236.6066 0.1384335 -0.01963792
Moved 489.6854 418.2667 232.5334 0.1348767 -0.04320904
Moved 489.7175 417 227.3966 0.1319444 -0.07293613
Moved 489.7509 414.0923 221.0923 0.1252137 -0.1094195
Moved 489.783 414 218.5857 0.125 -0.1239252
Moved 489.8196 411.7148 214.7148 0.1197102 -0.1463261
Moved 489.8513 412 211.8452 0.1203704 -0.1629328
Moved 489.8844 411 209.2246 0.1180555 -0.1780982
Moved 489.9366 411 203.5529 0.1180555 -0.210921
Moved 489.9691 411 198.3575 0.1180555 -0.2409865
Moved 490.0014 411 194.3062 0.1180555 -0.264432
Moved 490.0347 411 190.2798 0.1180555 -0.2877327
Moved 490.0651 411 187.4104 0.1180555 -0.304338
Moved 490.0954 411 184.5446 0.1180555 -0.3209226
Moved 490.125 411 184 0.1180555 -0.3240739
Moved 490.1541 411 182.5481 0.1180555 -0.3324763
Moved 490.1837 411 181.8911 0.1180555 -0.3362783
Stationary 490.213 411 181.8911 0.1180555 -0.3362783
Moved 490.2598 406.778 182 0.1082823 -0.335648
Moved 490.2909 402.0483 191.9517 0.09733409 -0.2780574
Moved 490.3201 397.0248 195.9752 0.08570553 -0.2547729
Moved 490.3516 391.2989 200.701 0.07245114 -0.2274243
Moved 490.3817 386.551 205.449 0.06146063 -0.1999479
Moved 490.4123 381.4078 211.1843 0.0495552 -0.1667574
Moved 490.4457 376.6999 216.3 0.03865719 -0.1371525
Moved 490.477 372.9872 221.0258 0.0300629 -0.1098045
Moved 490.5071 369.1162 225.8838 0.02110243 -0.08169104
Moved 490.5378 365.5 229.5 0.01273145 -0.06076372
Moved 490.5888 362.2819 236.4363 0.005282064 -0.02062338
Moved 490.6232 359.8262 241.1737 -0.000402232 0.006792281
Moved 490.6575 356.4078 246.5922 -0.008315345 0.03814927
Moved 490.6896 354.5336 249.4664 -0.01265362 0.05478276
Moved 490.7227 352.6779 251.3221 -0.01694933 0.06552166
Moved 490.7541 353 253.5 -0.01620372 0.07812501
Moved 490.7851 352 254 -0.01851852 0.0810187
Moved 490.8154 352 255.1707 -0.01851852 0.08779332
Moved 490.8459 352 256.0106 -0.01851852 0.09265424
Stationary 490.8765 352 256 -0.01851852 0.0925926
Ended 490.932 352 256 -0.01851852 0.0925926
Began 491.6188 485 326 0.2893518 0.497685
Stationary 491.6544 485 326 0.2893518 0.497685
Stationary 491.6854 485 326 0.2893518 0.497685
Stationary 491.7166 485 326 0.2893518 0.497685
Stationary 491.7507 485 326 0.2893518 0.497685
Stationary 491.7817 485 326 0.2893518 0.497685
Stationary 491.8102 485 326 0.2893518 0.497685
Stationary 491.8401 485 326 0.2893518 0.497685
Stationary 491.8708 485 326 0.2893518 0.497685
Stationary 491.8995 485 326 0.2893518 0.497685
Stationary 491.9301 485 326 0.2893518 0.497685
Stationary 491.959 485 326 0.2893518 0.497685
Stationary 491.9887 485 326 0.2893518 0.497685
Stationary 492.0184 485 326 0.2893518 0.497685
Moved 492.0476 475.1898 326 0.266643 0.497685
Stationary 492.079 474.8275 326 0.2658045 0.497685
Stationary 492.1089 474.8275 326 0.2658045 0.497685
Moved 492.1443 473.8131 326 0.2634563 0.497685
Moved 492.1964 471.5 326 0.2581018 0.497685
Moved 492.2291 468.9912 317.9912 0.2522945 0.451338
Moved 492.2616 463.3574 316.1191 0.2392531 0.4405043
Moved 492.2933 454.7361 312.368 0.2192964 0.4187966
Moved 492.3246 439.2152 308.7025 0.1833685 0.397584
Moved 492.3569 425.1563 304.8313 0.1508249 0.3751813
Moved 492.3904 409.756 300.9186 0.1151758 0.3525386
Moved 492.4273 391.0273 296.0109 0.0718224 0.3241373
Moved 492.4592 382.273 293.1365 0.05155782 0.3075029
Moved 492.4898 374.7784 291.2595 0.03420919 0.2966406
Moved 492.5445 364.798 287.266 0.01110653 0.2735302
Moved 492.575 357.1729 285.391 -0.006544193 0.2626794
Moved 492.6056 349.5654 282.5218 -0.02415419 0.2460752
Moved 492.6369 338.9613 279.9903 -0.04870077 0.2314255
Moved 492.6695 329.3544 278.1181 -0.07093886 0.2205909
Moved 492.7034 319.6202 276 -0.09347165 0.2083332
Moved 492.7359 314.6198 274 -0.1050469 0.1967594
Moved 492.7682 310.4412 272.4412 -0.1147194 0.1877386
Moved 492.7999 306.5694 270.5694 -0.123682 0.1769061
Moved 492.8341 302.7036 269.7036 -0.1326307 0.1718957
Moved 492.8869 296.4519 268 -0.147102 0.162037
Moved 492.9186 289.8464 265.4232 -0.1623926 0.1471251
Moved 492.9499 283.8618 262.9308 -0.1762459 0.1327015
Moved 492.9801 276.0992 261.033 -0.1942149 0.1217189
Moved 493.0097 269.328 259.164 -0.2098888 0.1109028
Moved 493.0526 263.5959 257 -0.2231575 0.09837963
Moved 493.0832 257.2069 254.7356 -0.2379469 0.08527544
Moved 493.114 250.7267 251.8634 -0.2529474 0.06865396
Moved 493.1451 244.9756 247.9756 -0.2662602 0.04615501
Moved 493.1768 240 245 -0.2777777 0.02893519
Moved 493.2286 232.7078 242 -0.2946579 0.01157425
Moved 493.2599 229.8324 239.8324 -0.3013138 -0.0009699222
Moved 493.2905 229 239.3276 -0.3032407 -0.003890991
Moved 493.3217 228 239 -0.3055556 -0.00578686
Moved 493.354 226.5 237.5 -0.3090278 -0.01446759
Moved 493.3867 226 236.8564 -0.3101852 -0.01819169
Moved 493.4207 224.6996 237 -0.3131953 -0.01736093
Moved 493.4511 225 235.9093 -0.3125 -0.02367302
Moved 493.4827 223.4186 235.4186 -0.3161607 -0.02651268
Moved 493.5132 221.9234 235 -0.3196219 -0.02893519
Moved 493.5637 219.7508 232.7509 -0.3246509 -0.04195108
Moved 493.5961 220 232.2743 -0.3240741 -0.04470896
Ended 493.6264 220 232 -0.3240741 -0.0462963
Began 494.538 319 231 -0.09490739 -0.05208334
Stationary 494.5808 319 231 -0.09490739 -0.05208334
Stationary 494.6103 319 231 -0.09490739 -0.05208334
Stationary 494.6398 319 231 -0.09490739 -0.05208334
Stationary 494.6693 319 231 -0.09490739 -0.05208334
Moved 494.7005 308.9365 231 -0.1182026 -0.05208334
Moved 494.731 305 231 -0.1273148 -0.05208334
Moved 494.7619 302.408 231 -0.1333148 -0.05208334
Moved 494.7933 300.6858 231 -0.1373015 -0.05208334
Moved 494.8248 298.8107 231 -0.1416419 -0.05208334
Moved 494.8546 296.9356 231 -0.1459825 -0.05208334
Moved 494.8933 294.5 238 -0.1516204 -0.01157407
Moved 494.9248 292.0767 239 -0.1572299 -0.00578686
Moved 494.9548 288.412 239.7941 -0.1657131 -0.001191563
Moved 494.987 285.3767 241 -0.172739 0.005787037
Moved 495.0273 280.373 242 -0.1843217 0.01157425
Moved 495.0683 277.5107 243 -0.1909473 0.01736111
Moved 495.1007 275.5 243 -0.1956018 0.01736111
Moved 495.1352 272.6243 244 -0.2022586 0.02314815
Moved 495.1674 272 245 -0.2037037 0.02893519
Moved 495.198 271.1603 245 -0.2056474 0.02893519
Stationary 495.2486 271 245 -0.2060186 0.02893519
Moved 495.2793 270 245 -0.2083333 0.02893519
Moved 495.3101 270 246.3739 -0.2083333 0.03688601
Stationary 495.3434 270 246 -0.2083333 0.03472222
Stationary 495.3748 270 246 -0.2083333 0.03472222
Stationary 495.4042 270 246 -0.2083333 0.03472222
Stationary 495.4343 270 246 -0.2083333 0.03472222
Stationary 495.4634 270 246 -0.2083333 0.03472222
Stationary 495.4931 270 246 -0.2083333 0.03472222
Stationary 495.522 270 246 -0.2083333 0.03472222
Moved 495.5703 283.5496 246 -0.1769685 0.03472222
Moved 495.6001 290.2884 246 -0.1613695 0.03472222
Moved 495.6297 303.773 246 -0.130155 0.03472222
Moved 495.659 317.1347 239 -0.09922525 -0.00578686
Moved 495.6883 330.6277 239 -0.06799141 -0.00578686
Moved 495.7179 341.0964 239 -0.0437584 -0.00578686
Moved 495.7523 347.5646 247.8549 -0.02878562 0.04545636
Moved 495.782 355.3473 250.6737 -0.01077011 0.06176914
Moved 495.8119 362.6363 253 0.006102522 0.07523149
Moved 495.8433 369.8325 255.4163 0.02276033 0.08921447
Moved 495.8963 377.7237 257 0.04102717 0.09837963
Moved 495.9317 384.3391 259 0.0563405 0.1099539
Moved 495.9622 386.1036 259 0.060425 0.1099539
Moved 495.9937 391.0887 261 0.07196467 0.1215278
Moved 496.0272 394.9123 262.9562 0.08081555 0.1328482
Moved 496.0601 397.8338 264.8338 0.08757819 0.1437141
Moved 496.0951 399 266 0.09027779 0.150463
Moved 496.1289 402.2217 268.2217 0.09773552 0.1633205
Moved 496.1613 405.0874 271.0874 0.104369 0.179904
Moved 496.1945 408.0706 274.0706 0.1112746 0.1971681
Moved 496.2459 414.4029 279.4029 0.1259326 0.228026
Moved 496.2809 419.5394 284.2697 0.1378226 0.2561905
Moved 496.3119 423.7218 288.7218 0.1475042 0.2819549
Moved 496.3434 427.6618 292.6617 0.1566245 0.3047557
Moved 496.3741 431.4477 295.4477 0.1653882 0.3208779
Moved 496.404 436.6394 299.3197 0.177406 0.3432853
Moved 496.4355 439.6593 300.8297 0.1843966 0.3520235
Moved 496.4714 444.1342 303 0.1947552 0.3645834
Moved 496.5042 448.0036 305 0.2037121 0.3761576
Moved 496.5367 451.5525 306.5525 0.2119271 0.3851419
Moved 496.588 456.8605 308.8605 0.2242142 0.3984985
Moved 496.6197 459.7347 309.7347 0.2308673 0.4035572
Moved 496.6508 462.1856 310 0.2365407 0.4050926
Moved 496.6821 466.1202 311.0601 0.2456487 0.4112274
Moved 496.7136 467.9953 311 0.249989 0.4108796
Moved 496.7439 469.5 312 0.2534722 0.4166669
Moved 496.7766 470.1316 312 0.2549341 0.4166669
Moved 496.8087 471 312 0.2569444 0.4166669
Moved 496.8428 471.6123 312 0.2583617 0.4166669
Stationary 496.8751 472 312 0.2592593 0.4166669
Stationary 496.9268 472 312 0.2592593 0.4166669
Stationary 496.9581 472 312 0.2592593 0.4166669
Stationary 496.9884 472 312 0.2592593 0.4166669
Stationary 497.0204 472 312 0.2592593 0.4166669
Stationary 497.0501 472 312 0.2592593 0.4166669
Stationary 497.0804 472 312 0.2592593 0.4166669
Moved 497.1115 464.9696 312 0.2429851 0.4166669
Moved 497.1485 447.3966 302.7552 0.2023069 0.3631668
Moved 497.182 428.6618 298.6177 0.1589393 0.3392227
Moved 497.2149 405.5578 290.8526 0.1054579 0.2942859
Moved 497.2657 372.917 281.9763 0.02990047 0.2429185
Moved 497.2981 356.5258 278.2103 -0.008042008 0.2211248
Moved 497.3293 340.687 275.5374 -0.04470611 0.2056563
Moved 497.3601 329.029 272.6763 -0.07169217 0.1890991
Moved 497.3926 316.7331 270.3665 -0.1001549 0.1757322
Moved 497.4286 311.6611 268.8306 -0.1118955 0.1668437
Moved 497.4636 305.9658 266.9658 -0.1250791 0.1560522
Moved 497.5022 299.7553 265 -0.1394553 0.1446759
Moved 497.5353 296.2543 263 -0.1475595 0.1331019
Moved 497.5684 292.3826 261 -0.1565219 0.1215278
Moved 497.623 287.6399 258.6399 -0.1675002 0.1078699
Moved 497.6545 287 257.5 -0.1689815 0.1012731
Moved 497.6858 285.7518 256.7518 -0.1718709 0.09694312
Moved 497.7174 286 255.3627 -0.1712963 0.08890435
Moved 497.749 286 253.9327 -0.1712963 0.0806291
Moved 497.7874 286 252.9885 -0.1712963 0.07516508
Moved 497.8263 286 250.8276 -0.1712963 0.06265994
Stationary 497.856 286 250.8276 -0.1712963 0.06265994
Moved 497.8865 293.7959 249 -0.1532503 0.05208351
Moved 497.9167 301.0067 248 -0.1365587 0.0462963
Moved 497.9675 317.9051 248 -0.09744197 0.0462963
Moved 497.9992 328.5095 248 -0.07289464 0.0462963
Moved 498.0301 338.0969 257.5594 -0.05070164 0.1016172
Moved 498.0614 348.9583 261.7188 -0.02555936 0.1256872
Moved 498.0937 356.9809 265.2357 -0.006988645 0.1460397
Moved 498.1253 365.8597 269.6199 0.01356423 0.1714118
Moved 498.1562 375.4929 274.9952 0.03586312 0.2025188
Moved 498.1873 384.0825 279.7217 0.05574653 0.2298709
Moved 498.2193 391.7108 284.8072 0.07340451 0.2593011
Moved 498.2523 402.4312 293.4312 0.0982203 0.3092083
Moved 498.3025 410.2537 298.1269 0.1163281 0.3363827
Moved 498.334 415.0991 301.0496 0.1275442 0.3532961
Moved 498.364 420.8534 302.9267 0.1408644 0.3641593
Moved 498.3993 426.5875 305.7937 0.1541376 0.3807506
Moved 498.4306 431.735 307.3675 0.1660533 0.389858
Moved 498.4695 440.3575 308.6788 0.1860128 0.3974466
Moved 498.5016 446.6488 310 0.200576 0.4050926
Moved 498.5374 452.1735 311 0.2133645 0.4108796
Moved 498.5693 458.9213 311.9606 0.2289844 0.4164389
Moved 498.6009 463.6667 312 0.2399693 0.4166669
Moved 498.6537 471.1968 312 0.2574 0.4166669
Moved 498.6848 474.0789 312 0.2640715 0.4166669
Moved 498.7175 475 312 0.2662037 0.4166669
Moved 498.7602 477 312 0.2708333 0.4166669
Moved 498.7929 478.5 312 0.2743055 0.4166669
Stationary 498.824 478.5 312 0.2743055 0.4166669
Moved 498.8575 479.187 312 0.2758958 0.4166669
Moved 498.8911 480.0124 312 0.2778064 0.4166669
Stationary 498.9237 480 312 0.2777778 0.4166669
Stationary 498.9557 480 312 0.2777778 0.4166669
Moved 499.0121 472.2168 312 0.2597612 0.4166669
Moved 499.045 457.3382 296.6029 0.2253199 0.3275631
Moved 499.0782 439.9644 287.7366 0.1851027 0.2762537
Moved 499.1106 417.548 278.3644 0.1332129 0.2220161
Moved 499.1449 391.8549 268.4275 0.07373829 0.1645111
Moved 499.1796 377 261.5 0.03935188 0.1244215
Moved 499.2155 363.8704 254.5482 0.008959274 0.08419108
Moved 499.2481 348.375 245.6875 -0.02690971 0.03291377
Moved 499.2829 334.7927 236.1952 -0.05835027 -0.02201857
Moved 499.317 328.1314 230.0876 -0.07376984 -0.05736298
Moved 499.3672 318.7401 221.7401 -0.09550895 -0.1056707
Moved 499.3999 313.7616 214.6425 -0.1070333 -0.1467451
Moved 499.4305 309.7159 209.0739 -0.1163983 -0.1789706
Moved 499.4677 304.0428 200.0857 -0.1295305 -0.2309856
Moved 499.503 300.3406 195.3406 -0.1381005 -0.2584457
Moved 499.5359 298.5854 191.5854 -0.1421633 -0.2801766
Moved 499.569 295.7109 187.7109 -0.1488173 -0.3025986
Moved 499.606 294 184 -0.1527778 -0.3240739
Moved 499.6382 292.8748 183 -0.1553823 -0.3298611
Moved 499.6709 293 180.9963 -0.1550926 -0.3414564
Moved 499.7229 292 179.5 -0.1574074 -0.3501157
Stationary 499.7542 292 179.5 -0.1574074 -0.3501157
Moved 499.7863 291 179 -0.1597222 -0.3530089
Moved 499.8192 297.9655 179 -0.1435983 -0.3530089
Moved 499.8517 305.6277 192.6277 -0.1258618 -0.2741453
Moved 499.8871 317.2333 203.2333 -0.09899706 -0.2127704
Moved 499.9225 325.8406 211.8406 -0.07907265 -0.1629596
Moved 499.9547 336.4153 219.4153 -0.05459433 -0.1191245
Moved 499.99 348.3024 233.4032 -0.0270777 -0.03817576
Moved 500.029 355.899 241.8989 -0.009493132 0.01098915
Moved 500.0853 370.8022 259.2032 0.02500494 0.1111301
Moved 500.1189 377.8194 265.8194 0.0412487 0.1494178
Moved 500.1548 382.2924 272.2924 0.05160272 0.1868771
Moved 500.1858 387.523 278.2845 0.06371071 0.2215541
Moved 500.2167 392.1036 283.1036 0.07431387 0.249442
Moved 500.2462 395.8461 287.8461 0.08297701 0.2768871
Moved 500.2757 400.2912 292.2913 0.09326676 0.3026115
Moved 500.3053 403.8102 295.8102 0.1014124 0.3229756
Moved 500.3355 407.6776 298.6776 0.1103648 0.3395694
Moved 500.3694 413.1024 300.5512 0.1229223 0.3504123
Moved 500.4196 425.9275 303 0.1526098 0.3645834
Moved 500.451 433.6679 303 0.1705276 0.3645834
Moved 500.4875 440.4094 303 0.1861328 0.3645834
Moved 500.5233 446.3361 303 0.199852 0.3645834
Moved 500.555 453.1865 303 0.2157094 0.3645834
Moved 500.5879 461.808 293.1721 0.2356666 0.307709
Moved 500.6207 465.9624 293.0188 0.2452833 0.3068219
Moved 500.6578 470.6999 289.15 0.2562498 0.2844329
Moved 500.6907 475.4603 284.5397 0.2672691 0.2577531
Moved 500.7272 482.5444 279.2278 0.2836675 0.227013
Moved 500.7801 491.9607 272.0392 0.3054647 0.1854125
Moved 500.8121 496.8698 267.1302 0.3168282 0.1570036
Moved 500.8456 502 263.5 0.3287037 0.1359952
Moved 500.8788 506.4923 257.5077 0.3391026 0.1013178
Moved 500.9104 511.2285 252.7715 0.3500659 0.07390924
Moved 500.9419 516.4269 246.5731 0.3620994 0.03803889
Moved 500.9722 518.9633 243.0367 0.3679706 0.01757375
Moved 501.0065 521.8389 240 0.374627 0
Moved 501.0413 524.709 236.291 0.3812709 -0.02146403
Moved 501.0753 528.3362 233.8319 0.389667 -0.03569497
Moved 501.1295 537.9685 227.0315 0.4119641 -0.07504941
Moved 501.1614 542.8347 224.1653 0.4232285 -0.09163609
Moved 501.1985 546.3927 223 0.4314646 -0.09837963
Moved 501.2324 549.2735 220.7264 0.4381331 -0.1115368
Moved 501.2658 551.5809 220 0.4434743 -0.1157407
Moved 501.2982 553.1153 220 0.4470262 -0.1157407
Stationary 501.3291 553.1153 220 0.4470262 -0.1157407
Stationary 501.3609 553 220 0.4467593 -0.1157407
Stationary 501.3942 553 220 0.4467593 -0.1157407
Moved 501.427 541.055 230.4725 0.4191087 -0.0551358
Moved 501.4854 517.0729 244.9635 0.3635948 0.02872396
Moved 501.5169 502.8072 250.0643 0.3305722 0.05824266
Moved 501.5479 490.3806 254.8097 0.3018069 0.08570424
Moved 501.58 475.5963 260.5615 0.267584 0.1189899
Moved 501.6118 462.4299 265.1425 0.2371063 0.1455009
Moved 501.6445 448.6939 269.3224 0.2053101 0.1696901
Moved 501.6862 431.0857 275.9786 0.1645502 0.2082095
Moved 501.7195 420.5992 280.7004 0.1402759 0.235535
Moved 501.7522 412.751 283.4163 0.1221089 0.2512518
Moved 501.7834 405.1375 285 0.104485 0.2604167
Moved 501.834 392.7186 288 0.07573754 0.2777778
Moved 501.8648 384.864 289.568 0.05755563 0.2868518
Moved 501.897 376.6735 291 0.03859609 0.2951389
Moved 501.9294 368.0701 292 0.01868069 0.3009261
Moved 501.962 359.5394 293 -0.001066128 0.306713
Moved 501.995 347.2318 293.6921 -0.02955606 0.3107182
Moved 502.0296 338.312 295 -0.0502036 0.318287
Moved 502.0611 332.1476 296 -0.06447326 0.3240741
Moved 502.0944 324.162 298 -0.08295824 0.3356482
Moved 502.1255 321.7052 299 -0.08864531 0.3414354
Moved 502.1811 318.8401 300.1599 -0.09527758 0.3481478
Stationary 502.2115 318.8401 300.1599 -0.09527758 0.3481478
Stationary 502.241 318.8401 300.1599 -0.09527758 0.3481478
Stationary 502.272 319 300 -0.09490739 0.3472222
Ended 502.3036 319 300 -0.09490739 0.3472222
PhraseEnd 506.1504
