we run the risk of failure
Basic
0.6 0.6
432 326.4
Began 880.4887 167 420 -0.4467593 0.1593137
Stationary 880.572 167 420 -0.4467593 0.1593137
Stationary 880.6068 167 420 -0.4467593 0.1593137
Stationary 880.6412 167 420 -0.4467593 0.1593137
Stationary 880.674 167 420 -0.4467593 0.1593137
Moved 880.7075 180.2903 420 -0.4159946 0.1593137
Moved 880.7393 184.3707 420 -0.4065494 0.1593137
Moved 880.7709 190.12 420 -0.3932408 0.1593137
Moved 880.8031 195.8676 420 -0.379936 0.1593137
Moved 880.8381 206.5025 420 -0.3553182 0.1593137
Moved 880.8703 215.9964 420 -0.3333415 0.1593137
Moved 880.9106 225.4719 420 -0.3114076 0.1593137
Moved 880.9427 243.5099 420 -0.2696529 0.1593137
Moved 880.9849 255.8706 420 -0.2410403 0.1593137
Moved 881.0211 268.8344 420 -0.2110314 0.1593137
Moved 881.0541 276.3757 420 -0.1935747 0.1593137
Moved 881.0849 283.3296 420 -0.1774777 0.1593137
Moved 881.1163 289.0778 423.7723 -0.1641717 0.1708712
Moved 881.1477 293.4102 427 -0.1541432 0.1807599
Moved 881.1788 295.9828 427.9828 -0.1481878 0.1837711
Moved 881.2111 297.374 428 -0.1449677 0.1838235
Moved 881.2613 298 429.5 -0.1435185 0.1884191
Moved 881.2926 298 429 -0.1435185 0.1868873
Moved 881.3241 299 429 -0.1412037 0.1868873
Moved 881.3552 299 430.0161 -0.1412037 0.1900004
Stationary 881.3856 299 430.0161 -0.1412037 0.1900004
Stationary 881.4167 299 430.0161 -0.1412037 0.1900004
Stationary 881.4495 299 430 -0.1412037 0.189951
Ended 881.4813 299 430 -0.1412037 0.189951
Began 882.4562 334 470 -0.06018519 0.3125
Stationary 882.5034 334 470 -0.06018519 0.3125
Stationary 882.536 334 470 -0.06018519 0.3125
Stationary 882.569 334 470 -0.06018519 0.3125
Stationary 882.6011 334 470 -0.06018519 0.3125
Stationary 882.6325 334 470 -0.06018519 0.3125
Stationary 882.6638 334 470 -0.06018519 0.3125
Stationary 882.6985 334 470 -0.06018519 0.3125
Stationary 882.7335 334 470 -0.06018519 0.3125
Stationary 882.766 334 470 -0.06018519 0.3125
Moved 882.8043 347.3083 477 -0.02937903 0.3339461
Moved 882.8373 352.0504 477 -0.01840194 0.3339461
Moved 882.8713 357.7675 477 -0.005167772 0.3339461
Moved 882.9066 363.7545 477 0.008690855 0.3339461
Moved 882.9406 371.2908 471.6547 0.02613614 0.3175695
Moved 882.9728 385.1425 466.9288 0.05820016 0.3030907
Moved 883.0215 398.1484 464 0.08830646 0.2941177
Moved 883.0562 406.7859 462 0.1083008 0.2879903
Moved 883.0897 416.2103 461 0.1301164 0.2849264
Moved 883.1227 422 461 0.1435185 0.2849264
Moved 883.1776 431.0659 460 0.1645043 0.2818628
Moved 883.212 434.9385 459 0.1734688 0.2787991
Moved 883.2466 436.5078 457.4922 0.1771014 0.2741797
Moved 883.28 439.8269 451.3461 0.1847845 0.2553497
Moved 883.3138 441 438.4994 0.1875 0.2159907
Moved 883.3481 441 418.217 0.1875 0.1538513
Moved 883.3819 441 396.1275 0.1875 0.086175
Moved 883.4152 433.1264 375.1106 0.1692741 0.02178491
Moved 883.4502 429.0477 352.2383 0.1598325 -0.0482893
Moved 883.4859 426.1959 338.7834 0.1532311 -0.08951141
Moved 883.5423 420.5 318 0.1400463 -0.1531863
Moved 883.5745 420 308.6476 0.1388889 -0.1818395
Moved 883.608 418 300.0809 0.1342593 -0.2080856
Moved 883.6421 417 294.1563 0.1319444 -0.2262368
Moved 883.6874 416 287.2031 0.1296297 -0.2475394
Moved 883.7231 416 283.3371 0.1296297 -0.2593838
Moved 883.7621 416 277.0751 0.1296297 -0.278569
Moved 883.7937 416 274.4614 0.1296297 -0.2865764
Moved 883.8257 416 271.5894 0.1296297 -0.2953757
Moved 883.8595 416 268.7316 0.1296297 -0.3041311
Moved 883.9127 416 264 0.1296297 -0.3186274
Ended 883.9473 416 262 0.1296297 -0.3247548
Began 884.4847 355 433 -0.01157408 0.1991421
Stationary 884.5264 355 433 -0.01157408 0.1991421
Stationary 884.5593 355 433 -0.01157408 0.1991421
Stationary 884.5911 355 433 -0.01157408 0.1991421
Stationary 884.6237 355 433 -0.01157408 0.1991421
Stationary 884.6552 355 433 -0.01157408 0.1991421
Stationary 884.6875 355 433 -0.01157408 0.1991421
Stationary 884.719 355 433 -0.01157408 0.1991421
Stationary 884.7501 355 433 -0.01157408 0.1991421
Stationary 884.7816 355 433 -0.01157408 0.1991421
Moved 884.8134 364.2851 433 0.009919207 0.1991421
Stationary 884.8461 364.2851 433 0.009919207 0.1991421
Moved 884.8779 366.7414 433 0.01560499 0.1991421
Moved 884.909 371.2189 422.7811 0.02596964 0.1678344
Moved 884.941 382.8594 410.1406 0.05291522 0.1291073
Moved 884.9891 393.8732 398.1268 0.07841021 0.09230012
Moved 885.0218 400.4406 390.5594 0.09361247 0.06911582
Moved 885.0532 406.0281 385.3146 0.1065466 0.05304711
Moved 885.0875 410.4289 379.5711 0.1167335 0.03545069
Moved 885.1316 415.5 371 0.1284723 0.009191177
Moved 885.1664 419.0229 366.9771 0.1366272 -0.003134036
Moved 885.2017 420 361.5 0.1388889 -0.01991412
Moved 885.2368 420 360.626 0.1388889 -0.0225918
Moved 885.2688 420 359.7864 0.1388889 -0.02516429
Moved 885.3012 414.315 360 0.1257291 -0.0245098
Moved 885.3525 392.2487 360 0.07464985 -0.0245098
Moved 885.3845 380.2624 369.4327 0.04690359 0.004389333
Moved 885.4169 359.2099 374.758 -0.001828919 0.02070464
Moved 885.4501 345.8474 382.261 -0.0327606 0.04369194
Moved 885.4833 334.378 391.6219 -0.05931015 0.07237112
Moved 885.5174 322.764 402.236 -0.08619438 0.1048895
Moved 885.5501 312.2091 413.791 -0.1106271 0.140291
Moved 885.5885 299.1752 430.7664 -0.1407981 0.1922989
Moved 885.6207 292.4076 438.5925 -0.156464 0.2162759
Moved 885.653 287.3277 447.017 -0.168223 0.2420864
Moved 885.7057 280.2869 456.4262 -0.1845211 0.2709136
Moved 885.7381 277.5102 460.4898 -0.1909486 0.2833634
Moved 885.7706 273.2147 466.5707 -0.200892 0.3019935
Moved 885.8034 270.5 469.5 -0.2071759 0.3109682
Moved 885.8358 269 473.1951 -0.2106481 0.3222888
Moved 885.8683 264.9341 478.1318 -0.22006 0.3374137
Moved 885.9012 262.0621 482.8758 -0.2267081 0.3519479
Moved 885.9329 258.3204 487.6796 -0.2353695 0.3666656
Moved 885.9661 255.6677 492.3323 -0.24151 0.3809199
Moved 885.9975 253.5 497 -0.2465278 0.3952206
Moved 886.049 250 502.6534 -0.2546296 0.4125412
Moved 886.0804 249.4662 504 -0.2558654 0.4166667
Ended 886.1118 248.5 504 -0.2581019 0.4166667
Began 886.6379 343 467 -0.03935183 0.3033088
Stationary 886.6779 343 467 -0.03935183 0.3033088
Stationary 886.7109 343 467 -0.03935183 0.3033088
Moved 886.7443 332.5641 467 -0.06350905 0.3033088
Moved 886.7775 327.891 475.5545 -0.07432635 0.3295175
Moved 886.8129 324.5722 478.4278 -0.08200883 0.3383205
Moved 886.8463 321.6974 481.3026 -0.08866345 0.3471281
Moved 886.8807 319 486.2471 -0.09490739 0.3622768
Moved 886.9152 315.8757 490.2487 -0.1021397 0.3745363
Moved 886.9493 315 492.9955 -0.1041667 0.3829519
Moved 886.9893 314 495.9847 -0.1064815 0.39211
Moved 887.0222 314 498.8573 -0.1064815 0.4009109
Moved 887.0563 314 500.2949 -0.1064815 0.4053153
Moved 887.088 326.378 503.189 -0.07782867 0.414182
Moved 887.1205 339.4816 504 -0.04749621 0.4166667
Moved 887.1693 366.505 504 0.01505792 0.4166667
Moved 887.2021 376.8048 504 0.03890008 0.4166667
Moved 887.2385 387.2893 504 0.0631696 0.4166667
Moved 887.2767 400.5134 497 0.09378105 0.3952206
Moved 887.3129 407.3336 494.8332 0.1095685 0.3885821
Moved 887.3472 417.1299 491.9567 0.132245 0.3797694
Moved 887.3813 424.7509 490 0.1498863 0.3737745
Moved 887.4158 432.7144 488 0.1683203 0.3676471
Moved 887.45 437.7292 485.2708 0.1799287 0.3592855
Moved 887.4841 442.2076 483.3962 0.1902953 0.3535424
Moved 887.5375 448.1734 480.4133 0.204105 0.3444036
Moved 887.5714 453.8959 476.1041 0.2173516 0.3312014
Moved 887.605 455.7715 474.2285 0.2216932 0.325455
Moved 887.6385 456 472.8765 0.2222222 0.3213128
Moved 887.6716 456 470.8337 0.2222222 0.3150541
Moved 887.7032 448.6921 467.912 0.2053059 0.3061032
Moved 887.7366 434.4122 458.2748 0.1722506 0.2765773
Moved 887.769 400.539 440.2695 0.09384035 0.2214141
Moved 887.8011 379.3627 430.584 0.0448211 0.1917403
Moved 887.833 361.6706 423.0024 0.003867149 0.1685123
Moved 887.8917 333.722 411.9305 -0.06082867 0.1345909
Moved 887.9263 324.1467 407.0489 -0.08299375 0.1196351
Moved 887.9623 316.5 403.5 -0.1006944 0.1087623
Moved 887.9968 310.3381 400.669 -0.1149582 0.100089
Moved 888.0311 301.3553 398 -0.1357516 0.09191177
Moved 888.0656 297.5 397 -0.1446759 0.08884814
Moved 888.0994 291.8695 396 -0.1577096 0.08578432
Moved 888.134 284.1576 394.0525 -0.1755612 0.07981778
Moved 888.1679 274.4847 391.7424 -0.197952 0.07274011
Moved 888.1992 270.2202 391 -0.2078236 0.07046569
Moved 888.2556 265.9146 389 -0.2177903 0.06433833
Moved 888.2909 262.9263 386.9263 -0.2247077 0.05798494
Moved 888.3224 261.0293 386.0293 -0.2290988 0.05523677
Moved 888.3604 259.1574 385 -0.2334319 0.05208334
Moved 888.3936 258 384 -0.2361111 0.04901971
Moved 888.4255 257 383 -0.2384259 0.04595589
Moved 888.4573 257 381.873 -0.2384259 0.04250303
Moved 888.4883 256 380.9963 -0.2407407 0.03981721
Moved 888.5235 271.149 376.2127 -0.2056735 0.02516148
Moved 888.5558 308.3598 367.3645 -0.1195376 -0.001946992
Moved 888.612 350.113 356.6661 -0.02288665 -0.03472384
Moved 888.6483 380.6492 349.9072 0.04779905 -0.05543129
Moved 888.6835 395.8315 348 0.08294334 -0.06127451
Moved 888.7166 410.1826 346 0.1161634 -0.06740196
Moved 888.7496 421.0559 346 0.1413331 -0.06740196
Moved 888.7844 438.3379 346 0.1813377 -0.06740196
Moved 888.8179 447.6128 346 0.2028075 -0.06740196
Moved 888.8535 453.1665 353.5829 0.2156633 -0.04417008
Moved 888.8881 460.983 355.9915 0.2337569 -0.0367907
Moved 888.9243 470.6012 360 0.2560213 -0.0245098
Moved 888.9785 476.2751 364.2751 0.2691554 -0.01141202
Moved 889.0121 480.1483 366.1483 0.2781211 -0.005673054
Moved 889.0475 484.4615 368 0.2881054 0
Moved 889.0818 485.9662 369.9662 0.2915884 0.006023949
Moved 889.1157 487.4069 371.4069 0.2949234 0.01043797
Moved 889.1497 489.3588 372 0.2994416 0.012255
Moved 889.1826 490.5 373 0.3020833 0.01531863
Moved 889.2163 491 374.5 0.3032407 0.01991431
Ended 889.2498 492 374 0.3055556 0.01838245
Began 889.8485 523 469 0.3773148 0.3094364
Stationary 889.8892 523 469 0.3773148 0.3094364
Stationary 889.9203 523 469 0.3773148 0.3094364
Stationary 889.9521 523 469 0.3773148 0.3094364
Stationary 889.9838 523 469 0.3773148 0.3094364
Stationary 890.0157 523 469 0.3773148 0.3094364
Stationary 890.0463 523 469 0.3773148 0.3094364
Stationary 890.0786 523 469 0.3773148 0.3094364
Moved 890.1121 511.0872 469 0.349739 0.3094364
Moved 890.1453 503.4662 469 0.3320978 0.3094364
Moved 890.1794 497 459 0.3171296 0.2787991
Moved 890.2222 484.2017 451.6008 0.2875038 0.25613
Moved 890.2571 471.5588 444.2794 0.258238 0.2336992
Moved 890.2899 450.6889 431.8445 0.2099281 0.195602
Moved 890.3375 419.5179 412.9487 0.1377728 0.1377104
Moved 890.3698 400.0462 399.4616 0.09269962 0.0963897
Moved 890.4031 384.6613 389.235 0.05708645 0.06505836
Moved 890.4398 370.3879 378.5103 0.024046 0.03220072
Moved 890.4755 350.8295 368.1318 -0.02122809 0.0004037221
Moved 890.5103 343.1329 365.0332 -0.03904422 -0.009089451
Moved 890.5454 333.3451 362.1725 -0.06170119 -0.01785372
Moved 890.5783 324.9112 360.3037 -0.08122409 -0.02357922
Moved 890.6114 315.4594 359 -0.1031032 -0.02757344
Moved 890.6579 304.9764 359 -0.1273694 -0.02757344
Moved 890.7111 296.4334 359 -0.1471448 -0.02757344
Moved 890.7536 292.7103 358 -0.1557631 -0.03063726
Ended 890.785 293 358 -0.1550926 -0.03063726
Began 892.4948 382 329 0.05092591 -0.1194852
Stationary 892.5366 382 329 0.05092591 -0.1194852
Stationary 892.5693 382 329 0.05092591 -0.1194852
Stationary 892.6021 382 329 0.05092591 -0.1194852
Moved 892.6365 366.0146 329 0.01392275 -0.1194852
Moved 892.6708 349.5573 329 -0.02417301 -0.1194852
Moved 892.7034 333.5884 337.0823 -0.06113793 -0.09472324
Moved 892.7374 305.5101 339.07 -0.1261341 -0.08863347
Moved 892.7733 287.3259 343.9348 -0.1682271 -0.07372903
Moved 892.8138 264.4948 350.7526 -0.2210768 -0.05284141
Moved 892.8536 249.5656 355.3737 -0.2556351 -0.03868346
Moved 892.887 236 361 -0.287037 -0.02144608
Moved 892.9212 220.4398 368.7068 -0.3230559 0.002165402
Moved 892.9545 212.726 373.8494 -0.3409121 0.01792094
Moved 892.9866 206.4098 377.2951 -0.3555329 0.02847774
Moved 893.0192 202.83 380.17 -0.3638195 0.03728577
Moved 893.0554 200 381.7826 -0.3703704 0.04222618
Moved 893.0897 198 384.0113 -0.375 0.04905425
Moved 893.1228 196.5431 384 -0.3783724 0.04901971
Moved 893.1761 197 385.3745 -0.3773148 0.05323083
Moved 893.2104 209.946 388.7065 -0.3473473 0.06343917
Moved 893.245 251.0797 398.0239 -0.2521303 0.09198507
Moved 893.2797 274.4639 403.866 -0.1980003 0.1098835
Moved 893.3138 296.9528 406.4218 -0.1459426 0.1177139
Moved 893.3483 319.2218 408.3174 -0.09439404 0.1235214
Moved 893.3815 343.4266 410.2038 -0.03836433 0.1293008
Moved 893.4161 360.961 411 0.002224445 0.1317402
Moved 893.4561 375.9782 413 0.03698657 0.1378676
Moved 893.4926 393.0275 415.0092 0.07645249 0.1440232
Moved 893.5487 411.2961 417.324 0.1187409 0.1511153
Moved 893.584 425.8816 421.6272 0.1525037 0.1642991
Moved 893.6213 432.3219 424.1609 0.1674118 0.1720617
Moved 893.6581 444.9443 430.4722 0.1966303 0.1913976
Moved 893.6915 454.0417 437.0417 0.2176892 0.2115248
Moved 893.726 459.5599 441.5599 0.2304628 0.2253675
Moved 893.7594 466.1887 447.4591 0.2458071 0.2434409
Moved 893.7961 474.0386 454.0386 0.2639782 0.2635987
Moved 893.8286 478.1788 457.5894 0.2735621 0.2744774
Moved 893.8605 482.4729 460.4729 0.283502 0.2833116
Moved 893.9114 488.6663 464.6663 0.2978385 0.2961589
Moved 893.9436 492.1402 467.1402 0.30588 0.3037384
Moved 893.9743 496.0676 469.0676 0.3149712 0.3096433
Moved 894.0054 499.9411 470 0.3239378 0.3125
Moved 894.0367 503.8055 471 0.332883 0.3155637
Moved 894.0673 507.3814 471 0.3411607 0.3155637
Moved 894.098 509.1295 471 0.3452072 0.3155637
Moved 894.1282 512.1339 471 0.3521617 0.3155637
Moved 894.1594 515.7563 458.4874 0.360547 0.2772287
Moved 894.1898 519.5499 450.9001 0.3693286 0.2539833
Moved 894.2425 524.2886 435.1343 0.3802976 0.2056811
Moved 894.2751 526.7953 426.0233 0.3861003 0.1777674
Moved 894.3077 530.6696 412.3218 0.3950684 0.1357898
Moved 894.3406 532 401.5 0.3981481 0.1026349
Moved 894.3741 534.4198 391.7406 0.4037496 0.07273474
Moved 894.4125 534 382.1899 0.4027778 0.0434739
Moved 894.4527 534 374.4529 0.4027778 0.01977004
Moved 894.4886 534 365.6482 0.4027778 -0.00720529
Moved 894.5216 534 360.7957 0.4027778 -0.02207205
Moved 894.5547 534 358.0237 0.4027778 -0.03056442
Moved 894.6096 524.0221 357 0.3796808 -0.03370098
Moved 894.6442 508.8004 357 0.3444453 -0.03370098
Moved 894.6774 497.5098 370.3268 0.3183098 0.007128529
Moved 894.7103 488.8878 380.8903 0.2983513 0.0394924
Moved 894.7433 480.2716 390.3046 0.2784064 0.06833512
Moved 894.7764 472.6216 400.3784 0.2606981 0.09919864
Moved 894.8113 461.5 410 0.2349537 0.1286765
Moved 894.846 450.6861 416.5256 0.2099215 0.148669
Moved 894.8789 441.582 424.418 0.1888473 0.1728491
Moved 894.912 434.9642 429.0179 0.1735282 0.1869422
Moved 894.9722 422.1958 442.8042 0.1439718 0.2291795
Moved 895.0065 416.38 449.6199 0.1305093 0.2500611
Moved 895.0424 410.7976 456.2024 0.117587 0.2702279
Moved 895.0764 407.8588 460.1412 0.1107843 0.2822953
Moved 895.1176 404.545 463 0.1031135 0.291054
Moved 895.1499 402.9863 465.0137 0.09950528 0.2972234
Moved 895.183 401.0984 466.9016 0.09513526 0.3030073
Moved 895.2159 396.4435 468.7783 0.08435995 0.308757
Moved 895.2491 390.0478 470.6508 0.06955504 0.3144938
Moved 895.2827 382.4204 472 0.05189906 0.3186275
Moved 895.3398 362.2755 475.9312 0.005267362 0.3306715
Moved 895.3751 349.5 476 -0.02430553 0.3308824
Moved 895.4116 333.781 477 -0.06069213 0.3339461
Moved 895.4492 325.1664 477 -0.08063321 0.3339461
Moved 895.4824 317.5376 477 -0.09829267 0.3339461
Moved 895.5176 307.0531 477 -0.1225623 0.3339461
Moved 895.5519 298.9637 477 -0.1412878 0.3339461
Moved 895.5875 291.5594 477 -0.1584272 0.3339461
Moved 895.622 286.2621 477 -0.1706896 0.3339461
Moved 895.6573 278.9474 477 -0.1876217 0.3339461
Moved 895.7125 273.9552 477 -0.1991777 0.3339461
Moved 895.7532 270.6315 477 -0.2068714 0.3339461
Moved 895.7861 269.626 477 -0.209199 0.3339461
Moved 895.8199 269 477 -0.2106481 0.3339461
Moved 895.8514 267.7828 477 -0.2134656 0.3339461
Moved 895.8832 265.7422 477 -0.2181894 0.3339461
Moved 895.9176 258.5 477 -0.2349537 0.3339461
Moved 895.9504 246.2312 477 -0.2633536 0.3339461
Ended 895.9815 244 477 -0.2685185 0.3339461
PhraseEnd 898.0002
