question that must be answered
Basic
0.8 0.8
575.9999 230.4
Began 457.7177 62 352 -0.5173611 0.4861112
Stationary 457.7519 62 352 -0.5173611 0.4861112
Stationary 457.7817 62 352 -0.5173611 0.4861112
Stationary 457.8149 62 352 -0.5173611 0.4861112
Moved 457.8439 72.20138 352 -0.4996504 0.4861112
Moved 457.8742 77.32774 352 -0.4907505 0.4861112
Moved 457.9061 83.12191 352 -0.4806911 0.4861112
Moved 457.9363 91.63275 345.6427 -0.4659154 0.4585187
Moved 457.9665 99.34813 342.5506 -0.4525206 0.4450981
Moved 457.9976 106.9724 340.6759 -0.4392841 0.4369613
Moved 458.0286 118.9621 335.6152 -0.4184685 0.4149964
Moved 458.0589 138.5119 330.4252 -0.384528 0.3924705
Moved 458.0885 163.0943 326.4151 -0.3418502 0.3750656
Moved 458.1182 192.0618 323.5487 -0.2915593 0.3626246
Moved 458.1482 220.9744 319.5612 -0.2413639 0.345318
Moved 458.1928 263.9089 315.7879 -0.1668248 0.3289406
Moved 458.2249 286.6271 312.9104 -0.1273834 0.3164514
Moved 458.2546 308.6995 310.0429 -0.08906339 0.3040057
Moved 458.2848 323.3686 307.7263 -0.06359619 0.2939508
Moved 458.3177 341.2477 304.7504 -0.03255602 0.281035
Moved 458.3534 356.5883 302.8823 -0.005922989 0.2729268
Moved 458.3838 368.9525 303 0.01554258 0.2734375
Moved 458.4223 386.7892 302 0.04650913 0.2690972
Moved 458.4609 397.3914 301 0.06491558 0.2647568
Moved 458.4912 405.6645 301 0.07927865 0.2647568
Moved 458.5418 426.3106 301 0.1151225 0.2647568
Moved 458.5732 435.8469 301 0.1316786 0.2647568
Moved 458.6041 443 301 0.1440972 0.2647568
Moved 458.6362 450.692 301 0.1574513 0.2647568
Moved 458.6681 455.2492 301 0.1653633 0.2647568
Moved 458.6986 458.9834 301 0.1718462 0.2647568
Moved 458.7296 462.5516 308.5516 0.178041 0.2975328
Moved 458.7604 464 310.4202 0.1805556 0.3056434
Moved 458.79 465 311.2966 0.1822916 0.3094471
Moved 458.8202 465 312.3734 0.1822916 0.3141209
Moved 458.868 465 314.3734 0.1822916 0.3228013
Moved 458.901 465 316.0046 0.1822916 0.3298814
Moved 458.9336 449.619 317 0.1555886 0.3342015
Moved 458.9653 438.0799 317 0.1355554 0.3342015
Moved 458.9968 423.7255 318.2549 0.1106345 0.3396479
Moved 459.0277 405.1194 318 0.07833228 0.3385417
Moved 459.057 390.2222 318 0.05246907 0.3385417
Moved 459.0883 376.5 318 0.02864584 0.3385417
Moved 459.1188 361.5714 318 0.002728179 0.3385417
Moved 459.1497 347.7214 318 -0.02131697 0.3385417
Moved 459.1983 331.881 318 -0.04881774 0.3385417
Moved 459.2267 320.7478 318 -0.06814615 0.3385417
Moved 459.2552 312.1096 318 -0.08314297 0.3385417
Moved 459.2839 303.8975 318 -0.09740026 0.3385417
Moved 459.3121 294.4229 318 -0.1138492 0.3385417
Moved 459.3408 286.2109 318 -0.128106 0.3385417
Moved 459.3698 281.2365 318 -0.1367421 0.3385417
Moved 459.3972 272.3087 318 -0.1522419 0.3385417
Moved 459.4247 262.7086 318 -0.1689086 0.3385417
Moved 459.4552 255.0805 318 -0.1821518 0.3385417
Moved 459.5019 245.1347 318 -0.199419 0.3385417
Moved 459.5341 237.6792 311 -0.2123626 0.3081597
Moved 459.5641 231.7366 308.3683 -0.2226795 0.2967376
Moved 459.5965 225.9718 304.9718 -0.2326879 0.2819958
Moved 459.6296 220.888 299.888 -0.2415139 0.2599306
Moved 459.6643 213.6241 291.2481 -0.254125 0.2224309
Moved 459.699 208.7542 285.7542 -0.2625794 0.198586
Moved 459.7335 205.2381 279.4761 -0.268684 0.1713373
Moved 459.7672 202.368 271.736 -0.2736667 0.1377433
Moved 459.7986 199.5058 264.5175 -0.2786357 0.1064129
Moved 459.8468 195.6087 253.8262 -0.2854015 0.06000943
Moved 459.8784 193.6267 247.2534 -0.2888425 0.03148185
Moved 459.9074 191.7623 243.7622 -0.2920794 0.01632903
Moved 459.939 191 239.8949 -0.2934028 -0.0004561743
Moved 459.9685 190 237.5 -0.2951389 -0.01085069
Moved 460.0041 190 235.6266 -0.2951389 -0.0189817
Moved 460.0508 220.247 232 -0.2426268 -0.03472222
Moved 460.0811 247.8082 232 -0.1947775 -0.03472222
Moved 460.1135 270.7345 247.4896 -0.1549749 0.03250718
Moved 460.144 283.9538 255.4653 -0.1320247 0.06712385
Moved 460.1914 303.3234 265.394 -0.09839696 0.1102173
Moved 460.2209 311.9532 270.6354 -0.08341462 0.1329665
Moved 460.2489 321.765 277.5737 -0.06638024 0.1630804
Moved 460.2761 324 280 -0.06250002 0.1736113
Moved 460.3126 333.5762 288.1523 -0.04587472 0.2089946
Moved 460.3424 337.4431 291.4431 -0.03916137 0.2232773
Moved 460.3729 341.3175 296.635 -0.03243487 0.2458117
Moved 460.4042 344.8932 298.8932 -0.02622701 0.2556131
Moved 460.4382 351.2681 301.5121 -0.01515955 0.2669796
Moved 460.4688 358.8942 304.6314 -0.001919866 0.2805184
Moved 460.5169 373.9494 307.5899 0.02421774 0.2933591
Moved 460.5491 389.8226 308 0.05177535 0.2951389
Moved 460.5804 403.6526 309.3305 0.07578567 0.3009137
Moved 460.6148 416.2669 309 0.09768553 0.2994793
Moved 460.6456 430.5269 309 0.1224426 0.2994793
Moved 460.6782 441.7088 310 0.1418556 0.3038195
Moved 460.7087 451.3141 311.438 0.1585315 0.3100611
Moved 460.7403 462.8714 312 0.1785962 0.3125001
Moved 460.7745 481.1514 316.2878 0.2103322 0.3311104
Moved 460.8103 493.616 318 0.2319722 0.3385417
Moved 460.8589 508.4106 321.1027 0.2576574 0.3520081
Moved 460.8902 518.9114 322.9705 0.2758878 0.360115
Moved 460.9206 527.6804 324 0.2911118 0.3645835
Moved 460.9529 536.2203 326.3051 0.305938 0.3745879
Moved 460.9843 542.5371 327.2686 0.3169047 0.3787698
Moved 461.0166 548.2718 327 0.3268608 0.3776042
Moved 461.0453 551.0087 327 0.3316123 0.3776042
Moved 461.0756 552.0833 327 0.333478 0.3776042
Moved 461.1054 554.4171 327 0.3375297 0.3776042
Moved 461.1364 555.2889 327 0.3390432 0.3776042
Stationary 461.1857 555 327 0.3385417 0.3776042
Stationary 461.2166 555 327 0.3385417 0.3776042
Stationary 461.2449 555 327 0.3385417 0.3776042
Moved 461.275 555 315.5 0.3385417 0.327691
Moved 461.3057 533.0363 299.0363 0.3004102 0.2562342
Moved 461.3395 522.2069 286.2069 0.2816092 0.2005508
Moved 461.3708 505 266.5 0.2517361 0.1150175
Moved 461.4014 497.8253 256.6507 0.2392801 0.07226865
Moved 461.4329 491.0669 248.0669 0.2275467 0.0350127
Moved 461.4627 488.2242 243.8363 0.2226115 0.01665062
Moved 461.5102 480.347 228.5206 0.2089358 -0.04982366
Moved 461.5411 477.3063 222.6125 0.2036568 -0.07546651
Moved 461.57 475.8795 218.6387 0.2011798 -0.09271397
Moved 461.598 472.0102 212.0306 0.1944622 -0.1213948
Moved 461.6336 467.0427 199.1282 0.1858381 -0.177395
Moved 461.6656 464.1661 191.4984 0.180844 -0.2105104
Moved 461.6964 462.2903 186.5806 0.1775873 -0.2318551
Moved 461.7283 460.7856 181.5712 0.174975 -0.2535974
Moved 461.7597 460 176.8162 0.1736111 -0.2742353
Moved 461.7895 459 174.046 0.171875 -0.2862586
Moved 461.8395 458 170.5 0.1701389 -0.3016495
Moved 461.8745 458 169.8157 0.1701389 -0.3046195
Ended 461.9039 456.7704 169 0.1680043 -0.3081596
Began 462.3442 344 322 -0.02777778 0.3559029
Stationary 462.3831 344 322 -0.02777778 0.3559029
Stationary 462.4127 344 322 -0.02777778 0.3559029
Stationary 462.4409 344 322 -0.02777778 0.3559029
Stationary 462.47 344 322 -0.02777778 0.3559029
Stationary 462.4988 344 322 -0.02777778 0.3559029
Stationary 462.5286 344 322 -0.02777778 0.3559029
Stationary 462.5577 344 322 -0.02777778 0.3559029
Stationary 462.5865 344 322 -0.02777778 0.3559029
Stationary 462.6156 344 322 -0.02777778 0.3559029
Moved 462.6455 344 307.8604 -0.02777778 0.2945327
Moved 462.6838 360.0617 293.9383 0.0001070648 0.2341072
Moved 462.7165 376.4926 279.9228 0.02863303 0.173276
Moved 462.7477 389.1404 270.1447 0.05059094 0.1308366
Moved 462.7794 401.613 258.387 0.07224485 0.07980453
Moved 462.8135 411.6121 248.3879 0.08960433 0.03640599
Moved 462.8445 420.5 239.5 0.1050347 -0.002170139
Moved 462.8743 426.8026 233.1974 0.1159768 -0.0295251
Moved 462.9029 429.9609 230.0391 0.12146 -0.04323324
Moved 462.9339 432 228 0.125 -0.05208334
Moved 462.9663 432 227.3129 0.125 -0.05506569
Stationary 463.0139 432 227 0.125 -0.05642362
Moved 463.0428 391.9023 238.0162 0.05538598 -0.008609958
Moved 463.0717 352.7221 244.754 -0.01263529 0.02063381
Moved 463.106 320.305 248.245 -0.06891493 0.03578557
Moved 463.1371 289.0738 250 -0.1231358 0.04340278
Moved 463.1674 253.7016 251 -0.1845459 0.04774293
Moved 463.1983 227.6523 252 -0.2297704 0.05208334
Moved 463.2293 210.8285 252 -0.2589783 0.05208334
Moved 463.275 188.9948 253 -0.296884 0.05642362
Moved 463.3059 175.8987 253 -0.3196203 0.05642362
Moved 463.3586 160.0765 253 -0.3470893 0.05642362
Moved 463.388 153.9677 253 -0.357695 0.05642362
Moved 463.4195 149.6157 253 -0.3652505 0.05642362
Moved 463.4484 144.1092 253 -0.3748105 0.05642362
Moved 463.4794 137.617 247.4397 -0.3860816 0.03229035
Moved 463.5097 130.6805 243.3402 -0.3981242 0.01449757
Moved 463.541 126 241.5 -0.40625 0.00651055
Moved 463.5711 123.9594 241 -0.4097928 0.004340278
Moved 463.6016 123 239.5 -0.4114583 -0.002170139
Moved 463.6312 121.8266 240 -0.4134955 0
Moved 463.6809 146.8871 240 -0.3699877 0
Moved 463.7112 175.5828 250.3165 -0.3201687 0.04477673
Moved 463.7415 205.2337 257.5701 -0.2686914 0.07625925
Moved 463.7704 228.1782 264.7946 -0.2288573 0.1076153
Moved 463.7997 234.4455 267.9688 -0.2179766 0.1213926
Moved 463.8279 254.8636 277.4318 -0.1825285 0.1624643
Moved 463.8571 269.3294 283.4432 -0.1574142 0.1885556
Moved 463.8872 280.4171 290.3128 -0.1381648 0.2183716
Moved 463.9177 288.8266 294.6089 -0.1235649 0.2370178
Moved 463.9485 299.4069 299.9379 -0.1051963 0.2601474
Moved 463.9968 312.2484 305.7495 -0.08290213 0.2853709
Moved 464.028 319.9164 309.3055 -0.0695895 0.3008052
Moved 464.0659 329.8173 314.6058 -0.05240049 0.32381
Moved 464.0977 334.4779 316 -0.0443092 0.3298611
Moved 464.1297 337.9819 318 -0.03822587 0.3385417
Moved 464.1595 342.8537 320 -0.02976783 0.3472222
Moved 464.1905 345.7195 321 -0.02479248 0.3515625
Moved 464.2227 347.2949 321 -0.02205744 0.3515625
Ended 464.253 347 321 -0.02256945 0.3515625
Began 464.8368 505 174 0.2517361 -0.2864582
Stationary 464.878 505 174 0.2517361 -0.2864582
Stationary 464.9073 505 174 0.2517361 -0.2864582
Stationary 464.9359 505 174 0.2517361 -0.2864582
Stationary 464.9653 505 174 0.2517361 -0.2864582
Stationary 464.9941 505 174 0.2517361 -0.2864582
Moved 465.0247 505 185.7996 0.2517361 -0.235245
Moved 465.0561 505 193.5 0.2517361 -0.2018229
Moved 465.0901 496.734 203.798 0.2373854 -0.1571267
Moved 465.1224 488.5798 219.9805 0.2232288 -0.08689033
Moved 465.1535 483.9819 233.0361 0.2152464 -0.03022512
Moved 465.184 478.8005 242.5994 0.2062508 0.0112821
Moved 465.2154 473.157 255.2645 0.196453 0.06625229
Moved 465.2483 464.8034 271.661 0.1819503 0.1374176
Moved 465.2787 459.6322 280.5516 0.1729726 0.1760055
Moved 465.3108 453.7593 292.4814 0.1627766 0.2277838
Moved 465.3419 447.0272 300.9592 0.1510889 0.2645797
Moved 465.3751 440.1408 309.5775 0.1391333 0.3019858
Moved 465.4273 433.1444 317.8556 0.1269868 0.3379149
Moved 465.4647 427.8483 322.1517 0.1177923 0.3565612
Moved 465.4944 426 322 0.1145833 0.3559029
Moved 465.5229 423.7408 322 0.1106611 0.3559029
Moved 465.5529 410.9143 322 0.08839288 0.3559029
Moved 465.582 390.851 322 0.05356074 0.3559029
Moved 465.6116 362 309.5 0.003472194 0.3016495
Moved 465.6447 334.8707 295.9354 -0.04362725 0.242775
Moved 465.6877 292.4324 278.2872 -0.1173048 0.166177
Moved 465.7228 270.4561 268.228 -0.1554582 0.1225176
Moved 465.7729 231.783 251.4698 -0.2225989 0.04978233
Moved 465.8033 218.0756 243.5378 -0.2463966 0.01535522
Moved 465.8338 210.4464 238.631 -0.2596417 -0.005941921
Moved 465.8649 202.7583 232.8792 -0.272989 -0.03090647
Moved 465.8945 196.0106 228.0106 -0.2847038 -0.05203711
Moved 465.924 194.1538 226.5769 -0.2879275 -0.05825984
Moved 465.9542 189.0055 223.0055 -0.2968654 -0.07376089
Moved 465.9835 183.1348 220 -0.3070577 -0.08680556
Moved 466.0126 179.2617 217.2616 -0.3137819 -0.09869099
Moved 466.0407 176.3876 216.3877 -0.3187715 -0.102484
Moved 466.0873 174 216 -0.3229167 -0.1041667
Moved 466.1171 174 215 -0.3229167 -0.108507
Moved 466.1461 192.2259 228.59 -0.2912745 -0.04952272
Moved 466.1759 217.2385 246.767 -0.2478498 0.02937052
Moved 466.2093 242.2236 261.4576 -0.2044729 0.09313187
Moved 466.2389 268.4608 273.2304 -0.1589222 0.1442292
Moved 466.268 289.3788 283.6895 -0.1226062 0.1896244
Moved 466.2975 306.8521 291.9155 -0.09227064 0.2253276
Moved 466.3277 324.1964 299.6786 -0.06215901 0.2590216
Moved 466.3575 334.4155 304.7078 -0.04441753 0.2808497
Moved 466.4049 343.9547 309.6516 -0.02785646 0.3023072
Moved 466.4352 348.5282 312.5282 -0.01991637 0.3147925
Moved 466.4647 352.385 315.3849 -0.01322053 0.3271917
Moved 466.4941 353 316.9741 -0.01215279 0.3340891
Moved 466.523 354.395 317 -0.00973098 0.3342015
Moved 466.5523 355.2812 318 -0.008192435 0.3385417
Ended 466.5812 355 318 -0.00868056 0.3385417
Began 466.869 437 156 0.1336806 -0.3645834
Stationary 466.9128 437 156 0.1336806 -0.3645834
Stationary 466.9464 437 156 0.1336806 -0.3645834
Stationary 466.9759 437 156 0.1336806 -0.3645834
Stationary 467.0057 437 156 0.1336806 -0.3645834
Stationary 467.0383 437 156 0.1336806 -0.3645834
Moved 467.0786 422 170.5 0.1076389 -0.3016495
Moved 467.1111 412.9044 183.1274 0.09184793 -0.2468427
Moved 467.1436 402.3881 195.6119 0.07359035 -0.1926564
Moved 467.1813 390.1692 208.8308 0.05237699 -0.1352831
Moved 467.2129 377.8691 222.3571 0.03102273 -0.07657515
Moved 467.2446 362.6726 237.1378 0.004639924 -0.01242254
Moved 467.2757 345.6388 249.2408 -0.0249327 0.04010784
Moved 467.3119 322.9665 265.0269 -0.06429435 0.1086235
Moved 467.3449 305.7155 279.523 -0.09424396 0.1715409
Moved 467.3914 285.1602 298.8398 -0.1299302 0.2553812
Moved 467.4252 274.5656 305.6229 -0.1483236 0.2848219
Moved 467.4564 265.7408 311.2592 -0.1636445 0.3092848
Moved 467.4898 259.0079 315.496 -0.1753334 0.3276738
Moved 467.521 248.5799 320.71 -0.1934376 0.3503039
Moved 467.5526 240.4239 323.894 -0.2075974 0.3641235
Moved 467.5839 232.7128 326.7624 -0.2209848 0.3765729
Moved 467.6149 225.0904 329.6365 -0.234218 0.3890475
Moved 467.6452 219.007 331.4965 -0.2447796 0.3971204
Moved 467.6762 212.9879 332 -0.2552293 0.3993056
Moved 467.7263 201.4965 333 -0.2751797 0.4036459
Moved 467.7598 198.7792 333 -0.2798972 0.4036459
Moved 467.7917 195.8394 333 -0.2850011 0.4036459
Ended 467.8241 194 333 -0.2881945 0.4036459
Began 468.2929 109 270 -0.4357639 0.1302083
Stationary 468.3289 109 270 -0.4357639 0.1302083
Stationary 468.3591 109 270 -0.4357639 0.1302083
Stationary 468.3911 109 270 -0.4357639 0.1302083
Stationary 468.4232 109 270 -0.4357639 0.1302083
Stationary 468.4548 109 270 -0.4357639 0.1302083
Stationary 468.4861 109 270 -0.4357639 0.1302083
Moved 468.5183 121 270 -0.4149306 0.1302083
Moved 468.5521 127.4323 259.5677 -0.4037634 0.08492921
Moved 468.5842 138.3389 255.9153 -0.3848282 0.06907689
Moved 468.6144 158.6538 245.1731 -0.3495594 0.02245281
Moved 468.6448 180.0205 233.807 -0.3124644 -0.02687931
Moved 468.6751 216.701 221.5536 -0.248783 -0.08006269
Moved 468.7053 240.5934 215.6459 -0.2073031 -0.1057037
Moved 468.7356 269.8259 212.0387 -0.1565523 -0.1213598
Moved 468.7655 291.6976 209.0604 -0.1185806 -0.1342864
Moved 468.7957 315.122 207.6531 -0.07791318 -0.1403946
Moved 468.8254 332.1089 204.7782 -0.04842214 -0.1528723
Moved 468.874 352.9597 202.8081 -0.01222268 -0.161423
Moved 468.9026 367.7642 200.0944 0.01347952 -0.1732016
Moved 468.9304 383.0928 197.1814 0.04009165 -0.1858445
Moved 468.9617 395 194.5 0.06076388 -0.1974826
Moved 468.9902 407.011 191.7977 0.08161642 -0.2092113
Moved 469.0181 419.2845 187.9288 0.1029245 -0.2260032
Moved 469.0459 425.017 185.4957 0.1128767 -0.2365637
Moved 469.0742 436.5198 182.62 0.1328469 -0.2490451
Moved 469.1024 444.8917 179.0542 0.1473814 -0.2645216
Moved 469.1303 452.626 176.187 0.1608091 -0.276966
Moved 469.1753 463.2435 171.8783 0.1792423 -0.2956671
Moved 469.2036 466.6524 171 0.1851604 -0.2994793
Moved 469.2317 468.0849 171 0.1876474 -0.2994793
Moved 469.2595 468 169.5 0.1875 -0.3059895
Moved 469.2868 468 170 0.1875 -0.3038193
Moved 469.3143 449.4995 180.5717 0.1553811 -0.2579353
Moved 469.3419 429.0632 188.5811 0.1199015 -0.2231725
Moved 469.3698 415.6389 191.9083 0.09659529 -0.2087311
Moved 469.3976 394.4052 197.0271 0.05973131 -0.1865143
Moved 469.4251 373.4069 201.1187 0.02327584 -0.1687557
Moved 469.4822 332.006 209.7988 -0.04860066 -0.1310815
Moved 469.5143 317 212.5 -0.07465278 -0.1193577
Moved 469.5508 298.9531 217.349 -0.1059842 -0.09831164
Moved 469.5833 280.784 219 -0.1375279 -0.09114584
Moved 469.6196 264.5975 224.3506 -0.1656293 -0.06792281
Moved 469.6501 256.248 226 -0.180125 -0.06076403
Moved 469.6825 246.847 227.7882 -0.1964462 -0.05300258
Moved 469.7142 238.694 229.653 -0.2106007 -0.04490919
Moved 469.7458 231.8222 231.0592 -0.2225309 -0.03880554
Moved 469.7762 222.1614 232 -0.2393031 -0.03472222
Moved 469.8279 210.27 236.2433 -0.259948 -0.01630518
Moved 469.8601 200.7112 240.6444 -0.2765431 0.002796915
Moved 469.8912 186.2342 248.8829 -0.3016768 0.03855454
Moved 469.9213 174.0447 256.4664 -0.322839 0.07146889
Moved 469.9572 166.5 264.5 -0.3359375 0.1063368
Moved 469.9881 161.3265 273.0103 -0.3449193 0.1432737
Moved 470.0192 161 281.6682 -0.3454861 0.1808516
Moved 470.0523 161 289.1808 -0.3454861 0.2134583
Moved 470.0812 161 295.2126 -0.3454861 0.2396383
Moved 470.1094 161 299.1045 -0.3454861 0.2565301
Moved 470.1598 166.4569 306.7795 -0.3360124 0.2898419
Moved 470.1898 171.5347 310.2673 -0.3271967 0.3049799
Moved 470.219 177.4215 314.2108 -0.3169765 0.3220953
Moved 470.2491 183.2461 316.082 -0.3068645 0.3302172
Moved 470.2794 190.8433 317.9478 -0.2936748 0.3383151
Moved 470.3113 195.487 318 -0.2856128 0.3385417
Moved 470.3437 202.3541 319 -0.2736908 0.342882
Moved 470.3784 210.4533 319 -0.2596297 0.342882
Moved 470.4097 219.19 319 -0.2444619 0.342882
Moved 470.4411 230.9464 319 -0.2240515 0.342882
Moved 470.4924 253.1842 319 -0.1854442 0.342882
Moved 470.5234 266.2824 311.4294 -0.1627042 0.3100232
Moved 470.5542 278.1829 309 -0.1420435 0.2994793
Moved 470.5841 287.3279 306.8361 -0.126167 0.2900871
Moved 470.6146 299.1404 306 -0.1056591 0.2864584
Moved 470.6443 306.1114 305 -0.09355658 0.2821182
Moved 470.6748 314.2685 303.5771 -0.07939499 0.2759427
Moved 470.7091 321.7343 303 -0.06643359 0.2734375
Moved 470.738 323.1666 301.8334 -0.06394692 0.2683743
Moved 470.7678 324.3186 302 -0.06194681 0.2690972
Stationary 470.8167 324 302 -0.06250002 0.2690972
Stationary 470.8457 324 302 -0.06250002 0.2690972
Moved 470.8758 314.4818 302 -0.07902463 0.2690972
Moved 470.9081 303.7404 302 -0.09767298 0.2690972
Moved 470.9437 288.5241 302 -0.1240901 0.2690972
Moved 470.9781 281.6461 302 -0.1360311 0.2690972
Moved 471.0168 274.0101 302 -0.149288 0.2690972
Moved 471.0494 264.3897 302 -0.1659901 0.2690972
Moved 471.0917 260.2808 302 -0.1731236 0.2690972
Moved 471.1255 252.8384 310.1616 -0.1860445 0.304521
Moved 471.1783 248.5515 311 -0.1934871 0.3081597
Moved 471.2102 247.6811 311 -0.1949981 0.3081597
Stationary 471.2403 247.6811 311 -0.1949981 0.3081597
Stationary 471.2713 247.6811 311 -0.1949981 0.3081597
Stationary 471.306 248 311 -0.1944444 0.3081597
Stationary 471.3363 248 311 -0.1944444 0.3081597
Stationary 471.3663 248 311 -0.1944444 0.3081597
Stationary 471.3949 248 311 -0.1944444 0.3081597
Moved 471.4248 246.9006 311 -0.1963531 0.3081597
Moved 471.4559 245.6261 311 -0.1985659 0.3081597
Moved 471.5063 243.9132 311 -0.2015395 0.3081597
Moved 471.5397 243 303.6756 -0.203125 0.2763698
Moved 471.571 243 300.5606 -0.203125 0.2628499
Moved 471.6011 243 295.41 -0.203125 0.2404947
Moved 471.6317 251.3603 286.8198 -0.1886106 0.2032112
Moved 471.6628 263.7813 275.2187 -0.1670464 0.152859
Moved 471.6938 275.7174 261.7101 -0.1463239 0.09422793
Moved 471.7244 282.8999 250.6501 -0.1338543 0.0462246
Moved 471.7561 287.9335 241.1329 -0.1251155 0.004917251
Moved 471.7961 291.8382 234.3236 -0.1183365 -0.02463699
Moved 471.8472 296.2063 224.7937 -0.1107529 -0.06599943
Moved 471.8781 297 220.8571 -0.109375 -0.0830857
Ended 471.9071 297 219.5 -0.109375 -0.0889757
PhraseEnd 474.0593
