the quick brown fox jumps over the lazy dog
Basic
0.8 0.8
575.9999 230.4
Began 324.4862 323 328 -0.06423612 0.3819445
Stationary 324.52 323 328 -0.06423612 0.3819445
Stationary 324.5438 323 328 -0.06423612 0.3819445
Stationary 324.5681 323 328 -0.06423612 0.3819445
Stationary 324.59 323 328 -0.06423612 0.3819445
Stationary 324.6153 323 328 -0.06423612 0.3819445
Stationary 324.6386 323 328 -0.06423612 0.3819445
Stationary 324.6618 323 328 -0.06423612 0.3819445
Stationary 324.6846 323 328 -0.06423612 0.3819445
Stationary 324.7072 323 328 -0.06423612 0.3819445
Moved 324.7309 332 328 -0.04861113 0.3819445
Moved 324.7544 333.8139 328 -0.04546199 0.3819445
Moved 324.7859 337.3653 328 -0.03929641 0.3819445
Moved 324.8094 342 328 -0.03125001 0.3819445
Moved 324.8412 349.3513 328 -0.01848739 0.3819445
Moved 324.864 356.2186 319.336 -0.006564893 0.3443404
Moved 324.8868 372.5042 310.7479 0.02170868 0.3070657
Moved 324.9095 380.2307 304.4616 0.03512263 0.2797813
Moved 324.9326 392.5041 296.0975 0.0564307 0.2434789
Moved 324.9551 398.4799 290.5201 0.06680541 0.2192713
Moved 324.9774 410.09 281.91 0.08696184 0.1819009
Moved 324.9993 415.5515 278.7242 0.09644353 0.168074
Moved 325.022 423.0094 271.9906 0.1093913 0.1388481
Moved 325.0443 425.1051 270.9474 0.1130298 0.1343207
Moved 325.08 430.8883 265.1118 0.12307 0.1089921
Moved 325.1027 434 261.1805 0.1284722 0.09192931
Moved 325.1251 435.2597 259.7402 0.1306593 0.08567797
Moved 325.1473 436.8567 259 0.1334317 0.08246542
Stationary 325.1697 437 259 0.1336806 0.08246542
Moved 325.1918 437 257.6266 0.1336806 0.07650429
Stationary 325.2161 437 257.6266 0.1336806 0.07650429
Stationary 325.24 437 258 0.1336806 0.07812501
Moved 325.2647 430.5905 258 0.1225529 0.07812501
Moved 325.2875 407.564 267.6725 0.08257636 0.1201063
Moved 325.3237 387.4735 271.2544 0.04769713 0.1356528
Moved 325.3464 363.9701 280.515 0.006892533 0.1758462
Moved 325.3696 350 286 -0.01736112 0.1996528
Moved 325.3923 331.1973 295.5352 -0.05000469 0.2410382
Moved 325.4151 323.0919 299.7449 -0.06407663 0.2593095
Moved 325.4414 311.2626 307.303 -0.08461349 0.292114
Moved 325.4677 302.0332 311.3223 -0.1006368 0.3095585
Moved 325.4921 299.0987 313.6009 -0.1057315 0.3194484
Moved 325.5164 293.4583 316.2709 -0.1155239 0.3310368
Moved 325.54 291.2818 317.7182 -0.1193024 0.3373187
Moved 325.5784 285.9836 321.0164 -0.1285007 0.3516339
Moved 325.6025 284.9264 321 -0.1303361 0.3515625
Moved 325.6259 282.5 322.5 -0.1345486 0.3580729
Moved 325.6488 281.8059 322 -0.1357536 0.3559029
Moved 325.673 277.7342 324.2658 -0.1428226 0.3657371
Moved 325.6982 273.2863 325 -0.1505446 0.3689236
Moved 325.7228 270.5069 326.2465 -0.15537 0.374334
Moved 325.7476 265.758 328.121 -0.1636146 0.3824698
Moved 325.7707 263 329.5 -0.1684028 0.388455
Moved 325.7943 254.7205 333.853 -0.1827769 0.407348
Moved 325.8307 248.14 336.9533 -0.1942013 0.4208044
Moved 325.8535 243.1803 339.8198 -0.202812 0.4332455
Moved 325.8756 241.7401 341.2599 -0.2053123 0.4394961
Moved 325.8977 239.3105 341.6895 -0.2095304 0.4413609
Moved 325.9195 238 343.5 -0.2118056 0.4492188
Ended 325.9429 236 343 -0.2152778 0.4470487
Began 326.365 91 324 -0.4670139 0.3645835
Stationary 326.397 91 324 -0.4670139 0.3645835
Stationary 326.4229 91 324 -0.4670139 0.3645835
Stationary 326.4477 91 324 -0.4670139 0.3645835
Stationary 326.4698 91 324 -0.4670139 0.3645835
Stationary 326.4909 91 324 -0.4670139 0.3645835
Moved 326.5146 101.6175 324 -0.4485807 0.3645835
Moved 326.538 104.1109 324 -0.444252 0.3645835
Moved 326.5668 108.8608 324 -0.4360056 0.3645835
Moved 326.5925 112.6141 324 -0.4294895 0.3645835
Moved 326.6158 115.7056 324 -0.4241223 0.3645835
Moved 326.6408 122.1687 324 -0.4129016 0.3645835
Moved 326.664 127.6355 324 -0.4034107 0.3645835
Moved 326.6884 145.1964 324 -0.3729229 0.3645835
Moved 326.7151 170.21 324 -0.3294965 0.3645835
Moved 326.7379 189.1851 324 -0.2965536 0.3645835
Moved 326.7626 220.6722 324 -0.2418885 0.3645835
Moved 326.8076 256.5622 324 -0.1795796 0.3645835
Moved 326.8317 271.9228 324 -0.1529118 0.3645835
Moved 326.8559 291.1619 324 -0.1195106 0.3645835
Moved 326.8814 301.244 324 -0.1020069 0.3645835
Moved 326.9055 318.6162 324 -0.07184692 0.3645835
Moved 326.9288 325.9144 324 -0.05917634 0.3645835
Moved 326.9521 341.6099 324 -0.03192727 0.3645835
Moved 326.9759 356.7322 324 -0.005673245 0.3645835
Moved 326.9996 363.4312 324 0.005956963 0.3645835
Moved 327.0246 378.9147 324 0.03283799 0.3645835
Moved 327.0625 395.4305 324 0.06151133 0.3645835
Moved 327.0868 414.5484 324 0.09470204 0.3645835
Moved 327.1106 424.5189 324 0.112012 0.3645835
Moved 327.1337 442.4873 324 0.1432072 0.3645835
Moved 327.1571 449.817 324 0.1559323 0.3645835
Moved 327.1798 466.211 324 0.1843941 0.3645835
Moved 327.2027 474.3253 324 0.1984815 0.3645835
Moved 327.2257 488.6676 324 0.2233813 0.3645835
Moved 327.2476 493.3115 324 0.2314435 0.3645835
Moved 327.2703 501.9678 324 0.2464719 0.3645835
Moved 327.3064 509.5651 324 0.2596616 0.3645835
Moved 327.329 511.6208 324 0.2632306 0.3645835
Moved 327.3529 515.4901 324 0.2699481 0.3645835
Moved 327.3757 516.5 324 0.2717014 0.3645835
Moved 327.399 518.4363 324 0.275063 0.3645835
Moved 327.4228 519.5 317 0.2769097 0.3342015
Stationary 327.4499 519.5 317 0.2769097 0.3342015
Moved 327.4718 519 315.8123 0.2760417 0.3290465
Stationary 327.495 519 316 0.2760417 0.3298611
Moved 327.5193 511.5002 312.75 0.2630211 0.3157552
Moved 327.5668 477.7501 300.225 0.2044273 0.2613934
Moved 327.5928 454.1487 290.9308 0.1634527 0.2210538
Moved 327.6239 419.886 277.6287 0.1039687 0.1633189
Moved 327.6479 411.6272 273.6974 0.08963063 0.1462562
Moved 327.6776 388.2583 262.8102 0.04905954 0.09900253
Moved 327.7018 364.9074 249.3445 0.008519888 0.04055765
Moved 327.7269 350.9612 240.1151 -0.01569238 0.0004996194
Moved 327.7493 330.8725 228.2129 -0.05056854 -0.05115933
Moved 327.7727 323.5956 221.4764 -0.06320212 -0.08039727
Moved 327.7979 307.2356 210.9885 -0.09160486 -0.1259177
Moved 327.8354 291.1795 198.7864 -0.1194801 -0.1788785
Moved 327.858 279.2923 189.4692 -0.1401176 -0.2193176
Moved 327.8798 273.5717 184.1788 -0.1500491 -0.2422793
Moved 327.901 265.5705 178.047 -0.1639402 -0.2688934
Moved 327.9256 263.1444 175.1444 -0.168152 -0.2814912
Moved 327.9478 254.6865 168.1243 -0.182836 -0.3119605
Moved 327.97 251.2588 164.2588 -0.1887868 -0.3287378
Moved 327.9915 246.5402 158.5402 -0.1969788 -0.3535585
Moved 328.0131 244.8338 155.6675 -0.1999414 -0.3660265
Moved 328.035 243.5 154.5 -0.202257 -0.3710938
Moved 328.0709 241.5 150.5 -0.2057292 -0.3884549
Moved 328.093 242 149.98 -0.2048611 -0.3907121
Moved 328.1142 241 149 -0.2065972 -0.3949652
Moved 328.136 241 147.8215 -0.2065972 -0.4000801
Moved 328.1584 246.9431 148 -0.1962793 -0.3993055
Moved 328.1808 275.1943 161.1943 -0.1472321 -0.3420384
Moved 328.203 285.0602 163.2726 -0.1301038 -0.3330182
Moved 328.2248 312.6464 173.2548 -0.08221112 -0.2896928
Moved 328.2484 324.4021 178.201 -0.0618019 -0.2682245
Moved 328.2726 347 187.5 -0.02256945 -0.2278646
Moved 328.3099 372.8722 197.2908 0.02234764 -0.1853699
Moved 328.3383 393.0422 204.5835 0.05736485 -0.1537175
Moved 328.3608 411.1918 212.6536 0.08887462 -0.118691
Moved 328.3834 422.2163 215.5541 0.1080144 -0.1061021
Moved 328.407 438.5076 221.1016 0.1362979 -0.08202434
Moved 328.4312 445.5 224 0.1484375 -0.06944432
Moved 328.4565 459.212 226.4424 0.172243 -0.05884383
Moved 328.4797 464.5 227.5 0.1814236 -0.05425348
Moved 328.5033 480.3625 230.3938 0.2089626 -0.04169358
Moved 328.5274 485.4913 230 0.2178668 -0.04340265
Moved 328.567 502.5282 230 0.2474448 -0.04340265
Moved 328.5916 510.1073 230 0.260603 -0.04340265
Moved 328.6145 513.2656 231.1328 0.2660862 -0.03848606
Moved 328.6385 522.0013 232 0.2812522 -0.03472222
Moved 328.6649 526.3224 232 0.2887543 -0.03472222
Moved 328.6877 532.6331 234 0.2997102 -0.02604154
Moved 328.713 534.6166 235.3083 0.303154 -0.02036307
Moved 328.7366 540.2831 238.2831 0.3129914 -0.007451906
Moved 328.7612 545.3066 239 0.3217128 -0.004340146
Moved 328.785 546.5874 239 0.3239365 -0.004340146
Moved 328.8245 550.5 240 0.3307292 0
Moved 328.849 551 240 0.3315973 0
Moved 328.8718 552.4006 240 0.3340288 0
Moved 328.8938 553.3729 240 0.3357168 0
Stationary 328.9169 553 240 0.3350694 0
Stationary 328.9385 553 240 0.3350694 0
Ended 328.9595 553 240 0.3350694 0
Began 329.5071 404 124 0.07638887 -0.5034723
Stationary 329.5416 404 124 0.07638887 -0.5034723
Stationary 329.5644 404 124 0.07638887 -0.5034723
Stationary 329.5869 404 124 0.07638887 -0.5034723
Stationary 329.6098 404 124 0.07638887 -0.5034723
Stationary 329.6323 404 124 0.07638887 -0.5034723
Stationary 329.6555 404 124 0.07638887 -0.5034723
Stationary 329.6773 404 124 0.07638887 -0.5034723
Stationary 329.7019 404 124 0.07638887 -0.5034723
Moved 329.728 404 134 0.07638887 -0.4600693
Moved 329.7516 404 136.7201 0.07638887 -0.4482636
Moved 329.7744 404 138.1573 0.07638887 -0.4420255
Moved 329.7984 404 140.7468 0.07638887 -0.4307863
Moved 329.8234 396.0998 144.9001 0.06267332 -0.4127598
Moved 329.8474 395.0004 145.9996 0.06076455 -0.4079876
Moved 329.8712 389.3907 153.6093 0.05102552 -0.3749599
Moved 329.8954 383.7417 157.9437 0.04121825 -0.3561469
Moved 329.9203 372.2769 171.9038 0.02131417 -0.2955565
Moved 329.9426 365.5554 177.4447 0.009644703 -0.2715074
Moved 329.9802 349 195 -0.01909722 -0.1953125
Moved 330.0038 342.0891 204.8663 -0.03109534 -0.1524899
Moved 330.0275 330.6176 221.228 -0.05101107 -0.08147559
Moved 330.0511 326.1471 227.1372 -0.05877241 -0.05582797
Moved 330.0755 320.8621 237.8506 -0.0679478 -0.009329055
Moved 330.1037 315.8204 247.1796 -0.07670068 0.03116131
Moved 330.1364 312.5333 253.9335 -0.08240752 0.06047514
Moved 330.1598 310.2148 257.7852 -0.08643255 0.07719252
Moved 330.1846 307.7069 263.5862 -0.09078667 0.1023709
Moved 330.2085 304.731 273.8069 -0.09595305 0.1467313
Moved 330.2455 301.8585 282.5659 -0.1009401 0.1847479
Moved 330.2685 302 286.5 -0.1006945 0.2018231
Moved 330.2916 299 293.2332 -0.1059028 0.2310471
Moved 330.3152 298 297.1764 -0.1076389 0.2481615
Moved 330.3385 296.5587 302.4413 -0.1101412 0.2710128
Moved 330.3619 297 307.3239 -0.109375 0.2922046
Moved 330.3848 297 308.7577 -0.109375 0.2984276
Moved 330.4084 297 312.559 -0.109375 0.3149263
Moved 330.432 297 316.1569 -0.109375 0.330542
Moved 330.4553 305.1789 322.1789 -0.09517547 0.3566793
Moved 330.492 314.8367 328.9183 -0.0784085 0.3859304
Moved 330.5172 329.8359 334.9672 -0.05236823 0.4121839
Moved 330.5412 338.3761 335 -0.03754143 0.4123264
Moved 330.5666 363.5112 335 0.006095842 0.4123264
Moved 330.5898 377.3927 335 0.03019571 0.4123264
Moved 330.6149 401 335 0.07118054 0.4123264
Moved 330.6411 423.8412 323.7596 0.1108355 0.3635403
Moved 330.6646 436.5 322.5 0.1328125 0.3580729
Moved 330.6899 456.531 318.6837 0.1675885 0.341509
Moved 330.7187 471.9337 315.8132 0.1943294 0.3290504
Moved 330.7573 485.4895 314.3021 0.2178638 0.3224916
Moved 330.7804 498.2908 312.4273 0.2400883 0.3143545
Moved 330.8032 505.0375 312 0.2518013 0.3125001
Moved 330.8267 516.3606 311 0.2714594 0.3081597
Moved 330.8496 520.9509 311 0.2794286 0.3081597
Moved 330.8727 533.5067 309.1234 0.3012268 0.3000146
Moved 330.8952 539.2519 309 0.3112012 0.2994793
Moved 330.918 548.5397 307 0.3273259 0.2907986
Moved 330.94 552.2322 306.3839 0.3337364 0.2881247
Moved 330.9634 558.3106 306 0.3442892 0.2864584
Moved 330.9991 564.0595 306 0.35427 0.2864584
Moved 331.0218 565.4604 305 0.3567022 0.2821182
Moved 331.0452 568.3244 305 0.3616743 0.2821182
Stationary 331.0675 568.3244 305 0.3616743 0.2821182
Moved 331.0892 569.3159 305 0.3633956 0.2821182
Stationary 331.1114 569 305 0.3628472 0.2821182
Stationary 331.1335 569 305 0.3628472 0.2821182
Moved 331.1548 559.9045 305 0.3470564 0.2821182
Moved 331.1775 538.1846 305 0.3093482 0.2821182
Moved 331.2021 521.017 305 0.2795433 0.2821182
Moved 331.2523 466.6876 303.692 0.1852214 0.2764408
Moved 331.2777 435.189 300.8189 0.1305364 0.263971
Moved 331.3026 405.3487 297.3044 0.07873044 0.2487174
Moved 331.3274 390.7216 294.7443 0.0533361 0.2376057
Moved 331.3535 364.961 289.987 0.008612871 0.2169575
Moved 331.3761 354.9144 290 -0.008829237 0.2170139
Moved 331.3994 340.9372 288.991 -0.03309511 0.2126347
Moved 331.4224 333.7585 287.5517 -0.04555807 0.2063876
Moved 331.4521 319.4244 288 -0.07044375 0.2083334
Moved 331.4756 303.0574 288 -0.09885866 0.2083334
Moved 331.5123 291.0288 288 -0.1197417 0.2083334
Moved 331.5345 280.0317 288 -0.1388338 0.2083334
Moved 331.5567 274.9111 288 -0.1477238 0.2083334
Moved 331.58 266.1998 288 -0.1628476 0.2083334
Moved 331.6043 261.9916 288 -0.1701535 0.2083334
Moved 331.6272 252.8058 288 -0.1861011 0.2083334
Moved 331.6492 245.6328 288 -0.1985542 0.2083334
Moved 331.6741 233.4218 288 -0.2197538 0.2083334
Moved 331.6965 228.6699 292.0778 -0.2280037 0.226032
Moved 331.722 216.2003 295 -0.2496522 0.2387153
Moved 331.7679 204.1312 297 -0.2706055 0.247396
Moved 331.7916 199.249 298.8755 -0.2790816 0.2555361
Moved 331.8163 192.5182 299.7409 -0.290767 0.2592922
Moved 331.8398 186.617 301 -0.3010122 0.2647568
Moved 331.8661 182.8908 302 -0.3074813 0.2690972
Moved 331.8896 176.8548 303 -0.3179604 0.2734375
Moved 331.9127 173.9832 303 -0.3229459 0.2734375
Moved 331.9368 169.243 304.8785 -0.3311753 0.2815906
Moved 331.96 166.9803 305 -0.3351036 0.2821182
Moved 331.9844 165 306 -0.3385417 0.2864584
Moved 332.0247 161.8021 307 -0.3440937 0.2907986
Stationary 332.0477 161.8021 307 -0.3440937 0.2907986
Moved 332.0705 159.8319 307 -0.347514 0.2907986
Stationary 332.0918 159.8319 307 -0.347514 0.2907986
Moved 332.1129 158.9576 308 -0.349032 0.2951389
Stationary 332.1344 159 308 -0.3489584 0.2951389
Stationary 332.1559 159 308 -0.3489584 0.2951389
Stationary 332.1765 159 308 -0.3489584 0.2951389
Moved 332.2013 159 309.2888 -0.3489584 0.3007327
Moved 332.2244 175.7943 309 -0.3198016 0.2994793
Moved 332.2594 207.1043 298.9716 -0.2654439 0.255953
Moved 332.2812 218.5027 294.6865 -0.2456551 0.2373547
Moved 332.3036 237.0901 288.9614 -0.2133852 0.212506
Moved 332.3253 246.2551 286.549 -0.1974738 0.2020354
Moved 332.3483 261.5811 282.6838 -0.1708661 0.1852596
Moved 332.3698 267.0149 281.2463 -0.1614324 0.1790203
Moved 332.3911 272.7736 279.8066 -0.1514347 0.1727718
Moved 332.4129 281.1229 277 -0.1369395 0.1605903
Moved 332.4346 286.5633 274.7184 -0.1274944 0.1506876
Moved 332.4573 294.0629 272.979 -0.1144741 0.1431381
Moved 332.4954 300.747 272 -0.1028698 0.138889
Moved 332.5193 306.8951 269.5524 -0.09219605 0.1282658
Moved 332.5434 311.6487 268.1171 -0.08394331 0.1220363
Moved 332.5677 318.4893 265.2554 -0.07206719 0.1096153
Moved 332.5907 321.3609 263.8196 -0.06708179 0.1033837
Moved 332.6151 327.3622 261.2126 -0.0566629 0.09206852
Moved 332.6429 334.179 257.821 -0.0448281 0.07734802
Moved 332.6656 337.0407 255.9796 -0.03985986 0.06935611
Moved 332.688 343.7726 251.2274 -0.02817255 0.04873011
Moved 332.7107 346.6503 249.6748 -0.02317652 0.04199134
Moved 332.7477 355.5071 241.4928 -0.007800087 0.006479158
Moved 332.7712 360.4197 237.5803 0.0007286668 -0.01050194
Moved 332.7949 367.1552 233.4224 0.0124222 -0.02854877
Moved 332.8203 370.0225 230.9775 0.01740016 -0.03915986
Moved 332.8447 375.843 227.1571 0.02750516 -0.05574174
Moved 332.868 380.971 223.0289 0.03640808 -0.07365903
Moved 332.8908 388.5965 218.4036 0.04964665 -0.09373453
Moved 332.9128 392.8751 216.7083 0.05707481 -0.1010925
Moved 332.9358 399.5035 211.6643 0.06858245 -0.1229847
Moved 332.9586 402.5466 209.6356 0.07386558 -0.1317897
Moved 332.9969 414 200 0.09374999 -0.1736111
Moved 333.02 418.9861 196.0139 0.1024064 -0.1909118
Moved 333.0472 427.4579 189.4065 0.1171144 -0.2195898
Moved 333.0717 433.8787 183.1213 0.1282616 -0.2468692
Moved 333.0942 437.621 180.2527 0.1347587 -0.25932
Moved 333.1172 444.4736 173.5265 0.1466555 -0.2885134
Moved 333.1402 447.3343 170.6658 0.151622 -0.3009297
Moved 333.1638 452.5668 164.4331 0.1607064 -0.3279815
Moved 333.1869 455.2971 161.7029 0.1654463 -0.3398311
Moved 333.2107 459.0217 156.9783 0.1719126 -0.3603373
Moved 333.2476 462.8924 153.1077 0.1786326 -0.3771368
Moved 333.276 465.5 150.5 0.1831597 -0.3884549
Moved 333.299 466.826 148.174 0.1854619 -0.3985505
Moved 333.3217 467 146.7285 0.1857639 -0.404824
Ended 333.3449 467 147 0.1857639 -0.4036457
Began 333.6765 285 226 -0.1302083 -0.06076403
Stationary 333.7101 285 226 -0.1302083 -0.06076403
Stationary 333.7338 285 226 -0.1302083 -0.06076403
Stationary 333.7599 285 226 -0.1302083 -0.06076403
Stationary 333.7835 285 226 -0.1302083 -0.06076403
Stationary 333.806 285 226 -0.1302083 -0.06076403
Stationary 333.8286 285 226 -0.1302083 -0.06076403
Stationary 333.8512 285 226 -0.1302083 -0.06076403
Moved 333.8742 297.4702 226 -0.1085586 -0.06076403
Moved 333.8976 300.3377 226 -0.1035804 -0.06076403
Moved 333.9214 306.068 226 -0.09363201 -0.06076403
Moved 333.946 310.3705 226 -0.08616235 -0.06076403
Moved 333.9702 320.9688 226 -0.06776255 -0.06076403
Moved 333.9946 332.4243 233.8561 -0.04787449 -0.02666619
Moved 334.0284 346.6417 238.8806 -0.0231915 -0.004858309
Moved 334.0529 359.6735 240.8527 -0.0005668402 0.003700787
Moved 334.0772 381.8712 246.7339 0.03797092 0.02922694
Moved 334.102 405.9626 255.385 0.07979609 0.06677535
Moved 334.129 415.7377 258.4344 0.09676687 0.08001063
Moved 334.1522 437.7405 266.4027 0.1349662 0.1145951
Moved 334.1754 447.2641 269.6846 0.1515002 0.1288396
Moved 334.1995 463.6243 273.7707 0.1799033 0.1465741
Moved 334.2225 473.3791 276.394 0.1968387 0.1579603
Moved 334.2501 487.229 280.7048 0.2208837 0.1766703
Moved 334.2891 507.9142 287.9785 0.2567955 0.2082401
Moved 334.3126 515.3002 290.9201 0.2696184 0.2210074
Moved 334.3353 527.2458 296.3115 0.2903574 0.2444074
Moved 334.3573 530.8881 298.444 0.2966806 0.2536634
Moved 334.3798 541.3817 302.1908 0.3148987 0.2699254
Moved 334.4026 546.5229 304.2615 0.3238244 0.2789128
Moved 334.426 554.5 306.5 0.3376736 0.2886285
Moved 334.4484 556.8842 307 0.3418128 0.2907986
Moved 334.4721 561.9299 309.465 0.3505727 0.3014973
Moved 334.498 563.797 309 0.3538142 0.2994793
Moved 334.5353 569.2054 311.2054 0.3632039 0.3090514
Moved 334.5583 570.5 311 0.3654514 0.3081597
Moved 334.5836 572.1979 311 0.3683992 0.3081597
Stationary 334.6076 572.1979 311 0.3683992 0.3081597
Moved 334.6311 573 311 0.3697917 0.3081597
Stationary 334.6537 573 311 0.3697917 0.3081597
Stationary 334.6762 573 311 0.3697917 0.3081597
Moved 334.7007 562.0895 311 0.35085 0.3081597
Moved 334.7266 541.9624 296.0902 0.3159069 0.2434471
Moved 334.7512 514.6694 284.3347 0.2685232 0.192425
Moved 334.7873 490 273 0.2256945 0.1432292
Moved 334.8117 457.2722 259.688 0.1688753 0.08545161
Moved 334.836 446.2484 252.6553 0.1497369 0.05492741
Moved 334.8612 410.5647 233.6118 0.08778595 -0.02772649
Moved 334.8894 385.2163 220.1082 0.04377835 -0.08633614
Moved 334.9139 375.7264 217.2422 0.0273028 -0.09877524
Moved 334.9374 349.5732 207.5923 -0.01810208 -0.1406585
Moved 334.9604 339.1632 203.7211 -0.03617492 -0.1574605
Moved 334.9841 322.5 197 -0.06510419 -0.1866318
Moved 335.0068 314.3232 195.0647 -0.07929992 -0.1950317
Moved 335.0448 296.5085 187.2543 -0.1102284 -0.2289311
Moved 335.0684 290.6113 185.6528 -0.1204665 -0.2358817
Moved 335.0923 282.3861 182.7954 -0.1347464 -0.2482838
Moved 335.1159 279.7179 182.359 -0.1393786 -0.2501779
Moved 335.14 275.7885 179.7885 -0.1462006 -0.2613349
Moved 335.1629 272.6949 179.3474 -0.1515713 -0.2632491
Moved 335.1861 269.5 178 -0.1571181 -0.2690972
Moved 335.2141 265.6208 176 -0.1638528 -0.2777778
Moved 335.2373 263 174.5 -0.1684028 -0.2842881
Moved 335.2607 256.2736 171.6368 -0.1800805 -0.296715
Moved 335.2981 251.5395 169.7698 -0.1882995 -0.3048186
Moved 335.3224 246.8953 167.8954 -0.1963623 -0.3129539
Moved 335.3455 244 166.5 -0.2013889 -0.3190102
Moved 335.3692 238.9216 166 -0.2102056 -0.3211806
Moved 335.3924 237.5216 164.5216 -0.212636 -0.3275973
Moved 335.4162 233.6547 164 -0.2193495 -0.3298611
Moved 335.4391 233 164 -0.2204861 -0.3298611
Moved 335.4622 230.7491 162.7491 -0.2243939 -0.3352901
Ended 335.485 231 163 -0.2239584 -0.3342014
Began 336.0466 440 225 0.1388889 -0.06510417
Stationary 336.0836 440 225 0.1388889 -0.06510417
Stationary 336.1073 440 225 0.1388889 -0.06510417
Stationary 336.131 440 225 0.1388889 -0.06510417
Stationary 336.1543 440 225 0.1388889 -0.06510417
Stationary 336.1774 440 225 0.1388889 -0.06510417
Stationary 336.2018 440 225 0.1388889 -0.06510417
Moved 336.2267 440 235.1144 0.1388889 -0.02120495
Moved 336.2517 440 238 0.1388889 -0.008680556
Moved 336.2762 440 242.2412 0.1388889 0.009727479
Moved 336.3005 429.5 243.5 0.1206597 0.01519097
Moved 336.3252 432 248.8488 0.125 0.03840606
Moved 336.353 429.6961 254.6078 0.1210003 0.06340186
Moved 336.3773 429.4557 257.0885 0.1205829 0.07416885
Moved 336.4019 429 266.0908 0.1197917 0.1132413
Moved 336.4418 429 281.8816 0.1197917 0.1817779
Moved 336.4662 429 286.0396 0.1197917 0.1998249
Moved 336.4901 428 294.5674 0.1180556 0.2368379
Moved 336.5138 427.0557 297.8886 0.1164161 0.2512527
Moved 336.5372 426 305.2845 0.1145833 0.2833531
Moved 336.5605 424.7505 307.2496 0.112414 0.2918819
Moved 336.5851 424 313.2359 0.1111111 0.3178642
Moved 336.6088 424 315.3469 0.1111111 0.3270266
Moved 336.6325 423 318.1006 0.109375 0.3389786
Moved 336.6564 423 319.5 0.109375 0.3450521
Moved 336.6946 423 322.5 0.109375 0.3580729
Stationary 336.7176 423 322.5 0.109375 0.3580729
Moved 336.7449 423 324.3734 0.109375 0.3662039
Moved 336.7681 433.3594 324 0.12736 0.3645835
Moved 336.7905 436.1876 324 0.1322702 0.3645835
Moved 336.8143 440.5033 324 0.1397627 0.3645835
Moved 336.8374 443.2021 324 0.1444481 0.3645835
Moved 336.8616 449.9671 314.0329 0.1561929 0.3213234
Moved 336.8849 451.4169 311.1663 0.1587098 0.3088815
Moved 336.9077 457.288 302.424 0.1689028 0.2709373
Moved 336.9439 462.66 292.6799 0.1782292 0.2286456
Moved 336.9675 467.383 279.2339 0.1864289 0.1702862
Moved 336.9902 469.1185 273.526 0.1894418 0.1455122
Moved 337.0137 473.9833 255.0583 0.1978877 0.06535756
Moved 337.0414 475.4323 246.4065 0.2004032 0.02780597
Moved 337.0663 478.9228 235.3088 0.2064632 -0.02036095
Moved 337.0907 480 220.0618 0.2083334 -0.08653747
Moved 337.1159 481.2159 210.489 0.2104442 -0.1280859
Moved 337.1397 483.0918 196.5409 0.2137011 -0.1886245
Moved 337.1633 483 192.3524 0.2135417 -0.2068038
Moved 337.2027 484 179.5 0.2152778 -0.2625868
Moved 337.2277 485.3743 172.2513 0.2176638 -0.2940479
Moved 337.2506 485 168.4037 0.2170139 -0.3107479
Moved 337.2738 485 162.0303 0.2170139 -0.3384103
Moved 337.2964 486 160.4835 0.21875 -0.3451236
Moved 337.3189 486.6255 155.7489 0.219836 -0.3656731
Moved 337.3466 487 153.9441 0.2204861 -0.3735066
Moved 337.3707 487 152.507 0.2204861 -0.379744
Moved 337.3935 488 151.9363 0.2222222 -0.3822209
Moved 337.4165 490.8717 151 0.2272078 -0.3862847
Moved 337.4536 500.2396 151 0.2434715 -0.3862847
Moved 337.4784 513 166.5 0.265625 -0.3190102
Moved 337.5013 520.6739 178.2318 0.2789477 -0.268091
Moved 337.5253 535.2277 196.8732 0.3042147 -0.1871823
Moved 337.5494 541.3023 206.5291 0.314761 -0.1452732
Moved 337.5729 552.8293 225.7013 0.3347732 -0.06206036
Moved 337.5964 560.0012 238.6686 0.3472243 -0.005778737
Moved 337.6196 563.782 246.564 0.3537881 0.02848943
Moved 337.6466 572.2802 261.5602 0.3685419 0.09357758
Moved 337.6707 575.4009 267.8017 0.3739599 0.1206671
Moved 337.7085 582.264 283.3959 0.385875 0.1883503
Moved 337.7312 585.224 288.448 0.3910139 0.2102778
Moved 337.7538 589.9874 298.4811 0.3992837 0.2538244
Moved 337.7765 591.8546 301.8546 0.4025253 0.268466
Moved 337.8003 594.7962 308.5924 0.4076323 0.2977103
Moved 337.8257 595.9075 311.7225 0.4095617 0.3112957
Moved 337.8484 599.749 318.2471 0.4162309 0.339614
Moved 337.8729 603.6187 325.856 0.422949 0.372639
Moved 337.8959 605.0582 328.0582 0.4254482 0.3821969
Moved 337.9194 606.7114 332.4228 0.4283185 0.4011406
Moved 337.9612 608 335.4994 0.4305556 0.4144939
Moved 337.9861 609 336 0.4322917 0.4166667
Moved 338.0102 609 337.5 0.4322917 0.4231771
Moved 338.0341 609 338.5 0.4322917 0.4275173
Moved 338.0585 609 338 0.4322917 0.4253473
Stationary 338.0829 609 338 0.4322917 0.4253473
Moved 338.1067 594 338 0.40625 0.4253473
Moved 338.1302 584.3607 326.1603 0.3895152 0.37396
Moved 338.1547 559.9603 317.3168 0.3471532 0.3355763
Moved 338.1783 540.4202 314.3277 0.3132295 0.322603
Moved 338.2156 491.5387 303.3846 0.2283658 0.275107
Moved 338.2398 473.9634 298.7206 0.1978531 0.2548639
Moved 338.2679 449.6428 293.7286 0.1556298 0.233197
Moved 338.2948 410.2871 288.9406 0.08730397 0.212416
Moved 338.3199 376.8539 285.0712 0.02926022 0.1956215
Moved 338.3441 359.5794 285 -0.0007301942 0.1953125
Moved 338.371 334.7641 284 -0.04381229 0.1909724
Moved 338.3965 308.2887 283.2289 -0.08977664 0.1876254
Moved 338.4202 292.785 281.7986 -0.1166926 0.1814177
Moved 338.4462 277.6112 281 -0.1430361 0.1779514
Moved 338.4851 265.3612 278.2722 -0.1643035 0.1661121
Moved 338.5095 252.4014 276.4803 -0.1868031 0.1583347
Moved 338.5331 245.2404 275.0481 -0.1992354 0.1521185
Moved 338.5611 231.8814 273 -0.2224282 0.1432292
Moved 338.5867 223 270.5 -0.2378472 0.1323785
Moved 338.6144 216.2943 268.7648 -0.2494891 0.1248471
Moved 338.6411 213.6569 268.3284 -0.2540679 0.1229533
Moved 338.666 208 265.5 -0.2638889 0.1106771
Moved 338.6899 203.1812 262.5906 -0.2722549 0.09804925
Moved 338.715 202.6504 261.6505 -0.2731763 0.09396911
Moved 338.7552 197.2342 257.2342 -0.2825795 0.07480118
Moved 338.7804 194.3432 254.3431 -0.2875987 0.06225335
Moved 338.8055 192.9098 252.9098 -0.2900872 0.05603208
Moved 338.835 191.3623 251.3623 -0.2927737 0.04931569
Moved 338.8697 189.7452 249.7452 -0.2955812 0.04229718
Moved 338.8991 188.8122 248.8123 -0.297201 0.03824764
Moved 338.924 186.1494 249 -0.301824 0.03906263
Ended 338.9495 185 249 -0.3038194 0.03906263
Began 339.47 518 340 0.2743056 0.4340278
Stationary 339.4955 518 340 0.2743056 0.4340278
Stationary 339.5182 518 340 0.2743056 0.4340278
Stationary 339.5417 518 340 0.2743056 0.4340278
Stationary 339.5656 518 340 0.2743056 0.4340278
Stationary 339.5889 518 340 0.2743056 0.4340278
Stationary 339.6123 518 340 0.2743056 0.4340278
Stationary 339.6382 518 340 0.2743056 0.4340278
Stationary 339.6614 518 340 0.2743056 0.4340278
Stationary 339.6882 518 340 0.2743056 0.4340278
Stationary 339.7113 518 340 0.2743056 0.4340278
Stationary 339.7342 518 340 0.2743056 0.4340278
Stationary 339.7567 518 340 0.2743056 0.4340278
Stationary 339.7797 518 340 0.2743056 0.4340278
Stationary 339.801 518 340 0.2743056 0.4340278
Stationary 339.8226 518 340 0.2743056 0.4340278
Moved 339.8443 531.5 328 0.2977431 0.3819445
Moved 339.8667 528.0436 330.9564 0.2917423 0.3947762
Moved 339.8935 531.9189 327.0405 0.2984704 0.3777801
Moved 339.9313 534.3773 323.2454 0.3027384 0.361308
Moved 339.9552 539.7451 317.6274 0.3120574 0.3369248
Moved 339.9786 540.8058 314.3883 0.3138991 0.3228659
Moved 340.0031 544.6728 310.3272 0.3206125 0.3052398
Moved 340.028 546.1417 307.8583 0.3231628 0.2945238
Moved 340.0504 546.6292 306.7416 0.3240091 0.289677
Moved 340.075 547 303.5042 0.3246528 0.2756259
Moved 340.0986 547 301.1326 0.3246528 0.2653326
Moved 340.1212 547 297.1855 0.3246528 0.2482012
Moved 340.152 547 292.2263 0.3246528 0.2266769
Moved 340.19 531.2507 283.5004 0.2973102 0.188804
Moved 340.2142 519.3394 273.4715 0.2766308 0.1452756
Moved 340.2375 513.1563 269.725 0.2658963 0.1290147
Moved 340.2608 499.351 258.4437 0.2419289 0.0800509
Moved 340.2849 490.2464 253.3188 0.2261222 0.05780764
Moved 340.3079 471.4972 241.3314 0.1935715 0.005778737
Moved 340.3311 461.0548 237.452 0.1754423 -0.01105891
Moved 340.3547 441 227 0.140625 -0.05642362
Moved 340.3786 431.5533 223.6658 0.1242246 -0.0708951
Moved 340.4053 411.7397 215.0438 0.08982591 -0.1083166
Moved 340.4437 390.2296 207.0382 0.05248189 -0.1430634
Moved 340.4792 378.6915 203.6152 0.03245056 -0.15792
Moved 340.5037 369.4751 200.0679 0.01644976 -0.1733165
Moved 340.528 355.5522 194.1841 -0.007721856 -0.1988538
Moved 340.553 344.2568 190.3142 -0.0273319 -0.21565
Moved 340.5771 338.5494 188.8873 -0.03724065 -0.2218432
Moved 340.6027 329.4421 185.3605 -0.0530519 -0.2371507
Moved 340.6284 321 182.5 -0.06770834 -0.2495659
Moved 340.6529 317.11 182 -0.07446185 -0.251736
Moved 340.6828 311.377 179.1885 -0.08441497 -0.2639388
Moved 340.7241 307.1804 177 -0.09170078 -0.2734375
Moved 340.7505 304.3089 176 -0.09668593 -0.2777778
Moved 340.7759 302.8824 176 -0.09916243 -0.2777778
Moved 340.8009 301.2587 175 -0.1019815 -0.282118
Moved 340.8256 300.5 175 -0.1032986 -0.282118
Moved 340.8496 300 175 -0.1041667 -0.282118
Moved 340.8748 297.5 175 -0.1085069 -0.282118
Moved 340.899 295.7314 175 -0.1115775 -0.282118
Moved 340.9242 290.4653 195.3713 -0.1207199 -0.1937008
Moved 340.9531 282.7245 211.4642 -0.1341588 -0.1238532
Moved 340.9919 276 229 -0.1458333 -0.04774293
Moved 341.0175 270.2362 243.2914 -0.1558399 0.01428565
Moved 341.041 268.2553 246.4895 -0.159279 0.02816611
Moved 341.0651 264.6342 256.0974 -0.1655657 0.06986725
Moved 341.09 260.7684 266.6949 -0.1722771 0.1158632
Moved 341.1158 259.3326 271.0023 -0.1747698 0.1345587
Moved 341.1402 257.8657 277.2687 -0.1773166 0.1617566
Moved 341.164 258 278.6151 -0.1770834 0.1676003
Moved 341.1892 256.5121 281.4879 -0.1796665 0.1800692
Moved 341.2246 257 282.3724 -0.1788195 0.1839079
Moved 341.2631 257 285.5 -0.1788195 0.1974826
Stationary 341.2872 257 285.5 -0.1788195 0.1974826
Moved 341.3103 256 288.6631 -0.1805556 0.2112115
Moved 341.3344 254.8975 290.1025 -0.1824697 0.217459
Moved 341.3586 254.2731 293.7269 -0.1835537 0.2331898
Moved 341.3829 254 295.0781 -0.1840278 0.2390544
Moved 341.4066 253 296.9447 -0.1857639 0.2471558
Moved 341.4302 253 299.8173 -0.1857639 0.2596238
Moved 341.4537 253 301.2536 -0.1857639 0.2658577
Moved 341.4817 253 303.7609 -0.1857639 0.2767399
Moved 341.521 253 307.0651 -0.1857639 0.2910813
Moved 341.5456 253 309.5015 -0.1857639 0.3016557
Moved 341.5692 262.582 312.3688 -0.1691285 0.314101
Moved 341.5932 261.4814 313.4814 -0.1710393 0.3189296
Moved 341.6169 263 315 -0.1684028 0.3255209
Moved 341.6406 264.788 316 -0.1652987 0.3298611
Moved 341.6651 267.6598 318 -0.1603129 0.3385417
Moved 341.6905 271.2646 319 -0.1540546 0.342882
Moved 341.7182 272.6072 319.6072 -0.1517236 0.3455177
Moved 341.7467 276.4783 321.4783 -0.145003 0.3536384
Moved 341.7876 284.5774 322 -0.1309421 0.3559029
Moved 341.8191 288.7266 322 -0.1237386 0.3559029
Moved 341.8463 294.4567 322 -0.1137904 0.3559029
Moved 341.8707 295.6641 322 -0.1116942 0.3559029
Moved 341.8949 298.5291 322 -0.1067203 0.3559029
Moved 341.9225 300.0305 322 -0.1041138 0.3559029
Ended 341.9466 300 322 -0.1041667 0.3559029
Began 342.698 305 340 -0.09548612 0.4340278
Stationary 342.7578 305 340 -0.09548612 0.4340278
Stationary 342.7822 305 340 -0.09548612 0.4340278
Stationary 342.8076 305 340 -0.09548612 0.4340278
Moved 342.8336 319.3067 340 -0.07064816 0.4340278
Moved 342.8603 328.8277 331.1149 -0.05411863 0.395464
Moved 342.8868 334.4982 329.6254 -0.04427392 0.3889994
Moved 342.9129 345.7132 322.5245 -0.02480354 0.3581795
Moved 342.9385 354.9 316.66 -0.008854122 0.3327256
Moved 342.9641 360.8664 312.3502 0.001504123 0.3140201
Moved 342.9948 373.4379 303.7372 0.02332971 0.2766375
Moved 343.0202 383.8812 296.0792 0.04146032 0.2433994
Moved 343.0457 391.461 288.5391 0.05461976 0.210673
Moved 343.0711 394.8496 286.1505 0.06050274 0.2003058
Moved 343.0966 402.5725 280.4275 0.07391058 0.1754666
Moved 343.123 409.3206 274.6794 0.08562595 0.1505186
Moved 343.163 415.6848 270.7717 0.096675 0.1335579
Moved 343.1896 419.0914 265.9086 0.1025892 0.1124504
Moved 343.216 421 264 0.1059028 0.1041668
Moved 343.2452 422 263 0.1076389 0.0998264
Moved 343.2701 423 261.075 0.109375 0.09147115
Moved 343.2946 423 260.5 0.109375 0.0889757
Moved 343.3193 423 261 0.109375 0.09114584
Stationary 343.3431 423 261 0.109375 0.09114584
Stationary 343.3674 423 261 0.109375 0.09114584
Moved 343.3913 405.7463 261 0.07942066 0.09114584
Moved 343.4328 370.603 261 0.018408 0.09114584
Moved 343.4611 346.3633 269 -0.02367474 0.1258681
Moved 343.4909 324.3988 272.5203 -0.06180767 0.141147
Moved 343.5171 313.694 273 -0.08039236 0.1432292
Moved 343.5443 291.5425 276.0654 -0.1188498 0.1565337
Moved 343.5723 279.2489 279.8755 -0.1401929 0.1730711
Moved 343.5998 267.6799 282.4641 -0.160278 0.1843059
Moved 343.625 262.4719 285.764 -0.1693196 0.1986288
Moved 343.6534 253.7242 288.7586 -0.1845066 0.2116259
Moved 343.6787 246.7437 291.6281 -0.1966255 0.2240804
Moved 343.7242 237.1012 297.2659 -0.213366 0.2485498
Moved 343.7551 229.5 302 -0.2265625 0.2690972
Moved 343.7796 225.1792 303.8806 -0.234064 0.2772594
Moved 343.8042 220 306.5 -0.2430556 0.2886285
Moved 343.8295 215.6488 309.3511 -0.2506096 0.3010031
Moved 343.8537 214.2126 310.7874 -0.2531031 0.3072368
Moved 343.8787 212.3492 312 -0.2563381 0.3125001
Moved 343.9056 211 313 -0.2586806 0.3168403
Moved 343.9315 211 313.5944 -0.2586806 0.31942
Moved 343.9567 210 314 -0.2604167 0.3211807
Ended 344.0005 210 315.5 -0.2604167 0.327691
Began 344.482 593 246 0.404514 0.02604167
Stationary 344.5193 593 246 0.404514 0.02604167
Stationary 344.544 593 246 0.404514 0.02604167
Stationary 344.57 593 246 0.404514 0.02604167
Stationary 344.5952 593 246 0.404514 0.02604167
Stationary 344.6195 593 246 0.404514 0.02604167
Stationary 344.6428 593 246 0.404514 0.02604167
Stationary 344.6708 593 246 0.404514 0.02604167
Stationary 344.6966 593 246 0.404514 0.02604167
Stationary 344.7233 593 246 0.404514 0.02604167
Stationary 344.7473 593 246 0.404514 0.02604167
Moved 344.7727 570.7574 246 0.3658983 0.02604167
Moved 344.7994 541.3491 246 0.3148421 0.02604167
Moved 344.8252 528.276 246 0.2921458 0.02604167
Moved 344.8519 488.1776 235.8904 0.2225305 -0.01783676
Moved 344.88 447.4194 234.1014 0.1517698 -0.02560139
Moved 344.9066 401.4442 234 0.07195183 -0.02604154
Moved 344.9355 380.8224 234 0.03614999 -0.02604154
Moved 344.9778 309.6812 244 -0.08735911 0.01736111
Moved 345.0045 276.1298 246.9891 -0.145608 0.03033493
Moved 345.0293 258.915 247 -0.1754948 0.03038208
Moved 345.0542 234.7453 250.9254 -0.217456 0.04741934
Moved 345.0796 217.0102 252 -0.2482462 0.05208334
Moved 345.1101 201.292 252 -0.2755348 0.05208334
Moved 345.1356 193.4974 252 -0.2890671 0.05208334
Moved 345.1608 178.7415 252 -0.3146849 0.05208334
Moved 345.1872 166.8913 252 -0.3352582 0.05208334
Moved 345.2117 163.0844 252 -0.3418674 0.05208334
Moved 345.2508 152.4737 253 -0.3602886 0.05642362
Moved 345.2756 148.2171 254 -0.3676787 0.06076403
Moved 345.2997 146.7845 255.2155 -0.3701657 0.0660393
Moved 345.3282 141.9135 256 -0.3786224 0.06944445
Moved 345.3522 140.4784 256 -0.3811139 0.06944445
Moved 345.3761 138.9601 256 -0.3837498 0.06944445
Moved 345.4008 136.0431 256.9569 -0.3888141 0.0735977
Stationary 345.4254 136 257 -0.3888889 0.07378473
Moved 345.4501 133.7443 257 -0.392805 0.07378473
Moved 345.4742 133 257 -0.3940972 0.07378473
Moved 345.5134 131.9005 257 -0.396006 0.07378473
Stationary 345.5418 132 257 -0.3958333 0.07378473
Stationary 345.5657 132 257 -0.3958333 0.07378473
Stationary 345.5897 132 257 -0.3958333 0.07378473
Stationary 345.6193 132 257 -0.3958333 0.07378473
Moved 345.6426 132 246.6589 -0.3958333 0.02890163
Moved 345.668 137.2043 235.7473 -0.3867981 -0.01845797
Moved 345.6934 146 224 -0.3715278 -0.06944432
Moved 345.7195 150.2654 217.8365 -0.3641226 -0.09619568
Moved 345.7485 156.9799 205.5302 -0.3524655 -0.1496086
Moved 345.7906 163.8109 191.5673 -0.3406061 -0.2102116
Moved 345.8181 167.2438 185.5125 -0.3346462 -0.236491
Moved 345.8435 170.5209 181.4791 -0.3289568 -0.2539969
Moved 345.8701 174.6301 174.7397 -0.3218227 -0.2832474
Moved 345.8961 178.4997 169.0005 -0.3151046 -0.3081576
Moved 345.9224 180.0559 165.8882 -0.3124029 -0.3216659
Moved 345.9469 181.5 164.5 -0.3098958 -0.327691
Moved 345.9768 183.3702 160.6298 -0.306649 -0.3444888
Moved 346.0044 184.242 157.7581 -0.3051355 -0.3569528
Moved 346.0297 185 155.17 -0.3038194 -0.3681855
Moved 346.0683 186 153.3505 -0.3020833 -0.3760831
Moved 346.1034 187 151.5 -0.3003472 -0.3841146
Moved 346.1289 191.7912 149.6044 -0.2920292 -0.3923422
Moved 346.1557 202.5811 150 -0.2732968 -0.3906249
Moved 346.1795 209.6707 150 -0.2609883 -0.3906249
Moved 346.2098 231.2384 162.8256 -0.2235445 -0.3349585
Moved 346.2359 260.7264 182.5812 -0.17235 -0.2492137
Moved 346.2606 278.9242 194.6931 -0.1407566 -0.1966445
Moved 346.285 288.2592 202.2159 -0.1245501 -0.1639932
Moved 346.3123 307.5269 215.8108 -0.09109911 -0.1049879
Moved 346.3527 333.1249 235.6749 -0.04665814 -0.01877189
Moved 346.3783 335.6663 238.6663 -0.04224606 -0.005788671
Moved 346.4041 342.3174 244.3174 -0.03069893 0.01873864
Moved 346.4349 346.0568 249.0568 -0.02420701 0.03930887
Moved 346.4606 349.9034 251.9034 -0.0175288 0.05166438
Moved 346.4852 352.0486 254.0486 -0.01380447 0.06097476
Moved 346.5117 354.9037 255.9037 -0.008847751 0.06902656
Moved 346.5382 357.5591 257.7796 -0.004237592 0.07716855
Moved 346.5631 359.208 259.2079 -0.001375042 0.08336783
Moved 346.5885 361.8131 261 0.003147796 0.09114584
Moved 346.6301 364 264 0.006944462 0.1041668
Moved 346.6588 365 265.4811 0.008680523 0.1105952
Moved 346.6829 366 267.3507 0.01041666 0.1187097
Moved 346.7068 367 270.7092 0.01215279 0.1332866
Moved 346.7349 368.2873 273.5746 0.01438767 0.145723
Moved 346.7588 369 277.1649 0.01562499 0.1613062
Moved 346.7833 370 281.0359 0.01736112 0.1781072
Moved 346.8085 370 283.9277 0.01736112 0.1906583
Moved 346.8327 371 286.0153 0.01909725 0.199719
Moved 346.8607 372.5 288.5 0.02170138 0.2105034
Moved 346.8996 372 290.7443 0.02083331 0.2202442
Moved 346.9242 372 292.1214 0.02083331 0.2262214
Stationary 346.9476 372 292.1214 0.02083331 0.2262214
Moved 346.9718 372 294.2943 0.02083331 0.2356521
Moved 346.9968 372 295.0109 0.02083331 0.2387626
Moved 347.0214 373 296.8928 0.02256945 0.2469307
Moved 347.0459 373 298.022 0.02256945 0.2518318
Moved 347.0735 373 299.3734 0.02256945 0.257697
Moved 347.1005 373 300.1672 0.02256945 0.2611423
Moved 347.1261 373 301 0.02256945 0.2647568
Moved 347.1658 374.1823 302 0.02462193 0.2690972
Moved 347.191 374 303 0.02430558 0.2734375
Stationary 347.2156 374 303 0.02430558 0.2734375
Ended 347.2389 374 303 0.02430558 0.2734375
Began 347.7787 239 233 -0.2100695 -0.03038195
Stationary 347.8115 239 233 -0.2100695 -0.03038195
Stationary 347.8376 239 233 -0.2100695 -0.03038195
Stationary 347.865 239 233 -0.2100695 -0.03038195
Stationary 347.8891 239 233 -0.2100695 -0.03038195
Stationary 347.9139 239 233 -0.2100695 -0.03038195
Stationary 347.9454 239 233 -0.2100695 -0.03038195
Stationary 347.9711 239 233 -0.2100695 -0.03038195
Stationary 347.9951 239 233 -0.2100695 -0.03038195
Stationary 348.0244 239 233 -0.2100695 -0.03038195
Stationary 348.0491 239 233 -0.2100695 -0.03038195
Stationary 348.0745 239 233 -0.2100695 -0.03038195
Moved 348.1088 252 233 -0.1875 -0.03038195
Moved 348.1347 258.1032 233 -0.1769041 -0.03038195
Moved 348.1651 275.8048 233 -0.1461723 -0.03038195
Moved 348.1911 304.7537 237.9845 -0.09591368 -0.008747843
Moved 348.218 338.6848 250.2777 -0.03700562 0.04460812
Moved 348.2489 375.427 259.8237 0.0267829 0.08604037
Moved 348.2787 409.2946 265.5081 0.0855808 0.1107123
Moved 348.3041 423.8043 268.3608 0.1107714 0.1230939
Moved 348.3296 448.3509 270 0.153387 0.1302083
Moved 348.358 470.5 272.5 0.1918403 0.141059
Moved 348.3999 492.213 273 0.2295365 0.1432292
Moved 348.4272 509.2338 275.2056 0.2590864 0.1528022
Moved 348.4573 522.9474 276.7895 0.2828949 0.1596766
Moved 348.4821 537.8883 280.5776 0.3088339 0.1761181
Moved 348.5096 549.8033 286.9017 0.3295196 0.2035663
Moved 348.5356 554.6601 288.7734 0.3379516 0.21169
Moved 348.5638 561.5 291.5 0.3498264 0.2235245
Moved 348.591 567.6072 296.6072 0.3604292 0.2456912
Moved 348.6166 571.1766 298.1766 0.366626 0.2525025
Moved 348.6476 575.0552 300.0552 0.3733597 0.2606562
Moved 348.6888 577.5627 301.5627 0.377713 0.2671993
Moved 348.715 579 303.4183 0.3802084 0.2752534
Moved 348.7402 580.5 303 0.3828125 0.2734375
Moved 348.7647 580 304.2422 0.3819445 0.2788292
Stationary 348.7899 580 304.2422 0.3819445 0.2788292
Stationary 348.8146 580 304 0.3819445 0.2777779
Moved 348.8441 566.3253 305 0.3582036 0.2821182
Moved 348.8698 544.6661 305 0.3206008 0.2821182
Moved 348.8961 522.8528 294.9579 0.2827305 0.2385329
Moved 348.9214 506.8643 289.1325 0.2549728 0.2132488
Moved 348.9615 465.672 279.4777 0.1834583 0.1713443
Moved 348.9868 441.959 272.7397 0.1422899 0.1420996
Moved 349.0117 432.7861 269.6698 0.1263648 0.1287753
Moved 349.0405 408.999 263.8569 0.08506775 0.1035456
Moved 349.0653 387.9024 255.6725 0.0484416 0.06802294
Moved 349.0895 380.7538 253.377 0.03603094 0.05805983
Moved 349.1142 364.1044 248.3304 0.007125662 0.03615645
Moved 349.1406 347.587 243.4348 -0.0215504 0.01490818
Moved 349.1676 341.8414 241.2805 -0.03152531 0.005557803
Moved 349.1928 331.2296 237.4099 -0.0499487 -0.0112417
Moved 349.2375 320.9135 234.4568 -0.06785859 -0.02405909
Moved 349.2633 315.1705 233 -0.07782896 -0.03038195
Moved 349.2892 314.1553 232 -0.07959143 -0.03472222
Moved 349.3154 311.2784 231 -0.08458614 -0.0390625
Ended 349.341 309.7751 230 -0.08719608 -0.04340265
PhraseEnd 350.9615
