the force is with you
Basic
0.4 0.4
288 115.2
Began 964.2833 342 287 -0.06250002 0.4079864
Stationary 964.3405 342 287 -0.06250002 0.4079864
Stationary 964.3878 342 287 -0.06250002 0.4079864
Stationary 964.4347 342 287 -0.06250002 0.4079864
Stationary 964.4837 342 287 -0.06250002 0.4079864
Stationary 964.5331 342 287 -0.06250002 0.4079864
Stationary 964.5798 342 287 -0.06250002 0.4079864
Stationary 964.6257 342 287 -0.06250002 0.4079864
Moved 964.6765 352.8193 276.1807 -0.02493307 0.3140691
Moved 964.731 362.3707 268.6293 0.00823155 0.2485188
Moved 964.7817 375.6339 259.3661 0.05428419 0.168109
Moved 964.8306 387.6984 249.3016 0.09617507 0.08074364
Moved 964.8773 394.8204 242.3593 0.1209041 0.02047963
Moved 964.9239 399.1222 239 0.1358408 -0.008680291
Moved 964.9748 400 236.8542 0.138889 -0.02730661
Stationary 965.0238 400 237 0.138889 -0.0260414
Moved 965.0981 373.138 251.2874 0.04561812 0.09798051
Moved 965.1462 354.2514 260.8743 -0.0199604 0.1812008
Moved 965.1943 340.3579 267.7614 -0.06820157 0.240984
Moved 965.2438 329.4661 272.178 -0.1060206 0.2793227
Moved 965.2967 323 275 -0.1284722 0.3038195
Moved 965.347 319.0851 276 -0.1420654 0.3124998
Moved 965.3967 316.088 277 -0.1524722 0.3211806
Moved 965.448 312.3772 278.6229 -0.1653571 0.3352679
Moved 965.4996 309.3315 279 -0.1759323 0.338542
Moved 965.5469 306.1418 280 -0.1870077 0.3472225
Moved 965.621 299.2958 281 -0.2107786 0.3559028
Moved 965.668 295.5 282.5 -0.2239584 0.3689236
Moved 965.7147 292.687 282 -0.2337257 0.3645834
Moved 965.7615 291.683 282 -0.2372118 0.3645834
Moved 965.8098 290.9755 282 -0.2396684 0.3645834
Ended 965.8565 291 282 -0.2395833 0.3645834
Began 966.2682 346 233 -0.04861109 -0.0607639
Stationary 966.3221 346 233 -0.04861109 -0.0607639
Stationary 966.3673 346 233 -0.04861109 -0.0607639
Stationary 966.4128 346 233 -0.04861109 -0.0607639
Stationary 966.4587 346 233 -0.04861109 -0.0607639
Stationary 966.5046 346 233 -0.04861109 -0.0607639
Moved 966.5522 355.1836 233 -0.01672372 -0.0607639
Moved 966.6005 369.6112 248.7084 0.03337235 0.07559353
Moved 966.6498 388.6624 265.4968 0.09952232 0.2213266
Moved 966.6988 404.8807 279.8807 0.1558357 0.3461865
Moved 966.7578 425.5804 295.5804 0.2277099 0.4824692
Moved 966.8156 438.5 302 0.2725695 0.5381945
Moved 966.8747 445.2175 306.6088 0.2958941 0.5782014
Moved 966.9258 449.1733 309.1733 0.3096296 0.6004628
Moved 966.9781 450.2239 309 0.3132774 0.5989587
Moved 967.0304 450 310 0.3125 0.607639
Moved 967.0865 439.0229 310 0.2743849 0.607639
Moved 967.1351 416.8407 310 0.1973635 0.607639
Moved 967.1836 382.4935 303 0.07810251 0.5468751
Moved 967.2323 360.9598 301 0.003332645 0.5295137
Moved 967.3094 331.4959 297.1653 -0.09897262 0.4962267
Moved 967.364 320.6037 294.8679 -0.1367928 0.4762836
Moved 967.4177 311.4276 294 -0.1686543 0.4687501
Moved 967.4673 307.1252 293 -0.1835929 0.4600695
Moved 967.517 305 292.1533 -0.1909722 0.4527198
Moved 967.5735 303 290.5 -0.1979167 0.4383681
Moved 967.6215 303 289.8766 -0.1979167 0.4329571
Moved 967.6701 303 289 -0.1979167 0.4253475
Moved 967.7211 303 284.7396 -0.1979167 0.3883648
Moved 967.7712 303 278 -0.1979167 0.3298611
Moved 967.8469 315.7473 257.5053 -0.153655 0.1519558
Moved 967.8945 319 242.6533 -0.1423611 0.0230323
Moved 967.9479 321 229.9845 -0.1354167 -0.08693987
Moved 967.9991 321 215.2035 -0.1354167 -0.2152475
Moved 968.0483 322 209.7235 -0.1319444 -0.2628168
Moved 968.0991 323 202.3247 -0.1284722 -0.3270425
Moved 968.1467 323 198.0193 -0.1284722 -0.3644157
Moved 968.1973 323 196 -0.1284722 -0.3819445
Moved 968.2483 323 195 -0.1284722 -0.390625
Stationary 968.2973 323 195 -0.1284722 -0.390625
Moved 968.384 310.2489 214.3778 -0.172747 -0.2224146
Moved 968.4368 303.6046 233.7908 -0.1958173 -0.0538993
Moved 968.4843 298.5052 249.4844 -0.2135236 0.08232965
Moved 968.5331 294.5 262 -0.2274306 0.1909725
Moved 968.5839 290.7626 271.4747 -0.2404075 0.2732182
Moved 968.6338 290 275.2097 -0.2430555 0.3056402
Moved 968.6862 289 277.0773 -0.2465278 0.3218518
Moved 968.7342 287.8656 278 -0.2504666 0.3298611
Moved 968.7825 288 281.0601 -0.25 0.3564247
Moved 968.8303 287 282.5 -0.2534723 0.3689236
Ended 968.9061 287 283 -0.2534723 0.3732639
Began 969.3412 431 285 0.2465278 0.390625
Stationary 969.397 431 285 0.2465278 0.390625
Stationary 969.4439 431 285 0.2465278 0.390625
Stationary 969.4912 431 285 0.2465278 0.390625
Stationary 969.5384 431 285 0.2465278 0.390625
Stationary 969.5864 431 285 0.2465278 0.390625
Stationary 969.6349 431 285 0.2465278 0.390625
Moved 969.6942 421 274.4362 0.2118056 0.298925
Moved 969.7465 416.2847 271.1423 0.1954331 0.2703328
Moved 969.7972 401.0534 265.7634 0.1425466 0.2236404
Moved 969.8481 379.8456 263.4614 0.06890834 0.2036582
Moved 969.897 360.5 263 0.001736134 0.1996528
Moved 969.9501 339.5153 260.7576 -0.0711275 0.180188
Moved 969.9979 327.5 258.5 -0.1128472 0.1605903
Moved 970.0694 313.1618 254 -0.1626326 0.1215281
Moved 970.1212 301.4523 248.7261 -0.2032907 0.07574745
Moved 970.1729 293.688 246 -0.2302501 0.05208334
Moved 970.2263 287.0774 243.0387 -0.2532034 0.02637758
Moved 970.2764 281.6316 241 -0.2721124 0.008680556
Moved 970.326 278.3332 239 -0.2835655 -0.008680291
Moved 970.3762 276.3938 237 -0.2902993 -0.0260414
Moved 970.4263 272.822 235 -0.3027015 -0.04340278
Moved 970.4754 270.8334 232.8335 -0.3096061 -0.06220924
Moved 970.5258 268.5 232 -0.3177083 -0.06944445
Moved 970.6033 266.8492 231 -0.3234402 -0.07812501
Ended 970.6516 267 231 -0.3229167 -0.07812501
Began 971.0637 249 261 -0.3854167 0.1822917
Stationary 971.1214 249 261 -0.3854167 0.1822917
Stationary 971.1704 249 261 -0.3854167 0.1822917
Stationary 971.2197 249 261 -0.3854167 0.1822917
Stationary 971.2698 249 261 -0.3854167 0.1822917
Moved 971.3221 263.5116 261 -0.3350291 0.1822917
Moved 971.3734 279.2465 261 -0.2803943 0.1822917
Moved 971.4264 299.6411 261 -0.2095795 0.1822917
Moved 971.4758 322.1094 261 -0.1315646 0.1822917
Moved 971.5253 343.1647 261 -0.05845592 0.1822917
Moved 971.582 372.7255 272 0.04418582 0.2777781
Moved 971.6349 386.3011 274 0.09132311 0.2951392
Moved 971.6824 396.1516 275 0.1255265 0.3038195
Moved 971.7289 403.3599 275 0.1505552 0.3038195
Moved 971.7756 407.3733 275 0.1644906 0.3038195
Moved 971.8218 411.6676 275 0.1794014 0.3038195
Moved 971.8928 415.0318 275 0.1910825 0.3038195
Moved 971.9471 417.2499 275 0.1987845 0.3038195
Stationary 971.9976 417 275 0.1979166 0.3038195
Moved 972.0471 400.2914 278.4514 0.1399006 0.3337799
Moved 972.101 377.3767 282 0.0603357 0.3645834
Moved 972.1552 341.1014 287.1797 -0.06562003 0.4095459
Moved 972.2073 328.6145 288.1285 -0.1089776 0.417782
Moved 972.2598 318.1385 288.8615 -0.1453526 0.4241451
Moved 972.3094 315.1372 289 -0.1557736 0.4253475
Moved 972.3602 313.751 289 -0.1605867 0.4253475
Stationary 972.436 314 289 -0.1597222 0.4253475
Moved 972.4841 323.1463 289 -0.1279643 0.4253475
Moved 972.5342 337.0036 275.6642 -0.07984847 0.3095858
Moved 972.5857 351.8926 269.0358 -0.02815053 0.2520466
Moved 972.6412 368.1236 261.6255 0.02820686 0.1877213
Moved 972.6919 378.34 254.66 0.06368071 0.1272573
Moved 972.7424 386.6247 249.3752 0.09244695 0.08138233
Moved 972.7921 391.927 246 0.1108578 0.05208334
Moved 972.8421 395.2763 243 0.1224872 0.02604167
Ended 972.8956 395 242 0.1215278 0.01736138
Began 973.4454 352 298 -0.02777778 0.5034723
Stationary 973.5048 352 298 -0.02777778 0.5034723
Stationary 973.553 352 298 -0.02777778 0.5034723
Moved 973.6044 363.4996 298 0.01215145 0.5034723
Moved 973.6546 376.4338 290 0.05706176 0.4340278
Moved 973.7081 386.8378 286.0811 0.09318695 0.4000092
Moved 973.7569 396.4421 284 0.126535 0.3819447
Moved 973.8049 408.5804 281 0.1686819 0.3559028
Moved 973.8544 433.769 278.0577 0.2561424 0.3303626
Moved 973.9129 449.5521 278 0.3109448 0.3298611
Moved 973.9653 465.2322 278 0.3653896 0.3298611
Moved 974.0155 471.2354 278 0.3862341 0.3298611
Moved 974.0656 474.3734 278 0.39713 0.3298611
Moved 974.1158 475 278 0.3993056 0.3298611
Stationary 974.1655 475 278 0.3993056 0.3298611
Stationary 974.2132 475 278 0.3993056 0.3298611
Moved 974.2618 456.3802 278 0.3346536 0.3298611
Moved 974.3109 441.2883 278 0.2822509 0.3298611
Moved 974.3624 423.2391 278 0.2195801 0.3298611
Moved 974.4421 405.1071 278 0.1566218 0.3298611
Moved 974.4904 394.5867 277 0.1200926 0.3211806
Moved 974.5388 385.9835 276 0.09022057 0.3124998
Moved 974.5866 380.997 275 0.07290632 0.3038195
Ended 974.6382 377 275 0.05902782 0.3038195
PhraseEnd 976.5089
