do not say anything
Basic
0.8 0.8
575.9999 435.2
Began 2225.665 271 353 -0.1545139 -0.03446691
Stationary 2225.741 271 353 -0.1545139 -0.03446691
Stationary 2225.824 271 353 -0.1545139 -0.03446691
Moved 2225.904 260.6275 353 -0.1725217 -0.03446691
Moved 2225.978 260 353 -0.1736111 -0.03446691
Moved 2226.052 309.5562 384.3438 -0.08757596 0.03755461
Moved 2226.127 368.7096 413.8548 0.01512088 0.1053649
Moved 2226.202 437.3257 442.1628 0.1342461 0.170411
Moved 2226.277 472.5848 459.2924 0.1954597 0.2097712
Moved 2226.35 498.6982 471.8491 0.2407956 0.238624
Moved 2226.423 520.0444 478.0148 0.2778548 0.2527913
Moved 2226.494 535.2984 483.4328 0.3043375 0.2652409
Moved 2226.567 547.3981 487.1991 0.325344 0.273895
Moved 2226.638 556 491 0.3402778 0.2826287
Moved 2226.709 561.8031 496.8031 0.3503526 0.295963
Moved 2226.782 567 501 0.359375 0.3056066
Moved 2226.854 569 503.3839 0.3628472 0.3110844
Ended 2226.963 569 503 0.3628472 0.3102022
Began 2227.642 409 212 0.08506946 -0.3584559
Stationary 2227.722 409 212 0.08506946 -0.3584559
Moved 2227.795 409 224.4698 0.08506946 -0.3298028
Moved 2227.87 409 239.9137 0.08506946 -0.294316
Moved 2227.941 409 256.8649 0.08506946 -0.2553657
Moved 2228.014 425.837 284.3718 0.1143003 -0.1921605
Moved 2228.09 463.6506 318.0422 0.179949 -0.1147927
Moved 2228.171 506.352 355.3521 0.2540834 -0.02906239
Moved 2228.249 533.4486 395.4143 0.3011261 0.06299244
Moved 2228.327 547.7758 426.3273 0.3259996 0.1340242
Moved 2228.413 554 449.905 0.3368056 0.1882009
Moved 2228.489 557 473.0195 0.3420139 0.2413132
Moved 2228.584 561 500.8141 0.3489583 0.3051795
Moved 2228.665 562 516.4919 0.3506944 0.3412038
Moved 2228.741 562 524.9116 0.3506944 0.3605506
Moved 2228.815 551.8543 527 0.3330804 0.3653493
Moved 2228.896 529.2159 527 0.2937776 0.3653493
Moved 2228.973 487.0025 517.1432 0.2204904 0.3427004
Moved 2229.048 457.8857 515.8245 0.1699404 0.3396702
Moved 2229.126 415.114 511 0.09568393 0.3285846
Moved 2229.241 373.1566 510 0.02284124 0.3262868
Moved 2229.325 355.5048 510 -0.007804185 0.3262868
Moved 2229.404 336.7128 510 -0.04042916 0.3262868
Moved 2229.481 320.5908 510 -0.06841883 0.3262868
Moved 2229.559 312.5 520.5 -0.08246525 0.3504136
Ended 2229.639 313 519.0958 -0.08159724 0.3471872
Began 2230.456 274 372 -0.1493056 0.009191248
Stationary 2230.549 274 372 -0.1493056 0.009191248
Stationary 2230.622 274 372 -0.1493056 0.009191248
Moved 2230.7 258.343 372 -0.1764878 0.009191248
Moved 2230.775 246.3475 372 -0.1973134 0.009191248
Moved 2230.849 232.6109 379 -0.2211616 0.02527581
Moved 2230.923 217.7087 382 -0.2470335 0.03216912
Moved 2230.999 202.4997 385 -0.273438 0.0390625
Moved 2231.078 183.8344 390 -0.305843 0.05055147
Moved 2231.152 162.3116 395.8961 -0.3432091 0.06409951
Moved 2231.227 151.039 401 -0.3627795 0.07582718
Moved 2231.302 147.6612 403 -0.3686438 0.0804228
Moved 2231.374 196.4353 427.2672 -0.2839665 0.1361839
Moved 2231.446 259.9892 452.7819 -0.1736298 0.1948113
Moved 2231.519 319.5541 467.3885 -0.07021856 0.2283744
Moved 2231.593 367.8684 472 0.01366042 0.2389706
Moved 2231.667 406.1504 473 0.08012213 0.2412684
Moved 2231.782 436.4752 473 0.1327694 0.2412684
Moved 2231.857 446.5472 473 0.1502556 0.2412684
Moved 2231.931 451.4161 473 0.1587086 0.2412684
Moved 2232.007 452 473 0.1597222 0.2412684
Ended 2232.088 452 473 0.1597222 0.2412684
Began 2233.026 145 426 -0.3732639 0.1332721
Stationary 2233.113 145 426 -0.3732639 0.1332721
Stationary 2233.189 145 426 -0.3732639 0.1332721
Moved 2233.266 156.9583 426 -0.3525031 0.1332721
Moved 2233.342 185.1066 410.4467 -0.3036345 0.09753378
Moved 2233.418 259.3345 369.8882 -0.1747666 0.004338798
Moved 2233.493 324.4965 325.1448 -0.06163798 -0.09847228
Moved 2233.573 368.8571 294.2571 0.01537696 -0.169446
Moved 2233.651 395.2898 277.8068 0.06126709 -0.2072454
Moved 2233.734 413.757 267.243 0.09332813 -0.231519
Moved 2233.808 430.3524 258.4318 0.1221395 -0.2517653
Moved 2233.882 446.7708 253.1146 0.1506437 -0.263983
Moved 2233.956 460.4076 252 0.1743187 -0.2665441
Moved 2234.033 468.4364 252 0.1882577 -0.2665441
Moved 2234.108 471 285.5842 0.1927083 -0.1893746
Moved 2234.181 461.8886 317.4456 0.1768899 -0.1161636
Moved 2234.253 455.0659 351.6707 0.1650449 -0.03752127
Moved 2234.324 454 386.3517 0.1631945 0.04216847
Moved 2234.395 454 408.9692 0.1631945 0.09413888
Moved 2234.506 454 451.6245 0.1631945 0.1921518
Moved 2234.589 451.6528 476.0416 0.1591194 0.2482575
Moved 2234.669 444.3814 495.6185 0.1464956 0.2932411
Moved 2234.747 432.1193 507.8807 0.1252071 0.321417
Moved 2234.827 414.43 517.285 0.09449646 0.3430263
Moved 2234.904 379.8349 530.2913 0.03443554 0.3729119
Moved 2234.984 346.706 541.5735 -0.02307989 0.3988362
Moved 2235.063 332.2313 543 -0.04820951 0.402114
Moved 2235.137 323.8168 544 -0.06281812 0.4044119
Moved 2235.211 319.022 544 -0.07114235 0.4044119
Moved 2235.324 316 533.7905 -0.0763889 0.3809524
Moved 2235.404 325.8477 512.2284 -0.05929217 0.3314072
Moved 2235.484 340.2624 488.9835 -0.03426675 0.2779953
Moved 2235.563 354.8426 465.2361 -0.008953773 0.2234285
Moved 2235.64 368.4503 441.5497 0.01467064 0.169002
Moved 2235.724 380.0189 419.9622 0.03475502 0.1193985
Moved 2235.8 387.8723 402.3831 0.04838944 0.07900519
Moved 2235.876 395.9962 388.0075 0.06249346 0.04597314
Moved 2235.952 403.7859 377.2141 0.07601716 0.0211722
Moved 2236.03 410.6295 370.3705 0.08789845 0.005447093
Moved 2236.155 431.1749 391.0748 0.1235676 0.05302124
Moved 2236.234 446.7754 432.3262 0.1506517 0.1478083
Moved 2236.311 455.7591 460.0363 0.1662484 0.2114805
Moved 2236.39 466.5789 482.1579 0.1850329 0.2623114
Moved 2236.469 479.5 501 0.2074653 0.3056066
Moved 2236.548 492.5522 514.5522 0.2301254 0.3367469
Moved 2236.627 502.8205 520 0.2479523 0.3492647
Moved 2236.703 507.2699 521 0.255677 0.3515625
Moved 2236.785 508 502.7789 0.2569445 0.3096943
Moved 2236.875 499.904 454.5198 0.2428889 0.1988048
Moved 2236.988 493.2016 403.8065 0.2312529 0.08227587
Moved 2237.069 486.4148 374.6593 0.2194702 0.01530171
Moved 2237.145 479.6771 349.7086 0.2077728 -0.04202997
Moved 2237.223 476.4208 329.2623 0.2021194 -0.08901127
Moved 2237.303 473 305.3701 0.1961806 -0.1439107
Moved 2237.378 471 289.986 0.1927083 -0.1792602
Moved 2237.452 468.6023 279.6022 0.1885456 -0.2031198
Moved 2237.526 466 264.3381 0.1840278 -0.2381936
Moved 2237.602 462 252.9789 0.1770833 -0.2642948
Moved 2237.676 457.8307 246.8307 0.1698451 -0.2784221
Moved 2237.792 453.626 241.6261 0.1625452 -0.2903812
Moved 2237.869 443.9142 242 0.1456843 -0.289522
Moved 2237.948 395.0769 309.8791 0.06089748 -0.13355
Moved 2238.029 369.5389 370.2037 0.01656063 0.00506359
Moved 2238.109 359.0289 400.9132 -0.00168588 0.07562774
Moved 2238.186 355 412.5 -0.00868056 0.1022518
Moved 2238.271 355 416 -0.00868056 0.1102941
Ended 2238.347 355 416 -0.00868056 0.1102941
PhraseEnd 2242.222
