a problem with the engine
Basic
0.4 0.4
288 217.6
Began 1608.792 198 384 -0.5625 0.07352956
Stationary 1608.855 198 384 -0.5625 0.07352956
Stationary 1608.908 198 384 -0.5625 0.07352956
Ended 1608.964 198 384 -0.5625 0.07352956
Backspace 1617.931
Began 1618.546 281 376 -0.2743056 0.03676457
Stationary 1618.609 281 376 -0.2743056 0.03676457
Stationary 1618.667 281 376 -0.2743056 0.03676457
Ended 1618.724 281 376 -0.2743056 0.03676457
Began 1619.5 537 487 0.6145833 0.5468751
Stationary 1619.564 537 487 0.6145833 0.5468751
Stationary 1619.622 537 487 0.6145833 0.5468751
Moved 1619.679 511.4886 487 0.5260019 0.5468751
Moved 1619.735 485.5348 487 0.4358846 0.5468751
Moved 1619.791 457.6745 487 0.3391477 0.5468751
Moved 1619.845 442.4968 487 0.2864473 0.5468751
Moved 1619.898 426.8222 487 0.2320217 0.5468751
Moved 1619.953 419.3543 487 0.2060914 0.5468751
Moved 1620.007 408.4482 487 0.1682231 0.5468751
Moved 1620.063 400.8499 479.4746 0.1418398 0.5122914
Moved 1620.117 388.317 475.1585 0.09832294 0.4924564
Moved 1620.175 377.4732 469.7366 0.06067098 0.4675398
Moved 1620.231 369.8704 463.4352 0.03427238 0.4385812
Moved 1620.308 363 457.6149 0.01041666 0.4118334
Moved 1620.361 356.8653 450.8653 -0.01088448 0.3808148
Moved 1620.415 352.865 445.865 -0.02477437 0.3578355
Moved 1620.469 349.1335 443 -0.03773094 0.3446691
Moved 1620.524 346.1677 440.1677 -0.04802898 0.3316529
Moved 1620.578 342.8665 437.8666 -0.05949118 0.3210781
Moved 1620.632 339 435.0546 -0.07291667 0.3081555
Moved 1620.685 337 434 -0.07986113 0.3033089
Moved 1620.737 337 431.7827 -0.07986113 0.2931191
Moved 1620.789 348.786 429 -0.03893733 0.280331
Moved 1620.877 382.9333 423.2667 0.07962942 0.2539829
Moved 1620.933 404.4806 422 0.1544465 0.2481619
Moved 1620.993 421.7895 422 0.2145468 0.2481619
Moved 1621.05 434.5091 422 0.2587122 0.2481619
Moved 1621.108 445.1563 422 0.2956815 0.2481619
Moved 1621.167 451.0104 422 0.3160085 0.2481619
Moved 1621.227 455.7512 422 0.3324694 0.2481619
Moved 1621.285 458.0734 422 0.3405327 0.2481619
Moved 1621.344 459.4742 422 0.3453967 0.2481619
Stationary 1621.4 459 422 0.34375 0.2481619
Moved 1621.487 459 411.7444 0.34375 0.2010312
Moved 1621.548 435.2583 388.3445 0.2613136 0.09349501
Moved 1621.607 421.2783 366.0377 0.2127719 -0.009017833
Moved 1621.665 407.912 339.8239 0.166361 -0.1294857
Moved 1621.724 399.2006 321.8009 0.1361132 -0.2123119
Moved 1621.781 395 308.585 0.1215278 -0.2730469
Moved 1621.839 391.8844 299.7687 0.1107097 -0.3135627
Moved 1621.899 390 292.2705 0.1041667 -0.3480216
Moved 1621.957 388 286.7607 0.09722218 -0.3733425
Moved 1622.014 387 282.4615 0.09375007 -0.3930995
Moved 1622.098 387 278.6266 0.09375007 -0.4107234
Stationary 1622.151 387 279 0.09375007 -0.4090073
Moved 1622.205 410.5 295.5 0.1753472 -0.3331802
Moved 1622.261 430.7715 313.8477 0.2457346 -0.2488615
Moved 1622.318 440.384 326.576 0.2791111 -0.1903677
Moved 1622.372 449.4113 341.4114 0.310456 -0.1221905
Moved 1622.426 452.9136 349.8272 0.3226167 -0.08351467
Moved 1622.481 456.5 358 0.3350694 -0.04595589
Moved 1622.538 458 365.0391 0.3402779 -0.01360683
Moved 1622.591 458 369.3465 0.3402779 0.006188084
Moved 1622.678 458 377.5 0.3402779 0.04365809
Moved 1622.747 448.9029 382 0.3086907 0.06433824
Moved 1622.802 427.092 387.7816 0.2329585 0.09090817
Moved 1622.862 398.2439 392.1512 0.1327913 0.1109893
Moved 1622.916 378.1684 397.4579 0.06308481 0.1353764
Moved 1622.969 356.3587 406.7609 -0.01264326 0.1781291
Moved 1623.024 340.2715 412.1821 -0.0685019 0.2030429
Moved 1623.078 325.8777 417.5612 -0.1184802 0.2277626
Moved 1623.131 320.1486 420.8514 -0.1383729 0.2428831
Moved 1623.184 314.8622 424.1378 -0.1567286 0.2579862
Moved 1623.269 310 427.0857 -0.1736111 0.2715335
Moved 1623.333 305.626 429.374 -0.1887985 0.2820495
Moved 1623.391 305 431.0501 -0.1909722 0.2897524
Stationary 1623.451 305 431 -0.1909722 0.289522
Moved 1623.511 334.2044 419.8978 -0.08956813 0.2385011
Moved 1623.573 361.5682 398.6591 0.005445183 0.1408965
Moved 1623.633 383.968 381.524 0.08322209 0.06215096
Moved 1623.689 402.6619 362.1175 0.1481316 -0.02703344
Moved 1623.746 411.4594 348.3109 0.1786783 -0.0904828
Moved 1623.809 422.9134 332.1299 0.2184494 -0.1648442
Moved 1623.896 433.2321 314.5358 0.2542782 -0.2456996
Moved 1623.954 438.6 304.4 0.2729169 -0.2922796
Moved 1624.011 442.3351 297.665 0.2858856 -0.3232308
Moved 1624.07 443.317 295 0.2892953 -0.335478
Ended 1624.131 443 294 0.2881944 -0.3400736
Began 1624.477 249 426 -0.3854167 0.2665441
Stationary 1624.554 249 426 -0.3854167 0.2665441
Stationary 1624.609 249 426 -0.3854167 0.2665441
Stationary 1624.662 249 426 -0.3854167 0.2665441
Moved 1624.715 259.5822 426 -0.3486731 0.2665441
Moved 1624.77 271.6355 426 -0.3068213 0.2665441
Moved 1624.827 285.8694 426 -0.257398 0.2665441
Moved 1624.881 306.1111 426 -0.1871143 0.2665441
Moved 1624.936 334.9018 426 -0.08714646 0.2665441
Moved 1624.99 354.6983 426 -0.01840867 0.2665441
Moved 1625.045 375.3185 426 0.0531891 0.2665441
Moved 1625.112 391.4098 426 0.1090617 0.2665441
Moved 1625.165 404.3603 426 0.1540288 0.2665441
Moved 1625.219 413.9597 426 0.18736 0.2665441
Moved 1625.273 424.8339 426 0.2251175 0.2665441
Moved 1625.331 431.2055 426 0.2472413 0.2665441
Moved 1625.386 436.1321 426 0.2643476 0.2665441
Moved 1625.441 439 426 0.2743055 0.2665441
Stationary 1625.493 439 426 0.2743055 0.2665441
Moved 1625.552 420.8505 426 0.2112866 0.2665441
Moved 1625.609 392.0548 426 0.1113014 0.2665441
Moved 1625.693 363 436.5 0.01041666 0.3147979
Moved 1625.749 347.0643 437 -0.0449156 0.3170957
Moved 1625.804 338.4399 438 -0.0748615 0.3216912
Moved 1625.859 331.2817 438 -0.09971626 0.3216912
Moved 1625.911 329 438 -0.1076389 0.3216912
Moved 1625.976 328 438 -0.1111111 0.3216912
Moved 1626.034 340.5259 427.316 -0.06761827 0.2725923
Moved 1626.095 356 409.5 -0.01388892 0.1907171
Moved 1626.151 371.8524 392.1475 0.04115433 0.1109722
Moved 1626.215 381.6595 381.3406 0.07520647 0.06130766
Moved 1626.306 393.906 366.188 0.117729 -0.00832698
Moved 1626.367 398 359.7334 0.1319444 -0.0379899
Moved 1626.422 400.2075 357.7925 0.1396093 -0.04690914
Moved 1626.476 400 356 0.138889 -0.05514707
Ended 1626.53 400 356 0.138889 -0.05514707
Began 1627.166 327 463 -0.1145833 0.4365809
Stationary 1627.235 327 463 -0.1145833 0.4365809
Stationary 1627.294 327 463 -0.1145833 0.4365809
Stationary 1627.349 327 463 -0.1145833 0.4365809
Stationary 1627.404 327 463 -0.1145833 0.4365809
Moved 1627.461 344.6013 439.7974 -0.05346768 0.3299512
Moved 1627.52 353.955 424.0674 -0.02098955 0.257663
Moved 1627.579 364 405 0.01388892 0.1700369
Moved 1627.649 375.279 388.5815 0.05305201 0.09458438
Moved 1627.717 387.9676 371.0974 0.09710953 0.01423401
Moved 1627.777 391 366 0.1076388 -0.009191178
Stationary 1627.844 391 366 0.1076388 -0.009191178
Moved 1627.9 364.9311 366 0.01712173 -0.009191178
Moved 1627.955 346.8939 378.7766 -0.04550733 0.04952459
Moved 1628.01 325 390.5 -0.1215278 0.1034007
Moved 1628.083 306.6548 407.6904 -0.1852264 0.1824006
Moved 1628.139 298 415 -0.2152778 0.2159927
Moved 1628.196 292.9274 420 -0.232891 0.2389706
Moved 1628.284 288.6655 427.3345 -0.2476894 0.272677
Moved 1628.344 289 430 -0.2465278 0.2849265
Moved 1628.399 289 433.0026 -0.2465278 0.298725
Moved 1628.457 289 434 -0.2465278 0.3033089
Ended 1628.511 289 434 -0.2465278 0.3033089
Began 1629.179 292 452 -0.2361111 0.3860295
Stationary 1629.25 292 452 -0.2361111 0.3860295
Stationary 1629.307 292 452 -0.2361111 0.3860295
Moved 1629.365 308.1953 440.5364 -0.1798774 0.3333476
Moved 1629.421 325.6151 426.5386 -0.1193918 0.2690195
Moved 1629.477 338.3684 415.0877 -0.07510961 0.2163957
Moved 1629.536 350.732 398.2681 -0.0321807 0.1390996
Moved 1629.596 362.1828 382.2259 0.007579029 0.06537634
Moved 1629.654 374.871 362.1719 0.05163551 -0.02678338
Moved 1629.712 382.2669 348.1993 0.07731573 -0.09099597
Moved 1629.77 390.3471 333.9793 0.1053721 -0.1563451
Moved 1629.828 399.7985 316.8022 0.1381893 -0.2352841
Moved 1629.891 405.7895 306.2105 0.1589912 -0.2839589
Moved 1629.947 410.5 297.5 0.1753472 -0.323989
Moved 1630.006 412 293 0.1805556 -0.3446691
Moved 1630.068 412 291.6276 0.1805556 -0.350976
Moved 1630.156 395.5 304 0.1232639 -0.2941175
Moved 1630.212 383.201 313.799 0.08055911 -0.2490853
Moved 1630.268 372.3585 322.6415 0.04291147 -0.208449
Moved 1630.323 366.3819 329.2361 0.02215952 -0.1781427
Moved 1630.382 358.6329 341.7342 -0.004746839 -0.1207067
Moved 1630.439 355 350.7373 -0.01736112 -0.07933225
Moved 1630.498 354 357.4663 -0.02083331 -0.04840837
Moved 1630.558 354 364.8019 -0.02083331 -0.01469725
Moved 1630.616 366.3828 372.3828 0.0221625 0.02014174
Moved 1630.676 378.7764 381.1843 0.06519587 0.0605896
Moved 1630.765 393.819 390.819 0.1174273 0.1048668
Moved 1630.82 402.5627 399.5627 0.147787 0.1450491
Moved 1630.878 406.5411 403 0.161601 0.1608456
Moved 1630.939 411 407.2753 0.1770833 0.1804933
Moved 1630.999 414.1162 409.1162 0.1879034 0.1889532
Moved 1631.057 417.2057 411 0.1986311 0.1976103
Moved 1631.113 419.8413 413 0.2077824 0.2068015
Moved 1631.176 424.1848 416.1848 0.222864 0.2214375
Moved 1631.233 430.9836 419.9836 0.246471 0.2388954
Moved 1631.288 435.8785 421.9393 0.2634672 0.2478827
Moved 1631.373 443.5062 424 0.2899522 0.257353
Moved 1631.427 446.5 424 0.3003472 0.257353
Moved 1631.481 451 425 0.3159723 0.2619486
Moved 1631.535 454.1881 426 0.3270419 0.2665441
Moved 1631.59 456.9186 426 0.3365229 0.2665441
Moved 1631.645 458.5 426 0.3420138 0.2665441
Moved 1631.703 459 414.3317 0.34375 0.2129213
Moved 1631.762 451.5428 385.5428 0.3178571 0.08061963
Moved 1631.824 441.3884 347.9709 0.2825985 -0.09204557
Moved 1631.883 434.8302 324.3208 0.2598271 -0.2007316
Moved 1631.97 428.5443 301.0886 0.2380011 -0.3074974
Moved 1632.027 426 295.2551 0.2291666 -0.3343055
Moved 1632.086 419.7427 293 0.2074398 -0.3446691
Moved 1632.142 402.4209 293 0.1472948 -0.3446691
Moved 1632.199 386.5439 304.728 0.09216652 -0.290772
Moved 1632.26 355.0447 325.5463 -0.01720585 -0.1950995
Moved 1632.322 320.0499 362.9418 -0.1387157 -0.02324525
Moved 1632.383 299.5186 395.9628 -0.2100049 0.1285057
Moved 1632.444 289.9034 414.2899 -0.243391 0.2127291
Moved 1632.507 284 427 -0.2638889 0.2711398
Moved 1632.597 276.8794 452.3619 -0.2886133 0.3876924
Moved 1632.655 276 459.5 -0.2916667 0.4204964
Moved 1632.717 275 464 -0.2951389 0.4411766
Moved 1632.774 275 466.3729 -0.2951389 0.4520812
Ended 1632.832 275 467 -0.2951389 0.4549633
PhraseEnd 1656.738
