question that must be answered
Basic
0.8 0.8
575.9999 435.2
Began 2272.244 65 496 -0.5121528 0.2941177
Stationary 2272.328 65 496 -0.5121528 0.2941177
Moved 2272.403 136.7946 496 -0.3875093 0.2941177
Moved 2272.479 240.8177 496 -0.2069136 0.2941177
Moved 2272.561 323.0631 496 -0.06412656 0.2941177
Moved 2272.641 389.3968 496 0.05103611 0.2941177
Moved 2272.719 427.3961 496 0.1170072 0.2941177
Moved 2272.797 455.2188 489 0.1653105 0.2780331
Moved 2272.883 477.6261 486 0.204212 0.2711397
Moved 2272.96 490.6352 485 0.2267973 0.268842
Moved 2273.036 493 485 0.2309028 0.268842
Moved 2273.117 482.6914 485 0.2130059 0.268842
Moved 2273.204 461.4778 485 0.1761767 0.268842
Moved 2273.28 438.2014 492 0.1357663 0.2849265
Moved 2273.355 411.0071 493.6643 0.0885541 0.2887508
Moved 2273.431 375.3415 495 0.02663456 0.2918199
Moved 2273.506 341.7474 495 -0.03168855 0.2918199
Moved 2273.624 308.0353 495 -0.09021648 0.2918199
Moved 2273.706 292.9693 495 -0.1163728 0.2918199
Moved 2273.786 277.6243 484.3121 -0.1430134 0.2672614
Moved 2273.864 260.5173 471.5173 -0.172713 0.2378614
Moved 2273.944 235.6016 447.8021 -0.2159695 0.1833689
Moved 2274.021 217.1055 427.4741 -0.2480807 0.1366592
Moved 2274.097 202.3915 402.5872 -0.2736259 0.07947432
Moved 2274.178 194.3882 383.1646 -0.2875205 0.03484516
Moved 2274.261 187.5547 361.664 -0.2993843 -0.01455875
Moved 2274.343 186 344.2194 -0.3020833 -0.05464302
Moved 2274.463 224 333 -0.2361111 -0.0804228
Moved 2274.544 293.2536 379.326 -0.1158792 0.02602479
Moved 2274.623 320.5429 423.0858 -0.0685019 0.1265759
Moved 2274.703 335.646 453.292 -0.04228127 0.1959835
Moved 2274.781 342.7997 466.7997 -0.02986166 0.2270214
Moved 2274.857 347.6348 475.6348 -0.02146743 0.2473226
Moved 2274.934 355.9046 484.9046 -0.007110015 0.2686227
Moved 2275.008 370.5 498 0.01822919 0.2987133
Moved 2275.088 391.442 509.9613 0.05458675 0.3261979
Moved 2275.161 410.975 518.325 0.0884983 0.3454159
Moved 2275.282 453.2446 527.4149 0.161883 0.3663025
Moved 2275.36 475.0593 527 0.1997558 0.3653493
Moved 2275.439 492.8567 527 0.230654 0.3653493
Moved 2275.519 509.7111 517.763 0.2599151 0.3441246
Moved 2275.599 521.2037 511.8981 0.2798675 0.3306483
Moved 2275.677 533.5311 507.7345 0.3012692 0.3210811
Moved 2275.751 544.0957 506 0.3196106 0.3170956
Moved 2275.832 551.8916 504 0.3331451 0.3125001
Moved 2275.909 555.3093 500.6907 0.3390786 0.304896
Moved 2275.991 557 481.7059 0.3420139 0.2612728
Moved 2276.105 540.0405 435.0811 0.3125704 0.1541385
Moved 2276.181 526.1268 397.3802 0.2884145 0.06750981
Moved 2276.263 508.5992 360.4655 0.2579846 -0.0173127
Moved 2276.34 493.104 333.156 0.2310833 -0.08006426
Moved 2276.416 483.3572 316.0717 0.2141618 -0.1193207
Moved 2276.491 473.0281 293.0562 0.1962293 -0.1722056
Moved 2276.568 468 277.5 0.1875 -0.2079504
Moved 2276.647 459.1106 249.4424 0.172067 -0.272421
Moved 2276.727 452.2473 231.7418 0.1601516 -0.3130932
Moved 2276.805 446 221.4269 0.1493056 -0.3367948
Moved 2276.924 439.5 210.5 0.1380208 -0.3619026
Ended 2277.002 439 208 0.1371527 -0.3676471
Began 2278.207 299 507 -0.1059028 0.3193934
Stationary 2278.291 299 507 -0.1059028 0.3193934
Stationary 2278.366 299 507 -0.1059028 0.3193934
Stationary 2278.441 299 507 -0.1059028 0.3193934
Stationary 2278.519 299 507 -0.1059028 0.3193934
Moved 2278.596 328.0981 485.1215 -0.05538516 0.269121
Moved 2278.674 358.303 459.697 -0.002946183 0.2107008
Moved 2278.756 390.5 428.5 0.05295143 0.1390165
Moved 2278.838 412.8976 403.6536 0.09183601 0.08192477
Moved 2278.914 427.5733 387.4267 0.1173148 0.04463855
Moved 2278.993 436.0692 377.9308 0.1320645 0.02281904
Moved 2279.071 439 371.7321 0.1371527 0.008575566
Moved 2279.146 439 371 0.1371527 0.006893383
Moved 2279.249 383.8596 371 0.04142299 0.006893383
Moved 2279.332 342.6842 379.6165 -0.03006209 0.02669236
Moved 2279.41 307.0969 382 -0.09184562 0.03216912
Moved 2279.487 276.5087 382 -0.1449502 0.03216912
Moved 2279.564 250.6971 382 -0.1897619 0.03216912
Moved 2279.641 216.6072 382 -0.2489458 0.03216912
Moved 2279.718 195.0746 382 -0.2863288 0.03216912
Moved 2279.793 177.4159 382 -0.3169863 0.03216912
Moved 2279.868 161.0819 382 -0.3453439 0.03216912
Moved 2279.944 150.7358 375 -0.3633059 0.01608456
Moved 2280.058 133.0336 374 -0.3940389 0.01378684
Moved 2280.134 129.6826 374 -0.3998565 0.01378684
Moved 2280.209 152.6387 374 -0.3600023 0.01378684
Moved 2280.287 255.6384 400.016 -0.1811833 0.07356613
Moved 2280.364 316.3343 432.4767 -0.07580858 0.1481543
Moved 2280.441 351.2408 454.6204 -0.01520693 0.199036
Moved 2280.517 375.1587 470.1588 0.02631724 0.2347398
Moved 2280.592 388.2544 479.8362 0.04905269 0.2569767
Moved 2280.667 394.238 490.238 0.05944104 0.2808779
Moved 2280.743 394 499.403 0.05902775 0.3019371
Moved 2280.855 394 507 0.05902775 0.3193934
Moved 2280.932 384.0398 510 0.0417357 0.3262868
Moved 2281.008 382.2268 511.7733 0.03858813 0.3303614
Moved 2281.083 382 513 0.03819443 0.3331802
Moved 2281.159 375.4503 513 0.02682343 0.3331802
Moved 2281.235 359.2253 513 -0.001344904 0.3331802
Moved 2281.31 344 513 -0.02777778 0.3331802
Moved 2281.384 336.6858 513 -0.04047599 0.3331802
Ended 2281.458 337 513 -0.03993057 0.3331802
Backspace 2282.758
Began 2283.326 72 496 -0.5000001 0.2941177
Stationary 2283.412 72 496 -0.5000001 0.2941177
Stationary 2283.486 72 496 -0.5000001 0.2941177
Moved 2283.563 81 496 -0.484375 0.2941177
Moved 2283.644 114.5 496 -0.4262153 0.2941177
Moved 2283.72 153.7229 496 -0.3581201 0.2941177
Moved 2283.797 190.3037 496 -0.2946116 0.2941177
Moved 2283.884 217.4875 496 -0.2474175 0.2941177
Moved 2283.966 257.5793 496 -0.1778136 0.2941177
Moved 2284.046 325.8773 496 -0.05924072 0.2941177
Moved 2284.127 377.4523 496 0.03029913 0.2941177
Moved 2284.205 413.8193 496 0.09343632 0.2941177
Moved 2284.278 441.8019 503 0.1420172 0.3102022
Moved 2284.352 458.256 504 0.1705834 0.3125001
Moved 2284.423 470.5049 505 0.1918489 0.3147978
Moved 2284.495 477.5 505 0.203993 0.3147978
Moved 2284.567 477 505 0.203125 0.3147978
Moved 2284.677 398.2046 505 0.06632738 0.3147978
Moved 2284.773 348.7675 505 -0.01950093 0.3147978
Moved 2284.851 313.0046 505 -0.08158923 0.3147978
Moved 2284.93 290.2099 505 -0.1211633 0.3147978
Moved 2285.011 266.4178 505 -0.162469 0.3147978
Moved 2285.09 248 505 -0.1944444 0.3147978
Moved 2285.169 239.5077 506 -0.209188 0.3170956
Moved 2285.25 236 506 -0.2152778 0.3170956
Moved 2285.326 233.9391 506 -0.2188558 0.3170956
Moved 2285.401 233 497.6769 -0.2204861 0.2979708
Moved 2285.515 226.9476 466.8429 -0.2309937 0.2271206
Moved 2285.597 224 431.7296 -0.2361111 0.1464374
Moved 2285.682 220 408.5397 -0.2430556 0.09315197
Moved 2285.761 219 394.4397 -0.2447917 0.06075302
Moved 2285.841 219 381.4479 -0.2447917 0.03090059
Moved 2285.919 219 373.6322 -0.2447917 0.01294164
Moved 2285.998 218 364.7675 -0.2465278 -0.007427721
Moved 2286.074 218 361 -0.2465278 -0.01608456
Moved 2286.148 249.8558 377.8558 -0.1912226 0.02264668
Moved 2286.225 278.0393 423.0787 -0.1422928 0.1265595
Moved 2286.34 296.4211 465.8421 -0.1103801 0.224821
Moved 2286.424 309.8963 484.8963 -0.08698564 0.2686037
Moved 2286.511 321.1212 497.2425 -0.06749783 0.2969728
Moved 2286.587 339.9341 510.9561 -0.03483668 0.3284836
Moved 2286.663 365.0197 521.804 0.008714796 0.3534099
Moved 2286.739 399.8295 524 0.06914847 0.3584559
Moved 2286.816 426.264 524 0.1150417 0.3584559
Moved 2286.896 445.7699 515.41 0.148906 0.3387179
Moved 2286.974 464.2467 511.2511 0.1809839 0.3291616
Moved 2287.056 488.9742 505.0086 0.2239136 0.3148176
Moved 2287.172 514.4205 498 0.2680912 0.2987133
Moved 2287.253 529.9677 494 0.2950827 0.2895221
Moved 2287.333 538.7521 492 0.3103335 0.2849265
Moved 2287.418 544.9012 491 0.3210091 0.2826287
Moved 2287.494 547.374 490 0.325302 0.2803309
Moved 2287.567 548 486.9515 0.326389 0.2733261
Moved 2287.642 548 473 0.326389 0.2412684
Moved 2287.716 531.855 438.1374 0.2983593 0.1611613
Moved 2287.791 519.1807 401.3615 0.2763554 0.07665782
Moved 2287.864 509.7332 374.1997 0.2599536 0.01424565
Moved 2287.984 492.1674 326.4186 0.2294574 -0.09554541
Moved 2288.064 483.9365 296.8095 0.2151676 -0.1635811
Moved 2288.144 477.7109 270.8436 0.2043592 -0.2232454
Moved 2288.222 476 252.7018 0.2013889 -0.2649315
Moved 2288.303 475 238.3743 0.1996528 -0.2978533
Moved 2288.383 474 230.8634 0.1979167 -0.3151116
Moved 2288.461 474 226.5114 0.1979167 -0.3251118
Moved 2288.538 473 224 0.1961806 -0.3308823
Ended 2288.62 473 223 0.1961806 -0.3331802
Began 2289.44 296 492 -0.1111111 0.2849265
Stationary 2289.525 296 492 -0.1111111 0.2849265
Stationary 2289.603 296 492 -0.1111111 0.2849265
Moved 2289.68 307.2059 499 -0.09165641 0.3010111
Moved 2289.755 324.0954 500 -0.06233439 0.3033088
Moved 2289.832 348.8033 489.5984 -0.01943879 0.2794081
Moved 2289.907 377.897 475.0515 0.03107123 0.2459823
Moved 2289.984 402.4492 450.5508 0.07369661 0.1896847
Moved 2290.062 418.9565 430.0871 0.102355 0.1426633
Moved 2290.14 430.7925 408.415 0.1229037 0.09286534
Moved 2290.217 437.7369 391.7894 0.1349599 0.05466325
Moved 2290.297 442 378.756 0.1423611 0.02471503
Moved 2290.371 443 373 0.1440972 0.01148897
Moved 2290.446 443 369.8687 0.1440972 0.004293919
Moved 2290.521 417.9614 369 0.1006275 0.002297794
Moved 2290.596 386.7577 369 0.0464543 0.002297794
Moved 2290.705 336.4543 369 -0.04087791 0.002297794
Moved 2290.781 293.2964 377 -0.1158048 0.02068015
Moved 2290.856 252.4005 377 -0.1868047 0.02068015
Moved 2290.937 219.2265 377 -0.2443985 0.02068015
Moved 2291.012 189.7899 377 -0.2955036 0.02068015
Moved 2291.088 164.286 370 -0.3397812 0.004595589
Moved 2291.165 149.5154 370 -0.3654247 0.004595589
Moved 2291.254 135.0407 368 -0.3905544 0
Moved 2291.34 128.6752 367 -0.4016056 -0.002297724
Moved 2291.418 127 366 -0.4045139 -0.004595589
Moved 2291.531 169.3143 380.6572 -0.3310516 0.02908356
Moved 2291.611 241.0602 412.5301 -0.2064927 0.102321
Moved 2291.691 280.9594 438.9594 -0.1372233 0.1630502
Moved 2291.767 303.3578 459.6863 -0.09833712 0.2106762
Moved 2291.842 318.4232 470.7116 -0.0721819 0.2360101
Moved 2291.915 328.5641 477.5641 -0.05457617 0.2517559
Moved 2291.99 335.2912 484.5824 -0.04289724 0.2678824
Moved 2292.064 339.5475 489.5475 -0.03550783 0.2792912
Moved 2292.138 341 492.5 -0.03298611 0.2860754
Moved 2292.213 343 494.8146 -0.02951388 0.2913938
Moved 2292.324 345.5 497.5 -0.02517361 0.2975644
Ended 2292.401 346 497 -0.02430554 0.2964155
Began 2293.071 518 220 0.2743056 -0.3400736
Stationary 2293.154 518 220 0.2743056 -0.3400736
Stationary 2293.232 518 220 0.2743056 -0.3400736
Stationary 2293.305 518 220 0.2743056 -0.3400736
Stationary 2293.378 518 220 0.2743056 -0.3400736
Moved 2293.456 508.487 245.3507 0.2577899 -0.2818228
Moved 2293.536 498.6587 265.6827 0.2407269 -0.2351041
Moved 2293.616 491.7284 298.8149 0.2286952 -0.1589731
Moved 2293.698 491 331.417 0.2274306 -0.08406015
Moved 2293.772 488 363.7341 0.2222222 -0.00980223
Moved 2293.844 485.331 392.3448 0.2175886 0.05593932
Moved 2293.932 483 423.6764 0.2135417 0.1279329
Moved 2294.009 481 448.6032 0.2100694 0.1852096
Moved 2294.083 478.4405 467.1191 0.2056258 0.2277552
Moved 2294.164 475.2773 484.4453 0.2001343 0.2675674
Moved 2294.243 469 495.5249 0.1892361 0.293026
Moved 2294.317 461.6242 504.3759 0.1764309 0.3133636
Moved 2294.395 455.884 508.116 0.1664653 0.3219576
Moved 2294.473 429.0168 496.2067 0.1198209 0.2945927
Moved 2294.55 390.1563 477.4938 0.05235464 0.2515942
Moved 2294.626 345.6146 454.6369 -0.02497472 0.1990739
Moved 2294.744 289.7416 425.8278 -0.1219763 0.1328763
Moved 2294.824 258.6318 406.1791 -0.1759864 0.0877277
Moved 2294.902 236.432 393.716 -0.2145278 0.05909009
Moved 2294.984 212.1763 381.1763 -0.2566383 0.0302765
Moved 2295.068 192.5 373.5 -0.2907986 0.01263787
Moved 2295.145 180.2705 367.6353 -0.3120305 -0.0008380414
Moved 2295.228 176.6813 364.6813 -0.3182616 -0.007625609
Moved 2295.313 228.285 396.4041 -0.228672 0.06526681
Moved 2295.394 280.9463 444.5356 -0.137246 0.1758631
Moved 2295.474 314.6236 483.6236 -0.07877842 0.2656792
Moved 2295.592 336.1152 506.6728 -0.04146673 0.3186415
Moved 2295.674 345.7784 515.7784 -0.02469037 0.3395643
Moved 2295.753 349.0666 518 -0.01898166 0.3446691
Ended 2295.837 351.4795 519 -0.01479261 0.346967
Began 2296.464 419 226 0.1024306 -0.3262869
Stationary 2296.547 419 226 0.1024306 -0.3262869
Stationary 2296.62 419 226 0.1024306 -0.3262869
Moved 2296.698 406.9423 243.2883 0.08149706 -0.2865617
Moved 2296.781 401 278.2708 0.07118054 -0.2061794
Moved 2296.87 395.5275 307.8901 0.06167964 -0.1381201
Moved 2296.953 378.5434 358.1415 0.03219344 -0.02265285
Moved 2297.034 360.0363 407.6063 6.295741E-05 0.09100708
Moved 2297.12 332.8944 453.1056 -0.04705832 0.1955551
Moved 2297.2 300.2999 475.96 -0.103646 0.2480699
Moved 2297.279 270.2036 488.1976 -0.1558966 0.2761894
Moved 2297.36 242.5 497.5 -0.2039931 0.2975644
Moved 2297.456 221.5624 506 -0.2403431 0.3170956
Moved 2297.533 215 510 -0.2517361 0.3262868
Ended 2297.609 215 511 -0.2517361 0.3285846
Began 2298.445 116 421 -0.4236111 0.1217831
Stationary 2298.53 116 421 -0.4236111 0.1217831
Moved 2298.606 125 421 -0.4079861 0.1217831
Moved 2298.686 133.34 421 -0.3935069 0.1217831
Moved 2298.763 156.775 411.4833 -0.3528212 0.0999158
Moved 2298.84 207.0027 388.5989 -0.2656204 0.04733216
Moved 2298.92 270.0793 354.067 -0.1561123 -0.0320152
Moved 2298.998 320.9614 326.1649 -0.06777529 -0.09612834
Moved 2299.076 369.3202 290.3439 0.0161808 -0.1784378
Moved 2299.156 400.8211 265.1789 0.07087 -0.2362617
Moved 2299.243 426.5071 242.4929 0.1154638 -0.2883894
Moved 2299.317 443.8645 229.1355 0.1455981 -0.319082
Moved 2299.391 452.6645 223.6677 0.1608758 -0.3316459
Moved 2299.464 458.5 220 0.1710069 -0.3400736
Moved 2299.538 462.5 217 0.1779514 -0.3469669
Moved 2299.614 464.5 216 0.1814236 -0.3492647
Moved 2299.687 465 214.6895 0.1822916 -0.3522761
Stationary 2299.76 465 215 0.1822916 -0.3515625
Moved 2299.831 455.1807 226.2772 0.1652443 -0.3256497
Moved 2299.904 439.2782 234.7218 0.1376357 -0.3062459
Moved 2300.015 403.3725 254.7206 0.07529945 -0.2602928
Moved 2300.09 367.6266 274.224 0.01324065 -0.2154779
Moved 2300.164 329.3898 305.6882 -0.05314276 -0.1431797
Moved 2300.243 300.8097 334.9205 -0.102761 -0.07600995
Moved 2300.321 283.2029 353.7971 -0.1333284 -0.0326353
Moved 2300.398 270.5026 364.7487 -0.1553774 -0.007470777
Moved 2300.477 259.4268 372 -0.1746062 0.009191248
Moved 2300.557 250.5 376.5 -0.1901042 0.01953132
Moved 2300.642 238.0876 386.9124 -0.2116535 0.04345691
Moved 2300.723 215.9642 404.4214 -0.2500621 0.08368903
Moved 2300.836 191.0596 423.9404 -0.2932994 0.1285396
Moved 2300.917 181 437.7664 -0.3107639 0.1603087
Moved 2300.993 179 449.3936 -0.3142361 0.1870258
Moved 2301.069 179 460.7582 -0.3142361 0.2131394
Moved 2301.147 179 468.5524 -0.3142361 0.2310487
Moved 2301.224 190.2964 477.2964 -0.2946244 0.2511406
Moved 2301.3 218.2836 490.0945 -0.2460354 0.2805482
Moved 2301.376 257.8052 496 -0.1774215 0.2941177
Moved 2301.455 288.6588 497 -0.1238562 0.2964155
Moved 2301.538 316.1367 497 -0.07615157 0.2964155
Moved 2301.656 334.4901 497 -0.04428801 0.2964155
Moved 2301.733 336.3734 497 -0.04101831 0.2964155
Moved 2301.81 315.4222 497 -0.07739202 0.2964155
Moved 2301.888 289.1386 497 -0.1230233 0.2964155
Moved 2301.966 267.6498 497 -0.1603302 0.2964155
Moved 2302.043 253.0205 490 -0.1857283 0.2803309
Moved 2302.123 248 490 -0.1944444 0.2803309
Moved 2302.204 248 483.5839 -0.1944444 0.265588
Moved 2302.283 256.2108 454.9458 -0.1801895 0.1997836
Moved 2302.364 263.0463 423.8148 -0.1683224 0.128251
Moved 2302.483 274.1204 382.6389 -0.1490966 0.03363729
Moved 2302.564 281.9971 362.0086 -0.1354216 -0.01376699
Moved 2302.64 284 350.8268 -0.1319444 -0.03946038
Ended 2302.717 284 351 -0.1319444 -0.03906257
PhraseEnd 2304.887
