you must be getting old
Basic
0.4 0.4
288 115.2
Began 996.421 377 288 0.05902782 0.4166667
Stationary 996.4772 377 288 0.05902782 0.4166667
Stationary 996.5236 377 288 0.05902782 0.4166667
Stationary 996.5707 377 288 0.05902782 0.4166667
Stationary 996.6184 377 288 0.05902782 0.4166667
Stationary 996.666 377 288 0.05902782 0.4166667
Stationary 996.7136 377 288 0.05902782 0.4166667
Moved 996.7628 389.9891 295 0.1041289 0.4774306
Moved 996.8144 398.5923 295 0.1340009 0.4774306
Moved 996.865 412.3725 295 0.181849 0.4774306
Moved 996.92 430.1235 295 0.2434842 0.4774306
Moved 996.9695 446.5 295 0.3003472 0.4774306
Moved 997.0305 457.1676 295 0.3373876 0.4774306
Moved 997.0795 461.0391 295 0.3508303 0.4774306
Moved 997.1335 464.4137 295 0.3625475 0.4774306
Moved 997.1855 466.0701 295 0.3682991 0.4774306
Stationary 997.235 466.0701 295 0.3682991 0.4774306
Stationary 997.2838 466.0701 295 0.3682991 0.4774306
Moved 997.3326 456.4588 296 0.3349264 0.4861112
Moved 997.3813 440.9675 298 0.2811371 0.5034723
Moved 997.4308 425.7875 300 0.2284287 0.5208334
Moved 997.4808 417.5908 300 0.1999681 0.5208334
Moved 997.5602 409.7716 301 0.172818 0.5295137
Moved 997.6105 407 301 0.1631944 0.5295137
Moved 997.6606 403.6849 301 0.1516837 0.5295137
Moved 997.7101 402 301 0.1458333 0.5295137
Moved 997.7607 399.9161 301 0.1385976 0.5295137
Ended 997.8134 398.9779 301 0.1353399 0.5295137
Began 998.2029 454 187 0.326389 -0.4600692
Stationary 998.265 454 187 0.326389 -0.4600692
Stationary 998.313 454 187 0.326389 -0.4600692
Moved 998.363 454 200.0385 0.326389 -0.3468885
Moved 998.4138 443.6567 207.3433 0.2904747 -0.2834786
Moved 998.4687 440 217.538 0.2777778 -0.194983
Moved 998.519 434.9283 229.215 0.2601679 -0.09361983
Moved 998.571 430.5193 240.9613 0.2448589 0.008344651
Moved 998.6222 426.2169 250.5662 0.2299199 0.09172043
Moved 998.674 419.5807 259.8386 0.2068775 0.17221
Moved 998.727 409.112 274.8879 0.1705278 0.3028467
Moved 998.7792 401.162 283.838 0.1429236 0.3805383
Moved 998.8432 390.6783 293.1609 0.1065217 0.4614664
Moved 998.8932 383.5673 297 0.08183092 0.494792
Moved 998.944 376.512 299 0.05733326 0.5121531
Moved 998.9933 367.7677 299 0.02697125 0.5121531
Moved 999.0421 352.8413 286.8942 -0.02485655 0.407068
Moved 999.0923 336.9918 277.3279 -0.0798896 0.3240268
Moved 999.1417 326.7558 271.5038 -0.1154313 0.2734709
Moved 999.1913 316.8431 265.9477 -0.1498503 0.2252404
Moved 999.2399 310.0276 262.0139 -0.1735151 0.1910925
Moved 999.2896 300.5708 256.2854 -0.2063515 0.1413663
Moved 999.3687 291.4386 249.4386 -0.2380604 0.08193228
Moved 999.4202 288 245.5 -0.25 0.04774306
Moved 999.471 283.1929 242.1929 -0.2666913 0.01903534
Moved 999.5234 280 238.5 -0.2777778 -0.0130211
Moved 999.5774 278 236.5 -0.2847222 -0.03038168
Moved 999.629 275.709 235 -0.292677 -0.04340278
Moved 999.681 276 233.6812 -0.2916667 -0.05485111
Moved 999.7339 286.2376 237.9158 -0.2561195 -0.01809226
Moved 999.7859 306.6465 254.7349 -0.1852551 0.1279071
Moved 999.8388 319.6302 264.2101 -0.1401731 0.210157
Moved 999.9224 333.9219 275.4609 -0.09054892 0.3078207
Moved 999.9775 337.5 278.5 -0.078125 0.3342014
Moved 1000.028 341.5 280.5 -0.06423608 0.3515625
Moved 1000.08 343 281.458 -0.05902775 0.3598788
Moved 1000.13 345.229 281 -0.05128809 0.3559028
Moved 1000.182 348.0935 283.0935 -0.04134201 0.3740756
Moved 1000.231 350.5 284.5 -0.03298611 0.386285
Moved 1000.28 352 285.4566 -0.02777778 0.3945886
Moved 1000.33 354.3151 285 -0.01973927 0.390625
Ended 1000.381 356 285 -0.01388892 0.390625
Began 1000.749 388 192 0.09722218 -0.4166664
Stationary 1000.802 388 192 0.09722218 -0.4166664
Stationary 1000.851 388 192 0.09722218 -0.4166664
Stationary 1000.906 388 192 0.09722218 -0.4166664
Stationary 1000.957 388 192 0.09722218 -0.4166664
Moved 1001.009 378.8162 204.3676 0.06533414 -0.3093092
Moved 1001.06 373.2958 209.7042 0.04616603 -0.2629842
Moved 1001.109 368.1704 215.9148 0.02836943 -0.2090727
Moved 1001.16 362.7943 224.4114 0.009702593 -0.1353177
Moved 1001.211 349.7685 239.2316 -0.03552609 -0.006670158
Moved 1001.26 339.1726 248.9137 -0.0723172 0.07737584
Moved 1001.312 329.4734 256.5266 -0.1059952 0.1434602
Moved 1001.378 318.8492 264.5754 -0.1428846 0.2133282
Moved 1001.434 311.0138 269.9862 -0.170091 0.2602969
Moved 1001.487 303.285 274.715 -0.1969272 0.301346
Moved 1001.542 295.9958 277.6681 -0.2222367 0.32698
Moved 1001.593 287.0842 280 -0.2531799 0.3472225
Moved 1001.648 278.7116 282 -0.2822512 0.3645834
Moved 1001.701 274.5 283 -0.296875 0.3732639
Ended 1001.754 272 283 -0.3055556 0.3732639
Began 1002.156 385 241 0.08680553 0.008680556
Stationary 1002.213 385 241 0.08680553 0.008680556
Stationary 1002.263 385 241 0.08680553 0.008680556
Stationary 1002.317 385 241 0.08680553 0.008680556
Stationary 1002.371 385 241 0.08680553 0.008680556
Moved 1002.435 367.7199 241 0.0268051 0.008680556
Moved 1002.486 357.9503 249.0249 -0.007117168 0.07834117
Moved 1002.541 348.2747 250 -0.0407128 0.08680556
Moved 1002.592 337.6796 252 -0.07750131 0.1041667
Moved 1002.646 324.7975 256 -0.122231 0.1388889
Moved 1002.708 311.5 262 -0.1684028 0.1909725
Moved 1002.766 301.7726 266.2274 -0.2021785 0.2276688
Moved 1002.818 296.5 268 -0.2204861 0.2430556
Moved 1002.869 294.9605 269 -0.2258314 0.2517361
Moved 1002.92 293.751 270.249 -0.2300311 0.2625776
Moved 1002.973 294 271 -0.2291667 0.2690972
Stationary 1003.023 294 271 -0.2291667 0.2690972
Moved 1003.072 294 273.1713 -0.2291667 0.2879456
Moved 1003.123 308.2927 274 -0.1795392 0.2951392
Moved 1003.175 320.5289 275 -0.1370526 0.3038195
Moved 1003.257 342.5 275 -0.06076388 0.3038195
Moved 1003.308 352.3773 275 -0.02646789 0.3038195
Moved 1003.358 364.9469 275 0.01717657 0.3038195
Moved 1003.409 383.4349 275 0.08137123 0.3038195
Moved 1003.46 394.9574 275 0.1213798 0.3038195
Moved 1003.512 406.2601 275 0.1606253 0.3038195
Moved 1003.562 421.7344 275 0.2143555 0.3038195
Moved 1003.617 431.9501 275 0.2498266 0.3038195
Moved 1003.67 443.0988 275 0.2885376 0.3038195
Moved 1003.727 448.0528 275 0.3057388 0.3038195
Moved 1003.807 453.1098 275 0.323298 0.3038195
Moved 1003.859 453 265.7621 0.3229167 0.2236298
Moved 1003.912 453 266.0844 0.3229167 0.2264272
Moved 1003.967 442.7021 257.4255 0.28716 0.1512634
Moved 1004.025 435.9601 243.9601 0.2637503 0.03437572
Moved 1004.075 430.0055 235.0055 0.2430746 -0.0433551
Moved 1004.124 424.696 226.3921 0.224639 -0.118124
Moved 1004.176 419.3224 220.3224 0.2059806 -0.1708126
Moved 1004.224 416.0231 216.0231 0.1945245 -0.2081331
Moved 1004.275 413.0295 213.0294 0.1841301 -0.2341197
Moved 1004.355 405.8592 210 0.1592334 -0.2604167
Moved 1004.41 396.5 207.5 0.1267362 -0.2821181
Moved 1004.461 386.4634 208 0.09188697 -0.2777778
Moved 1004.514 375.6774 213.4194 0.05443544 -0.2307341
Moved 1004.568 358.0328 223.4836 -0.006830543 -0.1433709
Moved 1004.623 340.3181 235.788 -0.06834007 -0.03656282
Moved 1004.681 333.8005 241.1995 -0.09097055 0.010412
Moved 1004.734 329.8539 244.1461 -0.104674 0.03599061
Moved 1004.785 327.752 246.248 -0.1119722 0.05423679
Ended 1004.837 328 247 -0.1111111 0.06076416
Began 1005.195 420 289 0.2083333 0.4253475
Stationary 1005.265 420 289 0.2083333 0.4253475
Stationary 1005.315 420 289 0.2083333 0.4253475
Stationary 1005.366 420 289 0.2083333 0.4253475
Stationary 1005.415 420 289 0.2083333 0.4253475
Stationary 1005.466 420 289 0.2083333 0.4253475
Stationary 1005.514 420 289 0.2083333 0.4253475
Stationary 1005.562 420 289 0.2083333 0.4253475
Moved 1005.612 430.2335 277.7208 0.2438663 0.327438
Moved 1005.662 435.4205 271.7897 0.2618766 0.2759528
Moved 1005.715 448.8348 259.1652 0.3084542 0.1663643
Moved 1005.768 456.8895 251.1105 0.336422 0.09644509
Moved 1005.84 467.0997 239.9003 0.3718742 -0.0008654596
Moved 1005.891 471.0788 233.8424 0.3856903 -0.05345133
Moved 1005.946 475.5 228.5 0.4010417 -0.0998264
Moved 1005.998 476.3116 228 0.4038596 -0.1041667
Moved 1006.046 476 226.6261 0.4027778 -0.1160929
Stationary 1006.097 476 227 0.4027778 -0.1128472
Moved 1006.145 459.942 242.2935 0.3470208 0.01990875
Moved 1006.196 444.4321 253.1407 0.2931669 0.1140693
Moved 1006.248 426.944 264.0373 0.2324446 0.2086571
Moved 1006.301 407.6342 273.6829 0.1653963 0.2923865
Moved 1006.383 384.2063 283.5979 0.08404956 0.378454
Moved 1006.437 368.9404 288.0199 0.031043 0.4168395
Moved 1006.488 357.0425 288 -0.01026899 0.4166667
Moved 1006.541 348.4952 288 -0.03994711 0.4166667
Moved 1006.591 335.0219 288 -0.0867296 0.4166667
Moved 1006.639 328.0715 281 -0.1108627 0.3559028
Moved 1006.686 323.7363 277.7363 -0.1259156 0.3275723
Moved 1006.735 319.5 275.5 -0.140625 0.3081597
Moved 1006.783 317 273.4851 -0.1493056 0.2906694
Moved 1006.831 314.6212 271.6212 -0.1575654 0.2744895
Moved 1006.905 310.7561 267.7561 -0.1709858 0.2409387
Moved 1006.957 307.9697 263.9697 -0.1806606 0.2080706
Moved 1007.008 307 261.5 -0.1840278 0.1866322
Moved 1007.059 305 258.3298 -0.1909722 0.1591126
Moved 1007.112 304 253.9604 -0.1944444 0.1211845
Moved 1007.165 303 250.8317 -0.1979167 0.09402514
Moved 1007.216 302 247.5 -0.2013889 0.06510417
Moved 1007.269 301 243.5 -0.2048611 0.03038195
Moved 1007.32 301 242.7583 -0.2048611 0.02394358
Moved 1007.372 300 239.5 -0.2083334 -0.004340278
Ended 1007.452 298.7625 239 -0.2126302 -0.008680291
Backspace 1009.228
Began 1010.077 387 295 0.09375007 0.4774306
Stationary 1010.132 387 295 0.09375007 0.4774306
Stationary 1010.181 387 295 0.09375007 0.4774306
Stationary 1010.232 387 295 0.09375007 0.4774306
Stationary 1010.287 387 295 0.09375007 0.4774306
Stationary 1010.343 387 295 0.09375007 0.4774306
Stationary 1010.396 387 295 0.09375007 0.4774306
Stationary 1010.451 387 295 0.09375007 0.4774306
Stationary 1010.501 387 295 0.09375007 0.4774306
Stationary 1010.556 387 295 0.09375007 0.4774306
Moved 1010.607 405.1776 295 0.1568665 0.4774306
Moved 1010.658 424.7673 295 0.2248866 0.4774306
Moved 1010.706 440.737 295 0.2803369 0.4774306
Moved 1010.77 453.2874 287 0.3239146 0.4079864
Moved 1010.818 459.946 286 0.3470346 0.3993056
Moved 1010.867 463.8808 285 0.3606972 0.390625
Moved 1010.916 466.1801 285 0.3686808 0.390625
Moved 1010.964 467.0477 285 0.3716933 0.390625
Stationary 1011.013 467.0477 285 0.3716933 0.390625
Stationary 1011.063 467 285 0.3715278 0.390625
Moved 1011.113 442.41 293.0325 0.286146 0.4603513
Moved 1011.164 427.9676 295 0.2359985 0.4774306
Moved 1011.215 420.2388 296 0.2091624 0.4861112
Moved 1011.297 414.2928 296 0.1885167 0.4861112
Moved 1011.348 411.5 296 0.1788195 0.4861112
Moved 1011.401 409.8848 296 0.1732113 0.4861112
Ended 1011.454 410 296 0.1736111 0.4861112
Began 1011.703 448 161 0.3055556 -0.6857637
Stationary 1011.764 448 161 0.3055556 -0.6857637
Stationary 1011.814 448 161 0.3055556 -0.6857637
Moved 1011.867 433 182 0.2534721 -0.503472
Moved 1011.918 428.5 193.5 0.2378473 -0.4036459
Moved 1011.971 422.2206 204.5588 0.2160437 -0.307649
Moved 1012.032 414 221 0.1875 -0.1649306
Moved 1012.088 407.1203 235.8196 0.1636122 -0.03628837
Moved 1012.143 401.7644 247.7069 0.1450151 0.06690026
Moved 1012.2 394.7325 260.2676 0.1205988 0.1759339
Moved 1012.253 388.002 271.998 0.09722903 0.2777611
Moved 1012.307 383.7009 279.5981 0.08229495 0.3437342
Moved 1012.362 379.2242 284 0.0667505 0.3819447
Moved 1012.434 376.8556 286 0.05852639 0.3993056
Moved 1012.484 374.6819 287 0.05097866 0.4079864
Moved 1012.534 371.8756 287 0.04123479 0.4079864
Moved 1012.584 361.7558 287 0.006096661 0.4079864
Moved 1012.635 349.7851 274.595 -0.03546834 0.3003041
Moved 1012.689 334.7366 266.8683 -0.08772001 0.2332319
Moved 1012.739 326.7982 264 -0.1152841 0.2083336
Moved 1012.791 316.3322 258.1661 -0.1516245 0.1576917
Moved 1012.84 312.2314 256.2314 -0.1658631 0.140898
Moved 1012.889 307.942 253.942 -0.180757 0.1210247
Moved 1012.969 303 251 -0.1979167 0.09548585
Moved 1013.018 298.7967 247.7968 -0.2125115 0.06768015
Moved 1013.068 293.8289 245 -0.2297608 0.04340278
Moved 1013.117 287.1136 243 -0.2530777 0.02604167
Moved 1013.167 284.652 243 -0.261625 0.02604167
Moved 1013.218 280.8128 241 -0.2749556 0.008680556
Moved 1013.272 279.9824 241 -0.2778389 0.008680556
Moved 1013.323 280 239.9138 -0.2777778 -0.0007478397
Stationary 1013.373 280 240 -0.2777778 0
Moved 1013.423 291.1312 240 -0.2391277 0
Moved 1013.504 307.1908 251.397 -0.1833652 0.09893206
Moved 1013.558 321.2531 258.1266 -0.1345377 0.1573489
Moved 1013.611 328.0624 261.0624 -0.1108944 0.1828337
Moved 1013.662 334.354 263.3541 -0.08904852 0.2027263
Moved 1013.717 339.7744 265.7745 -0.07022762 0.2237368
Moved 1013.768 343.0662 267 -0.05879782 0.2343753
Moved 1013.822 345 269.4553 -0.05208336 0.2556888
Moved 1013.873 347.7513 270 -0.0425303 0.2604167
Moved 1013.929 350 272.1243 -0.03472224 0.2788562
Moved 1013.989 352 274.4165 -0.02777778 0.2987544
Ended 1014.074 355 276 -0.01736112 0.3124998
Began 1014.486 372 189 0.04166663 -0.4427081
Stationary 1014.544 372 189 0.04166663 -0.4427081
Stationary 1014.592 372 189 0.04166663 -0.4427081
Stationary 1014.64 372 189 0.04166663 -0.4427081
Stationary 1014.689 372 189 0.04166663 -0.4427081
Stationary 1014.738 372 189 0.04166663 -0.4427081
Stationary 1014.787 372 189 0.04166663 -0.4427081
Moved 1014.838 372 198 0.04166663 -0.3645834
Moved 1014.893 372 207.4183 0.04166663 -0.282827
Moved 1014.946 357.8585 226.2831 -0.007435904 -0.1190705
Moved 1015.007 346.402 244.397 -0.04721537 0.03816817
Moved 1015.074 334.6033 257.3967 -0.08818284 0.1510127
Moved 1015.133 325.0697 266.9302 -0.1212856 0.2337694
Moved 1015.186 320.1346 270.8655 -0.1384217 0.2679295
Moved 1015.241 313.394 276.606 -0.1618265 0.3177606
Moved 1015.295 307.9662 282.0338 -0.1806731 0.3648769
Moved 1015.348 304 286.3318 -0.1944444 0.4021857
Moved 1015.399 299.6968 288 -0.2093862 0.4166667
Moved 1015.453 295.9827 290 -0.2222822 0.4340278
Moved 1015.504 294.5 291 -0.2274306 0.4427084
Ended 1015.556 293 292 -0.2326389 0.4513892
Began 1015.928 382 246 0.07638887 0.05208334
Stationary 1015.987 382 246 0.07638887 0.05208334
Stationary 1016.042 382 246 0.07638887 0.05208334
Stationary 1016.096 382 246 0.07638887 0.05208334
Moved 1016.144 369.5 246 0.03298611 0.05208334
Moved 1016.196 364.2486 246 0.014752 0.05208334
Moved 1016.246 357.9653 246 -0.00706479 0.05208334
Moved 1016.297 350.521 254.479 -0.03291324 0.1256855
Moved 1016.349 342.458 256 -0.06090962 0.1388889
Moved 1016.399 334.5373 257.7313 -0.08841217 0.153918
Moved 1016.459 324.0675 261.4662 -0.1247657 0.186339
Moved 1016.516 315.3415 264.6585 -0.1550643 0.2140496
Moved 1016.566 307.751 268.1245 -0.18142 0.2441362
Moved 1016.619 300.4709 271.5291 -0.2066984 0.2736905
Moved 1016.67 296.1677 274 -0.22164 0.2951392
Moved 1016.72 293.5 275.5 -0.2309028 0.3081597
Moved 1016.773 292.8134 275 -0.2332868 0.3038195
Moved 1016.821 293 276.249 -0.2326389 0.3146611
Stationary 1016.874 293 276 -0.2326389 0.3124998
Moved 1016.923 293 277.3406 -0.2326389 0.3241375
Moved 1017.002 319.7832 284.3916 -0.1396416 0.3853438
Moved 1017.052 330.6148 286 -0.1020319 0.3993056
Moved 1017.099 339.2109 287 -0.07218435 0.4079864
Moved 1017.147 345.6848 288 -0.04970551 0.4166667
Moved 1017.195 350.8858 288 -0.03164649 0.4166667
Moved 1017.244 356.1873 288 -0.01323849 0.4166667
Moved 1017.293 363.1387 288 0.01089841 0.4166667
Moved 1017.344 369.7482 288 0.03384799 0.4166667
Moved 1017.395 375.7498 288 0.05468682 0.4166667
Moved 1017.446 386.2264 288 0.09106383 0.4166667
Moved 1017.529 397.8874 288 0.1315536 0.4166667
Moved 1017.583 404.7519 288 0.1553884 0.4166667
Moved 1017.636 413.1202 288 0.1844452 0.4166667
Moved 1017.696 420.643 288 0.2105661 0.4166667
Moved 1017.748 424.8286 288 0.2250995 0.4166667
Moved 1017.8 429 277.5 0.2395834 0.3255209
Moved 1017.852 431.0806 281 0.2468075 0.3559028
Moved 1017.903 433 280.1822 0.2534721 0.3488038
Moved 1017.954 434 278.868 0.2569445 0.337396
Stationary 1018.008 434 278.868 0.2569445 0.337396
Moved 1018.09 435 277 0.2604167 0.3211806
Moved 1018.139 435 274.626 0.2604167 0.3005735
Moved 1018.187 435 273.8123 0.2604167 0.2935092
Moved 1018.235 435 271.8781 0.2604167 0.2767192
Moved 1018.283 435 268.6654 0.2604167 0.2488317
Moved 1018.331 435 265.3612 0.2604167 0.2201497
Moved 1018.385 428 257.9741 0.2361111 0.1560256
Moved 1018.438 426 251.3511 0.2291666 0.0985339
Moved 1018.493 423.2389 242.4777 0.2195793 0.02150748
Moved 1018.55 422 237.9326 0.2152778 -0.01794603
Moved 1018.633 417.6793 228.6793 0.2002755 -0.09826979
Moved 1018.684 416.3687 223.3687 0.1957247 -0.1443693
Moved 1018.735 415 219.5 0.1909722 -0.1779514
Moved 1018.788 413 215.7067 0.1840278 -0.2108797
Moved 1018.839 412 214.5 0.1805556 -0.2213542
Moved 1018.89 411 212.9982 0.1770833 -0.2343909
Moved 1018.941 409.5595 213 0.1720818 -0.234375
Moved 1018.991 408.7513 212 0.1692753 -0.2430553
Moved 1019.04 409 210.6531 0.1701389 -0.2547476
Moved 1019.096 407 210 0.1631944 -0.2604167
Moved 1019.178 394.3308 210 0.1192042 -0.2604167
Moved 1019.231 378.8651 213.9722 0.06550372 -0.2259358
Moved 1019.283 367.513 221.9913 0.02608672 -0.156325
Moved 1019.333 359.4248 225.7876 -0.001997203 -0.1233716
Moved 1019.384 351.8044 229.1956 -0.02845697 -0.09378858
Moved 1019.437 346.5005 232 -0.04687332 -0.06944445
Moved 1019.492 342.1115 235 -0.06211273 -0.04340278
Moved 1019.544 341 236 -0.06597222 -0.03472222
Moved 1019.597 340 237 -0.06944448 -0.0260414
Ended 1019.649 339 237 -0.07291667 -0.0260414
Began 1020.143 393 272 0.1145834 0.2777781
Stationary 1020.201 393 272 0.1145834 0.2777781
Stationary 1020.259 393 272 0.1145834 0.2777781
Stationary 1020.307 393 272 0.1145834 0.2777781
Stationary 1020.356 393 272 0.1145834 0.2777781
Stationary 1020.406 393 272 0.1145834 0.2777781
Stationary 1020.456 393 272 0.1145834 0.2777781
Moved 1020.508 403.3209 272 0.1504196 0.2777781
Moved 1020.567 408.2217 272 0.1674365 0.2777781
Moved 1020.621 414.3116 263.9092 0.1885821 0.2075455
Moved 1020.676 423.7948 261.1026 0.2215098 0.1831823
Moved 1020.729 430.8924 259 0.2461542 0.1649308
Moved 1020.781 439.628 254.3719 0.2764862 0.1247565
Moved 1020.851 448.0156 247.9844 0.3056097 0.06930909
Moved 1020.907 456.7633 239.4734 0.3359838 -0.00457128
Moved 1020.96 460.6969 235.3031 0.3496421 -0.04077144
Moved 1021.013 466.4382 229.5619 0.369577 -0.0906086
Moved 1021.066 468 226.5891 0.375 -0.1164137
Moved 1021.117 470.1374 225.8625 0.3824216 -0.1227209
Moved 1021.172 472 223.9083 0.3888889 -0.1396847
Moved 1021.227 473.2487 224 0.3932247 -0.1388886
Moved 1021.292 474.1185 224 0.3962447 -0.1388886
Stationary 1021.349 474 224 0.3958334 -0.1388886
Moved 1021.426 449.0141 240.4929 0.3090769 0.004279084
Moved 1021.474 425.1723 249.665 0.2262926 0.08389792
Moved 1021.521 399.686 255.0627 0.1377986 0.1307533
Moved 1021.568 380.1481 257.3704 0.06995857 0.1507847
Moved 1021.63 354.9371 257 -0.01757964 0.1475695
Moved 1021.682 338.8073 257 -0.07358559 0.1475695
Moved 1021.734 326.0978 257 -0.1177158 0.1475695
Moved 1021.784 319.5108 250 -0.1405875 0.08680556
Moved 1021.841 313.8196 248 -0.1603486 0.06944445
Moved 1021.896 310.5277 246 -0.1717789 0.05208334
Moved 1021.976 307 241.7147 -0.1840278 0.01488474
Moved 1022.026 304.8258 241 -0.1915769 0.008680556
Ended 1022.08 304 239 -0.1944444 -0.008680291
PhraseEnd 1025.851
