the quick brown fox jumps over the lazy dog
Basic
0.4 0.4
288 115.2
Began 1116.699 332 306 -0.09722225 0.5729167
Stationary 1116.76 332 306 -0.09722225 0.5729167
Stationary 1116.817 332 306 -0.09722225 0.5729167
Stationary 1116.874 332 306 -0.09722225 0.5729167
Stationary 1116.927 332 306 -0.09722225 0.5729167
Stationary 1116.981 332 306 -0.09722225 0.5729167
Stationary 1117.036 332 306 -0.09722225 0.5729167
Moved 1117.093 342.3272 291.6728 -0.06136388 0.4485486
Moved 1117.152 345 285.5763 -0.05208336 0.3956276
Moved 1117.221 349.4442 278.5558 -0.03665202 0.3346859
Moved 1117.281 356.7302 269.2698 -0.01135342 0.2540782
Moved 1117.34 367.2093 255.7906 0.02503231 0.1370716
Moved 1117.399 378.0123 242.9753 0.06254286 0.02582789
Moved 1117.457 383.3168 237.6832 0.08096129 -0.02011087
Moved 1117.516 387.5 233.5 0.09548604 -0.05642362
Moved 1117.572 388 232 0.09722218 -0.06944445
Moved 1117.626 389 232 0.1006945 -0.06944445
Stationary 1117.68 389 232 0.1006945 -0.06944445
Moved 1117.732 373.7189 241.1874 0.04763514 0.0103071
Moved 1117.818 343.7479 254.6261 -0.05643092 0.1269627
Moved 1117.871 328.8834 258.7056 -0.1080438 0.1623747
Moved 1117.924 317.9202 264.0798 -0.1461104 0.2090261
Moved 1117.977 310.5922 266 -0.1715548 0.2256945
Moved 1118.031 303.1665 270 -0.1973386 0.2604167
Moved 1118.087 298.9296 272 -0.2120502 0.2777781
Moved 1118.142 293.5 274 -0.2309028 0.2951392
Moved 1118.197 285.7874 277.2125 -0.2576825 0.3230254
Moved 1118.253 281.5 279 -0.2725694 0.338542
Moved 1118.309 279.5 280 -0.2795139 0.3472225
Ended 1118.392 279.5 280 -0.2795139 0.3472225
Began 1118.725 226 281 -0.4652778 0.3559028
Stationary 1118.789 226 281 -0.4652778 0.3559028
Stationary 1118.862 226 281 -0.4652778 0.3559028
Stationary 1118.915 226 281 -0.4652778 0.3559028
Stationary 1118.969 226 281 -0.4652778 0.3559028
Stationary 1119.023 226 281 -0.4652778 0.3559028
Stationary 1119.078 226 281 -0.4652778 0.3559028
Moved 1119.133 239.9968 281 -0.4166777 0.3559028
Moved 1119.19 255.2339 281 -0.3637711 0.3559028
Moved 1119.248 277.6242 281 -0.2860271 0.3559028
Moved 1119.305 292.6054 281 -0.2340089 0.3559028
Moved 1119.374 309.5544 281 -0.1751585 0.3559028
Moved 1119.428 328.1164 281 -0.1107068 0.3559028
Moved 1119.482 340.0095 281 -0.0694114 0.3559028
Moved 1119.537 359.4159 281 -0.002028048 0.3559028
Moved 1119.592 377.4139 281 0.06046504 0.3559028
Moved 1119.655 396.9073 281 0.1281504 0.3559028
Moved 1119.711 412.4052 281 0.1819627 0.3559028
Moved 1119.769 426.2355 281 0.2299842 0.3559028
Moved 1119.826 434.8452 281 0.2598789 0.3559028
Moved 1119.881 441.8037 281 0.2840406 0.3559028
Moved 1119.965 447.5 281 0.3038195 0.3559028
Moved 1120.02 448.5 281 0.3072916 0.3559028
Moved 1120.073 448 281 0.3055556 0.3559028
Stationary 1120.128 448 281 0.3055556 0.3559028
Moved 1120.185 431.5 281 0.2482639 0.3559028
Moved 1120.244 413.2951 270.5301 0.1850526 0.2650182
Moved 1120.303 395.0677 256.0677 0.1217631 0.139477
Moved 1120.359 381.1799 241.1799 0.0735414 0.01024246
Moved 1120.416 368.0044 228.3363 0.0277932 -0.1012474
Moved 1120.474 358.8731 218.9365 -0.003912747 -0.1828424
Moved 1120.565 347.3318 207.3318 -0.04398666 -0.2835783
Moved 1120.621 342.7561 202.7561 -0.05987451 -0.3232975
Moved 1120.675 336.9378 195.9379 -0.08007698 -0.3824838
Moved 1120.728 332.0067 193.0033 -0.09719893 -0.4079573
Moved 1120.783 324.2625 190.2625 -0.1240886 -0.4317496
Moved 1120.84 316.8535 189 -0.149814 -0.4427081
Moved 1120.897 313.5557 189 -0.161265 -0.4427081
Moved 1120.952 311.626 188 -0.1679651 -0.451389
Moved 1121.005 310.9198 188 -0.1704175 -0.451389
Stationary 1121.059 311 188 -0.1701389 -0.451389
Moved 1121.151 334.36 197.1799 -0.08902796 -0.371702
Moved 1121.21 356.3103 205.1552 -0.01281142 -0.3024727
Moved 1121.267 370.6137 208.8712 0.03685326 -0.2702152
Moved 1121.323 383.4921 213.2461 0.0815697 -0.2322388
Moved 1121.384 393.4825 215 0.1162587 -0.2170139
Moved 1121.444 400.3943 217 0.1402579 -0.1996525
Moved 1121.501 408.7667 218.7667 0.1693288 -0.1843167
Moved 1121.557 417.1481 220.0741 0.1984309 -0.1729679
Moved 1121.614 426.7691 222.3845 0.231837 -0.1529119
Moved 1121.675 435.5028 224 0.2621624 -0.1388886
Moved 1121.766 440.0342 225 0.2778966 -0.1302083
Moved 1121.827 442.1841 226.1841 0.2853616 -0.1199299
Moved 1121.885 445 227 0.295139 -0.1128472
Moved 1121.944 446.4767 228 0.3002664 -0.1041667
Moved 1122.001 448 230.1633 0.3055556 -0.08538777
Moved 1122.06 450 232.5 0.3125 -0.06510417
Moved 1122.115 452 234.4481 0.3194444 -0.04819314
Stationary 1122.18 452 234 0.3194444 -0.05208307
Ended 1122.236 452 235 0.3194444 -0.04340278
Began 1123.031 363 194 0.01041666 -0.3993056
Stationary 1123.09 363 194 0.01041666 -0.3993056
Stationary 1123.141 363 194 0.01041666 -0.3993056
Stationary 1123.194 363 194 0.01041666 -0.3993056
Stationary 1123.245 363 194 0.01041666 -0.3993056
Stationary 1123.296 363 194 0.01041666 -0.3993056
Stationary 1123.348 363 194 0.01041666 -0.3993056
Stationary 1123.4 363 194 0.01041666 -0.3993056
Stationary 1123.452 363 194 0.01041666 -0.3993056
Stationary 1123.51 363 194 0.01041666 -0.3993056
Stationary 1123.566 363 194 0.01041666 -0.3993056
Stationary 1123.623 363 194 0.01041666 -0.3993056
Stationary 1123.68 363 194 0.01041666 -0.3993056
Moved 1123.734 353.9416 206.0585 -0.02103627 -0.2946314
Moved 1123.814 341.2034 223.6949 -0.06526605 -0.1415369
Moved 1123.87 325.8112 246.3777 -0.1187112 0.05536186
Moved 1123.926 317.6433 260.7134 -0.1470719 0.1798039
Moved 1123.983 308.689 279.933 -0.1781632 0.3466413
Moved 1124.042 305 292.3806 -0.1909722 0.4546924
Moved 1124.104 305 299.2144 -0.1909722 0.5140141
Moved 1124.16 305 302.8596 -0.1909722 0.5456564
Moved 1124.215 305 304 -0.1909722 0.5555559
Moved 1124.272 315.8965 306.4482 -0.1531373 0.576808
Moved 1124.327 326.2193 306 -0.117294 0.5729167
Moved 1124.413 348.9046 298.0477 -0.03852576 0.5038866
Moved 1124.475 369 289 0.03124997 0.4253475
Moved 1124.53 385.3821 285 0.08813217 0.390625
Moved 1124.586 396.3102 280.5633 0.1260771 0.3521119
Moved 1124.644 406.6312 277.1844 0.1619139 0.3227812
Moved 1124.703 416.38 275 0.1957639 0.3038195
Moved 1124.76 425.8983 272.0508 0.2288136 0.2782194
Moved 1124.821 432.279 271 0.2509688 0.2690972
Moved 1124.88 435.5843 270 0.2624455 0.2604167
Moved 1124.937 440 270 0.2777778 0.2604167
Moved 1125.024 446 270 0.2986111 0.2604167
Moved 1125.082 448 270 0.3055556 0.2604167
Moved 1125.136 450.3734 270 0.3137966 0.2604167
Moved 1125.19 452 270 0.3194444 0.2604167
Moved 1125.247 453 270 0.3229167 0.2604167
Moved 1125.304 454 270 0.326389 0.2604167
Moved 1125.361 455 270 0.329861 0.2604167
Stationary 1125.415 455 270 0.329861 0.2604167
Stationary 1125.47 455 270 0.329861 0.2604167
Moved 1125.526 432.9725 270 0.2533768 0.2604167
Moved 1125.615 391.6499 270 0.1098955 0.2604167
Moved 1125.673 364.9254 270 0.01710192 0.2604167
Moved 1125.729 341.211 270 -0.06523959 0.2604167
Moved 1125.788 330 270 -0.1041666 0.2604167
Moved 1125.846 315.1397 270 -0.1557649 0.2604167
Moved 1125.904 298.9927 270 -0.211831 0.2604167
Moved 1125.964 283.8606 270 -0.2643728 0.2604167
Moved 1126.023 273.5 270 -0.3003472 0.2604167
Moved 1126.083 265.822 270 -0.3270071 0.2604167
Moved 1126.142 262.4034 270 -0.3388769 0.2604167
Moved 1126.229 260 270 -0.3472223 0.2604167
Stationary 1126.284 260 270 -0.3472223 0.2604167
Moved 1126.336 270.1643 270 -0.3119296 0.2604167
Moved 1126.392 303.068 262.233 -0.1976805 0.1929945
Moved 1126.447 329.0807 249.4597 -0.1073589 0.08211587
Moved 1126.502 357.3036 234.2722 -0.009362326 -0.04972008
Moved 1126.559 379.244 223.3781 0.06681935 -0.1442875
Moved 1126.612 389.7411 217.7529 0.1032677 -0.1931169
Moved 1126.671 398.9879 213.0121 0.1353747 -0.2342701
Moved 1126.728 404.3846 211 0.1541133 -0.2517361
Moved 1126.815 411.1479 206.8522 0.1775967 -0.2877413
Moved 1126.874 413 206 0.1840278 -0.2951389
Moved 1126.93 415.5 205 0.1927084 -0.3038192
Ended 1126.988 415 203.7738 0.1909722 -0.3144635
Began 1127.561 345 258 -0.05208336 0.15625
Stationary 1127.628 345 258 -0.05208336 0.15625
Stationary 1127.682 345 258 -0.05208336 0.15625
Stationary 1127.734 345 258 -0.05208336 0.15625
Stationary 1127.788 345 258 -0.05208336 0.15625
Stationary 1127.841 345 258 -0.05208336 0.15625
Stationary 1127.895 345 258 -0.05208336 0.15625
Stationary 1127.949 345 258 -0.05208336 0.15625
Stationary 1128.007 345 258 -0.05208336 0.15625
Moved 1128.062 360.7586 258 0.002634228 0.15625
Moved 1128.117 384.5093 258 0.08510172 0.15625
Moved 1128.173 410.5311 266.8828 0.1754552 0.2333573
Moved 1128.228 423.6588 267 0.2210374 0.2343753
Moved 1128.303 441.041 268 0.2813925 0.2430556
Moved 1128.359 447.3986 269 0.3034674 0.2517361
Moved 1128.414 450.2621 269 0.31341 0.2517361
Moved 1128.472 454 269 0.326389 0.2517361
Moved 1128.528 456.3734 269 0.33463 0.2517361
Moved 1128.585 456 270.1392 0.3333333 0.2616247
Moved 1128.644 456 271.1777 0.3333333 0.2706395
Moved 1128.701 438.1288 271 0.2712807 0.2690972
Moved 1128.757 405.0239 266.0239 0.156333 0.2259024
Moved 1128.813 383.8864 258.6288 0.08293868 0.1617082
Moved 1128.904 349.2376 240.1584 -0.03736928 0.001375675
Moved 1128.959 330.0249 227.6833 -0.1040801 -0.1069154
Moved 1129.012 319.7288 221.7288 -0.1398305 -0.1586045
Moved 1129.066 308.6304 215.6304 -0.1783667 -0.211542
Moved 1129.121 301.7657 211.7657 -0.2022024 -0.2450888
Moved 1129.177 295.9435 207.9435 -0.2224186 -0.2782684
Moved 1129.236 292.509 206 -0.2343439 -0.2951389
Moved 1129.296 289.884 202.884 -0.2434582 -0.3221872
Moved 1129.356 288.7761 201.7761 -0.2473051 -0.3318045
Ended 1129.412 288 200.9318 -0.25 -0.3391338
Began 1129.976 405 266 0.15625 0.2256945
Stationary 1130.043 405 266 0.15625 0.2256945
Stationary 1130.103 405 266 0.15625 0.2256945
Stationary 1130.158 405 266 0.15625 0.2256945
Stationary 1130.213 405 266 0.15625 0.2256945
Stationary 1130.269 405 266 0.15625 0.2256945
Moved 1130.323 395 266 0.1215278 0.2256945
Moved 1130.378 393.5 266 0.1163195 0.2256945
Moved 1130.434 393 274 0.1145834 0.2951392
Moved 1130.495 392 279.4454 0.1111111 0.3424081
Moved 1130.549 391 288.8218 0.1076388 0.4238007
Moved 1130.605 388 302.3015 0.09722218 0.5408121
Moved 1130.663 387 310.5175 0.09375007 0.6121308
Moved 1130.718 387 314.5 0.09375007 0.6467015
Moved 1130.772 387 317.3213 0.09375007 0.6711918
Moved 1130.825 387 319.1782 0.09375007 0.6873105
Stationary 1130.885 387 319.1782 0.09375007 0.6873105
Stationary 1130.937 387 319.1782 0.09375007 0.6873105
Stationary 1130.99 387 319 0.09375007 0.685764
Moved 1131.075 395.1925 319 0.1221961 0.685764
Moved 1131.129 396 299.3333 0.125 0.5150459
Moved 1131.182 396 288.4351 0.125 0.4204438
Moved 1131.237 396 274.3527 0.125 0.298201
Moved 1131.29 396 258.2582 0.125 0.1584911
Moved 1131.346 396 244.7893 0.125 0.04157411
Moved 1131.402 396 234.6602 0.125 -0.04635281
Moved 1131.458 396 228.4495 0.125 -0.1002648
Moved 1131.516 397.0223 222.9777 0.1285496 -0.1477631
Moved 1131.575 400.4483 217.5516 0.1404455 -0.194864
Moved 1131.669 405.5 213 0.1579861 -0.234375
Moved 1131.728 412.8555 211 0.1835261 -0.2517361
Moved 1131.787 427.5979 211 0.2347149 -0.2517361
Moved 1131.851 441 228 0.2812501 -0.1041667
Moved 1131.91 449.9386 237.9386 0.3122869 -0.01789385
Moved 1131.974 455.247 246.4941 0.3307189 0.05637275
Moved 1132.032 460.071 251 0.3474686 0.09548585
Moved 1132.091 462.0308 254.0308 0.3542735 0.1217948
Moved 1132.146 464.1849 256.1849 0.3617533 0.140494
Moved 1132.203 467.0643 259.0643 0.371751 0.1654882
Moved 1132.292 470.5 261 0.3836806 0.1822917
Moved 1132.349 473 262 0.3923612 0.1909725
Moved 1132.407 477 264.4905 0.4062501 0.212591
Moved 1132.463 483.8989 266 0.4302046 0.2256945
Moved 1132.52 488.2044 267 0.445154 0.2343753
Moved 1132.576 490.5756 268 0.4533874 0.2430556
Moved 1132.635 491 269 0.4548611 0.2517361
Moved 1132.694 473.1801 272.764 0.3929866 0.2844096
Moved 1132.752 441.8834 273 0.2843174 0.2864584
Moved 1132.807 413.6729 273 0.1863643 0.2864584
Moved 1132.895 375.1585 262 0.05263373 0.1909725
Moved 1132.957 353.2189 256.5547 -0.0235454 0.1437044
Moved 1133.016 335.4305 251.1436 -0.08531072 0.09673252
Moved 1133.081 324.6458 247.8229 -0.1227577 0.06790692
Moved 1133.141 314.0456 244.0228 -0.159564 0.03492064
Moved 1133.201 305.1752 240.5875 -0.190364 0.005100304
Moved 1133.267 294.6816 240 -0.2268 0
Moved 1133.325 284 239 -0.2638889 -0.008680291
Moved 1133.385 277.7054 239 -0.2857454 -0.008680291
Moved 1133.443 274.328 239 -0.2974721 -0.008680291
Moved 1133.54 272 239 -0.3055556 -0.008680291
Ended 1133.6 272 239 -0.3055556 -0.008680291
Began 1134.143 436 301 0.2638889 0.5295137
Stationary 1134.206 436 301 0.2638889 0.5295137
Stationary 1134.263 436 301 0.2638889 0.5295137
Stationary 1134.325 436 301 0.2638889 0.5295137
Stationary 1134.383 436 301 0.2638889 0.5295137
Moved 1134.442 436 291.61 0.2638889 0.4480034
Moved 1134.499 436 288.6589 0.2638889 0.4223861
Moved 1134.555 443.5639 283.9194 0.2901526 0.3812454
Moved 1134.614 446.4472 278.5528 0.3001639 0.3346595
Moved 1134.671 448.751 275 0.3081633 0.3038195
Moved 1134.726 452.0816 270.9185 0.3197277 0.2683897
Moved 1134.782 453 268.9684 0.3229167 0.2514622
Moved 1134.837 453 267 0.3229167 0.2343753
Moved 1134.892 453 264.4054 0.3229167 0.2118524
Moved 1134.953 439.9362 258.9362 0.2775563 0.1643772
Moved 1135.01 433.329 251.3291 0.2546147 0.09834316
Moved 1135.066 426.5107 240.5107 0.2309399 0.004433791
Moved 1135.152 418.0379 229.0378 0.2015204 -0.09515736
Moved 1135.206 413.7296 223.7296 0.1865612 -0.1412357
Moved 1135.26 404.6317 216.3158 0.154971 -0.2055921
Moved 1135.318 395.0192 212.0096 0.1215945 -0.2429716
Moved 1135.375 384.4559 208 0.0849165 -0.2777778
Moved 1135.436 374.8912 205 0.05170569 -0.3038192
Moved 1135.499 366 203 0.02083331 -0.3211806
Moved 1135.556 359.7238 201 -0.0009588898 -0.338542
Moved 1135.614 354.3266 200 -0.01969941 -0.3472222
Moved 1135.672 346.208 199 -0.04788898 -0.3559026
Moved 1135.765 330.7326 199 -0.101623 -0.3559026
Moved 1135.822 324.3918 199 -0.1236394 -0.3559026
Moved 1135.88 313.3301 211.335 -0.1620483 -0.2488285
Moved 1135.937 305.2766 219.4467 -0.1900116 -0.1784145
Moved 1135.995 296.5448 231.3655 -0.2203304 -0.07495245
Moved 1136.053 289.0862 238.9138 -0.2462285 -0.009428661
Moved 1136.117 283.3785 249.6215 -0.2660468 0.08351989
Moved 1136.185 281 258.0258 -0.2743056 0.1564744
Moved 1136.264 278 272.6473 -0.2847222 0.2833968
Moved 1136.322 278 282.1116 -0.2847222 0.3655524
Moved 1136.412 286.8376 293 -0.2540361 0.4600695
Moved 1136.47 293.1409 297.1409 -0.2321497 0.4960151
Moved 1136.528 305.5 300 -0.1892361 0.5208334
Moved 1136.585 321.8644 302 -0.1324154 0.5381945
Moved 1136.644 332.6784 302 -0.09486675 0.5381945
Moved 1136.704 339.0846 302 -0.07262298 0.5381945
Moved 1136.776 343.3729 302 -0.05773298 0.5381945
Moved 1136.835 346.0557 302 -0.04841782 0.5381945
Ended 1136.896 346 302 -0.04861109 0.5381945
Began 1137.585 372 308 0.04166663 0.5902779
Stationary 1137.648 372 308 0.04166663 0.5902779
Stationary 1137.707 372 308 0.04166663 0.5902779
Stationary 1137.763 372 308 0.04166663 0.5902779
Stationary 1137.823 372 308 0.04166663 0.5902779
Stationary 1137.877 372 308 0.04166663 0.5902779
Moved 1137.939 372 297.7626 0.04166663 0.5014113
Moved 1137.998 379 291.1229 0.06597222 0.4437757
Moved 1138.058 379 284.7272 0.06597222 0.3882573
Moved 1138.119 379 279.9941 0.06597222 0.3471714
Moved 1138.176 379 277.6841 0.06597222 0.3271193
Moved 1138.234 379 274.7582 0.06597222 0.3017203
Moved 1138.307 380.5 268.5 0.07118061 0.2473959
Moved 1138.362 380 265.0762 0.06944448 0.2176754
Moved 1138.414 380 262.8026 0.06944448 0.1979388
Moved 1138.466 380 261.9683 0.06944448 0.1906973
Moved 1138.519 380 259.5018 0.06944448 0.1692862
Moved 1138.572 380 259 0.06944448 0.1649308
Moved 1138.625 381.5 258 0.07465274 0.15625
Moved 1138.676 382 256.0568 0.07638887 0.1393822
Moved 1138.729 384.8773 255 0.08637965 0.1302086
Moved 1138.781 391.6158 250.3842 0.1097773 0.09014025
Moved 1138.865 397.0272 245.9728 0.1285665 0.05184704
Moved 1138.917 399.1646 243.8353 0.1359883 0.03329304
Moved 1138.969 400 242.7209 0.138889 0.02361934
Stationary 1139.023 400 243 0.138889 0.02604167
Moved 1139.087 375.7289 251.3177 0.05461409 0.09824435
Moved 1139.147 352.1212 256.7197 -0.02735697 0.1451365
Moved 1139.205 337.9676 260.0108 -0.07650153 0.1737049
Moved 1139.266 325.4443 264.2778 -0.119985 0.2107454
Moved 1139.327 314.7845 267 -0.1569984 0.2343753
Moved 1139.382 305.4818 270.5182 -0.1892993 0.2649151
Moved 1139.468 296.184 274 -0.2215834 0.2951392
Moved 1139.523 293.9505 275 -0.2293386 0.3038195
Moved 1139.58 293 275 -0.2326389 0.3038195
Moved 1139.635 291.6512 275 -0.2373222 0.3038195
Ended 1139.69 292 275 -0.2361111 0.3038195
Began 1140.505 486 239 0.4375001 -0.008680291
Stationary 1140.57 486 239 0.4375001 -0.008680291
Stationary 1140.626 486 239 0.4375001 -0.008680291
Stationary 1140.683 486 239 0.4375001 -0.008680291
Stationary 1140.742 486 239 0.4375001 -0.008680291
Stationary 1140.796 486 239 0.4375001 -0.008680291
Stationary 1140.849 486 239 0.4375001 -0.008680291
Moved 1140.903 471.2014 242.918 0.3861161 0.02532959
Moved 1140.962 430.0466 251.9949 0.2432172 0.1041219
Moved 1141.017 393.5815 255 0.1166023 0.1302086
Moved 1141.073 352.1441 257.6937 -0.0272774 0.1535914
Moved 1141.129 330.0149 258 -0.1041149 0.15625
Moved 1141.196 297.0122 258 -0.2187077 0.15625
Moved 1141.256 279.9364 258 -0.2779985 0.15625
Moved 1141.316 269.1056 258 -0.3156057 0.15625
Moved 1141.373 262.5161 258 -0.3384857 0.15625
Moved 1141.43 255.3743 258 -0.3632836 0.15625
Moved 1141.488 244.2737 258 -0.4018272 0.15625
Moved 1141.58 227.6781 250 -0.4594509 0.08680556
Moved 1141.642 222.9456 249 -0.4758835 0.07812527
Moved 1141.699 220.2074 248 -0.485391 0.06944445
Moved 1141.756 219.2747 247 -0.4886296 0.06076416
Moved 1141.819 219 244.9775 -0.4895833 0.04320781
Moved 1141.878 219 237.5 -0.4895833 -0.02170139
Moved 1141.935 226.6084 230.3916 -0.4631651 -0.08340598
Moved 1141.992 231.9928 223.0072 -0.4444695 -0.1475069
Moved 1142.055 238.5 217.5 -0.421875 -0.1953122
Moved 1142.12 246.3043 211.8479 -0.3947769 -0.2443756
Moved 1142.21 259.419 203.5809 -0.3492395 -0.3161375
Moved 1142.272 267.1497 201 -0.3223967 -0.338542
Moved 1142.332 273.5 199 -0.3003472 -0.3559026
Moved 1142.389 278.9404 196.0596 -0.2814569 -0.3814274
Moved 1142.451 284.67 196 -0.2615625 -0.3819445
Moved 1142.51 289.712 196 -0.2440556 -0.3819445
Moved 1142.568 302.0179 196 -0.2013268 -0.3819445
Moved 1142.625 321.08 215.3101 -0.1351387 -0.2143224
Moved 1142.688 339.484 224.9894 -0.07123597 -0.1303003
Moved 1142.75 350.7964 232.7964 -0.03195688 -0.06253111
Moved 1142.841 365.1505 244.0752 0.01788378 0.03537523
Moved 1142.899 372.6837 251.8418 0.04404053 0.1027936
Moved 1142.955 376 255.8597 0.05555556 0.1376716
Moved 1143.011 380.5533 262.5533 0.07136569 0.1957756
Moved 1143.068 383 267 0.07986113 0.2343753
Moved 1143.127 384 271.6611 0.08333341 0.274836
Moved 1143.183 384 273.6473 0.08333341 0.2920771
Moved 1143.245 384 275 0.08333341 0.3038195
Stationary 1143.307 384 275 0.08333341 0.3038195
Ended 1143.365 384 275 0.08333341 0.3038195
Began 1143.747 311 236 -0.1701389 -0.03472222
Stationary 1143.809 311 236 -0.1701389 -0.03472222
Stationary 1143.863 311 236 -0.1701389 -0.03472222
Stationary 1143.918 311 236 -0.1701389 -0.03472222
Stationary 1143.972 311 236 -0.1701389 -0.03472222
Stationary 1144.025 311 236 -0.1701389 -0.03472222
Stationary 1144.079 311 236 -0.1701389 -0.03472222
Stationary 1144.133 311 236 -0.1701389 -0.03472222
Stationary 1144.19 311 236 -0.1701389 -0.03472222
Moved 1144.248 329.7433 253.2478 -0.1050578 0.1149983
Moved 1144.309 359.6572 264.7314 -0.001190156 0.2146827
Moved 1144.369 387.9109 270.3822 0.09691268 0.2637344
Moved 1144.447 411.552 272.184 0.1790001 0.2793752
Moved 1144.509 426.7448 272 0.2317525 0.2777781
Moved 1144.572 441.5173 273.7587 0.2830461 0.293044
Moved 1144.632 449.1236 274 0.3094569 0.2951392
Moved 1144.693 454.4528 274 0.3279611 0.2951392
Moved 1144.758 460.317 274 0.3483227 0.2951392
Moved 1144.815 461.063 274 0.3509134 0.2951392
Moved 1144.873 463.2239 274 0.3584163 0.2951392
Stationary 1144.928 463 274 0.3576389 0.2951392
Moved 1144.989 455.8289 274 0.3327391 0.2951392
Moved 1145.087 432.0801 274 0.2502781 0.2951392
Moved 1145.149 414.5432 263.8477 0.1893863 0.2070117
Moved 1145.208 400.9263 260.4631 0.1421052 0.1776317
Moved 1145.269 387.4453 255.7227 0.09529606 0.1364814
Moved 1145.328 377.5913 253.2957 0.06108091 0.1154137
Moved 1145.388 372.5564 251 0.04359857 0.09548585
Moved 1145.447 369 249.1564 0.03124997 0.07948267
Moved 1145.505 367 247.8601 0.02430558 0.06823011
Moved 1145.563 365 246.9226 0.01736105 0.06009208
Moved 1145.622 362.752 245.752 0.009555519 0.04993015
Moved 1145.711 360.6692 245 0.002323538 0.04340278
Moved 1145.77 360 243.0851 0 0.0267805
Ended 1145.825 360 242.5 0 0.02170166
PhraseEnd 1148.55
