if at first you do not succeed
Basic
0.6 0.6
432 172.8
Began 507.089 468 353 0.25 0.6539352
Stationary 507.1292 468 353 0.25 0.6539352
Stationary 507.1623 468 353 0.25 0.6539352
Stationary 507.1922 468 353 0.25 0.6539352
Stationary 507.2217 468 353 0.25 0.6539352
Stationary 507.2514 468 353 0.25 0.6539352
Stationary 507.2849 468 353 0.25 0.6539352
Stationary 507.3182 468 353 0.25 0.6539352
Stationary 507.3509 468 353 0.25 0.6539352
Stationary 507.3815 468 353 0.25 0.6539352
Stationary 507.4157 468 353 0.25 0.6539352
Stationary 507.4472 468 353 0.25 0.6539352
Stationary 507.4809 468 353 0.25 0.6539352
Stationary 507.5125 468 353 0.25 0.6539352
Stationary 507.5429 468 353 0.25 0.6539352
Stationary 507.5742 468 353 0.25 0.6539352
Stationary 507.6048 468 353 0.25 0.6539352
Stationary 507.6349 468 353 0.25 0.6539352
Moved 507.6852 468 339.6068 0.25 0.5764284
Moved 507.7166 468 336.7453 0.25 0.5598686
Moved 507.7466 461.2487 334.1561 0.2343721 0.5448847
Moved 507.7777 455.0011 330.6674 0.21991 0.5246957
Moved 507.8091 443.8524 326.9262 0.1941029 0.503045
Moved 507.8406 431.9672 323.1869 0.1665908 0.4814056
Moved 507.8728 420.4217 322.0844 0.1398651 0.4750252
Moved 507.9047 407.0747 320.2149 0.1089691 0.4642068
Moved 507.938 396.3543 319 0.08415361 0.4571759
Moved 507.9706 387.5 318 0.06365737 0.4513889
Moved 508.0257 366.2568 314.0642 0.01448323 0.4286125
Moved 508.061 355.7485 313 -0.009841373 0.4224537
Moved 508.1002 344.7014 312 -0.0354134 0.4166669
Moved 508.1339 339.7351 311 -0.04690946 0.4108796
Moved 508.1686 335.5 310 -0.05671298 0.4050926
Moved 508.202 332.9466 310 -0.06262372 0.4050926
Moved 508.2343 330.0608 309 -0.06930371 0.3993057
Moved 508.2659 328.626 309 -0.07262493 0.3993057
Moved 508.2962 327.8747 309 -0.07436419 0.3993057
Moved 508.326 326.5 308 -0.07754628 0.3935185
Moved 508.3754 326 306.5 -0.07870371 0.384838
Moved 508.4064 324.8133 307 -0.08145069 0.3877315
Moved 508.4389 325 304.8394 -0.08101851 0.3752278
Moved 508.4709 323.626 303.626 -0.08419902 0.3682061
Moved 508.5058 324 299.8492 -0.08333336 0.3463498
Moved 508.539 322.3751 296.7502 -0.0870946 0.328416
Moved 508.5735 322 293.5082 -0.08796295 0.3096542
Moved 508.6073 321 289.2064 -0.09027779 0.284759
Moved 508.6408 319.7731 286.7731 -0.09311776 0.270678
Moved 508.6748 320 283.8264 -0.09259259 0.2536249
Moved 508.7274 320 280.5253 -0.09259259 0.2345214
Moved 508.7588 319 279.9725 -0.09490739 0.2313227
Moved 508.79 319 277.6613 -0.09490739 0.2179471
Ended 508.8242 319 278 -0.09490739 0.2199074
Backspace 509.6265
Began 510.0008 515 385 0.3587963 0.8391204
Stationary 510.0389 515 385 0.3587963 0.8391204
Stationary 510.071 515 385 0.3587963 0.8391204
Stationary 510.1013 515 385 0.3587963 0.8391204
Stationary 510.132 515 385 0.3587963 0.8391204
Stationary 510.1631 515 385 0.3587963 0.8391204
Stationary 510.1942 515 385 0.3587963 0.8391204
Moved 510.2258 515 374.0432 0.3587963 0.7757131
Moved 510.2584 515 371.1927 0.3587963 0.7592173
Moved 510.2913 508 367.6425 0.3425926 0.738672
Moved 510.3252 505.448 362.896 0.3366852 0.7112038
Moved 510.3671 502 355.9371 0.3287037 0.6709325
Moved 510.4 499.5984 351.1968 0.3231445 0.6435001
Moved 510.4334 497 345.4353 0.3171296 0.610158
Moved 510.4644 494 340.1957 0.3101851 0.5798363
Moved 510.4998 488.8847 331.7693 0.2983442 0.5310724
Moved 510.5325 484.0385 326.0386 0.2871263 0.4979086
Moved 510.5656 479.1588 322.5794 0.2758306 0.4778903
Moved 510.5987 474.1845 317.1845 0.264316 0.4466698
Moved 510.6311 469.7214 312.7214 0.2539846 0.4208413
Moved 510.6636 464.8493 306.6985 0.2427066 0.385987
Moved 510.7162 455.4539 297.4539 0.2209582 0.332488
Moved 510.7497 451.5603 293.5603 0.2119452 0.3099555
Moved 510.7843 447.0815 289.0815 0.2015775 0.2840365
Moved 510.8193 440.5581 285.186 0.1864772 0.2614933
Moved 510.8532 430.6504 278.7669 0.1635425 0.2243455
Moved 510.8875 423.766 276.2553 0.1476064 0.2098108
Moved 510.9215 415.5 272.5 0.1284723 0.1880787
Moved 510.9554 407.8058 271 0.1106616 0.1793981
Moved 510.9875 399.2002 267.7334 0.09074121 0.1604942
Moved 511.0265 389.5341 265 0.06836593 0.1446759
Moved 511.0796 379 261.5 0.04398147 0.1244215
Moved 511.1106 369.8044 259.6015 0.02269546 0.1134348
Moved 511.1421 361.1331 258.0333 0.002623002 0.1043592
Moved 511.173 351.4984 257 -0.01967966 0.09837963
Moved 511.2038 340.889 255.2964 -0.04423842 0.08852094
Moved 511.236 333.6356 254 -0.06102875 0.0810187
Moved 511.2668 326.7728 253 -0.07691488 0.07523149
Moved 511.2975 322.0264 251 -0.08790195 0.06365723
Moved 511.328 317.3126 249 -0.09881353 0.05208351
Moved 511.3584 314.66 248 -0.1049536 0.0462963
Moved 511.4081 308.9054 245 -0.1182745 0.02893519
Moved 511.44 306.2709 243.2709 -0.1243729 0.01892867
Moved 511.4701 304.4862 242 -0.1285042 0.01157425
Moved 511.5051 302.6204 241 -0.1328232 0.005787037
Moved 511.5392 300.8749 240 -0.1368637 0
Moved 511.5718 299.5 238.5 -0.1400463 -0.008680733
Moved 511.6036 299 237.7906 -0.1412037 -0.01278559
Moved 511.637 296.7398 236.7399 -0.1464355 -0.0188665
Moved 511.6697 297 235.8698 -0.1458333 -0.0239019
Moved 511.7024 295.674 236 -0.1489029 -0.02314815
Moved 511.7536 296 234.7506 -0.1481481 -0.03037841
Moved 511.7854 296 233.9606 -0.1481481 -0.0349504
Stationary 511.8171 296 233.9606 -0.1481481 -0.0349504
Ended 511.8484 295 234 -0.150463 -0.03472205
Began 512.5206 161 253 -0.4606481 0.07523149
Stationary 512.5586 161 253 -0.4606481 0.07523149
Stationary 512.5903 161 253 -0.4606481 0.07523149
Stationary 512.6202 161 253 -0.4606481 0.07523149
Stationary 512.6544 161 253 -0.4606481 0.07523149
Stationary 512.6863 161 253 -0.4606481 0.07523149
Stationary 512.7167 161 253 -0.4606481 0.07523149
Moved 512.7484 170.8461 253 -0.4378561 0.07523149
Moved 512.7808 173.2856 253 -0.4322093 0.07523149
Moved 512.813 178.3091 253 -0.4205807 0.07523149
Moved 512.8444 186.0837 253 -0.4025841 0.07523149
Moved 512.8774 200 253 -0.3703704 0.07523149
Moved 512.912 213.6737 253 -0.3387183 0.07523149
Moved 512.9467 227.8998 253 -0.3057876 0.07523149
Moved 512.9882 243.0188 253 -0.2707899 0.07523149
Moved 513.0234 263.9672 262.1869 -0.2222981 0.1283965
Moved 513.0561 275.8504 265.4626 -0.1947907 0.1473529
Moved 513.1062 287.2764 272.851 -0.1683417 0.1901097
Moved 513.1384 294.3657 276.1829 -0.1519312 0.2093916
Moved 513.1682 303.1798 282.0599 -0.1315281 0.2434026
Moved 513.1979 310.2936 286.1468 -0.1150611 0.2670532
Moved 513.2289 319.3157 290.4386 -0.09417654 0.2918901
Moved 513.2617 325.617 294.6171 -0.07959019 0.3160712
Moved 513.2931 331.3503 297.1751 -0.06631886 0.3308745
Moved 513.3245 336.4292 299.7146 -0.05456209 0.3455706
Moved 513.3584 340.5881 302.5881 -0.04493485 0.3621999
Moved 513.3934 345.8876 305.8876 -0.03266757 0.3812939
Moved 513.4484 350.8447 307.8447 -0.02119283 0.3926196
Moved 513.4861 354.1576 309 -0.013524 0.3993057
Moved 513.5214 355.7857 310 -0.009755294 0.4050926
Moved 513.5532 357.1539 310 -0.006588101 0.4050926
Ended 513.5851 358 310 -0.004629641 0.4050926
Began 514.2725 321 269 -0.09027779 0.1678241
Stationary 514.3145 321 269 -0.09027779 0.1678241
Stationary 514.3463 321 269 -0.09027779 0.1678241
Stationary 514.3768 321 269 -0.09027779 0.1678241
Stationary 514.409 321 269 -0.09027779 0.1678241
Stationary 514.4423 321 269 -0.09027779 0.1678241
Stationary 514.4752 321 269 -0.09027779 0.1678241
Stationary 514.5081 321 269 -0.09027779 0.1678241
Stationary 514.5408 321 269 -0.09027779 0.1678241
Stationary 514.5738 321 269 -0.09027779 0.1678241
Moved 514.6058 332.4521 277.9072 -0.06376833 0.2193704
Moved 514.6407 342.6416 279.4104 -0.04018153 0.2280695
Moved 514.6766 356.3271 282.5308 -0.008502056 0.2461274
Moved 514.71 373.2614 287.348 0.03069768 0.2740048
Moved 514.7442 396.6033 296.2011 0.08472989 0.3252378
Moved 514.7975 419.3951 303.7983 0.1374886 0.3692034
Moved 514.832 428.8921 306.973 0.1594725 0.3875754
Moved 514.8654 436.6841 309.8421 0.1775096 0.404179
Moved 514.9009 446.087 311 0.1992754 0.4108796
Moved 514.9351 451.1563 312 0.2110099 0.4166669
Moved 514.9702 455.4613 312 0.2209752 0.4166669
Moved 515.006 460.7567 313 0.2332332 0.4224537
Moved 515.0402 463.2611 313 0.2390303 0.4224537
Moved 515.0735 466.1289 313 0.2456687 0.4224537
Moved 515.107 467.5 313 0.2488426 0.4224537
Moved 515.1588 468 314.3217 0.25 0.4301022
Stationary 515.1937 468 314 0.25 0.4282409
Moved 515.2269 457.6093 315 0.2259474 0.4340278
Moved 515.261 444.2795 315 0.1950915 0.4340278
Moved 515.294 421.5 315 0.1423611 0.4340278
Moved 515.3251 400.5456 315 0.09385546 0.4340278
Moved 515.3589 376.7852 315 0.03885458 0.4340278
Moved 515.3962 360.5916 315 0.001369516 0.4340278
Moved 515.4298 346.2785 315 -0.03176267 0.4340278
Moved 515.4656 330.6668 315 -0.06790091 0.4340278
Moved 515.5206 322.1908 315 -0.08752122 0.4340278
Moved 515.554 319.7246 306.7246 -0.09323005 0.386138
Moved 515.5867 316.1639 306.1639 -0.1014724 0.3828932
Moved 515.6205 308.8247 300.9124 -0.1184614 0.3525022
Moved 515.6558 300.1384 295.1038 -0.1385686 0.3188875
Moved 515.6891 291.5 289 -0.1585648 0.283565
Moved 515.7234 280.8882 281.2588 -0.1831293 0.2387661
Moved 515.7563 272.5114 273.5114 -0.2025199 0.193932
Moved 515.7889 259.5 256.5 -0.2326389 0.09548612
Moved 515.8268 253.8896 250.8344 -0.245626 0.06269897
Moved 515.8827 243.4349 237.4349 -0.2698267 -0.01484429
Moved 515.9188 239.7158 233.4316 -0.2784356 -0.03801134
Moved 515.9531 234.5208 230.7604 -0.2904612 -0.05346987
Moved 515.9879 232 227.4539 -0.2962963 -0.07260499
Moved 516.0219 230.5 227 -0.2997685 -0.07523149
Moved 516.0554 229.7792 225.7792 -0.301437 -0.08229627
Moved 516.0887 230 224.8707 -0.3009259 -0.08755367
Moved 516.1226 229 223.7487 -0.3032407 -0.09404695
Moved 516.1579 246.7685 228.3966 -0.26211 -0.06714927
Moved 516.1909 263.9762 237.4882 -0.2222772 -0.01453594
Moved 516.2442 284.5 248.5 -0.1747685 0.04918982
Moved 516.2779 295.6692 253.6677 -0.1489138 0.07909563
Moved 516.3115 312.149 261.2596 -0.1107663 0.12303
Moved 516.3439 323.9807 265.4952 -0.08337796 0.1475417
Moved 516.3775 332.0441 268.0147 -0.06471266 0.1621223
Moved 516.4094 341.654 270.8847 -0.04246756 0.1787309
Moved 516.4414 351.2788 273 -0.0201879 0.1909722
Moved 516.472 358.4942 275.2471 -0.00348563 0.2039763
Moved 516.503 367.5719 278.1906 0.01752754 0.2210105
Moved 516.534 371.0625 279 0.02560755 0.2256946
Moved 516.5837 375.5 281.5 0.03587961 0.2401621
Moved 516.6146 377 282 0.03935188 0.2430556
Moved 516.6443 378 283 0.04166663 0.2488426
Moved 516.6743 379 283 0.04398147 0.2488426
Moved 516.7041 380 284 0.04629632 0.2546298
Moved 516.7389 381 284 0.04861106 0.2546298
Ended 516.7742 382.1631 284 0.0513036 0.2546298
Began 517.3634 329 302 -0.07175927 0.3587963
Stationary 517.4031 329 302 -0.07175927 0.3587963
Stationary 517.4338 329 302 -0.07175927 0.3587963
Stationary 517.4648 329 302 -0.07175927 0.3587963
Stationary 517.4957 329 302 -0.07175927 0.3587963
Stationary 517.5281 329 302 -0.07175927 0.3587963
Moved 517.5591 339.7904 309 -0.04678155 0.3993057
Moved 517.5924 343.6946 309 -0.0377439 0.3993057
Moved 517.6257 349.6534 309 -0.02395044 0.3993057
Moved 517.6583 354.3915 310 -0.01298264 0.4050926
Moved 517.6901 361.1872 310 0.002748072 0.4050926
Moved 517.7225 367.7864 310 0.01802414 0.4050926
Moved 517.7549 376.3782 310 0.03791243 0.4050926
Moved 517.7956 389.5166 310 0.0683255 0.4050926
Moved 517.8301 396.8014 310 0.08518846 0.4050926
Moved 517.8655 409.5 310 0.1145834 0.4050926
Moved 517.9178 425.5974 310 0.1518458 0.4050926
Moved 517.9504 435.6365 310 0.1750845 0.4050926
Moved 517.9879 451.1313 302 0.2109521 0.3587963
Moved 518.0226 462 300.5 0.2361111 0.3501157
Moved 518.0562 470.9836 299.0041 0.2569065 0.341459
Moved 518.0957 487.2219 299 0.2944952 0.3414354
Moved 518.1292 494.5242 299 0.3113986 0.3414354
Moved 518.1625 500.4851 299 0.325197 0.3414354
Moved 518.1957 505.6118 299 0.3370643 0.3414354
Moved 518.2295 509.4778 299 0.3460135 0.3414354
Moved 518.2811 513.4616 299 0.3552352 0.3414354
Moved 518.3127 514 299 0.3564815 0.3414354
Stationary 518.3441 514 299 0.3564815 0.3414354
Stationary 518.3772 514 299 0.3564815 0.3414354
Moved 518.4101 495.9608 299 0.3147241 0.3414354
Moved 518.4462 482.5804 307.7679 0.2837508 0.3921753
Moved 518.4818 463.7151 309 0.2400811 0.3993057
Moved 518.5147 453.7955 309 0.2171192 0.3993057
Moved 518.547 446.172 309 0.1994722 0.3993057
Moved 518.58 440.0513 309 0.185304 0.3993057
Moved 518.6311 432.1488 309 0.1670111 0.3993057
Moved 518.6654 425.2686 309 0.1510848 0.3993057
Moved 518.6987 421.7764 309 0.143001 0.3993057
Moved 518.7323 418.8294 309 0.1361792 0.3993057
Moved 518.7678 416.958 309 0.1318473 0.3993057
Moved 518.8066 415 309 0.1273148 0.3993057
Stationary 518.8409 415 309 0.1273148 0.3993057
Ended 518.8732 414 309 0.125 0.3993057
Began 519.4998 238 260 -0.2824074 0.1157407
Stationary 519.546 238 260 -0.2824074 0.1157407
Stationary 519.5773 238 260 -0.2824074 0.1157407
Stationary 519.6086 238 260 -0.2824074 0.1157407
Stationary 519.6404 238 260 -0.2824074 0.1157407
Moved 519.6714 250.5761 260 -0.2532961 0.1157407
Moved 519.7028 257.483 260 -0.2373078 0.1157407
Moved 519.7344 264.8297 260 -0.2203015 0.1157407
Moved 519.7651 272.7484 260 -0.2019714 0.1157407
Moved 519.7963 278.9151 260 -0.1876965 0.1157407
Moved 519.8274 285.6571 260 -0.17209 0.1157407
Moved 519.8586 291.7035 260 -0.1580938 0.1157407
Moved 519.8894 298.4416 260 -0.1424963 0.1157407
Moved 519.9202 305.7628 260 -0.125549 0.1157407
Moved 519.9648 316.741 260 -0.1001366 0.1157407
Moved 519.9955 325.3595 260 -0.08018627 0.1157407
Moved 520.0277 334.0062 269.3354 -0.06017094 0.1697652
Moved 520.061 340.7044 271.9015 -0.04466563 0.1846149
Moved 520.095 351.4903 278.3269 -0.01969834 0.2217994
Moved 520.133 358.0796 284.0796 -0.004445463 0.2550902
Moved 520.1707 369.4982 292.6237 0.02198666 0.3045351
Moved 520.2038 376.4966 298.4966 0.03818661 0.3385223
Moved 520.2374 383.2374 302.2374 0.05379031 0.3601705
Moved 520.2692 391.4464 305.4821 0.07279266 0.3789474
Moved 520.3213 399.9455 309.4728 0.09246647 0.4020416
Moved 520.3552 409.5641 312 0.1147316 0.4166669
Moved 520.387 415.4442 313.2221 0.1283431 0.4237393
Moved 520.4208 425.3431 313 0.1512572 0.4224537
Moved 520.4551 433.0914 313 0.169193 0.4224537
Moved 520.4871 440.8398 313 0.1871291 0.4224537
Moved 520.5208 446.9582 313 0.2012921 0.4224537
Moved 520.5548 456.5828 313 0.2235713 0.4224537
Moved 520.5881 463.3334 313 0.2391978 0.4224537
Moved 520.6226 468.4052 313 0.2509379 0.4224537
Moved 520.6746 477.0086 304.4957 0.2708532 0.3732388
Moved 520.7056 482.7692 303 0.284188 0.3645834
Moved 520.7367 488.3458 300.4361 0.2970968 0.3497461
Moved 520.7682 494.3074 298.3463 0.3108968 0.3376525
Moved 520.8063 500.9582 295 0.326292 0.318287
Moved 520.8373 504.5053 292.4946 0.3345031 0.3037884
Moved 520.8723 506.5 292 0.3391203 0.3009261
Moved 520.9035 507 291 0.3402778 0.2951389
Ended 520.9397 507 291 0.3402778 0.2951389
Began 521.9634 393 176 0.07638891 -0.3703704
Stationary 522.0013 393 176 0.07638891 -0.3703704
Stationary 522.0356 393 176 0.07638891 -0.3703704
Stationary 522.067 393 176 0.07638891 -0.3703704
Stationary 522.0988 393 176 0.07638891 -0.3703704
Stationary 522.1305 393 176 0.07638891 -0.3703704
Stationary 522.1627 393 176 0.07638891 -0.3703704
Stationary 522.1957 393 176 0.07638891 -0.3703704
Stationary 522.2274 393 176 0.07638891 -0.3703704
Stationary 522.2609 393 176 0.07638891 -0.3703704
Moved 522.2952 402.5836 190.5836 0.09857316 -0.2859744
Moved 522.3295 411.7399 197.7399 0.1197682 -0.2445608
Moved 522.3626 425.734 208.8228 0.1521621 -0.1804239
Moved 522.4073 445 228 0.1967593 -0.06944445
Moved 522.4406 457.2299 239.23 0.2250693 -0.004456132
Moved 522.4808 472.8617 253.8617 0.2612539 0.08021832
Moved 522.5375 484.2478 264.6859 0.2876106 0.142858
Moved 522.5707 494.5206 273.6804 0.3113902 0.1949095
Moved 522.6049 500.9241 281.9241 0.3262132 0.2426167
Moved 522.6407 505.3281 287.3281 0.3364076 0.2738894
Moved 522.6764 510.1745 292.1745 0.3476261 0.3019358
Moved 522.712 514.3889 296 0.3573817 0.3240741
Moved 522.7447 516.9441 298 0.3632965 0.3356482
Moved 522.7778 518.7975 300 0.3675869 0.3472222
Moved 522.8106 519 301 0.3680556 0.3530091
Stationary 522.8431 519 301 0.3680556 0.3530091
Moved 522.8962 491.3944 306.9211 0.3041537 0.3872751
Moved 522.9301 468.8263 308.7971 0.2519128 0.3981313
Moved 522.9638 446.5 309 0.2002315 0.3993057
Moved 522.9961 420.4546 310 0.1399412 0.4050926
Moved 523.028 400.4803 310 0.09370427 0.4050926
Moved 523.0604 386.1661 310 0.06056964 0.4050926
Moved 523.0937 370.5509 312 0.0244234 0.4166669
Moved 523.1334 360.9412 313 0.002178748 0.4224537
Moved 523.1666 353.8875 313.5563 -0.0141493 0.4256731
Moved 523.2025 344.8755 314 -0.03501038 0.4282409
Moved 523.2599 337.2805 314 -0.05259151 0.4282409
Moved 523.2947 330.2646 314 -0.06883204 0.4282409
Moved 523.3275 326.2979 314 -0.07801409 0.4282409
Moved 523.3582 322.4281 314 -0.08697192 0.4282409
Moved 523.3886 319.5527 314 -0.09362806 0.4282409
Moved 523.4197 318.0415 314 -0.09712622 0.4282409
Moved 523.4505 317.1707 314 -0.09914199 0.4282409
Stationary 523.4817 317 314 -0.09953702 0.4282409
Ended 523.5122 317 314 -0.09953702 0.4282409
Began 524.4684 227 245 -0.3078704 0.02893519
Stationary 524.5124 227 245 -0.3078704 0.02893519
Stationary 524.5565 227 245 -0.3078704 0.02893519
Stationary 524.5975 227 245 -0.3078704 0.02893519
Stationary 524.6296 227 245 -0.3078704 0.02893519
Stationary 524.6608 227 245 -0.3078704 0.02893519
Stationary 524.6921 227 245 -0.3078704 0.02893519
Stationary 524.7227 227 245 -0.3078704 0.02893519
Stationary 524.7534 227 245 -0.3078704 0.02893519
Stationary 524.7847 227 245 -0.3078704 0.02893519
Stationary 524.8159 227 245 -0.3078704 0.02893519
Moved 524.8474 256.2004 245 -0.2402768 0.02893519
Moved 524.89 281.0146 245 -0.1828365 0.02893519
Moved 524.9235 322.8532 253.0853 -0.085988 0.07572528
Moved 524.9562 346.5583 255 -0.03111502 0.08680573
Moved 524.9888 366.8283 257.7285 0.01580636 0.1025956
Moved 525.0217 381.7825 260.1565 0.05042235 0.1166464
Moved 525.0567 399.5081 262 0.09145388 0.127315
Moved 525.0918 412.8176 264.9544 0.1222629 0.1444121
Moved 525.1265 427.8592 269 0.1570815 0.1678241
Moved 525.1613 436.4402 270.8134 0.1769448 0.1783184
Moved 525.1994 443.3805 273.6902 0.1930105 0.1949669
Moved 525.2552 453.0665 277.0665 0.2154317 0.2145056
Moved 525.2889 455.9337 278.9337 0.2220687 0.2253109
Moved 525.3215 458.5 280 0.2280092 0.2314817
Moved 525.3539 460 282 0.2314815 0.2430556
Moved 525.3866 460 283.5 0.2314815 0.2517361
Moved 525.4188 460 284 0.2314815 0.2546298
Stationary 525.4506 460 284 0.2314815 0.2546298
Stationary 525.4821 460 284 0.2314815 0.2546298
Moved 525.5198 441.5871 284 0.1888589 0.2546298
Moved 525.555 426.5114 273.8372 0.1539616 0.1958171
Moved 525.6097 415.7096 266.8064 0.1289573 0.1551298
Moved 525.6427 408.1061 262.0707 0.1113567 0.1277242
Moved 525.6746 399.4984 254.4984 0.09143154 0.08390286
Moved 525.7082 390.3508 243.3508 0.07025649 0.01939138
Moved 525.7425 385.3014 237.6028 0.05856792 -0.01387296
Moved 525.7802 379.8508 230.8508 0.04595101 -0.05294659
Moved 525.8159 373 223 0.0300926 -0.09837963
Moved 525.8484 368.5979 215.1958 0.01990249 -0.1435428
Moved 525.8812 363.4813 209.2219 0.008058548 -0.1781139
Moved 525.9137 360.1743 203.5228 0.0004033248 -0.2110948
Moved 525.968 355 195.9049 -0.01157408 -0.2551798
Moved 526.0026 349.5576 189.1154 -0.02417212 -0.2944711
Moved 526.0362 346.0382 185.019 -0.03231898 -0.3181769
Moved 526.0692 341.3075 180.3075 -0.04326969 -0.3454426
Moved 526.1033 335.566 175.566 -0.05656009 -0.3728815
Moved 526.1394 328.6943 171.3472 -0.07246697 -0.3972965
Moved 526.1753 324 169.5 -0.08333336 -0.407986
Moved 526.2084 320.6037 167.6036 -0.09119521 -0.4189605
Moved 526.2421 315.0898 168 -0.1039587 -0.4166667
Moved 526.278 307.5246 167 -0.1214708 -0.4224537
Moved 526.3391 297.5699 167 -0.144514 -0.4224537
Moved 526.3748 290.5204 167 -0.1608324 -0.4224537
Moved 526.4089 285.2987 177.8051 -0.1729196 -0.3599243
Moved 526.4423 279.5268 179.2366 -0.1862807 -0.3516402
Moved 526.4756 268.2908 195.182 -0.2122897 -0.2593634
Moved 526.5089 261.6781 211.7511 -0.2275969 -0.1634775
Moved 526.5428 258.0238 229.8811 -0.2360561 -0.05855843
Moved 526.5755 255.6263 241.8685 -0.2416058 0.01081325
Moved 526.6083 252.6242 260.2547 -0.248555 0.1172147
Moved 526.6405 250.7545 269.9821 -0.2528831 0.1735075
Moved 526.6967 248.3841 288.8478 -0.2583702 0.2826839
Moved 526.7316 248 294.968 -0.2592593 0.3181016
Moved 526.7653 246 302.7052 -0.2638889 0.3628773
Moved 526.7984 245 309.3302 -0.2662037 0.4012166
Moved 526.8362 244 312.15 -0.2685185 0.4175345
Moved 526.8762 244 315.4028 -0.2685185 0.4363585
Moved 526.91 244 316.913 -0.2685185 0.4450987
Moved 526.9431 244 318 -0.2685185 0.4513889
Moved 526.9788 244 319 -0.2685185 0.4571759
Stationary 527.0123 244 319 -0.2685185 0.4571759
Moved 527.0634 254.5 319 -0.244213 0.4571759
Moved 527.0994 252.5 319 -0.2488426 0.4571759
Moved 527.1344 253.1358 319 -0.2473709 0.4571759
Moved 527.17 256.6726 319 -0.2391837 0.4571759
Moved 527.2048 258.5493 309.9015 -0.2348397 0.4045227
Moved 527.2408 262.0889 304.8666 -0.226646 0.3753851
Moved 527.2762 266.3679 294.2642 -0.216741 0.3140291
Moved 527.3089 268.2368 287.2895 -0.2124147 0.2736662
Moved 527.3417 270.8324 282.3351 -0.2064064 0.2449951
Moved 527.379 273.6444 276.7112 -0.1998972 0.2124491
Moved 527.436 276 269.6207 -0.1944444 0.1714159
Moved 527.4692 277 268 -0.1921296 0.162037
Moved 527.5046 278 265.2305 -0.1898148 0.1460098
Moved 527.5377 279 261.9239 -0.1875 0.1268745
Moved 527.5692 279 261 -0.1875 0.1215278
Moved 527.6036 280 258.5001 -0.1851852 0.1070605
Moved 527.637 280 257.8127 -0.1851852 0.1030828
Moved 527.6713 281 254.7537 -0.1828704 0.08537982
Moved 527.7053 281 251.7788 -0.1828704 0.0681644
Moved 527.7428 282 248.9089 -0.1805555 0.05155634
Moved 527.7957 282 246.9851 -0.1805555 0.04042308
Moved 527.8276 282 245.7506 -0.1805555 0.03327917
Ended 527.8593 282 245 -0.1805555 0.02893519
PhraseEnd 529.4983
