the five boxing wizards jump quickly
Basic
0.8 0.8
575.9999 435.2
Began 2242.836 353 511 -0.01215279 0.3285846
Stationary 2242.916 353 511 -0.01215279 0.3285846
Stationary 2242.989 353 511 -0.01215279 0.3285846
Stationary 2243.069 353 511 -0.01215279 0.3285846
Moved 2243.147 362.6709 494.6581 0.004637018 0.2910343
Moved 2243.225 377.4517 471.5806 0.03029801 0.2380069
Moved 2243.309 402.125 429.7499 0.07313371 0.1418887
Moved 2243.385 417.3324 397.3351 0.09953544 0.06740613
Moved 2243.465 424 379.5566 0.1111111 0.02655485
Moved 2243.542 425 370.4667 0.1128472 0.005667981
Moved 2243.618 425 368 0.1128472 0
Moved 2243.698 379.6938 379.2041 0.03419064 0.02574472
Moved 2243.774 328.6982 426.0692 -0.0543435 0.133431
Moved 2243.873 297.1523 460.8477 -0.1091106 0.2133449
Moved 2243.949 277 476 -0.1440972 0.2481618
Moved 2244.022 262.7564 489.8654 -0.1688257 0.2800215
Moved 2244.095 252.5672 510.2985 -0.1865153 0.3269726
Moved 2244.17 245.7607 523.2393 -0.1983321 0.356708
Moved 2244.25 240.5316 529 -0.2074104 0.3699449
Moved 2244.33 236 533 -0.2152778 0.3791361
Ended 2244.403 235 534 -0.2170139 0.3814339
Began 2244.726 287 372 -0.1267361 0.009191248
Stationary 2244.811 287 372 -0.1267361 0.009191248
Moved 2244.887 303.0692 381.0692 -0.09883817 0.03003037
Moved 2244.962 329.0541 397.527 -0.05372558 0.0678471
Moved 2245.046 365.8216 420.9108 0.01010701 0.1215782
Moved 2245.126 405.4513 450.7094 0.07890851 0.1900493
Moved 2245.203 440.211 476.6582 0.1392552 0.2496742
Moved 2245.28 466.5 503 0.1848959 0.3102022
Moved 2245.359 490.0376 521.0376 0.2257598 0.3516489
Moved 2245.436 504.4969 529 0.2508627 0.3699449
Moved 2245.514 511.5 532 0.2630208 0.3768383
Moved 2245.591 514.0579 532 0.2674617 0.3768383
Moved 2245.665 502.6901 503.3802 0.2477259 0.311076
Moved 2245.738 478.2248 440.7491 0.2052514 0.1671626
Moved 2245.812 460.8083 388.425 0.1750144 0.04693246
Moved 2245.891 441.3012 346.4016 0.1411479 -0.04962879
Moved 2245.966 420.0903 319.0903 0.1043235 -0.1123843
Moved 2246.079 393.7675 285.7675 0.05862408 -0.1889535
Moved 2246.155 372.2898 267.8599 0.02133645 -0.2301014
Moved 2246.23 348.7108 253.1406 -0.01959924 -0.2639231
Moved 2246.306 331.4599 240.73 -0.04954879 -0.2924402
Moved 2246.383 318.565 230.5649 -0.07193581 -0.3157974
Moved 2246.459 311.7702 228 -0.08373235 -0.3216912
Moved 2246.534 306.9298 227 -0.09213571 -0.323989
Moved 2246.609 306 282.236 -0.09374999 -0.197068
Moved 2246.688 301.9494 337.2529 -0.1007823 -0.07065052
Moved 2246.764 292.1738 381.4786 -0.1177538 0.03097107
Moved 2246.88 277.4365 425.6904 -0.1433394 0.1325607
Moved 2246.957 268.7187 452.1252 -0.1584745 0.1933025
Moved 2247.035 261 464.5485 -0.171875 0.2218487
Moved 2247.114 253.2295 472.3853 -0.1853654 0.2398559
Moved 2247.19 240.4107 484.5893 -0.2076203 0.2678983
Moved 2247.265 231 494.3616 -0.2239584 0.2903529
Moved 2247.34 225.7651 500.2349 -0.2330467 0.3038485
Ended 2247.413 224.5229 502 -0.2352033 0.3079045
Began 2248.075 386 268 0.0451389 -0.2297794
Stationary 2248.159 386 268 0.0451389 -0.2297794
Stationary 2248.234 386 268 0.0451389 -0.2297794
Moved 2248.308 386 292.3409 0.0451389 -0.1738491
Moved 2248.386 407.7048 324.7048 0.08282081 -0.09948353
Moved 2248.463 437.3257 358.1047 0.134246 -0.02273728
Moved 2248.538 480.9268 399.9268 0.2099424 0.07336134
Moved 2248.612 510.8934 436.0635 0.2619678 0.1563958
Moved 2248.688 532.967 470.967 0.30029 0.2365971
Moved 2248.78 550.2219 503.6656 0.3302463 0.3117318
Moved 2248.854 553 512.0594 0.3350694 0.331019
Moved 2248.925 554 516 0.3368056 0.3400735
Moved 2249 554 518 0.3368056 0.3446691
Moved 2249.076 554 519 0.3368056 0.346967
Stationary 2249.174 554 519 0.3368056 0.346967
Moved 2249.25 544.1176 519 0.3196486 0.346967
Moved 2249.335 504.1404 485.386 0.2502437 0.2697288
Moved 2249.41 424.4991 435.2852 0.1119775 0.1546074
Moved 2249.49 353.8364 390.9091 -0.01070064 0.05264048
Moved 2249.571 311.8493 367.5096 -0.08359493 -0.001126879
Moved 2249.65 274.2194 341.9145 -0.1489248 -0.05993914
Moved 2249.722 251.4504 322.4504 -0.1884542 -0.1046637
Moved 2249.8 236.3177 299.9532 -0.2147262 -0.1563575
Moved 2249.877 224.0255 284.0255 -0.2360668 -0.1929561
Moved 2249.991 217 261.1646 -0.2482639 -0.2454858
Moved 2250.08 217 247.0778 -0.2482639 -0.2778544
Moved 2250.156 268.336 260.5497 -0.1591389 -0.2468987
Moved 2250.233 334.6832 338.4719 -0.04395284 -0.06784945
Moved 2250.315 371.8202 399.5252 0.02052113 0.07243848
Moved 2250.403 406 436 0.07986113 0.15625
Moved 2250.483 451.3952 467.2964 0.1586723 0.2281628
Moved 2250.562 472.8495 482.8495 0.1959193 0.2639006
Moved 2250.639 495.218 501.2181 0.2347536 0.3061078
Moved 2250.716 506.9105 512.821 0.255053 0.3327688
Moved 2250.827 515.6328 517 0.2701958 0.3423713
Moved 2250.901 519.0181 518 0.2760731 0.3446691
Moved 2250.975 520 518 0.2777778 0.3446691
Moved 2251.051 520 498.2131 0.2777778 0.2992029
Moved 2251.125 508.282 463.987 0.257434 0.2205584
Moved 2251.2 497.3266 421.2865 0.2384143 0.1224414
Moved 2251.278 488.3259 384.1408 0.2227881 0.03708829
Moved 2251.354 481.2948 348.7688 0.2105813 -0.04418927
Moved 2251.43 473 318.5 0.1961806 -0.1137408
Moved 2251.508 466.5 290.5 0.1848959 -0.1780791
Moved 2251.627 456.6698 263.3397 0.1678295 -0.2404879
Moved 2251.706 452 245.7534 0.1597222 -0.2808975
Moved 2251.786 448.5721 237.5721 0.153771 -0.2996964
Moved 2251.863 446.8772 232.8772 0.1508285 -0.3104844
Moved 2251.941 443.3405 232 0.1446883 -0.3125
Moved 2252.02 427.8438 263.7499 0.1177844 -0.2395453
Moved 2252.097 413.4925 311.045 0.09286888 -0.1308708
Moved 2252.177 402.7448 345.0206 0.07420979 -0.052802
Moved 2252.254 392.4954 365.5138 0.05641565 -0.00571272
Moved 2252.331 386 382.6325 0.0451389 0.03362256
Moved 2252.447 383 391.025 0.03993057 0.05290666
Ended 2252.526 383 392 0.03993057 0.0551471
Began 2253.452 216 476 -0.25 0.2481618
Stationary 2253.537 216 476 -0.25 0.2481618
Stationary 2253.62 216 476 -0.25 0.2481618
Moved 2253.698 235.5359 476 -0.2160836 0.2481618
Moved 2253.777 291.676 476 -0.118618 0.2481618
Moved 2253.851 371.4276 476 0.01983948 0.2481618
Moved 2253.927 440.4483 476 0.1396672 0.2481618
Moved 2254.009 481.3689 476 0.2107099 0.2481618
Moved 2254.091 507.1007 476 0.2553831 0.2481618
Moved 2254.17 516.4998 476 0.2717011 0.2481618
Moved 2254.249 517 476 0.2725694 0.2481618
Moved 2254.325 479.3265 463.1633 0.2071642 0.2186656
Moved 2254.407 423.1248 425.4166 0.1095918 0.1319315
Moved 2254.485 384.7942 394.4354 0.04304544 0.060743
Moved 2254.59 340.4097 363.0458 -0.03401101 -0.01138379
Moved 2254.67 319 341.5 -0.07118054 -0.06089148
Moved 2254.75 300.0765 322.7687 -0.1040338 -0.1039323
Moved 2254.824 285.8427 302.6853 -0.1287454 -0.1500797
Moved 2254.904 270.0198 284.0397 -0.1562156 -0.1929235
Moved 2254.979 259.7344 270.7344 -0.1740722 -0.2234963
Moved 2255.053 248.0081 254.0081 -0.1944304 -0.26193
Moved 2255.131 240.1688 241.1688 -0.2080403 -0.291432
Moved 2255.206 234.5 234.5 -0.217882 -0.3067555
Moved 2255.279 228.1986 234 -0.2288218 -0.3079044
Moved 2255.39 210.96 253.5601 -0.2587501 -0.2629594
Moved 2255.465 201.6595 287.3619 -0.2748967 -0.1852898
Moved 2255.54 193.4884 316.0466 -0.2890827 -0.1193783
Moved 2255.614 185.2452 339.5096 -0.3033938 -0.06546491
Moved 2255.689 174.2238 354.5524 -0.3225281 -0.03089982
Moved 2255.765 158.1112 378.7776 -0.3505014 0.02476468
Moved 2255.841 152 398.2512 -0.3611111 0.06951094
Moved 2255.917 152 413.1968 -0.3611111 0.103853
Moved 2255.992 171.0875 428.3156 -0.3279731 0.1385929
Moved 2256.067 206.5364 449.1788 -0.2664299 0.1865323
Moved 2256.181 256.8739 467.6246 -0.1790384 0.2289169
Moved 2256.257 279.4155 475.1385 -0.1399036 0.2461822
Moved 2256.334 299.5461 484.273 -0.1049547 0.2671714
Moved 2256.413 308.5428 486 -0.08933541 0.2711397
Moved 2256.489 315.3889 486 -0.0774499 0.2711397
Moved 2256.564 317.341 486 -0.07406083 0.2711397
Moved 2256.639 320 462.2017 -0.06944445 0.216456
Moved 2256.714 320 441.614 -0.06944445 0.1691498
Moved 2256.795 309.369 416.1069 -0.08790106 0.1105399
Moved 2256.874 298.7784 390.335 -0.1062876 0.05132129
Moved 2256.989 272.2359 367.2359 -0.1523682 -0.001755743
Moved 2257.069 254.5575 358.2787 -0.1830598 -0.02233744
Moved 2257.144 235.9193 351.4597 -0.2154179 -0.03800631
Moved 2257.22 216.5 349 -0.249132 -0.04365802
Moved 2257.296 205.4313 349 -0.2683484 -0.04365802
Moved 2257.371 200.6266 349 -0.27669 -0.04365802
Ended 2257.444 200 349 -0.2777778 -0.04365802
Began 2258.553 469 344 0.1892361 -0.05514707
Stationary 2258.651 469 344 0.1892361 -0.05514707
Moved 2258.728 453.6199 355.6901 0.1625345 -0.02828563
Moved 2258.806 437.4579 367.0281 0.1344755 -0.002233281
Moved 2258.882 417.5 401 0.09982639 0.07582718
Moved 2258.962 402.5452 464.0933 0.07386319 0.2208027
Moved 2259.042 402 513.7856 0.07291667 0.3349853
Moved 2259.117 402 534.1498 0.07291667 0.381778
Moved 2259.194 410.9089 543.2727 0.08838348 0.4027406
Moved 2259.273 412 546 0.09027779 0.4090073
Moved 2259.348 414.3766 546 0.09440392 0.4090073
Moved 2259.423 421.0939 531.8121 0.1060659 0.3764066
Moved 2259.499 429.8264 505.2604 0.1212264 0.3153961
Moved 2259.58 437.2046 469.9772 0.1340357 0.2343227
Moved 2259.657 443.0262 442.8954 0.1441427 0.1720943
Moved 2259.732 448.1974 413.4077 0.1531206 0.1043375
Moved 2259.813 452 391.9968 0.1597222 0.05513966
Moved 2259.932 461.1415 356.717 0.1755929 -0.02592599
Moved 2260.012 466.8524 337.4428 0.1855076 -0.07021414
Moved 2260.09 473.0128 321.9743 0.1962028 -0.1057576
Moved 2260.17 479.8693 308.2615 0.2081064 -0.1372668
Moved 2260.249 485.7072 295.5855 0.2182417 -0.1663935
Moved 2260.328 490 285.5 0.2256945 -0.189568
Moved 2260.403 494 273.6707 0.2326389 -0.2167494
Moved 2260.478 497.5 262 0.2387153 -0.2435661
Moved 2260.554 501.243 250.7571 0.2452134 -0.2694001
Moved 2260.63 503 243.5023 0.2482639 -0.2860701
Moved 2260.742 506.0667 241 0.2535881 -0.2918199
Moved 2260.821 524.1778 282.4623 0.2850309 -0.1965481
Moved 2260.902 542.2599 349.5598 0.3164235 -0.0423719
Moved 2260.98 551.8505 381.7009 0.3330737 0.03148191
Moved 2261.056 560.546 406.092 0.3481702 0.0875276
Moved 2261.138 566.0851 429.4257 0.3577867 0.1411437
Moved 2261.217 571 450.9632 0.3663194 0.1906324
Moved 2261.298 574 467.2301 0.3715278 0.2280104
Moved 2261.385 577 479.3846 0.3767361 0.2559389
Moved 2261.464 580.1884 487.3768 0.3822716 0.2743033
Moved 2261.579 590.2891 501.2891 0.3998075 0.3062711
Moved 2261.656 597.1034 507.1034 0.4116379 0.319631
Moved 2261.733 602 510 0.4201389 0.3262868
Ended 2261.813 604.5 510 0.4244792 0.3262868
Began 2263.286 97 479 -0.4565972 0.2550552
Stationary 2263.359 97 479 -0.4565972 0.2550552
Moved 2263.434 106.1891 479 -0.440644 0.2550552
Moved 2263.512 120.1459 479 -0.4164133 0.2550552
Moved 2263.591 180.227 479 -0.3121059 0.2550552
Moved 2263.675 259.4432 490.7405 -0.1745778 0.2820325
Moved 2263.757 321.0248 492 -0.0676652 0.2849265
Moved 2263.837 371.5857 492 0.02011404 0.2849265
Moved 2263.915 406 484 0.07986113 0.2665442
Moved 2263.991 437.4753 483 0.1345057 0.2642463
Moved 2264.08 459.3343 482 0.1724554 0.2619486
Moved 2264.154 474.0075 481 0.1979297 0.2596507
Moved 2264.227 484.1736 481 0.2155792 0.2596507
Moved 2264.302 490.8696 481 0.2272042 0.2596507
Moved 2264.382 495.5 481 0.2352431 0.2596507
Moved 2264.459 501.9059 481 0.2463644 0.2596507
Moved 2264.54 504.7345 481 0.2512752 0.2596507
Moved 2264.62 505 481 0.2517361 0.2596507
Moved 2264.696 493.1597 476.5798 0.2311801 0.2494941
Moved 2264.772 458.5 448.5 0.1710069 0.1849724
Moved 2264.885 385.4069 381.7586 0.04410915 0.03161452
Moved 2264.965 359.5 346 -0.0008680672 -0.05055147
Moved 2265.037 345.7375 314.6878 -0.02476119 -0.1225004
Moved 2265.108 332.9149 286.6594 -0.04702282 -0.1869038
Moved 2265.179 317.3473 251.6946 -0.07404979 -0.2672459
Moved 2265.25 306.4145 228.6217 -0.09303045 -0.3202627
Moved 2265.322 301 213.1147 -0.1024305 -0.3558944
Moved 2265.394 298 204.731 -0.1076389 -0.3751587
Moved 2265.466 316.019 202 -0.07635598 -0.3814338
Moved 2265.537 376.424 244.818 0.0285139 -0.2830468
Moved 2265.65 454.9482 318.9379 0.1648407 -0.1127346
Moved 2265.732 481.9308 340.5723 0.2116854 -0.06302315
Moved 2265.812 505.4366 355.4366 0.2524942 -0.028868
Moved 2265.891 524.5779 365.7889 0.2857256 -0.00508049
Moved 2265.969 541.2098 372 0.3146004 0.009191248
Moved 2266.048 557.8033 375 0.3434086 0.01608456
Moved 2266.126 565.0674 376 0.3560199 0.01838228
Moved 2266.202 568.3734 376 0.3617594 0.01838228
Moved 2266.277 570 376 0.3645834 0.01838228
Moved 2266.352 573.1453 376 0.370044 0.01838228
Moved 2266.464 547 385.5 0.3246528 0.0402114
Moved 2266.546 495.7162 405.7612 0.2356185 0.08676758
Moved 2266.625 455.0551 421.4862 0.1650262 0.1229003
Moved 2266.7 430.7826 437.163 0.1228865 0.1589224
Moved 2266.776 410.5064 456.4937 0.0876847 0.2033402
Moved 2266.853 392.913 474.1306 0.05714059 0.2438662
Moved 2266.935 380.3394 493.5474 0.03531151 0.2884822
Moved 2267.017 369 516.9625 0.01562499 0.3422852
Moved 2267.097 367 528.5872 0.01215279 0.3689963
Ended 2267.182 367 533 0.01215279 0.3791361
PhraseEnd 2270.908
