my favorite place to visit
Basic
0.4 0.4
288 217.6
Began 1575.096 462 270 0.3541667 -0.4503677
Stationary 1575.156 462 270 0.3541667 -0.4503677
Stationary 1575.213 462 270 0.3541667 -0.4503677
Stationary 1575.269 462 270 0.3541667 -0.4503677
Stationary 1575.321 462 270 0.3541667 -0.4503677
Moved 1575.371 450.5986 270 0.3145784 -0.4503677
Moved 1575.429 439.8235 286.1765 0.277165 -0.3760273
Moved 1575.484 433.137 294.863 0.2539478 -0.3361073
Moved 1575.537 429.1322 306.6035 0.2400422 -0.282153
Moved 1575.594 425.8813 315.2375 0.2287544 -0.2424747
Moved 1575.655 422.3382 326.9854 0.216452 -0.1884862
Moved 1575.708 420 339.6125 0.2083333 -0.130457
Moved 1575.765 416 350.4177 0.1944445 -0.08080119
Moved 1575.82 412.9907 358.0186 0.1839955 -0.04587033
Moved 1575.874 408.7191 365.2809 0.1691634 -0.01249566
Moved 1575.925 405.3151 377.0547 0.1573441 0.04161162
Moved 1575.978 402.0077 388.9846 0.1458602 0.09643654
Moved 1576.06 396.7749 405.4503 0.1276906 0.172106
Moved 1576.113 393.7782 412.4437 0.1172853 0.2042448
Moved 1576.165 387.0331 423.9337 0.0938651 0.2570484
Moved 1576.218 384.0324 431.9676 0.08344591 0.2939687
Moved 1576.272 381.2957 440.7043 0.07394329 0.3341193
Moved 1576.324 380 444.6757 0.06944448 0.3523701
Moved 1576.376 379 448.9809 0.06597222 0.3721549
Moved 1576.429 378 452.2618 0.06249995 0.3872325
Moved 1576.483 378 453.2213 0.06249995 0.3916418
Ended 1576.537 378 454 0.06249995 0.3952207
Began 1578.018 338 405 -0.07638887 0.1700369
Stationary 1578.084 338 405 -0.07638887 0.1700369
Stationary 1578.142 338 405 -0.07638887 0.1700369
Moved 1578.198 327.8031 405 -0.1117949 0.1700369
Moved 1578.254 322.7911 405 -0.1291975 0.1700369
Moved 1578.313 314.0563 411.606 -0.1595268 0.2003953
Moved 1578.37 302.3184 413 -0.2002835 0.2068015
Moved 1578.427 290.7808 413 -0.2403445 0.2068015
Moved 1578.485 285.9901 413 -0.2569788 0.2068015
Moved 1578.547 276.249 413 -0.290802 0.2068015
Moved 1578.601 267.842 403.842 -0.3199929 0.1647154
Moved 1578.658 261.5 398.5 -0.3420139 0.1401654
Moved 1578.715 257 394.1536 -0.3576389 0.1201914
Moved 1578.768 252.7095 390.7095 -0.3725366 0.1043633
Moved 1578.823 251.4197 389 -0.3770149 0.0965075
Moved 1578.876 250 386.8397 -0.3819445 0.08657947
Moved 1578.928 249 385.7118 -0.3854167 0.08139611
Moved 1578.982 248 385 -0.3888889 0.07812501
Moved 1579.036 247 383.0392 -0.3923612 0.06911419
Moved 1579.122 246 379.7902 -0.3958333 0.05418315
Moved 1579.176 246 378 -0.3958333 0.04595589
Moved 1579.231 246 374.0701 -0.3958333 0.02789554
Moved 1579.286 259.6638 367.7787 -0.3483896 -0.001016785
Moved 1579.339 275.3268 356.6732 -0.294004 -0.05205337
Moved 1579.393 284.9451 350.0275 -0.2606074 -0.08259437
Moved 1579.45 295.562 342.438 -0.2237432 -0.1174722
Moved 1579.51 306.2022 334.8989 -0.186798 -0.1521191
Moved 1579.569 316.9318 327.0682 -0.1495425 -0.1881054
Moved 1579.624 326.5284 322.2358 -0.1162207 -0.2103134
Moved 1579.713 340.0753 310.9247 -0.06918311 -0.2622943
Moved 1579.766 347.5 304.5 -0.04340276 -0.2918198
Moved 1579.823 351.7223 301.2777 -0.02874218 -0.3066283
Moved 1579.883 355.2289 296.7711 -0.01656629 -0.3273389
Moved 1579.939 358.3745 294.6255 -0.005644039 -0.3371991
Moved 1579.995 360.0985 294 0.0003419816 -0.3400736
Moved 1580.048 362.6009 294 0.009030998 -0.3400736
Moved 1580.101 369.9641 303.946 0.03459737 -0.2943656
Moved 1580.152 376.2799 314.8397 0.05652741 -0.2443029
Moved 1580.205 384.582 331.1639 0.08535401 -0.1692834
Moved 1580.288 391.8234 352.4702 0.1104979 -0.07136878
Moved 1580.34 394 359.5971 0.1180555 -0.03861624
Moved 1580.392 397.0898 367.1797 0.1287842 -0.003769819
Moved 1580.448 399 372.4039 0.1354167 0.02023879
Moved 1580.504 405.2656 384.5312 0.1571722 0.07597047
Moved 1580.557 409 393.3461 0.1701389 0.1164801
Moved 1580.615 412.9775 400.9775 0.1839496 0.1515509
Moved 1580.673 415 405.348 0.1909722 0.1716359
Moved 1580.739 417.0735 408 0.1981717 0.1838235
Moved 1580.793 418 411.4999 0.2013889 0.1999075
Moved 1580.884 422.5 415.5 0.217014 0.2182904
Moved 1580.941 429.0482 421.0482 0.2397506 0.2437875
Moved 1581 434.3722 423 0.2582368 0.2527574
Moved 1581.055 440.117 426 0.2781841 0.2665441
Moved 1581.111 443.1455 427 0.2886996 0.2711398
Moved 1581.165 445.249 428 0.2960034 0.2757353
Moved 1581.219 446.8972 429 0.3017262 0.280331
Moved 1581.271 448.0422 430.0422 0.3057022 0.2851206
Stationary 1581.325 448 430 0.3055556 0.2849265
Moved 1581.377 448 431 0.3055556 0.289522
Moved 1581.458 448 432 0.3055556 0.2941177
Moved 1581.511 430.6337 433 0.2452558 0.2987132
Moved 1581.563 401.5562 433.8887 0.1442926 0.3027976
Moved 1581.615 380.2285 435.1929 0.07023797 0.3087908
Moved 1581.668 362.1908 436 0.007606894 0.3125
Moved 1581.721 350.192 436.904 -0.03405549 0.3166544
Moved 1581.774 341.2375 437 -0.06514773 0.3170957
Moved 1581.827 331.4182 438 -0.09924256 0.3216912
Moved 1581.88 326.6622 439 -0.1157563 0.3262869
Moved 1581.934 321.6999 440 -0.1329866 0.3308824
Moved 1582.017 318 441 -0.1458333 0.3354779
Moved 1582.07 316 442.8618 -0.1527778 0.3440342
Moved 1582.125 316 443 -0.1527778 0.3446691
Moved 1582.179 326.8088 444 -0.1152472 0.3492649
Moved 1582.232 339.2618 444 -0.0720077 0.3492649
Moved 1582.285 370.5761 444 0.03672272 0.3492649
Moved 1582.341 386.9902 444 0.09371594 0.3492649
Moved 1582.393 407.9532 437 0.1665044 0.3170957
Moved 1582.452 422.7867 437 0.2180094 0.3170957
Moved 1582.506 432.4027 437 0.2513984 0.3170957
Moved 1582.589 442.5 437 0.2864583 0.3170957
Moved 1582.646 447.2633 437 0.3029976 0.3170957
Moved 1582.702 448 437 0.3055556 0.3170957
Stationary 1582.754 448 437 0.3055556 0.3170957
Moved 1582.808 433.3518 437 0.2546939 0.3170957
Moved 1582.866 413.6323 437 0.1862234 0.3170957
Moved 1582.922 395.5906 444.5731 0.1235786 0.3518986
Moved 1582.988 378.5 446 0.06423608 0.3584559
Moved 1583.046 365.7696 447 0.02003327 0.3630516
Moved 1583.105 352.7533 447 -0.02516218 0.3630516
Moved 1583.195 334.5646 447 -0.08831748 0.3630516
Moved 1583.25 325.6821 447 -0.1191595 0.3630516
Moved 1583.304 321.0377 447 -0.1352859 0.3630516
Moved 1583.36 316.8169 447 -0.1499414 0.3630516
Moved 1583.413 313.3312 447 -0.1620444 0.3630516
Moved 1583.471 309.9562 447 -0.1737632 0.3630516
Moved 1583.525 308 447 -0.1805556 0.3630516
Moved 1583.578 304.8355 447 -0.1915433 0.3630516
Moved 1583.631 300.9681 447 -0.2049717 0.3630516
Moved 1583.686 296.5492 440 -0.2203154 0.3308824
Moved 1583.768 293.5 439 -0.2309028 0.3262869
Moved 1583.826 290.9391 438 -0.2397947 0.3216912
Moved 1583.885 289.626 438 -0.244354 0.3216912
Moved 1583.941 288 437 -0.25 0.3170957
Stationary 1583.996 288 437 -0.25 0.3170957
Ended 1584.048 288 435.5 -0.25 0.3102022
Began 1584.544 505 433 0.5034723 0.2987132
Stationary 1584.606 505 433 0.5034723 0.2987132
Stationary 1584.659 505 433 0.5034723 0.2987132
Stationary 1584.713 505 433 0.5034723 0.2987132
Stationary 1584.766 505 433 0.5034723 0.2987132
Stationary 1584.819 505 433 0.5034723 0.2987132
Stationary 1584.872 505 433 0.5034723 0.2987132
Moved 1584.926 505 422.8135 0.5034723 0.2519005
Moved 1584.984 492.3254 417.3254 0.4594631 0.2266792
Moved 1585.042 482.8341 405.7512 0.4265074 0.1734892
Moved 1585.098 476.5 396.5 0.404514 0.1309744
Moved 1585.153 471.2446 388.4893 0.3862661 0.09416027
Moved 1585.211 464.5045 380.5046 0.3628629 0.0574659
Moved 1585.266 452.2739 374.0913 0.3203956 0.02799315
Moved 1585.325 436.3202 368 0.2650008 0
Moved 1585.381 423.2419 363.4139 0.2195898 -0.02107564
Moved 1585.467 386.4919 362 0.09198577 -0.02757339
Moved 1585.524 361.4736 362 0.005116612 -0.02757339
Moved 1585.583 344.234 362 -0.05474315 -0.02757339
Moved 1585.638 320.9967 370 -0.1354281 0.009191178
Moved 1585.695 305.5848 372 -0.1889417 0.0183825
Moved 1585.754 294.1254 372 -0.2287313 0.0183825
Moved 1585.815 283.3039 372 -0.266306 0.0183825
Moved 1585.872 275.6935 372 -0.2927311 0.0183825
Moved 1585.93 266.4629 372 -0.3247817 0.0183825
Moved 1585.987 258.0313 372 -0.3540579 0.0183825
Moved 1586.072 251.8519 372 -0.3755141 0.0183825
Moved 1586.144 250 372 -0.3819445 0.0183825
Stationary 1586.196 250 372 -0.3819445 0.0183825
Stationary 1586.248 250 372 -0.3819445 0.0183825
Moved 1586.3 257.5775 359.1056 -0.3556335 -0.04087491
Moved 1586.355 274.1032 347.2645 -0.2982526 -0.0952917
Moved 1586.41 288.9802 336.6799 -0.2465966 -0.1439344
Moved 1586.466 303.1069 326.9287 -0.1975454 -0.1887468
Moved 1586.522 319.3065 315.4623 -0.1412967 -0.2414419
Moved 1586.577 329.3034 307.6966 -0.1065854 -0.2771295
Moved 1586.664 341.0357 295.9644 -0.06584838 -0.3310462
Moved 1586.72 344.3463 293 -0.05435333 -0.3446691
Moved 1586.776 346 292 -0.04861109 -0.3492646
Moved 1586.831 346 305.3781 -0.04861109 -0.2877844
Moved 1586.892 328.2864 339.9975 -0.1101165 -0.128688
Moved 1586.947 317.6954 369.2183 -0.1468909 0.00559863
Moved 1587.005 306.9338 399.1324 -0.1842576 0.1430716
Moved 1587.066 298.4618 418.8073 -0.2136742 0.2334893
Moved 1587.125 294 429.4012 -0.2291667 0.2821749
Moved 1587.184 291.5584 434 -0.2376445 0.3033089
Moved 1587.269 292 437 -0.2361111 0.3170957
Moved 1587.322 291 439.5 -0.2395833 0.3285847
Ended 1587.374 291 439 -0.2395833 0.3262869
Began 1587.865 367 424 0.02430558 0.257353
Stationary 1587.926 367 424 0.02430558 0.257353
Stationary 1587.985 367 424 0.02430558 0.257353
Stationary 1588.041 367 424 0.02430558 0.257353
Stationary 1588.097 367 424 0.02430558 0.257353
Stationary 1588.148 367 424 0.02430558 0.257353
Stationary 1588.198 367 424 0.02430558 0.257353
Moved 1588.255 377.4891 432.3913 0.06072611 0.2959158
Moved 1588.31 400.45 434.89 0.1404512 0.3073991
Moved 1588.369 431.971 439 0.2498995 0.3262869
Moved 1588.426 446.9663 440 0.3019664 0.3308824
Moved 1588.482 463.7916 442 0.3603874 0.3400736
Moved 1588.537 474.3633 443 0.3970948 0.3446691
Moved 1588.607 481.4254 444 0.4216161 0.3492649
Moved 1588.66 484.8044 444 0.4333486 0.3492649
Stationary 1588.713 485 444 0.4340278 0.3492649
Ended 1588.764 485 444 0.4340278 0.3492649
Began 1589.355 347 264 -0.0451389 -0.4779411
Stationary 1589.422 347 264 -0.0451389 -0.4779411
Stationary 1589.475 347 264 -0.0451389 -0.4779411
Stationary 1589.529 347 264 -0.0451389 -0.4779411
Stationary 1589.585 347 264 -0.0451389 -0.4779411
Moved 1589.64 347 277.6469 -0.0451389 -0.4152256
Moved 1589.698 347 290.4238 -0.0451389 -0.3565082
Moved 1589.756 347 304.7763 -0.0451389 -0.2905501
Moved 1589.813 357.3286 319.9857 -0.009275825 -0.220654
Moved 1589.868 365.2887 335.933 0.0183636 -0.1473665
Moved 1589.924 373.0393 350.0589 0.04527524 -0.08244992
Moved 1589.979 379.6466 360.6466 0.06821737 -0.03379331
Moved 1590.035 386.7542 371.5085 0.09289667 0.01612369
Moved 1590.11 401.4276 389.4276 0.1438457 0.09847235
Moved 1590.167 410.2291 401.4581 0.1744065 0.1537598
Moved 1590.225 415.5281 408.5281 0.1928058 0.1862504
Moved 1590.282 419 413.9005 0.2048612 0.2109396
Moved 1590.338 421 417.6417 0.2118056 0.2281329
Moved 1590.396 422 420 0.2152778 0.2389706
Moved 1590.457 422 422.1188 0.2152778 0.2487079
Moved 1590.525 409.4795 422 0.1718038 0.2481619
Moved 1590.58 385.3276 417.7156 0.08794308 0.2284724
Moved 1590.633 360.5798 407.2485 0.002013296 0.1803698
Moved 1590.717 323.2136 393.6068 -0.1277304 0.1176783
Moved 1590.77 313.5 390.5 -0.1614583 0.1034007
Moved 1590.824 307.1194 388.5597 -0.183613 0.09448382
Moved 1590.881 299.8293 385 -0.2089261 0.07812501
Moved 1590.935 292.8474 381 -0.2331686 0.05974266
Moved 1590.989 287.1272 378 -0.2530306 0.04595589
Moved 1591.044 280.7413 374 -0.2752037 0.02757367
Moved 1591.1 278 372.4387 -0.2847222 0.02039825
Moved 1591.156 275.758 370.758 -0.2925071 0.01267461
Moved 1591.212 276 370 -0.2916667 0.009191178
Moved 1591.295 289.8881 369 -0.2434441 0.004595589
Moved 1591.349 323.6901 383.876 -0.126076 0.07295974
Moved 1591.403 344.0987 394.6592 -0.05521291 0.1225149
Moved 1591.456 365.9242 404.7311 0.02057016 0.1688009
Moved 1591.509 380.7785 410.9446 0.0721477 0.197356
Moved 1591.563 396.5 417.5 0.1267362 0.2274816
Moved 1591.617 405.2585 420.6292 0.1571475 0.2418621
Moved 1591.671 415.7367 424.3683 0.19353 0.2590458
Moved 1591.732 422.8046 426.8046 0.2180717 0.2702419
Moved 1591.786 426.5 428 0.2309028 0.2757353
Moved 1591.869 429 430 0.2395834 0.2849265
Moved 1591.922 429 431 0.2395834 0.289522
Moved 1591.977 417.9018 435.0491 0.2010478 0.3081302
Moved 1592.032 407.9241 437.0253 0.1664031 0.3172121
Moved 1592.087 386.9454 439 0.09356038 0.3262869
Moved 1592.143 376.5729 440 0.05754486 0.3308824
Moved 1592.198 363.0973 440 0.01075432 0.3308824
Moved 1592.256 352.2134 440 -0.02703689 0.3308824
Moved 1592.31 346.8026 440 -0.0458245 0.3308824
Moved 1592.364 340.5 440 -0.06770834 0.3308824
Moved 1592.445 336.6282 440 -0.08115217 0.3308824
Moved 1592.498 334.9221 440 -0.08707621 0.3308824
Moved 1592.55 333.8842 440 -0.0906799 0.3308824
Ended 1592.603 334 440 -0.09027779 0.3308824
PhraseEnd 1594.493
