love means many things
Basic
0.6 0.6
432 326.4
Began 1000.726 561 359 0.4652777 -0.02757344
Stationary 1000.772 561 359 0.4652777 -0.02757344
Stationary 1000.811 561 359 0.4652777 -0.02757344
Stationary 1000.85 561 359 0.4652777 -0.02757344
Stationary 1000.887 561 359 0.4652777 -0.02757344
Moved 1000.925 561 369.2733 0.4652777 0.003900995
Moved 1000.964 561 374.1738 0.4652777 0.01891492
Moved 1001.003 561 382.7195 0.4652777 0.04509664
Moved 1001.045 554 393.5 0.4490741 0.07812496
Moved 1001.095 546.0309 403.9691 0.4306272 0.1101993
Moved 1001.143 534.1146 417.8854 0.4030429 0.1528353
Moved 1001.184 519.3405 436.5744 0.3688437 0.2100931
Moved 1001.225 508.8734 451.9082 0.3446145 0.2570717
Moved 1001.264 493.7103 471.3862 0.3095146 0.316747
Moved 1001.302 487.6555 481.0168 0.2954988 0.3462524
Moved 1001.342 480.0298 492.9702 0.2778468 0.3828743
Moved 1001.382 476.0319 498.9362 0.2685923 0.4011528
Moved 1001.421 475 501.8266 0.2662037 0.410008
Moved 1001.458 474 503.5 0.2638889 0.4151348
Stationary 1001.495 474 503.5 0.2638889 0.4151348
Moved 1001.555 471.8992 495.2943 0.2590259 0.3899949
Moved 1001.601 466 476.5 0.2453704 0.3324143
Moved 1001.643 453.2471 449.8706 0.2158497 0.2508291
Moved 1001.68 442.3118 430.0607 0.1905365 0.1901371
Moved 1001.719 427.8918 406.3106 0.1571569 0.1173732
Moved 1001.759 418.8319 392.0532 0.136185 0.07369228
Moved 1001.797 403.932 373.2427 0.1016945 0.01606221
Moved 1001.836 397.366 362.1547 0.08649528 -0.01790851
Moved 1001.877 387.8542 348.2812 0.06447723 -0.06041303
Moved 1001.916 383.1072 339.6609 0.05348901 -0.08682326
Moved 1001.978 375.286 328.286 0.03538439 -0.1216728
Moved 1002.016 369.841 317.5229 0.02278 -0.1546478
Moved 1002.053 366.246 309.7381 0.0144584 -0.1784985
Moved 1002.095 361.0131 299.0261 0.002345046 -0.211317
Moved 1002.135 357.7123 291.7123 -0.005295575 -0.2337246
Moved 1002.177 357 286.3208 -0.006944438 -0.2502427
Moved 1002.218 355 279.7254 -0.01157408 -0.2704491
Moved 1002.258 353 273.1255 -0.01620372 -0.2906695
Moved 1002.297 352 271.0543 -0.01851852 -0.297015
Moved 1002.337 349.7554 266.7554 -0.0237144 -0.3101857
Moved 1002.401 349 264 -0.02546296 -0.3186274
Moved 1002.441 347.0027 263 -0.03008624 -0.3216912
Moved 1002.482 346.1326 263 -0.03210038 -0.3216912
Moved 1002.521 343.1628 315.9076 -0.03897512 -0.1595968
Moved 1002.561 337.5905 346.3427 -0.05187382 -0.06635208
Moved 1002.6 327.8046 376.8545 -0.07452647 0.02712764
Moved 1002.638 320.9774 393.5564 -0.09032999 0.07829783
Moved 1002.677 313.1825 408.4526 -0.1083739 0.1239355
Moved 1002.716 309.5 417 -0.1168982 0.1501226
Moved 1002.755 304.3284 426.3433 -0.1288695 0.1787478
Moved 1002.817 300 436.4131 -0.1388889 0.2095992
Moved 1002.862 298 441.3708 -0.1435185 0.2247879
Moved 1002.905 296 445.6838 -0.1481481 0.2380018
Moved 1002.942 294.8877 446 -0.1507228 0.2389706
Moved 1002.979 292.4396 448.5604 -0.1563899 0.246815
Moved 1003.018 290.5 450.5 -0.1608796 0.2527573
Moved 1003.058 283.1863 452 -0.1778094 0.257353
Moved 1003.1 275.1666 454.2778 -0.1963736 0.2643316
Moved 1003.149 260.7596 458.7468 -0.2297231 0.2780232
Moved 1003.191 256.5 460 -0.2395834 0.2818628
Moved 1003.26 248.5 465.5 -0.2581019 0.2987133
Moved 1003.304 246.3197 466.6803 -0.2631489 0.3023294
Moved 1003.345 246 467 -0.2638889 0.3033088
Moved 1003.383 245 468 -0.2662037 0.3063726
Ended 1003.421 245 468 -0.2662037 0.3063726
Began 1004.205 516 251 0.3611111 -0.358456
Stationary 1004.25 516 251 0.3611111 -0.358456
Stationary 1004.291 516 251 0.3611111 -0.358456
Stationary 1004.33 516 251 0.3611111 -0.358456
Stationary 1004.368 516 251 0.3611111 -0.358456
Stationary 1004.415 516 251 0.3611111 -0.358456
Stationary 1004.458 516 251 0.3611111 -0.358456
Moved 1004.499 506.4537 259.4857 0.3390131 -0.3324582
Moved 1004.538 496 265 0.3148148 -0.3155637
Moved 1004.577 481.8044 274.6467 0.2819546 -0.2860088
Moved 1004.616 468.8737 283.2758 0.2520226 -0.2595718
Moved 1004.654 448.1577 297.2282 0.2040686 -0.2168254
Moved 1004.693 428.0486 310.3939 0.1575198 -0.1764894
Moved 1004.746 396.8944 337.1056 0.08540372 -0.094652
Moved 1004.785 382 350.5 0.05092591 -0.0536152
Moved 1004.826 367.4265 366.4313 0.01719097 -0.004805864
Moved 1004.866 356.8031 379.1968 -0.007400165 0.03430413
Moved 1004.909 347.531 395.2035 -0.0288634 0.08334403
Moved 1004.95 337.8979 407.1531 -0.05116214 0.1199543
Moved 1004.992 330.6223 413.3776 -0.06800383 0.1390245
Moved 1005.034 322.2207 421.7793 -0.08745208 0.164765
Moved 1005.076 312.4168 431.5832 -0.1101462 0.1948014
Moved 1005.115 302.7121 443.4318 -0.1326108 0.2311024
Moved 1005.178 288.351 455.766 -0.1658542 0.2688909
Moved 1005.22 281.0186 460.6543 -0.1828274 0.2838673
Moved 1005.262 269.5204 468.7398 -0.2094436 0.3086392
Moved 1005.302 263.9526 474.0474 -0.2223319 0.3249
Moved 1005.345 259.9934 477.0066 -0.2314967 0.3339663
Moved 1005.385 257.121 478 -0.2381458 0.3370098
Moved 1005.425 250.1565 479 -0.2542673 0.3400736
Moved 1005.465 244.458 479 -0.2674584 0.3400736
Moved 1005.504 235.9216 479 -0.2872184 0.3400736
Moved 1005.543 230.5829 479 -0.2995766 0.3400736
Moved 1005.606 219.2768 462.2769 -0.3257481 0.2888384
Moved 1005.645 213.5 453.5 -0.3391204 0.2619485
Moved 1005.683 207.387 441.774 -0.3532707 0.2260235
Moved 1005.721 205 436.0331 -0.3587963 0.2084347
Moved 1005.758 200.6467 426.9401 -0.3688734 0.1805762
Moved 1005.796 197.6603 411.6412 -0.3757863 0.1337048
Moved 1005.832 196 405.5564 -0.3796296 0.1150626
Moved 1005.875 194 397.7426 -0.3842593 0.09112303
Moved 1005.918 192 390.5158 -0.3888888 0.06898235
Moved 1005.957 191 384.2963 -0.3912037 0.04992728
Moved 1006.029 206.3478 361.4276 -0.3556764 -0.02013618
Moved 1006.069 241 332 -0.275463 -0.1102941
Moved 1006.108 267.6783 316.6609 -0.2137077 -0.157289
Moved 1006.147 302.7521 297.8205 -0.1325182 -0.2150107
Moved 1006.187 322.55 289.4833 -0.08668984 -0.2405534
Moved 1006.229 346.1468 282.6177 -0.0320676 -0.2615879
Moved 1006.27 369.4796 279.5041 0.02194355 -0.2711271
Moved 1006.311 383.8441 277.6312 0.05519469 -0.2768654
Moved 1006.353 401.4238 277 0.09588838 -0.278799
Moved 1006.396 415.3313 275 0.1280816 -0.2849265
Moved 1006.459 430.1548 274 0.1623952 -0.2879901
Moved 1006.501 438.738 272.631 0.1822639 -0.2921844
Moved 1006.541 443.9063 273 0.1942276 -0.291054
Moved 1006.583 449.2508 272 0.206599 -0.2941176
Moved 1006.625 452 272 0.2129629 -0.2941176
Moved 1006.665 453 272 0.2152778 -0.2941176
Moved 1006.706 445.0729 272 0.196928 -0.2941176
Moved 1006.747 425 286.5 0.150463 -0.2496935
Moved 1006.786 403.269 295.6491 0.1001596 -0.2216633
Moved 1006.825 361.0238 310.6832 0.002369881 -0.175603
Moved 1006.886 301.6899 337.5688 -0.134977 -0.09323289
Moved 1006.933 277.403 350.7985 -0.1911969 -0.05270051
Moved 1006.974 264.3584 359.3208 -0.2213926 -0.02659069
Moved 1007.016 255.8173 364.0913 -0.2411636 -0.01197516
Moved 1007.055 248.597 370.4031 -0.2578774 0.007362273
Moved 1007.099 244 374.4067 -0.2685185 0.01962849
Moved 1007.141 240.7206 376.2794 -0.2761098 0.02536587
Moved 1007.184 239 377.5927 -0.2800926 0.02938944
Moved 1007.223 237.9452 378 -0.2825343 0.03063726
Moved 1007.265 236 379 -0.287037 0.03370108
Ended 1007.328 236 379 -0.287037 0.03370108
Began 1008.069 506 235 0.337963 -0.4074755
Stationary 1008.12 506 235 0.337963 -0.4074755
Stationary 1008.159 506 235 0.337963 -0.4074755
Stationary 1008.2 506 235 0.337963 -0.4074755
Stationary 1008.242 506 235 0.337963 -0.4074755
Stationary 1008.28 506 235 0.337963 -0.4074755
Moved 1008.318 494.2969 235 0.3108725 -0.4074755
Moved 1008.358 479.0312 246.1875 0.2755352 -0.3732
Moved 1008.398 459.7479 254.3938 0.2308979 -0.3480582
Moved 1008.438 430.656 263.9554 0.1635555 -0.318764
Moved 1008.478 408.6268 271.678 0.1125621 -0.295104
Moved 1008.517 374.3556 280.9616 0.03323058 -0.2666618
Moved 1008.556 350.5217 292.6335 -0.02194057 -0.230902
Moved 1008.594 317 308.5 -0.09953702 -0.1822917
Moved 1008.632 298.9006 318.0568 -0.1414339 -0.1530122
Moved 1008.689 262.9831 333.5085 -0.2245762 -0.1056724
Moved 1008.728 244.5927 341.8024 -0.2671464 -0.08026208
Moved 1008.768 234.156 347.2293 -0.2913055 -0.0636357
Moved 1008.812 221.2545 351.9364 -0.3211701 -0.04921437
Moved 1008.853 209.3247 356.8918 -0.3487853 -0.03403252
Moved 1008.895 197.5975 364.2012 -0.3759316 -0.01163829
Moved 1008.936 191.9257 367.0743 -0.3890609 -0.002836059
Moved 1008.978 186.9137 371.0862 -0.4006627 0.009455401
Moved 1009.022 183.6071 373 -0.4083168 0.01531863
Moved 1009.065 183 375.2693 -0.4097222 0.02227129
Moved 1009.13 182 377.5 -0.412037 0.02910539
Moved 1009.171 196.2616 377 -0.3790241 0.02757353
Moved 1009.22 253.494 356.9398 -0.2465417 -0.03388545
Moved 1009.259 296.6446 331.7221 -0.146656 -0.1111455
Moved 1009.298 347.8743 295.7504 -0.02806867 -0.2213529
Moved 1009.34 366.4557 283.6962 0.01494378 -0.2582837
Moved 1009.38 385.1747 272.2169 0.05827486 -0.2934532
Moved 1009.42 400.0053 264.6649 0.09260485 -0.3165902
Moved 1009.461 407.619 258.7936 0.1102293 -0.3345783
Moved 1009.5 416 252 0.1296297 -0.3553922
Moved 1009.565 424.9422 247.0579 0.1503292 -0.3705335
Moved 1009.607 432.5288 242.7356 0.1678908 -0.3837758
Moved 1009.644 437.6153 241.1924 0.1796651 -0.3885038
Moved 1009.684 444.1211 238 0.1947247 -0.3982843
Moved 1009.724 450.0473 236 0.2084428 -0.4044118
Moved 1009.767 452.5 236 0.2141203 -0.4044118
Moved 1009.806 453 236 0.2152778 -0.4044118
Moved 1009.845 453 246.5389 0.2152778 -0.3721234
Moved 1009.884 443.7999 260.4002 0.1939812 -0.3296562
Moved 1009.925 434.1627 280.0932 0.171673 -0.2693223
Moved 1009.989 424.3902 302.2196 0.1490514 -0.201533
Moved 1010.03 420.6525 310.695 0.1403993 -0.1755668
Moved 1010.071 418.3181 336.0917 0.1349955 -0.09775826
Moved 1010.114 415 355.9757 0.1273148 -0.03683904
Moved 1010.157 415 382.0916 0.1273148 0.04317284
Moved 1010.201 415 396.5471 0.1273148 0.08746058
Moved 1010.262 415 414.0319 0.1273148 0.1410291
Moved 1010.302 415 420.5 0.1273148 0.1608455
Moved 1010.342 415 433.1306 0.1273148 0.1995422
Moved 1010.381 415 439.3992 0.1273148 0.2187477
Moved 1010.443 412.9152 448.1696 0.1224889 0.2456175
Moved 1010.483 409.5798 453.4202 0.1147681 0.261704
Moved 1010.524 405.6323 459.3677 0.1056303 0.2799257
Moved 1010.565 402.7577 463.2423 0.09897609 0.2917963
Moved 1010.606 396 469 0.08333336 0.3094364
Moved 1010.647 391.4469 472.5532 0.07279366 0.3203223
Moved 1010.689 388.5659 474 0.06612489 0.324755
Moved 1010.729 385.6982 476.3018 0.05948643 0.331807
Moved 1010.77 382.7265 478.2735 0.05260766 0.3378478
Moved 1010.812 380 479.5863 0.04629632 0.3418698
Moved 1010.876 376.6271 482.3729 0.03848871 0.3504073
Moved 1010.916 376 484.2696 0.03703703 0.3562182
Moved 1010.957 376 485 0.03703703 0.3584559
Ended 1010.995 376 485 0.03703703 0.3584559
Began 1011.526 331 485 -0.06712963 0.3584559
Stationary 1011.577 331 485 -0.06712963 0.3584559
Stationary 1011.615 331 485 -0.06712963 0.3584559
Stationary 1011.655 331 485 -0.06712963 0.3584559
Stationary 1011.692 331 485 -0.06712963 0.3584559
Stationary 1011.73 331 485 -0.06712963 0.3584559
Moved 1011.77 320.7892 485 -0.09076575 0.3584559
Stationary 1011.808 320.7892 485 -0.09076575 0.3584559
Stationary 1011.846 321 485 -0.09027779 0.3584559
Moved 1011.891 331.8849 485 -0.06508122 0.3584559
Moved 1011.93 345.2577 473.3876 -0.03412565 0.3228788
Moved 1011.969 368.7684 454.821 0.02029727 0.2659959
Moved 1012.01 385.6296 438.642 0.05932778 0.2164278
Moved 1012.051 401.1763 413.0593 0.09531548 0.1380494
Moved 1012.104 410.1355 396.7291 0.1160543 0.08801793
Moved 1012.144 415.8647 384.2705 0.1293166 0.04984842
Moved 1012.185 419 373.6487 0.1365741 0.01730629
Moved 1012.225 421.5793 366.262 0.1425448 -0.005324775
Moved 1012.265 424.8943 355.2113 0.1502184 -0.03918106
Moved 1012.305 426.8985 348.203 0.1548577 -0.06065247
Moved 1012.344 428 345.2354 0.1574074 -0.06974454
Moved 1012.386 428 343 0.1574074 -0.07659314
Stationary 1012.422 428 343 0.1574074 -0.07659314
Stationary 1012.462 428 343 0.1574074 -0.07659314
Moved 1012.531 428 364.6516 0.1574074 -0.01025864
Moved 1012.569 428 389.0154 0.1574074 0.06438541
Moved 1012.607 428 399.4575 0.1574074 0.09637711
Moved 1012.645 428 410.9193 0.1574074 0.131493
Moved 1012.684 428 421.0085 0.1574074 0.1624035
Moved 1012.722 428 434.2894 0.1574074 0.2030924
Moved 1012.76 428 442.6666 0.1574074 0.2287578
Moved 1012.798 428 452.4349 0.1574074 0.2586854
Moved 1012.837 428 457.6741 0.1574074 0.2747367
Moved 1012.875 428 464.7204 0.1574074 0.2963247
Moved 1012.935 429.3171 469.6586 0.1604563 0.311454
Moved 1012.975 435.2787 474.6393 0.1742563 0.3267137
Moved 1013.014 443.9469 479 0.1943216 0.3400736
Moved 1013.052 451.6341 481 0.2121159 0.3462009
Moved 1013.092 459.5189 483.7595 0.2303678 0.3546553
Moved 1013.132 464.2534 484 0.2413274 0.3553922
Moved 1013.172 469.9347 485 0.2544785 0.3584559
Moved 1013.214 473.9168 485 0.2636964 0.3584559
Moved 1013.255 475.7911 485 0.2680349 0.3584559
Moved 1013.3 477.3323 485 0.2716025 0.3584559
Moved 1013.365 480 462.9754 0.2777778 0.2909785
Moved 1013.405 480 444.4839 0.2777778 0.2343256
Moved 1013.446 480 420.8732 0.2777778 0.1619891
Moved 1013.488 470.881 398.4048 0.2566688 0.09315192
Moved 1013.53 469.3371 388.3484 0.2530951 0.06234193
Moved 1013.572 465.0412 368.2058 0.2431509 0.0006304536
Moved 1013.615 461.727 352.1811 0.2354792 -0.0484648
Moved 1013.657 460 343.6575 0.2314815 -0.07457864
Moved 1013.699 456.9104 334.9105 0.2243297 -0.1013772
Moved 1013.739 453.9426 325.8279 0.2174598 -0.1292038
Moved 1013.803 449.1828 309.5485 0.2064418 -0.1790793
Moved 1013.846 447 301.3359 0.2013889 -0.2042404
Moved 1013.89 443.9132 293.8264 0.1942435 -0.2272475
Moved 1013.932 443 289.0696 0.1921296 -0.2418211
Moved 1013.973 441 285.0344 0.1875 -0.2541838
Moved 1014.015 439 280.7144 0.1828703 -0.2674192
Moved 1014.057 436.7103 277.7103 0.1775701 -0.2766227
Moved 1014.104 435.9391 275.9391 0.175785 -0.2820492
Moved 1014.146 435 273.7872 0.1736111 -0.2886423
Moved 1014.188 432.7352 273 0.1683686 -0.291054
Moved 1014.251 431 271 0.1643519 -0.2971814
Moved 1014.292 428.5 270 0.1585648 -0.3002451
Moved 1014.332 426.0588 270 0.1529139 -0.3002451
Moved 1014.373 419.4971 270 0.1377247 -0.3002451
Moved 1014.415 410.6024 279.5902 0.1171352 -0.2708633
Moved 1014.456 399.5 296.5 0.09143522 -0.2190563
Moved 1014.499 392.2113 308.5775 0.07456313 -0.1820543
Moved 1014.539 383.2331 328.9172 0.05378038 -0.1197391
Moved 1014.579 375.3011 344.0968 0.03541907 -0.07323284
Moved 1014.62 371.5 353.5 0.02662033 -0.04442402
Moved 1014.683 363.0588 366.9412 0.007080535 -0.003243802
Moved 1014.721 358.718 375.5639 -0.002967467 0.02317373
Moved 1014.759 356.2115 383.3655 -0.008769731 0.04707589
Moved 1014.797 352.9029 395.2914 -0.01642858 0.08361354
Moved 1014.835 352 398.969 -0.01851852 0.09488054
Moved 1014.88 350.0446 402.9554 -0.02304499 0.1070939
Moved 1014.923 349 406 -0.02546296 0.1164215
Moved 1014.966 346.7794 407 -0.03060326 0.1194853
Moved 1015.009 340 408 -0.04629632 0.122549
Moved 1015.049 330.364 408 -0.06860197 0.122549
Moved 1015.115 311.5613 397.2806 -0.1121266 0.0897079
Moved 1015.156 299.675 391.8375 -0.1396412 0.07303145
Moved 1015.198 286.5906 386.7271 -0.1699292 0.05737464
Moved 1015.242 277.3196 385 -0.1913898 0.05208334
Moved 1015.281 272.587 382.7935 -0.2023448 0.04532328
Moved 1015.321 267.8503 383 -0.2133096 0.04595589
Moved 1015.36 264.9759 381.9758 -0.2199633 0.04281811
Moved 1015.399 260.9978 382 -0.2291718 0.04289216
Moved 1015.436 258.1232 381 -0.235826 0.03982843
Moved 1015.476 253.6341 381 -0.2462173 0.03982843
Moved 1015.538 248.4352 381 -0.2582518 0.03982843
Moved 1015.583 244.1242 380.1243 -0.2682309 0.03714553
Moved 1015.623 240.1123 380 -0.2775179 0.0367648
Moved 1015.664 237.2391 380 -0.2841688 0.0367648
Moved 1015.704 231.9296 379 -0.2964593 0.03370108
Moved 1015.745 226.9561 378 -0.307972 0.03063726
Moved 1015.788 223.085 377 -0.3169329 0.02757353
Moved 1015.829 218.7744 377 -0.326911 0.02757353
Moved 1015.868 216.8276 376 -0.3314176 0.02450971
Ended 1015.908 216.8276 376 -0.3314176 0.02450971
PhraseEnd 1018.863
