the five boxing wizards jump quickly
Basic
0.6 0.6
432 172.8
Began 376.4344 299 340 -0.1412037 0.5787037
Stationary 376.4664 299 340 -0.1412037 0.5787037
Stationary 376.4917 299 340 -0.1412037 0.5787037
Stationary 376.5167 299 340 -0.1412037 0.5787037
Stationary 376.5435 299 340 -0.1412037 0.5787037
Stationary 376.5687 299 340 -0.1412037 0.5787037
Stationary 376.5912 299 340 -0.1412037 0.5787037
Stationary 376.6146 299 340 -0.1412037 0.5787037
Stationary 376.6378 299 340 -0.1412037 0.5787037
Stationary 376.6609 299 340 -0.1412037 0.5787037
Stationary 376.6826 299 340 -0.1412037 0.5787037
Stationary 376.7042 299 340 -0.1412037 0.5787037
Stationary 376.7272 299 340 -0.1412037 0.5787037
Stationary 376.75 299 340 -0.1412037 0.5787037
Stationary 376.7735 299 340 -0.1412037 0.5787037
Stationary 376.7953 299 340 -0.1412037 0.5787037
Stationary 376.8307 299 340 -0.1412037 0.5787037
Stationary 376.8531 299 340 -0.1412037 0.5787037
Stationary 376.8754 299 340 -0.1412037 0.5787037
Stationary 376.8987 299 340 -0.1412037 0.5787037
Moved 376.9232 308.0898 326.403 -0.1201626 0.5000173
Moved 376.9475 314.6706 322.0635 -0.1049291 0.4749047
Moved 376.9724 324.7886 315.8076 -0.08150786 0.4387015
Moved 376.9972 334.5998 308.5502 -0.05879676 0.3967026
Moved 377.021 337.7574 305.8284 -0.05148754 0.3809516
Moved 377.0459 345.3398 298.6602 -0.03393571 0.3394689
Moved 377.0831 351.666 292.334 -0.01929169 0.3028587
Moved 377.1078 356.7136 287.4297 -0.00760749 0.2744775
Moved 377.1308 359.5828 284.4172 -0.0009658436 0.2570442
Moved 377.1539 364.3271 279.8364 0.01001656 0.2305349
Moved 377.1769 367 277 0.01620372 0.2141204
Moved 377.1996 371.964 272.036 0.0276945 0.1853936
Moved 377.2215 374.8205 269.7863 0.03430674 0.1723745
Moved 377.245 383.9081 262.569 0.05534271 0.1306075
Moved 377.267 387.6551 258.345 0.06401638 0.106163
Moved 377.2996 394.5689 251.431 0.08002073 0.0661518
Moved 377.3392 402.5265 243.7102 0.09844095 0.02147127
Moved 377.3635 404.2043 241.7957 0.1023249 0.01039152
Moved 377.3874 409.1252 236.8748 0.1137157 -0.01808573
Moved 377.4113 410.5 237 0.1168981 -0.01736093
Moved 377.4348 412.0073 235 0.1203873 -0.02893519
Moved 377.4589 412 233.5377 0.1203704 -0.03739746
Moved 377.4818 413 232.7136 0.1226852 -0.04216653
Moved 377.5051 414.3777 233 0.1258744 -0.04050926
Stationary 377.5271 414.3777 233 0.1258744 -0.04050926
Stationary 377.5488 414.3777 233 0.1258744 -0.04050926
Moved 377.588 397.9713 240.0503 0.08789648 0.0002908707
Moved 377.613 382.3633 245.8546 0.05176703 0.03388087
Moved 377.6375 373.8471 248.7177 0.03205339 0.05044938
Moved 377.6617 352.063 254.6456 -0.01837258 0.0847548
Moved 377.6874 343.1635 256.3061 -0.03897349 0.09436396
Moved 377.713 326.0916 260.1816 -0.07849157 0.1167921
Moved 377.7391 311.7168 264.0566 -0.1117666 0.1392167
Moved 377.7635 304.5628 265.4874 -0.1283269 0.1474967
Moved 377.788 292.7259 269.0548 -0.1557272 0.1681413
Moved 377.8121 280.2862 272.9285 -0.1845227 0.1905583
Moved 377.852 268.8333 275.7917 -0.2110339 0.2071278
Moved 377.8833 261.4799 277.26 -0.2280557 0.2156252
Moved 377.9078 253.5853 280.2074 -0.2463304 0.2326817
Moved 377.9314 250.083 280.639 -0.2544376 0.2351796
Moved 377.9554 244 283.5 -0.2685185 0.2517361
Moved 377.979 240.1746 284.9418 -0.2773737 0.2600801
Moved 378.0032 236.1069 287.4465 -0.2867895 0.2745749
Moved 378.0266 233.1111 288.8889 -0.2937244 0.2829221
Moved 378.0506 228.2379 291 -0.305005 0.2951389
Moved 378.0746 224.3602 294.6398 -0.3139809 0.3162026
Moved 378.1132 221.8142 296 -0.3198745 0.3240741
Moved 378.1374 220.9694 298.0306 -0.3218301 0.3358253
Stationary 378.1607 220.9694 298.0306 -0.3218301 0.3358253
Ended 378.1866 221 298 -0.3217593 0.3356482
Began 378.6319 311 244 -0.113426 0.02314815
Stationary 378.6675 311 244 -0.113426 0.02314815
Stationary 378.6935 311 244 -0.113426 0.02314815
Stationary 378.7162 311 244 -0.113426 0.02314815
Stationary 378.7384 311 244 -0.113426 0.02314815
Stationary 378.7611 311 244 -0.113426 0.02314815
Stationary 378.785 311 244 -0.113426 0.02314815
Stationary 378.807 311 244 -0.113426 0.02314815
Stationary 378.8295 311 244 -0.113426 0.02314815
Stationary 378.8515 311 244 -0.113426 0.02314815
Moved 378.8749 311 253.2133 -0.113426 0.07646561
Stationary 378.8975 311 253 -0.113426 0.07523149
Stationary 378.92 311 253 -0.113426 0.07523149
Stationary 378.9425 311 253 -0.113426 0.07523149
Stationary 378.965 311 253 -0.113426 0.07523149
Moved 378.9886 311 254 -0.113426 0.0810187
Moved 379.0129 336.6248 256.9583 -0.0541092 0.09813839
Moved 379.0508 362.6026 262.6506 0.006024539 0.1310801
Moved 379.074 383.242 267.5605 0.05380104 0.1594937
Moved 379.096 394.6743 271.4318 0.08026451 0.1818971
Moved 379.1184 403.4909 274.4969 0.1006734 0.1996353
Moved 379.1424 422.6576 281.3288 0.1450406 0.2391714
Moved 379.1664 434.6815 284.8939 0.1728739 0.2598026
Moved 379.1893 438.9032 285.9758 0.1826462 0.2660635
Moved 379.2115 446.0221 288.8088 0.1991253 0.2824586
Moved 379.2336 454.8235 292.2745 0.2194988 0.3025143
Moved 379.2558 458.4352 293 0.2278592 0.306713
Moved 379.2974 465.5774 295.7887 0.2443922 0.3228513
Moved 379.3202 468.3427 296 0.2507933 0.3240741
Moved 379.3432 474.0781 296 0.2640696 0.3240741
Moved 379.3651 476.4745 297 0.269617 0.3298613
Moved 379.3871 479.3459 297 0.2762637 0.3298613
Moved 379.4091 480.5861 298 0.2791345 0.3356482
Moved 379.4313 482 298 0.2824074 0.3356482
Moved 379.4531 483.5 298 0.2858797 0.3356482
Moved 379.4749 484 298 0.287037 0.3356482
Moved 379.4965 485.0651 298 0.2895026 0.3356482
Stationary 379.5322 485 298 0.2893518 0.3356482
Stationary 379.554 485 298 0.2893518 0.3356482
Stationary 379.5748 485 298 0.2893518 0.3356482
Stationary 379.5963 485 298 0.2893518 0.3356482
Moved 379.6177 474.388 298 0.2647871 0.3356482
Moved 379.6395 472.5305 298 0.2604872 0.3356482
Moved 379.6621 461.2241 286.6121 0.2343151 0.2697457
Moved 379.6845 457.106 283.106 0.2247824 0.249456
Moved 379.7065 449.9876 277.4938 0.2083046 0.216978
Moved 379.7289 446.1697 275.1131 0.1994668 0.203201
Moved 379.765 438.6103 267.6103 0.1819682 0.1597818
Moved 379.7876 431.9926 259.9926 0.1666496 0.115698
Moved 379.8101 430.234 256.468 0.1625787 0.09530103
Moved 379.8325 424.7019 248.0529 0.149773 0.04660236
Moved 379.8551 423.1623 244.4868 0.1462089 0.02596537
Moved 379.8778 418.6786 238.6786 0.1358301 -0.007647056
Moved 379.9001 416.9005 235.801 0.131714 -0.02429962
Moved 379.9229 413.0288 232.0288 0.1227518 -0.04612958
Moved 379.9449 411.5851 229.17 0.1194099 -0.06267336
Moved 379.9689 409.047 225.094 0.1135348 -0.08626161
Moved 380.0083 406.1714 221.3429 0.1068783 -0.1079694
Moved 380.0335 402.6116 217.3058 0.09863804 -0.1313323
Moved 380.0571 400.8685 214.7369 0.09460299 -0.1461983
Moved 380.0862 396.7203 209.7203 0.08500079 -0.1752294
Moved 380.111 392.5029 202.5088 0.07523824 -0.216963
Moved 380.1345 390.0545 201.0544 0.06957055 -0.2253792
Moved 380.1593 386.175 195.3499 0.06059021 -0.2583921
Moved 380.1834 381.4441 190.4441 0.04963905 -0.2867817
Moved 380.2065 379.3683 188.1842 0.04483401 -0.2998599
Moved 380.2305 373.3191 182.6382 0.0308313 -0.331955
Moved 380.2715 366.8918 178.8918 0.01595338 -0.3536353
Moved 380.2975 360.8374 175.9458 0.001938542 -0.3706838
Moved 380.3245 353.4869 173.1624 -0.01507655 -0.3867919
Moved 380.3512 347.2894 171 -0.02942274 -0.3993057
Moved 380.3755 344.7177 169.8589 -0.03537561 -0.4059092
Moved 380.3997 340.2189 169 -0.04578958 -0.4108795
Moved 380.4233 338.8517 169 -0.04895449 -0.4108795
Moved 380.4474 335.982 168 -0.05559723 -0.4166667
Moved 380.4714 334.5495 168 -0.05891328 -0.4166667
Moved 380.4984 330.6783 167 -0.06787419 -0.4224537
Moved 380.5381 325.4086 165.7043 -0.08007278 -0.4299515
Moved 380.5615 324.2704 166 -0.08270751 -0.4282407
Moved 380.5851 320.4011 166 -0.09166405 -0.4282407
Moved 380.6094 318.9701 166 -0.09497658 -0.4282407
Moved 380.6332 312.8478 166 -0.1091487 -0.4282407
Moved 380.6563 309.0913 166 -0.1178442 -0.4282407
Moved 380.6798 302.1694 174.8307 -0.1338672 -0.3771372
Moved 380.7039 299.4652 176.2673 -0.1401267 -0.3688235
Moved 380.7295 292.6989 182.1506 -0.1557897 -0.3347763
Moved 380.7541 287.605 192.0924 -0.1675809 -0.277243
Moved 380.7949 281.8673 205.3979 -0.1808626 -0.2002434
Moved 380.8235 277.1123 218.7754 -0.1918697 -0.1228274
Moved 380.847 274.0325 230.8376 -0.1989989 -0.05302288
Moved 380.8696 272.6047 236.5812 -0.2023039 -0.01978486
Moved 380.894 269.7407 245.5186 -0.2089335 0.03193626
Moved 380.9172 267.6017 251.7965 -0.2138849 0.06826666
Moved 380.94 265.4369 258.6893 -0.218896 0.1081555
Moved 380.9637 264.233 262.3011 -0.2216829 0.1290574
Moved 380.987 262 265.5593 -0.2268519 0.1479126
Moved 381.0097 260.9966 266 -0.2291746 0.150463
Moved 381.0464 260 269.1561 -0.2314815 0.1687276
Moved 381.0735 259 271.5 -0.2337963 0.1822919
Moved 381.0988 257.8603 272.1396 -0.2364344 0.1859935
Moved 381.1236 258 273.374 -0.2361111 0.1931362
Moved 381.1479 258 274 -0.2361111 0.1967594
Moved 381.1719 256.9743 275.0257 -0.2384853 0.202695
Moved 381.2004 257 276 -0.2384259 0.2083332
Moved 381.2277 257 276.8334 -0.2384259 0.2131565
Moved 381.2511 257 277.5 -0.2384259 0.2170139
Moved 381.2747 257 277 -0.2384259 0.2141204
Moved 381.3131 257 278 -0.2384259 0.2199074
Moved 381.3388 257 279.5 -0.2384259 0.2285882
Moved 381.3629 256 279.975 -0.2407407 0.2313367
Moved 381.3891 255 282.6867 -0.2430556 0.2470296
Moved 381.4197 253.6283 284 -0.2462308 0.2546298
Moved 381.4454 254 287.2424 -0.2453704 0.2733937
Moved 381.4695 252.5 287 -0.2488426 0.2719909
Moved 381.4939 253 288.0574 -0.2476852 0.2781104
Moved 381.5174 253 289.3734 -0.2476852 0.2857258
Stationary 381.5419 253 289 -0.2476852 0.283565
Ended 381.5812 253 289 -0.2476852 0.283565
Began 382.0201 350 182 -0.02314816 -0.335648
Stationary 382.0482 350 182 -0.02314816 -0.335648
Stationary 382.0699 350 182 -0.02314816 -0.335648
Stationary 382.0913 350 182 -0.02314816 -0.335648
Stationary 382.1131 350 182 -0.02314816 -0.335648
Stationary 382.1349 350 182 -0.02314816 -0.335648
Stationary 382.1566 350 182 -0.02314816 -0.335648
Stationary 382.178 350 182 -0.02314816 -0.335648
Stationary 382.1999 350 182 -0.02314816 -0.335648
Stationary 382.2216 350 182 -0.02314816 -0.335648
Stationary 382.2439 350 182 -0.02314816 -0.335648
Stationary 382.266 350 182 -0.02314816 -0.335648
Stationary 382.2878 350 182 -0.02314816 -0.335648
Stationary 382.3187 350 182 -0.02314816 -0.335648
Moved 382.3423 362.1151 194.5575 0.004896124 -0.2629775
Moved 382.3672 369.3206 198.2137 0.02157539 -0.2418188
Moved 382.3924 374.7045 201.0818 0.03403812 -0.2252212
Moved 382.4211 386.6745 206.8373 0.06174644 -0.1919139
Moved 382.4481 399.1618 212.5809 0.09065231 -0.158675
Moved 382.4737 413.0996 219.4597 0.1229157 -0.1188672
Moved 382.4973 420.1804 223.7083 0.1393064 -0.09428078
Moved 382.5206 433.3342 232.3342 0.169755 -0.04436211
Moved 382.5455 440.6671 237.1115 0.1867295 -0.01671632
Moved 382.5835 453.6952 247.6952 0.2168871 0.04453235
Moved 382.6074 458.0072 252.0072 0.2268685 0.06948631
Moved 382.6305 465.7528 257.7529 0.2447983 0.1027367
Moved 382.6541 468.6312 260.6312 0.2514611 0.1193937
Moved 382.6776 475.5455 266.3636 0.2674664 0.1525674
Moved 382.7009 477.4284 268.4284 0.271825 0.1645164
Moved 382.7255 485.3139 274.3139 0.2900785 0.1985757
Moved 382.7504 492.073 279.0365 0.3057244 0.2259055
Moved 382.7763 494.9405 281.4702 0.3123622 0.2399899
Moved 382.8001 499.9595 285.9595 0.3239802 0.2659692
Moved 382.8391 503.851 289.851 0.3329884 0.2884893
Moved 382.863 506.7271 293 0.3396462 0.306713
Moved 382.8866 509.3387 295.3387 0.3456914 0.3202471
Moved 382.9103 510.7786 296.7786 0.3490244 0.3285798
Moved 382.9389 512 297.5825 0.3518519 0.333232
Stationary 382.9628 512 298 0.3518519 0.3356482
Stationary 382.9873 512 298 0.3518519 0.3356482
Stationary 383.0101 512 298 0.3518519 0.3356482
Moved 383.0342 502.6301 298 0.3301623 0.3356482
Moved 383.059 483.1628 298 0.2850991 0.3356482
Moved 383.1009 462.3369 286.779 0.236891 0.2707118
Moved 383.127 445.564 282.0256 0.1980647 0.2432036
Moved 383.1522 431.6277 277.8759 0.1658047 0.219189
Moved 383.1778 423.0334 275.0111 0.1459106 0.2026106
Moved 383.2039 407.1407 269.6282 0.1091221 0.1714593
Moved 383.23 396.0023 264.7505 0.08333851 0.1432325
Moved 383.2552 391.952 263.738 0.0739629 0.1373727
Moved 383.282 382.3477 259.7826 0.05173077 0.1144828
Moved 383.3084 372.7192 256.9064 0.02944261 0.09783781
Moved 383.3372 360.1644 251.0986 0.0003804763 0.06422821
Moved 383.3805 344.6575 244.5675 -0.03551513 0.02643232
Moved 383.4058 332.2422 239.9453 -0.06425425 -0.0003164786
Moved 383.4323 317.8567 235.5427 -0.09755388 -0.02579442
Moved 383.4614 300.1611 231.3318 -0.1385159 -0.05016327
Moved 383.4866 291.7354 228.5785 -0.15802 -0.06609669
Moved 383.5118 278.5985 224.8394 -0.1884293 -0.08773521
Moved 383.5368 270.1394 223.0465 -0.2080106 -0.09811048
Moved 383.5619 265.8335 221.6112 -0.217978 -0.1064165
Moved 383.5873 260.0941 219.0941 -0.2312637 -0.1209831
Moved 383.6128 256.2177 218 -0.2402368 -0.1273148
Moved 383.6543 253.3531 217 -0.2468679 -0.1331017
Moved 383.6881 250.5 214.5 -0.2534722 -0.1475695
Moved 383.7119 250 214 -0.2546296 -0.1504628
Moved 383.7358 247.5 213 -0.2604167 -0.15625
Moved 383.7593 246.7982 211.7982 -0.2620412 -0.1632048
Moved 383.783 244.7215 211 -0.2668485 -0.1678241
Stationary 383.8069 245 211 -0.2662037 -0.1678241
Moved 383.83 244 208.8782 -0.2685185 -0.1801032
Stationary 383.8535 244 209 -0.2685185 -0.179398
Moved 383.8771 243 207.4326 -0.2708333 -0.1884685
Moved 383.9143 243 205.9701 -0.2708333 -0.1969323
Stationary 383.9427 243 206 -0.2708333 -0.1967593
Moved 383.966 248.7627 203.1768 -0.2574939 -0.2130973
Moved 383.9898 256.2777 201.7445 -0.2400979 -0.221386
Moved 384.0136 272.9826 202 -0.2014292 -0.2199074
Moved 384.0376 283.9153 202 -0.1761221 -0.2199074
Moved 384.0619 311.0099 221.606 -0.1134031 -0.106447
Moved 384.0856 324.3922 231.8431 -0.08242542 -0.04720405
Moved 384.1087 341.4939 246.6626 -0.0428382 0.03855688
Moved 384.1327 348.1587 252.7904 -0.02741044 0.07401855
Moved 384.1723 369.9831 271.1865 0.02310912 0.1804778
Moved 384.1982 384.3426 281.6741 0.05634854 0.2411696
Moved 384.2224 391.5447 286.3268 0.07302016 0.2680952
Moved 384.2475 402.0447 293.3632 0.09732573 0.3088146
Moved 384.273 411.6717 299.1144 0.1196104 0.3420976
Moved 384.2972 415.9781 301.9854 0.129579 0.3587119
Moved 384.3228 425.4466 306.7233 0.1514966 0.38613
Moved 384.35 431.9112 310.3038 0.1664612 0.4068505
Moved 384.3748 435.6859 312.843 0.1751987 0.4215449
Moved 384.4043 441.4348 315 0.1885065 0.4340278
Moved 384.4446 450.0455 318.0228 0.2084386 0.4515207
Moved 384.4697 452.1464 318 0.2133018 0.4513889
Moved 384.4944 456.937 319 0.2243911 0.4571759
Moved 384.5196 460.8459 319 0.2334397 0.4571759
Moved 384.5453 463.5661 320.283 0.2397363 0.4646008
Moved 384.5703 467.7442 320 0.2494078 0.462963
Moved 384.5939 469.2708 320 0.2529416 0.462963
Moved 384.6168 473.136 320 0.2618888 0.462963
Moved 384.64 474.576 320 0.2652221 0.462963
Moved 384.6628 476.0085 320 0.2685381 0.462963
Moved 384.7062 479.3958 320 0.2763791 0.462963
Stationary 384.73 479.3958 320 0.2763791 0.462963
Moved 384.7532 480.3569 320 0.2786038 0.462963
Moved 384.777 480 312.4471 0.2777778 0.4192542
Moved 384.7999 480 311.2689 0.2777778 0.4124359
Moved 384.828 480 305.785 0.2777778 0.3807003
Moved 384.8516 480 301.8698 0.2777778 0.3580429
Moved 384.8752 480 293.273 0.2777778 0.3082929
Moved 384.8989 480 288.9037 0.2777778 0.2830077
Moved 384.9226 480 279.4259 0.2777778 0.2281592
Moved 384.9627 473 266.915 0.2615741 0.1557585
Moved 384.9899 471 256.4249 0.2569444 0.09505184
Moved 385.0148 470 248.7775 0.2546296 0.0507957
Moved 385.0394 468.4057 244.217 0.250939 0.02440417
Moved 385.0643 467 237.0614 0.2476852 -0.01700578
Moved 385.0905 465 232.6544 0.2430555 -0.04250915
Moved 385.1145 464 230.2163 0.2407408 -0.05661859
Moved 385.1389 463 226.6674 0.2384259 -0.0771565
Moved 385.1627 461.229 225.229 0.2343264 -0.0854803
Moved 385.1877 460 222.3573 0.2314815 -0.102099
Moved 385.2294 456.2976 217.5952 0.222911 -0.1296573
Moved 385.2545 454.9627 215.9626 0.219821 -0.1391051
Moved 385.2884 446.3 210.65 0.1997685 -0.1698494
Moved 385.3141 442.6503 208.4335 0.1913201 -0.1826767
Moved 385.3398 437 205.5 0.1782407 -0.1996528
Moved 385.3659 432.7648 203 0.168437 -0.2141204
Moved 385.3918 430.3318 201.3318 0.162805 -0.2237742
Moved 385.418 427.461 199.4611 0.1561598 -0.2346002
Moved 385.4439 423.5862 198 0.1471903 -0.2430556
Moved 385.469 422.6127 196.6127 0.1449367 -0.2510841
Moved 385.5096 418.1924 193.1924 0.1347045 -0.2708774
Moved 385.5347 416.2976 192.2976 0.1303186 -0.2760555
Moved 385.5581 415.5 191.5 0.1284723 -0.2806711
Moved 385.5819 413.3612 192 0.1235214 -0.2777776
Moved 385.6055 411.9253 190.9253 0.1201974 -0.283997
Moved 385.6292 406.1062 191 0.1067273 -0.2835648
Moved 385.6522 401.8242 191 0.09681543 -0.2835648
Moved 385.6803 393.1845 198.631 0.07681599 -0.2394039
Moved 385.7039 383.5518 203.816 0.05451808 -0.2093979
Moved 385.7281 379.2641 206.4906 0.04459282 -0.1939202
Moved 385.7691 367.8708 212.5646 0.01821945 -0.1587697
Moved 385.795 361.7123 216.1918 0.00396361 -0.1377789
Moved 385.8188 358.9451 217.5275 -0.002441952 -0.1300492
Moved 385.844 353.2325 219.3838 -0.01566539 -0.119307
Moved 385.8691 351.3324 220.8339 -0.02006397 -0.1109152
Moved 385.894 348.5 223.5 -0.02662038 -0.09548612
Moved 385.9215 345.7441 225.2559 -0.03299966 -0.08532489
Moved 385.9467 343.5901 225.705 -0.03798574 -0.08272596
Moved 385.9726 341.5 228.5 -0.04282405 -0.06655093
Moved 385.9985 341 229.437 -0.04398147 -0.0611284
Moved 386.0371 339.5969 229 -0.04722933 -0.06365723
Moved 386.0662 338.6271 230.3729 -0.04947429 -0.05571224
Moved 386.0899 337.7506 231.2494 -0.05150328 -0.05064011
Moved 386.1146 338 232.0404 -0.05092591 -0.04606247
Stationary 386.1383 338 232.0404 -0.05092591 -0.04606247
Moved 386.1619 337 233.1011 -0.05324075 -0.03992416
Stationary 386.1867 337 233 -0.05324075 -0.04050926
Stationary 386.2106 337 233 -0.05324075 -0.04050926
Stationary 386.2331 337 233 -0.05324075 -0.04050926
Ended 386.257 337 233 -0.05324075 -0.04050926
Began 386.8192 182 294 -0.412037 0.3125
Stationary 386.8477 182 294 -0.412037 0.3125
Stationary 386.871 182 294 -0.412037 0.3125
Stationary 386.8939 182 294 -0.412037 0.3125
Stationary 386.9163 182 294 -0.412037 0.3125
Stationary 386.9428 182 294 -0.412037 0.3125
Stationary 386.9653 182 294 -0.412037 0.3125
Stationary 386.9875 182 294 -0.412037 0.3125
Stationary 387.0106 182 294 -0.412037 0.3125
Stationary 387.0329 182 294 -0.412037 0.3125
Stationary 387.0555 182 294 -0.412037 0.3125
Stationary 387.078 182 294 -0.412037 0.3125
Stationary 387.1004 182 294 -0.412037 0.3125
Moved 387.1247 191.9605 294 -0.3889802 0.3125
Moved 387.1503 197 294 -0.3773148 0.3125
Moved 387.1749 208.4362 294 -0.350842 0.3125
Moved 387.2141 236.6971 294 -0.2854234 0.3125
Moved 387.239 250.1841 285.3129 -0.2542034 0.2622274
Moved 387.265 271.5 284 -0.2048611 0.2546298
Moved 387.2946 290.5524 283 -0.1607584 0.2488426
Moved 387.321 312.4891 281.0638 -0.1099789 0.237638
Moved 387.3456 322.3459 281 -0.08716215 0.2372685
Moved 387.3723 340.0249 280 -0.0462386 0.2314817
Moved 387.3971 357.8635 278.3052 -0.004945696 0.221674
Moved 387.4215 367.8984 278 0.01828342 0.2199074
Moved 387.4467 383.026 278 0.05330095 0.2199074
Moved 387.4864 400.8525 277 0.09456595 0.2141204
Moved 387.5115 407.9659 275.6068 0.111032 0.206058
Moved 387.5373 419.0322 276 0.1366485 0.2083332
Moved 387.5657 429.5606 276 0.16102 0.2083332
Moved 387.5914 433.5 276 0.1701389 0.2083332
Moved 387.6158 443.5296 276 0.1933557 0.2083332
Moved 387.6449 450.812 276 0.2102129 0.2083332
Moved 387.6693 455.0268 276 0.2199693 0.2083332
Moved 387.6924 460.4232 276 0.2324612 0.2083332
Moved 387.7179 464.5057 284.7529 0.2419113 0.2589867
Moved 387.7568 469.6306 287.6306 0.2537744 0.2756398
Moved 387.7817 475 289.5 0.2662037 0.2864584
Moved 387.8047 475.9337 290.9337 0.2683649 0.294755
Moved 387.8279 478.3215 292.3215 0.2738924 0.3027865
Stationary 387.8516 478.3215 292.3215 0.2738924 0.3027865
Moved 387.8754 479.7478 293 0.277194 0.306713
Moved 387.8986 480.5 293 0.2789353 0.306713
Moved 387.9226 480 294.5 0.2777778 0.3153935
Stationary 387.9452 480 294.5 0.2777778 0.3153935
Moved 387.9739 470.9062 294 0.2567273 0.3125
Moved 388.0137 445.7295 294 0.198448 0.3125
Moved 388.038 435.4436 285.3609 0.174638 0.2625054
Moved 388.0642 415.6716 279.0015 0.1288694 0.2257029
Moved 388.0892 397.6982 273.566 0.08726428 0.1942481
Moved 388.1138 388.7403 269.0442 0.06652842 0.16808
Moved 388.1379 372 260.5 0.02777775 0.1186343
Moved 388.1626 361.6286 255.0858 0.003769994 0.08730236
Moved 388.187 344 243.5 -0.03703703 0.02025463
Moved 388.2128 332.361 237.1805 -0.06397928 -0.01631613
Moved 388.2424 325.431 232.4309 -0.08002093 -0.04380244
Moved 388.2822 320.3499 230.1749 -0.09178265 -0.05685789
Moved 388.3081 315.6117 227.3058 -0.1027507 -0.07346171
Moved 388.3378 310.8738 225 -0.113718 -0.08680556
Moved 388.3644 307.5678 224 -0.1213707 -0.09259242
Moved 388.3907 306.6383 222.6383 -0.1235224 -0.1004726
Moved 388.4165 301.2704 219.6353 -0.1359481 -0.1178515
Moved 388.4415 296.527 217.7635 -0.1469282 -0.1286832
Moved 388.4681 294.3277 217 -0.1520192 -0.1331017
Moved 388.4927 289.6725 214.8363 -0.1627951 -0.1456231
Moved 388.5171 282.814 212.907 -0.1786714 -0.1567883
Moved 388.5576 275.1195 212.0398 -0.1964827 -0.1618068
Moved 388.5836 269.3275 212 -0.20989 -0.1620369
Moved 388.6075 267.1231 212 -0.2149928 -0.1620369
Moved 388.6321 261.4243 211 -0.2281845 -0.1678241
Moved 388.6604 256.3485 210.3485 -0.239934 -0.1715943
Moved 388.6861 252 210 -0.25 -0.1736111
Moved 388.7094 249.5146 210 -0.2557532 -0.1736111
Moved 388.7345 245 210 -0.2662037 -0.1736111
Moved 388.7581 244.0249 210 -0.268461 -0.1736111
Moved 388.7827 240.1436 210 -0.2774453 -0.1736111
Moved 388.8217 236.5 210 -0.2858796 -0.1736111
Moved 388.8465 233.7349 210 -0.2922803 -0.1736111
Moved 388.8716 230.8639 210 -0.2989261 -0.1736111
Moved 388.8958 229.4246 210 -0.302258 -0.1736111
Moved 388.9203 226.5527 210 -0.3089057 -0.1736111
Stationary 388.9443 226.5527 210 -0.3089057 -0.1736111
Moved 388.9724 223.6017 210 -0.3157367 -0.1736111
Moved 388.9966 223 210 -0.3171296 -0.1736111
Moved 389.0196 222.293 210 -0.3187664 -0.1736111
Moved 389.0431 220.8903 210 -0.3220132 -0.1736111
Moved 389.0807 219.626 210 -0.3249398 -0.1736111
Moved 389.1039 217.996 210 -0.3287129 -0.1736111
Stationary 389.1266 217.996 210 -0.3287129 -0.1736111
Moved 389.149 216.6261 210 -0.3318841 -0.1736111
Moved 389.1725 215.8799 210 -0.3336113 -0.1736111
Moved 389.1977 213.7227 210 -0.338605 -0.1736111
Moved 389.2226 213.2892 210 -0.3396084 -0.1736111
Moved 389.2493 210.4189 210 -0.3462525 -0.1736111
Moved 389.2792 207.8486 210 -0.3522024 -0.1736111
Moved 389.304 203.9379 210 -0.3612548 -0.1736111
Moved 389.3457 198.1923 219.9038 -0.3745548 -0.1162974
Moved 389.3716 191.8439 225.1561 -0.3892502 -0.08590186
Moved 389.3959 185.0493 233.2676 -0.4049783 -0.0389606
Moved 389.4198 182.2501 237.4998 -0.411458 -0.01446901
Moved 389.4439 178.3731 244.2539 -0.4204327 0.02461769
Moved 389.468 176.9416 247.1168 -0.4237462 0.04118531
Moved 389.4918 175.428 251.144 -0.42725 0.064491
Moved 389.5154 175 253.0072 -0.4282407 0.07527334
Moved 389.5404 175 255.8807 -0.4282407 0.09190242
Moved 389.571 175 258.7565 -0.4282407 0.1085446
Moved 389.6117 175 261.5 -0.4282407 0.1244215
Moved 389.6368 175 262.0878 -0.4282407 0.1278227
Moved 389.6619 183.4034 264 -0.4087885 0.1388891
Moved 389.6878 190.7704 267.9235 -0.3917353 0.1615943
Moved 389.7123 194.0185 268 -0.3842164 0.162037
Moved 389.738 201.6522 270 -0.3665459 0.1736111
Moved 389.7635 208.5201 271.76 -0.350648 0.1837965
Moved 389.7885 211.3916 272 -0.344001 0.1851854
Moved 389.8135 218.6422 273.8211 -0.3272173 0.195724
Moved 389.8419 224.2906 274 -0.3141421 0.1967594
Moved 389.8896 232.9076 274 -0.2941954 0.1967594
Moved 389.9143 236.778 274 -0.2852361 0.1967594
Moved 389.9395 243.7783 275 -0.2690317 0.2025463
Moved 389.9657 256.001 276.8002 -0.2407384 0.2129645
Moved 389.9924 269.7153 278.6788 -0.2089924 0.2238358
Moved 390.017 276.5376 279 -0.1932001 0.2256946
Moved 390.0419 289.0686 280 -0.1641931 0.2314817
Moved 390.0669 296.1678 281.0336 -0.1477596 0.2374628
Moved 390.0929 309.5874 283.835 -0.1166959 0.2536746
Moved 390.1185 322.1345 285 -0.08765156 0.2604167
Moved 390.158 329.7408 286.2469 -0.0700444 0.267633
Moved 390.1883 336.3988 288.1994 -0.05463248 0.2789316
Moved 390.2156 340.0718 290 -0.04613002 0.2893519
Moved 390.2415 342.9449 291 -0.03947943 0.2951389
Moved 390.2669 344.0156 291 -0.03700102 0.2951389
Moved 390.2922 346.5 292.5 -0.03125002 0.3038196
Moved 390.3172 347.2492 292 -0.02951577 0.3009261
Stationary 390.3417 347.2492 292 -0.02951577 0.3009261
Stationary 390.3659 347.2492 292 -0.02951577 0.3009261
Moved 390.3905 348.1411 292 -0.02745122 0.3009261
Moved 390.4296 348 288.2885 -0.0277778 0.2794471
Moved 390.4537 336.7797 280.1949 -0.05375078 0.2326093
Moved 390.4823 336.7545 278.3773 -0.05380914 0.2220908
Moved 390.5067 329.2493 272.2493 -0.07118209 0.1866283
Moved 390.5319 320.5003 265.5004 -0.09143443 0.1475717
Moved 390.5558 316.9573 264.3191 -0.09963581 0.1407355
Moved 390.5812 311 260 -0.113426 0.1157407
Moved 390.6064 308.1472 260.3824 -0.1200295 0.1179536
Moved 390.6329 297.0247 256.5062 -0.1457763 0.09552179
Moved 390.6578 286.5354 254.6338 -0.170057 0.08468646
Moved 390.698 275.2649 252.755 -0.1961461 0.07381369
Moved 390.7245 268.4168 253 -0.2119981 0.07523149
Moved 390.75 261.0016 253 -0.229163 0.07523149
Moved 390.7822 254.3998 252.4666 -0.2444449 0.07214441
Moved 390.8104 247.898 252 -0.2594955 0.06944445
Moved 390.8368 245 252 -0.2662037 0.06944445
Moved 390.8625 239.6391 252 -0.2786131 0.06944445
Moved 390.8896 233.525 252 -0.2927662 0.06944445
Moved 390.9158 231.1466 252 -0.2982717 0.06944445
Moved 390.9417 229.7707 252 -0.3014568 0.06944445
Moved 390.9823 227 252 -0.3078704 0.06944445
Stationary 391.0062 227 252 -0.3078704 0.06944445
Ended 391.0324 227 252 -0.3078704 0.06944445
Began 391.8639 387 271 0.06250004 0.1793981
Stationary 391.8984 387 271 0.06250004 0.1793981
Stationary 391.9302 387 271 0.06250004 0.1793981
Stationary 391.9599 387 271 0.06250004 0.1793981
Stationary 391.9897 387 271 0.06250004 0.1793981
Stationary 392.0146 387 271 0.06250004 0.1793981
Stationary 392.0527 387 271 0.06250004 0.1793981
Stationary 392.0753 387 271 0.06250004 0.1793981
Stationary 392.0975 387 271 0.06250004 0.1793981
Stationary 392.1199 387 271 0.06250004 0.1793981
Stationary 392.1424 387 271 0.06250004 0.1793981
Stationary 392.1696 387 271 0.06250004 0.1793981
Stationary 392.2007 387 271 0.06250004 0.1793981
Moved 392.226 379 280.5891 0.04398147 0.2348907
Moved 392.2614 379 283.4628 0.04398147 0.251521
Moved 392.2884 379 286.3435 0.04398147 0.2681916
Moved 392.3107 379 287.5 0.04398147 0.2748843
Moved 392.3357 388.3404 289 0.06560286 0.283565
Moved 392.3582 389.7831 290.7831 0.06894241 0.2938836
Moved 392.381 391.2204 292.2204 0.07226943 0.3022014
Moved 392.4037 392 293.0953 0.07407407 0.3072647
Moved 392.4287 393.5 293 0.07754634 0.306713
Moved 392.4571 394 294.0803 0.07870366 0.3129647
Moved 392.4821 395.374 294 0.08188415 0.3125
Moved 392.5211 395 295.1902 0.08101851 0.3193877
Moved 392.5467 396 296 0.08333336 0.3240741
Stationary 392.5729 396 296 0.08333336 0.3240741
Moved 392.5972 396 298.5 0.08333336 0.3385417
Moved 392.6215 396 299.2573 0.08333336 0.3429244
Moved 392.6469 396 301.043 0.08333336 0.3532583
Moved 392.6716 396 303.9302 0.08333336 0.3699667
Stationary 392.6958 396 304 0.08333336 0.3703706
Moved 392.7265 396 307.1937 0.08333336 0.3888526
Moved 392.7523 396 308.8282 0.08333336 0.3983116
Moved 392.7914 396 310.3221 0.08333336 0.4069565
Moved 392.8152 396 311.5 0.08333336 0.4137734
Moved 392.8419 396 312 0.08333336 0.4166669
Stationary 392.8661 396 312 0.08333336 0.4166669
Moved 392.8914 397 312 0.0856481 0.4166669
Moved 392.9185 399.2635 313 0.09088784 0.4224537
Moved 392.9432 400.5 313 0.09374996 0.4224537
Moved 392.9695 401 313 0.09490739 0.4224537
Moved 392.9984 403.5 313 0.1006944 0.4224537
Moved 393.0228 404.2712 313 0.1024798 0.4224537
Moved 393.0625 406 313 0.1064815 0.4224537
Moved 393.0886 407.2682 313 0.1094172 0.4224537
Moved 393.1127 407.7982 313 0.1106439 0.4224537
Moved 393.1383 409.3349 313 0.1142011 0.4224537
Moved 393.164 410.055 313 0.115868 0.4224537
Stationary 393.1895 410.055 313 0.115868 0.4224537
Moved 393.2166 413.5 303.5 0.1238426 0.3674769
Moved 393.2473 415.3962 298.2075 0.128232 0.3368491
Moved 393.2786 417 294.7064 0.1319444 0.3165883
Moved 393.3028 419.8625 290.2749 0.1385707 0.2909428
Moved 393.3429 421.6879 285.6241 0.1427961 0.2640288
Moved 393.3687 423.5623 280.4377 0.1471349 0.2340146
Moved 393.3938 425.4311 277.5688 0.151461 0.2174123
Moved 393.4204 425.6676 276.3324 0.1520082 0.2102569
Moved 393.4464 427 271.5659 0.1550926 0.1826728
Moved 393.4726 428.3033 268.6967 0.1581095 0.166069
Moved 393.4974 428.7454 266.2546 0.1591329 0.1519362
Moved 393.5229 429 263.5 0.1597223 0.1359952
Moved 393.5526 430.1538 260.8462 0.162393 0.1206377
Moved 393.5773 430 258.9658 0.162037 0.1097557
Moved 393.6183 431 256.0926 0.1643519 0.09312842
Moved 393.6432 431 252.3966 0.1643519 0.0717398
Moved 393.6673 432.8459 248.4623 0.1686248 0.04897171
Moved 393.6921 434.731 241.538 0.1729886 0.008900431
Moved 393.7163 437.5982 233.8036 0.1796255 -0.03585886
Moved 393.741 439.0278 230.9443 0.1829348 -0.05240547
Moved 393.7656 442.581 223.257 0.1911598 -0.09689261
Moved 393.7956 446.9134 215.63 0.2011883 -0.1410301
Moved 393.82 447.8915 213.217 0.2034525 -0.1549938
Moved 393.8463 450.7655 207.2345 0.2101053 -0.1896152
Moved 393.8914 454.7061 200.2939 0.2192271 -0.2297803
Moved 393.9189 456 197.4063 0.2222222 -0.2464916
Moved 393.9434 457.0292 195.9708 0.2246046 -0.2547983
Moved 393.9788 458 192.9583 0.2268519 -0.2722322
Moved 394.0039 459.4724 193 0.2302603 -0.2719907
Moved 394.0311 459 192 0.2291666 -0.2777776
Moved 394.0609 460 189.7772 0.2314815 -0.2906411
Stationary 394.088 460 190 0.2314815 -0.2893519
Ended 394.1116 460 190 0.2314815 -0.2893519
Backspace 394.9237
Began 395.6286 281 348 -0.1828704 0.6250001
Stationary 395.665 281 348 -0.1828704 0.6250001
Stationary 395.6898 281 348 -0.1828704 0.6250001
Stationary 395.7148 281 348 -0.1828704 0.6250001
Stationary 395.7395 281 348 -0.1828704 0.6250001
Stationary 395.7724 281 348 -0.1828704 0.6250001
Stationary 395.7959 281 348 -0.1828704 0.6250001
Stationary 395.8191 281 348 -0.1828704 0.6250001
Stationary 395.8453 281 348 -0.1828704 0.6250001
Stationary 395.8728 281 348 -0.1828704 0.6250001
Stationary 395.8968 281 348 -0.1828704 0.6250001
Stationary 395.9205 281 348 -0.1828704 0.6250001
Stationary 395.9451 281 348 -0.1828704 0.6250001
Stationary 395.9794 281 348 -0.1828704 0.6250001
Moved 396.0095 292.6955 348 -0.1557975 0.6250001
Moved 396.0367 295.2855 348 -0.1498022 0.6250001
Moved 396.0634 304.0324 348 -0.1295546 0.6250001
Moved 396.0909 311.7353 343.9509 -0.1117238 0.6015679
Moved 396.1189 321.3409 337.553 -0.08948857 0.5645431
Moved 396.1438 323.8824 335.1176 -0.08360559 0.5504491
Moved 396.1707 329.7521 332.2479 -0.07001822 0.5338418
Moved 396.1979 332.293 329.707 -0.06413648 0.5191376
Moved 396.228 336.1639 327.8361 -0.05517607 0.5083107
Moved 396.2749 340.4733 325 -0.04520064 0.4918982
Moved 396.3013 342.9734 323 -0.03941337 0.4803241
Moved 396.3264 344.3967 321.6033 -0.03611882 0.4722415
Moved 396.3529 347.2732 317.7268 -0.02946019 0.4498081
Moved 396.3796 351.1529 310.6942 -0.02047941 0.40911
Moved 396.4058 354 308 -0.01388888 0.3935185
Moved 396.4335 358.2758 300.5862 -0.003991077 0.3506148
Moved 396.4593 362.0042 294.9915 0.004639427 0.3182381
Moved 396.4851 366.7592 289.2408 0.01564632 0.2849582
Moved 396.5138 368.3141 286.3719 0.01924554 0.2683558
Moved 396.5552 376.5545 278.4455 0.03832062 0.2224857
Moved 396.5815 381.2968 273.7032 0.04929801 0.195042
Moved 396.6071 383.1632 272.4184 0.05361845 0.1876066
Moved 396.6338 387.1145 268.771 0.06276508 0.1664988
Moved 396.6591 391.0218 264.9564 0.07180969 0.1444237
Moved 396.6844 392.457 264 0.07513195 0.1388891
Moved 396.7094 394 263 0.07870366 0.1331019
Moved 396.7347 395.9052 261 0.08311392 0.1215278
Moved 396.7642 397 259.2479 0.0856481 0.1113885
Moved 396.7888 398.1846 259 0.08839031 0.1099539
Moved 396.8315 400.5 258 0.09374996 0.1041667
Moved 396.8571 403.007 255.993 0.09955316 0.09255233
Moved 396.8975 405.8773 253.1227 0.1061976 0.07594144
Moved 396.925 408.7549 252 0.1128585 0.06944445
Moved 396.9525 410.5 251 0.1168981 0.06365723
Moved 396.9841 412.1702 249 0.1207644 0.05208351
Moved 397.0096 413.0452 248 0.1227897 0.0462963
Stationary 397.0365 413.0452 248 0.1227897 0.0462963
Stationary 397.0596 413 248 0.1226852 0.0462963
Stationary 397.0833 413 248 0.1226852 0.0462963
Moved 397.124 393.5235 253.9688 0.07760057 0.08083768
Moved 397.1508 374.6045 262.2559 0.03380676 0.1287955
Moved 397.177 356.9505 267.2999 -0.007059028 0.1579855
Moved 397.2025 344.0157 270.2461 -0.03700078 0.1750353
Moved 397.2281 323.579 275.9774 -0.08430779 0.2082027
Moved 397.2529 317.281 278.9297 -0.09888654 0.2252879
Moved 397.2828 300.1858 284.6047 -0.1384588 0.2581293
Moved 397.309 288.6341 289.683 -0.165199 0.2875175
Moved 397.3371 278.1417 294.4291 -0.1894869 0.3149835
Moved 397.3617 268.6239 297.0941 -0.2115187 0.3304054
Moved 397.4013 263.5761 299.7119 -0.2232034 0.3455551
Moved 397.4265 259.03 302.485 -0.2337269 0.3616029
Moved 397.4536 256.6417 303 -0.2392553 0.3645834
Moved 397.4805 255.2138 304 -0.2425606 0.3703706
Moved 397.5121 252.5 304 -0.2488426 0.3703706
Moved 397.538 252 305 -0.25 0.3761576
Moved 397.5648 250 306.0839 -0.2546296 0.3824301
Moved 397.5912 248.5 306 -0.2581019 0.3819445
Moved 397.6166 249 306 -0.2569445 0.3819445
Stationary 397.641 249 306 -0.2569445 0.3819445
Ended 397.6797 249 306 -0.2569445 0.3819445
Began 398.1347 290 233 -0.162037 -0.04050926
Stationary 398.1746 290 233 -0.162037 -0.04050926
Stationary 398.1995 290 233 -0.162037 -0.04050926
Stationary 398.231 290 233 -0.162037 -0.04050926
Stationary 398.2573 290 233 -0.162037 -0.04050926
Stationary 398.282 290 233 -0.162037 -0.04050926
Stationary 398.3068 290 233 -0.162037 -0.04050926
Stationary 398.3316 290 233 -0.162037 -0.04050926
Stationary 398.3562 290 233 -0.162037 -0.04050926
Stationary 398.3866 290 233 -0.162037 -0.04050926
Stationary 398.4174 290 233 -0.162037 -0.04050926
Stationary 398.4456 290 233 -0.162037 -0.04050926
Stationary 398.47 290 233 -0.162037 -0.04050926
Stationary 398.4937 290 233 -0.162037 -0.04050926
Stationary 398.5173 290 233 -0.162037 -0.04050926
Stationary 398.5425 290 233 -0.162037 -0.04050926
Moved 398.5674 314.5 233 -0.1053241 -0.04050926
Moved 398.5944 331.4776 241.2955 -0.06602407 0.007497469
Moved 398.6263 351.2879 247.483 -0.02016683 0.04330458
Moved 398.6512 360.5703 250.1901 0.001320143 0.05897028
Moved 398.6945 386.4845 256.8281 0.06130666 0.09738499
Moved 398.7226 404.1272 260.4254 0.1021464 0.1182026
Moved 398.7491 419.6664 262.2777 0.1381167 0.1289221
Moved 398.7773 432.8243 265.2061 0.1685748 0.1458686
Moved 398.8031 437.0056 265 0.1782536 0.1446759
Moved 398.8311 446.6219 267.2073 0.2005137 0.1574499
Moved 398.8608 454.2387 269.0796 0.2181451 0.1682847
Moved 398.8875 459.9104 270.9552 0.231274 0.1791389
Moved 398.9119 462.0769 272.0385 0.2362891 0.1854079
Moved 398.9367 467.8411 274.8411 0.2496321 0.2016265
Moved 398.9768 475.4615 279.2308 0.2672721 0.22703
Moved 399.0022 476.6729 280.6729 0.2700762 0.2353758
Moved 399.0269 480.1742 283.3484 0.278181 0.2508593
Moved 399.0518 483 284.5 0.2847222 0.2575233
Moved 399.0804 484.4778 286.4778 0.288143 0.2689692
Moved 399.1054 485 287 0.2893518 0.2719909
Moved 399.1297 485 288.5 0.2893518 0.2806711
Moved 399.1534 485 288 0.2893518 0.2777778
Moved 399.1776 485 290.5 0.2893518 0.2922454
Moved 399.2016 476.0292 290 0.2685861 0.2893519
Moved 399.2434 454.7523 290 0.219334 0.2893519
Moved 399.2696 442.5 290 0.1909722 0.2893519
Moved 399.2993 432.9189 280.4774 0.1687938 0.2342443
Moved 399.3272 428.6039 280.2013 0.1588054 0.2326464
Moved 399.354 421.1461 276.4307 0.1415417 0.2108261
Moved 399.3809 414.5076 272.5076 0.126175 0.1881229
Moved 399.4072 409.7629 268.7629 0.1151919 0.1664522
Moved 399.4353 407.8879 266.8879 0.1108516 0.1556013
Moved 399.4609 402.8748 262.8748 0.0992473 0.1323776
Moved 399.4886 397.0353 252.106 0.08572996 0.07005762
Moved 399.5337 389.4761 241.4761 0.06823182 0.008542096
Moved 399.5588 388.2993 237.8978 0.06550758 -0.01216535
Moved 399.5842 384.7975 232.5951 0.05740166 -0.04285248
Moved 399.6103 381.9226 226.9226 0.05074679 -0.07567936
Moved 399.64 380.048 221.048 0.04640738 -0.1096761
Moved 399.6651 378.6121 218.2241 0.04308353 -0.126018
Moved 399.7062 376.6403 213.6404 0.0385193 -0.1525443
Moved 399.7334 376 208.5332 0.03703703 -0.1820994
Moved 399.7649 375 202.7889 0.03472219 -0.2153418
Moved 399.7919 373 197.738 0.0300926 -0.2445716
Moved 399.8355 370.506 193.012 0.02431949 -0.2719213
Moved 399.8624 368.6301 188.6301 0.01997699 -0.2972792
Moved 399.8877 366.7567 184.7567 0.01564056 -0.319695
Moved 399.9127 365.7083 183.7083 0.01321365 -0.3257623
Moved 399.9401 365 180.7532 0.01157403 -0.3428636
Moved 399.9661 363 177.8744 0.006944438 -0.3595232
Moved 399.9945 361.0045 176 0.002325177 -0.3703704
Moved 400.0202 359.9272 174.9271 -0.0001686315 -0.376579
Moved 400.046 359 172.0333 -0.002314796 -0.3933257
Moved 400.0717 357 170.1617 -0.006944438 -0.4041564
Moved 400.1119 355.5 168.5 -0.01041666 -0.4137732
Moved 400.1369 355 167.7924 -0.01157408 -0.4178683
Moved 400.1625 354 166.9302 -0.01388888 -0.4228578
Moved 400.188 352.5 167 -0.0173611 -0.4224537
Moved 400.2188 350.6258 167 -0.02169957 -0.4224537
Moved 400.2461 347.1566 167 -0.0297301 -0.4224537
Moved 400.273 342.4251 167 -0.04068261 -0.4224537
Moved 400.3072 336.6614 167 -0.05402446 -0.4224537
Moved 400.3336 331 179 -0.06712963 -0.3530089
Moved 400.3583 328.7441 177.2559 -0.07235159 -0.3631027
Moved 400.4005 321.157 187.7645 -0.08991445 -0.3022888
Moved 400.4279 316.3815 197.0463 -0.1009687 -0.2485747
Moved 400.457 312.7182 203.8453 -0.1094485 -0.2092284
Moved 400.4837 306.4958 215.7563 -0.1238523 -0.1402989
Moved 400.5092 305.3175 222.7299 -0.1265798 -0.09994277
Moved 400.5359 300.4471 237.2118 -0.1378541 -0.01613529
Moved 400.5624 298.9305 246.2086 -0.1413647 0.0359295
Moved 400.5899 298.4756 249.0488 -0.1424176 0.05236608
Moved 400.6167 297 254.7893 -0.1458333 0.08558627
Moved 400.6464 294.7307 260.5387 -0.1510864 0.1188584
Moved 400.6936 291.7955 266.2045 -0.1578808 0.1516468
Moved 400.7206 289.9119 270.1761 -0.1622409 0.1746307
Moved 400.7491 288 273.9507 -0.1666667 0.196474
Moved 400.776 284.5 281.5 -0.1747685 0.2401621
Moved 400.804 282.0701 285.7898 -0.1803934 0.2649873
Moved 400.8326 277.1855 292.4435 -0.1917002 0.3034929
Moved 400.8585 272.6301 297.6849 -0.2022452 0.3338251
Moved 400.8856 268 303 -0.212963 0.3645834
Moved 400.9171 262.8685 307.1315 -0.2248414 0.3884923
Moved 400.9447 256.1292 311.9354 -0.2404417 0.416293
Moved 400.9876 250.4006 315 -0.2537023 0.4340278
Moved 401.0144 245.4349 318.2825 -0.265197 0.4530241
Moved 401.0418 241.7578 320.2422 -0.2737087 0.4643647
Moved 401.0697 240 321 -0.2777777 0.46875
Moved 401.0953 238.5 321 -0.28125 0.46875
Moved 401.1216 237.9304 322 -0.2825685 0.4745372
Stationary 401.1479 238 322 -0.2824074 0.4745372
Ended 401.177 238 322 -0.2824074 0.4745372
Began 401.4886 345 186 -0.03472224 -0.3125
Stationary 401.5206 345 186 -0.03472224 -0.3125
Stationary 401.5453 345 186 -0.03472224 -0.3125
Stationary 401.5695 345 186 -0.03472224 -0.3125
Stationary 401.593 345 186 -0.03472224 -0.3125
Stationary 401.617 345 186 -0.03472224 -0.3125
Stationary 401.6445 345 186 -0.03472224 -0.3125
Stationary 401.6703 345 186 -0.03472224 -0.3125
Stationary 401.6944 345 186 -0.03472224 -0.3125
Stationary 401.7226 345 186 -0.03472224 -0.3125
Stationary 401.7472 345 186 -0.03472224 -0.3125
Stationary 401.7709 345 186 -0.03472224 -0.3125
Stationary 401.8031 345 186 -0.03472224 -0.3125
Stationary 401.8375 345 186 -0.03472224 -0.3125
Stationary 401.8647 345 186 -0.03472224 -0.3125
Moved 401.8927 350.2036 196 -0.02267674 -0.2546296
Moved 401.9188 364.8076 198.4519 0.01112858 -0.2404402
Moved 401.946 378.1348 202.054 0.04197866 -0.2195952
Moved 401.9757 390.5887 204.8972 0.07080704 -0.2031409
Moved 402.0011 396.3263 207.6631 0.08408865 -0.1871349
Moved 402.0295 406.8116 211.2029 0.1083602 -0.1666498
Moved 402.0562 417.2245 217.483 0.1324642 -0.1303065
Moved 402.0961 429.4539 226.8405 0.1607728 -0.07615478
Moved 402.1216 439.4739 235.9827 0.1839675 -0.02324846
Moved 402.1461 447.0791 243.0791 0.201572 0.01781905
Moved 402.1706 449.2891 245.2891 0.2066878 0.03060818
Moved 402.1961 456.5107 252.5107 0.2234045 0.07240031
Moved 402.231 461.1586 257.1586 0.2341634 0.09929746
Moved 402.2592 466.9042 260.9521 0.2474635 0.1212505
Moved 402.2865 471.5021 264.5021 0.2581067 0.1417944
Moved 402.3155 476.7437 267.3718 0.2702399 0.158402
Moved 402.3402 478.6093 269.6094 0.2745586 0.1713506
Moved 402.3933 488.3922 276.1961 0.2972042 0.2094682
Moved 402.4204 491.0663 279.0663 0.3033943 0.2260786
Moved 402.4498 493.5039 281.5039 0.3090368 0.2401846
Moved 402.4742 497.7378 286.7379 0.3188376 0.2704737
Moved 402.4986 498.9555 288.9555 0.3216562 0.2833073
Moved 402.5228 500.3904 291 0.3249777 0.2951389
Moved 402.5472 502.2547 293.2546 0.3292932 0.3081864
Stationary 402.571 502.2547 293.2546 0.3292932 0.3081864
Moved 402.5945 502 294 0.3287037 0.3125
Stationary 402.6219 502 294 0.3287037 0.3125
Stationary 402.6624 502 294 0.3287037 0.3125
Moved 402.6896 486.692 294 0.2932684 0.3125
Moved 402.7156 470.1412 283.8757 0.2549566 0.2539102
Moved 402.7412 455.4968 282.3742 0.2210574 0.2452211
Moved 402.7691 433.5737 276.9651 0.1703095 0.2139187
Moved 402.7964 410.1101 270.8886 0.1159956 0.1787536
Moved 402.8276 391.4373 264.8392 0.0727715 0.1437458
Moved 402.856 365.2151 256.0645 0.01207213 0.09296612
Moved 402.8829 343.9159 248.3053 -0.0372318 0.04806289
Moved 402.9086 335.2741 245.4247 -0.05723586 0.03139284
Moved 402.953 316.2139 239.6855 -0.1013567 -0.001819575
Moved 402.9811 300.8632 234.9453 -0.1368907 -0.02925166
Moved 403.0084 290.3076 232.1025 -0.1613251 -0.0457029
Moved 403.043 283 230.5 -0.1782407 -0.05497685
Moved 403.0699 274.97 228.6566 -0.1968287 -0.06564458
Moved 403.0956 273.4604 227.2302 -0.2003231 -0.07389917
Moved 403.1211 268.7036 225.3518 -0.2113342 -0.08476964
Moved 403.1476 265.5 223.5 -0.21875 -0.09548612
Moved 403.1721 264.3747 223.3746 -0.2213549 -0.09621144
Moved 403.1996 261.5 222 -0.2280093 -0.1041665
Moved 403.2465 257.1906 219 -0.2379847 -0.1215278
Moved 403.2731 255.7687 218 -0.2412761 -0.1273148
Moved 403.301 253.8132 216 -0.2458027 -0.1388889
Moved 403.3288 253 213.5 -0.2476852 -0.1533567
Moved 403.3552 251.7534 212.7534 -0.2505708 -0.157677
Moved 403.3826 252 211.6266 -0.25 -0.164198
Moved 403.4083 252 210.7993 -0.25 -0.1689853
Moved 403.4399 252 208.6282 -0.25 -0.1815499
Moved 403.4661 252 207.896 -0.25 -0.1857871
Moved 403.4927 252 206.2004 -0.25 -0.1955993
Moved 403.5361 262.1402 200.9532 -0.2265273 -0.225965
Moved 403.5609 279.4755 197 -0.1863993 -0.2488424
Moved 403.5862 288.1222 195.6462 -0.1663837 -0.2566769
Moved 403.6125 308.3044 196 -0.1196658 -0.2546296
Moved 403.6396 326.763 204.7938 -0.07693747 -0.2037395
Moved 403.67 340.65 210.6625 -0.04479175 -0.1697773
Moved 403.6953 346.3919 214.2939 -0.03150016 -0.1487619
Moved 403.7244 360.7465 225.7465 0.001728038 -0.08248577
Moved 403.7512 377.5 239 0.04050931 -0.00578686
Moved 403.7788 388.504 249.1279 0.06598145 0.05282367
Moved 403.8223 399.4472 261.4473 0.09131302 0.1241161
Moved 403.8484 404.4844 268.9688 0.1029732 0.1676436
Moved 403.8768 412.2437 280.4874 0.1209346 0.2343024
Moved 403.9079 417.9985 288.4977 0.1342557 0.2806579
Moved 403.9357 423.0334 294.0668 0.1459107 0.312887
Moved 403.9637 428.8428 299.8428 0.1593583 0.3463124
Moved 403.9963 434.592 305.592 0.1726668 0.3795837
Moved 404.0234 439.3361 309.668 0.1836483 0.4031717
Moved 404.051 442.1905 312.1904 0.1902557 0.4177689
Moved 404.0778 444.6252 313.6252 0.1958918 0.4260722
Moved 404.1213 450.8596 316 0.210323 0.4398148
Moved 404.1515 453.5 317 0.2164352 0.4456021
Moved 404.1805 456.3735 318 0.2230869 0.4513889
Moved 404.208 460 319 0.2314815 0.4571759
Moved 404.2352 462.1221 319 0.2363937 0.4571759
Stationary 404.2611 462 319 0.2361111 0.4571759
Moved 404.288 464.0472 319 0.24085 0.4571759
Moved 404.314 465 319 0.2430555 0.4571759
Stationary 404.3401 465 319 0.2430555 0.4571759
Moved 404.3698 466.0684 319 0.2455286 0.4571759
Moved 404.4109 466 310.7836 0.2453704 0.4096273
Moved 404.4385 466 300.6165 0.2453704 0.3507902
Moved 404.4636 466 297.393 0.2453704 0.3321355
Moved 404.4893 466 288.7643 0.2453704 0.2822007
Moved 404.5143 456.055 280.165 0.2223496 0.2324364
Moved 404.5406 451.8609 274.4812 0.212641 0.199544
Moved 404.5658 446.4901 262.9803 0.2002086 0.1329878
Moved 404.5957 442.1665 254.4994 0.1902002 0.08390851
Moved 404.6216 438.3376 245.6752 0.1813369 0.03284242
Moved 404.6484 436.9027 241.7081 0.1780155 0.009885011
Moved 404.6884 431.5918 233.1836 0.1657218 -0.0394468
Moved 404.7131 429.0289 229.0289 0.159789 -0.06348999
Moved 404.7386 427.5924 226.1848 0.1564639 -0.07994899
Moved 404.7634 424.7236 221.4473 0.1498232 -0.1073654
Moved 404.7891 421.8611 217.8611 0.143197 -0.1281186
Moved 404.8186 419.3215 214.6431 0.1373184 -0.1467415
Moved 404.8438 417.8759 214 0.133972 -0.1504628
Moved 404.8701 416.0109 211 0.1296548 -0.1678241
Moved 404.8952 415 208.1394 0.1273148 -0.1843783
Moved 404.9201 413.7039 208 0.1243147 -0.1851852
Moved 404.9639 413 204.7611 0.1226852 -0.2039286
Moved 404.9915 413 203.6255 0.1226852 -0.2105007
Moved 405.0213 411.721 202.7211 0.1197247 -0.2157346
Moved 405.0471 412 201.6266 0.1203704 -0.2220684
Moved 405.0741 412 200.7748 0.1203704 -0.2269978
Moved 405.0996 412 199.7509 0.1203704 -0.2329233
Moved 405.1257 410.7582 198.7583 0.1174959 -0.2386671
Stationary 405.1513 410.7582 198.7583 0.1174959 -0.2386671
Stationary 405.1763 410.7582 198.7583 0.1174959 -0.2386671
Stationary 405.2054 410.7582 198.7583 0.1174959 -0.2386671
Moved 405.2512 409.9998 199 0.1157402 -0.2372683
Moved 405.2776 407.9986 199 0.1111079 -0.2372683
Moved 405.3042 401.2617 199 0.09551307 -0.2372683
Moved 405.3319 392.7507 209.4995 0.07581184 -0.1765075
Moved 405.3594 384.5 213.5 0.05671293 -0.1533567
Moved 405.3865 380.8228 214.7257 0.04820098 -0.1462631
Moved 405.4173 372.1874 219.6042 0.02821148 -0.118031
Moved 405.4443 364.6157 223.9229 0.01068453 -0.09303906
Moved 405.4716 357.3234 228.6765 -0.006195754 -0.06552926
Moved 405.4982 350.2879 233.8561 -0.02248178 -0.03555492
Moved 405.541 343.8351 240.3298 -0.03741881 0.001908762
Stationary 405.5667 343.8351 240.3298 -0.03741881 0.001908762
Moved 405.593 341.8973 242 -0.0419043 0.01157425
Moved 405.6243 342 243.5 -0.04166668 0.02025463
Moved 405.6521 341 244 -0.04398147 0.02314815
Stationary 405.6775 341 244 -0.04398147 0.02314815
Ended 405.7033 341 244 -0.04398147 0.02314815
Began 406.0411 191 298 -0.3912037 0.3356482
Stationary 406.0734 191 298 -0.3912037 0.3356482
Stationary 406.0974 191 298 -0.3912037 0.3356482
Stationary 406.1259 191 298 -0.3912037 0.3356482
Stationary 406.1504 191 298 -0.3912037 0.3356482
Stationary 406.1754 191 298 -0.3912037 0.3356482
Stationary 406.1999 191 298 -0.3912037 0.3356482
Stationary 406.2245 191 298 -0.3912037 0.3356482
Stationary 406.2495 191 298 -0.3912037 0.3356482
Stationary 406.2742 191 298 -0.3912037 0.3356482
Stationary 406.304 191 298 -0.3912037 0.3356482
Moved 406.3304 202.3307 298 -0.3649753 0.3356482
Moved 406.3649 210.9794 298 -0.3449551 0.3356482
Moved 406.3931 219.6404 298 -0.3249064 0.3356482
Moved 406.421 230.127 298 -0.300632 0.3356482
Moved 406.4491 243.5094 298 -0.2696541 0.3356482
Moved 406.4745 253.3758 298 -0.2468153 0.3356482
Moved 406.5031 269.3961 298 -0.2097313 0.3356482
Moved 406.5286 283.0707 298 -0.1780771 0.3356482
Moved 406.5542 290.0225 298 -0.1619851 0.3356482
Moved 406.5787 310.5449 298 -0.1144794 0.3356482
Moved 406.6044 325.9026 298 -0.07892911 0.3356482
Moved 406.6462 339.8359 298 -0.04667605 0.3356482
Moved 406.6731 355.7166 298 -0.009915182 0.3356482
Moved 406.7027 370.5441 298 0.02440771 0.3356482
Moved 406.7285 384.7277 298 0.05724003 0.3356482
Moved 406.7531 389.3442 298 0.06792645 0.3356482
Moved 406.778 399.9818 298 0.09255052 0.3356482
Moved 406.8035 410.4673 298 0.1168223 0.3356482
Moved 406.8301 414.9154 298 0.127119 0.3356482
Moved 406.8573 425.3571 298 0.1512895 0.3356482
Moved 406.8881 435.1481 298 0.173954 0.3356482
Moved 406.9302 445.4924 298 0.1978991 0.3356482
Moved 406.9553 449.2853 298 0.2066789 0.3356482
Moved 406.9802 453.8607 298 0.21727 0.3356482
Moved 407.0057 458.739 298 0.2285625 0.3356482
Moved 407.0306 461.3459 298 0.2345969 0.3356482
Moved 407.0557 464.4494 298 0.241781 0.3356482
Moved 407.0853 467.5995 298 0.249073 0.3356482
Moved 407.1104 470.4753 298 0.2557299 0.3356482
Moved 407.135 471.5 298 0.2581018 0.3356482
Moved 407.1595 473.3205 298 0.2623161 0.3356482
Moved 407.2002 475.3118 298 0.2669255 0.3356482
Moved 407.2258 476.0934 298 0.2687347 0.3356482
Stationary 407.2503 476 298 0.2685185 0.3356482
Stationary 407.2796 476 298 0.2685185 0.3356482
Stationary 407.3038 476 298 0.2685185 0.3356482
Moved 407.3305 454.2587 298 0.2181915 0.3356482
Moved 407.3566 435.2044 286.5162 0.1740843 0.269191
Moved 407.3829 426.4581 283.1718 0.1538381 0.2498367
Moved 407.4096 406.9776 274.5866 0.1087445 0.200154
Moved 407.4364 389.8823 265.9412 0.06917208 0.1501225
Moved 407.4817 366.7038 251.4198 0.01551797 0.06608681
Moved 407.5072 357.6309 245.7891 -0.005483975 0.0335017
Moved 407.5331 343.2697 237.1349 -0.03872757 -0.01658051
Moved 407.5587 331.1737 230.5869 -0.06672745 -0.0544737
Moved 407.5844 326.5817 227.7212 -0.07735709 -0.0710581
Moved 407.6101 317.944 222.6294 -0.09735176 -0.1005243
Moved 407.6362 310.3332 218.4443 -0.1149695 -0.1247434
Moved 407.6677 304.1454 215.5726 -0.1292931 -0.1413621
Moved 407.6939 299.7011 213 -0.1395808 -0.15625
Moved 407.7184 296.2415 211.6207 -0.1475891 -0.1642319
Moved 407.7603 286.6563 208 -0.1697771 -0.1851852
Moved 407.7874 280.8707 206 -0.1831696 -0.1967593
Moved 407.8127 277.9981 206 -0.1898192 -0.1967593
Moved 407.8397 272.8758 205 -0.2016764 -0.2025461
Moved 407.8693 267.1483 205 -0.2149345 -0.2025461
Moved 407.897 262.3802 204 -0.2259718 -0.2083332
Moved 407.9229 261.2537 204 -0.2285795 -0.2083332
Moved 407.9495 258.7145 204 -0.2344571 -0.2083332
Moved 407.978 255 203 -0.2430556 -0.2141204
Moved 408.0051 251.9578 203 -0.2500978 -0.2141204
Moved 408.0488 249 202.0406 -0.2569445 -0.2196724
Moved 408.0805 246.1526 202 -0.2635357 -0.2199074
Moved 408.1067 244.7173 202 -0.266858 -0.2199074
Moved 408.1343 242.8458 201 -0.2711903 -0.2256946
Moved 408.1608 241.2952 200 -0.2747795 -0.2314815
Moved 408.1879 239.8586 200 -0.2781052 -0.2314815
Moved 408.2142 237.9913 200 -0.2824275 -0.2314815
Moved 408.2436 236.1082 200 -0.2867865 -0.2314815
Moved 408.275 233.6967 200 -0.2923688 -0.2314815
Moved 408.3012 229.4272 200 -0.3022519 -0.2314815
Moved 408.345 222.8129 199 -0.3175627 -0.2372683
Moved 408.3718 217.6382 199 -0.3295413 -0.2372683
Moved 408.3982 215.8042 198.4021 -0.3337867 -0.2407284
Moved 408.4248 211.0589 198 -0.3447711 -0.2430556
Moved 408.4521 206.6509 198 -0.3549748 -0.2430556
Moved 408.4826 202.169 198 -0.3653495 -0.2430556
Moved 408.5092 199.2292 198 -0.3721547 -0.2430556
Moved 408.5355 197.8046 198 -0.3754523 -0.2430556
Moved 408.5612 195.9212 198 -0.3798121 -0.2430556
Moved 408.5889 194 198 -0.3842593 -0.2430556
Moved 408.6305 191.5287 198 -0.3899798 -0.2430556
Moved 408.657 191 198 -0.3912037 -0.2430556
Moved 408.6868 188.8961 198 -0.396074 -0.2430556
Moved 408.7128 188 198 -0.3981482 -0.2430556
Moved 408.7391 186.3696 198 -0.4019221 -0.2430556
Moved 408.7641 185.5 198 -0.4039352 -0.2430556
Moved 408.7895 184.7487 206.759 -0.4056743 -0.1923667
Moved 408.8144 182.6216 206.3784 -0.4105981 -0.1945693
Moved 408.84 181.1037 207.8964 -0.4141119 -0.185785
Moved 408.8701 179.2246 212.5508 -0.4184615 -0.1588497
Moved 408.9108 177 220.0729 -0.4236111 -0.115319
Moved 408.9359 175.8384 222.3232 -0.4263 -0.1022961
Moved 408.9609 175 228.1743 -0.4282407 -0.0684355
Moved 408.9868 175 233.9102 -0.4282407 -0.03524233
Moved 409.0117 175 236.8075 -0.4282407 -0.01847515
Moved 409.0366 175 239.9567 -0.4282407 -0.000250781
Moved 409.0663 175 243.8179 -0.4282407 0.02209416
Moved 409.0918 175 246.5068 -0.4282407 0.03765531
Moved 409.1167 186.2531 250.1266 -0.4021919 0.05860294
Moved 409.1423 195.2035 254.7345 -0.3814735 0.08526926
Moved 409.1827 205.0504 258.5126 -0.3586797 0.1071331
Moved 409.2079 214.1742 261 -0.3375597 0.1215278
Moved 409.2333 222.7861 262.262 -0.3176247 0.1288313
Moved 409.2636 229.4326 263 -0.3022392 0.1331019
Moved 409.2903 232.4758 264.2379 -0.2951948 0.1402657
Moved 409.3169 241.3515 266.1172 -0.2746493 0.1511411
Moved 409.3442 252.9462 267.9893 -0.2478098 0.1619751
Moved 409.3708 263.851 270.3702 -0.2225671 0.1757535
Moved 409.3964 270.7495 270.9374 -0.2065984 0.1790358
Moved 409.4227 280.4379 273.8126 -0.1841715 0.1956749
Moved 409.4702 291.2262 277.1131 -0.1591985 0.2147749
Moved 409.498 297.3582 279.6791 -0.145004 0.2296246
Moved 409.5277 302.5497 281.5496 -0.1329869 0.240449
Moved 409.5552 305.425 283 -0.126331 0.2488426
Moved 409.5825 307.8577 284.8577 -0.1206997 0.2595932
Moved 409.6102 310.397 286 -0.1148217 0.2662037
Moved 409.6415 312.2628 288.2628 -0.1105029 0.2792984
Moved 409.6734 313 289.1454 -0.1087963 0.2844064
Moved 409.7001 314 289.7488 -0.1064815 0.287898
Moved 409.7281 315.2636 290 -0.1035564 0.2893519
Moved 409.7708 315.8328 291 -0.102239 0.2951389
Moved 409.7972 316.5 291 -0.1006944 0.2951389
Stationary 409.823 316.5 291 -0.1006944 0.2951389
Moved 409.8533 317.3472 292 -0.09873336 0.3009261
Moved 409.8804 317 293.1904 -0.09953702 0.3078148
Stationary 409.9061 317 293 -0.09953702 0.306713
Stationary 409.9319 317 293 -0.09953702 0.306713
Stationary 409.9567 317 293 -0.09953702 0.306713
Moved 409.9806 317 293.8372 -0.09953702 0.3115578
Moved 410.0094 317 294.5 -0.09953702 0.3153935
Stationary 410.0497 317 294.5 -0.09953702 0.3153935
Moved 410.0747 317 294 -0.09953702 0.3125
Stationary 410.1027 317 294 -0.09953702 0.3125
Moved 410.1288 317 295 -0.09953702 0.318287
Stationary 410.1552 317 295 -0.09953702 0.318287
Stationary 410.1858 317 295 -0.09953702 0.318287
Stationary 410.2148 317 295 -0.09953702 0.318287
Stationary 410.2394 317 295 -0.09953702 0.318287
Stationary 410.2647 317 295 -0.09953702 0.318287
Stationary 410.2895 317 295 -0.09953702 0.318287
Stationary 410.33 317 295 -0.09953702 0.318287
Stationary 410.3551 317 295 -0.09953702 0.318287
Stationary 410.3837 317 295 -0.09953702 0.318287
Stationary 410.4089 317 295 -0.09953702 0.318287
Stationary 410.434 317 295 -0.09953702 0.318287
Stationary 410.4587 317 295 -0.09953702 0.318287
Stationary 410.4837 317 295 -0.09953702 0.318287
Stationary 410.5083 317 295 -0.09953702 0.318287
Stationary 410.533 317 295 -0.09953702 0.318287
Stationary 410.5628 317 295 -0.09953702 0.318287
Moved 410.6053 317 287.2392 -0.09953702 0.273375
Moved 410.6329 310 283.3478 -0.1157407 0.2508554
Moved 410.6586 307.8318 280.8318 -0.1207596 0.2362954
Moved 410.6868 305.0845 276.0845 -0.1271191 0.2088225
Moved 410.7141 302.0072 272.0072 -0.1342425 0.1852271
Moved 410.7451 298.6315 265.2629 -0.1420568 0.1461976
Moved 410.7733 293.7724 259.5448 -0.1533046 0.1131065
Moved 410.8 290.193 256.193 -0.1615903 0.09370963
Moved 410.8308 284.7786 250.7786 -0.1741237 0.06237613
Moved 410.8571 281.9078 248.954 -0.1807689 0.05181701
Moved 410.9069 273.5 242.5 -0.2002315 0.01446777
Moved 410.9379 268.3005 239.6503 -0.2122675 -0.002023909
Moved 410.9648 267.2173 239.2173 -0.2147749 -0.004529424
Moved 410.9918 262.3455 237.3455 -0.2260521 -0.01536193
Moved 411.0193 255.5 237 -0.2418981 -0.01736093
Moved 411.0451 246.7717 237 -0.2621025 -0.01736093
Moved 411.0721 242.0632 236.5157 -0.2730019 -0.0201635
Moved 411.1017 233.9337 236 -0.2918201 -0.02314815
Moved 411.127 227.539 236 -0.3066226 -0.02314815
Moved 411.1517 226.714 236 -0.3085324 -0.02314815
Moved 411.1935 222.3182 236 -0.3187079 -0.02314815
Moved 411.2183 220.5 236 -0.3229167 -0.02314815
Moved 411.2469 219.9259 236 -0.3242456 -0.02314815
Stationary 411.2806 220 236 -0.3240741 -0.02314815
Ended 411.3054 220 236 -0.3240741 -0.02314815
Began 412.113 406 260 0.1064815 0.1157407
Stationary 412.1465 406 260 0.1064815 0.1157407
Stationary 412.1714 406 260 0.1064815 0.1157407
Stationary 412.1968 406 260 0.1064815 0.1157407
Stationary 412.2245 406 260 0.1064815 0.1157407
Stationary 412.249 406 260 0.1064815 0.1157407
Stationary 412.2729 406 260 0.1064815 0.1157407
Stationary 412.297 406 260 0.1064815 0.1157407
Stationary 412.3212 406 260 0.1064815 0.1157407
Moved 412.3474 395.6423 269.3577 0.08250535 0.1698941
Moved 412.3783 394 270 0.07870366 0.1736111
Moved 412.4067 393 271 0.07638891 0.1793981
Moved 412.4348 392 272.5 0.07407407 0.1880787
Moved 412.4707 390.8214 272 0.07134596 0.1851854
Moved 412.4985 391 273.1571 0.07175922 0.1918816
Stationary 412.5281 391 273 0.07175922 0.1909722
Moved 412.5587 391 274.3729 0.07175922 0.198917
Stationary 412.5922 391 274 0.07175922 0.1967594
Moved 412.6234 400.6456 275.6456 0.09408712 0.2062828
Moved 412.6522 402.2627 277.2626 0.09783019 0.2156402
Moved 412.6821 404.0627 279.0627 0.1019971 0.2260576
Moved 412.7111 406.9306 282.9306 0.1086356 0.248441
Moved 412.7424 408.8101 286.8101 0.1129863 0.2708915
Moved 412.7857 410 290.7435 0.1157407 0.2936545
Moved 412.8139 411.1873 292.1873 0.1184891 0.3020099
Moved 412.8398 412.0551 296.0551 0.120498 0.324393
Moved 412.8676 412 297.5 0.1203704 0.3327546
Moved 412.8955 413.3685 298 0.1235381 0.3356482
Moved 412.9276 414.1752 299 0.1254056 0.3414354
Moved 412.9548 415.2225 300 0.1278299 0.3472222
Stationary 412.982 415.2225 300 0.1278299 0.3472222
Moved 413.0088 417 300 0.1319444 0.3472222
Moved 413.0351 420.0539 300 0.1390137 0.3472222
Moved 413.0772 425.3402 300 0.1512506 0.3472222
Moved 413.1086 428.9166 290.1251 0.1595291 0.290076
Moved 413.1385 432.8156 284.3688 0.1685547 0.2567639
Moved 413.1652 434.2476 281.5048 0.1718694 0.24019
Moved 413.1917 438.1152 275.7696 0.1808222 0.2069998
Moved 413.2178 440.7433 267.7703 0.1869057 0.1607077
Moved 413.2455 444.529 256.8839 0.195669 0.097708
Moved 413.2789 447.4125 246.7626 0.2023437 0.03913544
Moved 413.3071 448 238.1548 0.2037037 -0.01067815
Moved 413.3347 449.5 236 0.2071759 -0.02314815
Moved 413.3796 450.6536 226.6929 0.2098462 -0.07700868
Moved 413.4054 451 221.939 0.2106482 -0.1045197
Moved 413.4306 452 216.1993 0.2129629 -0.1377353
Moved 413.4643 453 213.049 0.2152778 -0.1559667
Moved 413.4958 453.8264 207.3472 0.2171908 -0.188963
Moved 413.5242 455 202.6093 0.2199073 -0.2163816
Moved 413.5509 455 200.8698 0.2199073 -0.2264482
Moved 413.5779 456.6481 195.7039 0.2237224 -0.2563434
Moved 413.6046 458 191.4663 0.2268519 -0.2808665
Moved 413.6355 459.4074 187.5927 0.2301098 -0.3032833
Moved 413.6799 460 183.5802 0.2314815 -0.3265033
Moved 413.7071 461 181.7069 0.2337964 -0.3373439
Stationary 413.7337 461 181.7069 0.2337964 -0.3373439
Moved 413.7595 462 180 0.2361111 -0.3472222
Moved 413.7882 463.1205 178.8795 0.2387048 -0.3537065
Stationary 413.82 463 179 0.2384259 -0.3530089
Moved 413.8456 464.4437 178 0.2417678 -0.3587963
Moved 413.872 465.0987 176.9012 0.2432841 -0.3651547
Moved 413.8992 466.3162 177 0.2461024 -0.3645834
Moved 413.9258 467.6737 177 0.2492447 -0.3645834
Moved 413.968 469.979 177 0.254581 -0.3645834
Moved 413.9987 471.5272 177 0.2581649 -0.3645834
Moved 414.0247 472.9634 177 0.2614895 -0.3645834
Moved 414.0509 476.8419 189.5259 0.2704675 -0.2920956
Moved 414.0792 481.7199 197.4398 0.281759 -0.2462974
Moved 414.1069 484.1737 203.5212 0.2874392 -0.2111039
Moved 414.1342 486.6725 207.0173 0.2932233 -0.1908719
Moved 414.1653 489.5 214.5 0.2997685 -0.1475695
Moved 414.1953 492.4114 223.6458 0.3065079 -0.09464265
Moved 414.222 494.9872 229.9617 0.3124704 -0.05809219
Moved 414.2676 500.6136 243.2271 0.3254943 0.01867506
Moved 414.2954 503.175 248.35 0.3314235 0.0483218
Moved 414.3216 506.7849 254.5697 0.3397798 0.08431558
Moved 414.3527 510.5823 261.1646 0.34857 0.1224802
Moved 414.378 512.0115 264.023 0.3518784 0.1390222
Moved 414.4035 516.8864 272.6592 0.363163 0.1890001
Moved 414.4282 521 279.5 0.3726852 0.2285882
Moved 414.4525 522.6517 283.3033 0.3765085 0.2505981
Moved 414.48 526.4143 290.4143 0.3852183 0.2917497
Moved 414.511 529.5818 295.1637 0.3925505 0.3192344
Moved 414.5545 533.4235 300.4235 0.4014434 0.3496732
Moved 414.5805 535.0001 302.0001 0.4050927 0.3587967
Moved 414.6082 536.8743 304.8743 0.4094312 0.3754298
Moved 414.6354 538.7506 306 0.4137745 0.3819445
Moved 414.6641 540 307 0.4166667 0.3877315
Moved 414.696 542.5 308.5 0.4224537 0.396412
Moved 414.724 544.0156 309 0.4259619 0.3993057
Moved 414.751 545.8769 309.8769 0.4302706 0.4043804
Moved 414.7887 547.4434 310 0.4338968 0.4050926
Moved 414.8173 549.3227 310 0.4382469 0.4050926
Moved 414.8616 552.6181 311 0.4458752 0.4108796
Moved 414.8946 555.1655 311 0.4517719 0.4108796
Moved 414.9205 557.5 311 0.457176 0.4108796
Moved 414.9465 558.2348 311 0.4588769 0.4108796
Moved 414.9733 560 311 0.462963 0.4108796
Moved 415.0009 561.5 311 0.4664352 0.4108796
Ended 415.037 561 311 0.4652777 0.4108796
Began 415.5259 160 306 -0.462963 0.3819445
Stationary 415.5609 160 306 -0.462963 0.3819445
Stationary 415.5873 160 306 -0.462963 0.3819445
Stationary 415.6132 160 306 -0.462963 0.3819445
Stationary 415.6387 160 306 -0.462963 0.3819445
Stationary 415.6648 160 306 -0.462963 0.3819445
Stationary 415.6949 160 306 -0.462963 0.3819445
Stationary 415.7215 160 306 -0.462963 0.3819445
Stationary 415.7483 160 306 -0.462963 0.3819445
Stationary 415.774 160 306 -0.462963 0.3819445
Stationary 415.8019 160 306 -0.462963 0.3819445
Stationary 415.8299 160 306 -0.462963 0.3819445
Moved 415.8685 170.0369 306 -0.4397295 0.3819445
Moved 415.8976 181.3908 306 -0.4134471 0.3819445
Moved 415.9252 203.2688 306 -0.3628036 0.3819445
Moved 415.9587 225.6354 306 -0.3110293 0.3819445
Moved 415.9901 249.6387 306 -0.2554658 0.3819445
Moved 416.0216 274.2513 314.0359 -0.1984923 0.4284484
Moved 416.0492 296.8368 316.8707 -0.1462112 0.4448538
Moved 416.0811 316.5 319.5 -0.1006944 0.4600694
Moved 416.1094 336.3654 320 -0.05470976 0.462963
Moved 416.1385 354.2652 322 -0.0132751 0.4745372
Moved 416.1832 377.767 322 0.04112741 0.4745372
Moved 416.214 387.6419 322 0.06398598 0.4745372
Moved 416.2415 392.0187 322 0.07411738 0.4745372
Moved 416.2752 403.2943 322 0.1002182 0.4745372
Moved 416.3029 406.1595 322 0.1068507 0.4745372
Moved 416.329 410.6036 322 0.117138 0.4745372
Moved 416.3549 414.4773 322 0.1261047 0.4745372
Moved 416.3803 416.8199 322 0.1315277 0.4745372
Moved 416.4067 419.6842 322 0.1381579 0.4745372
Moved 416.4367 423.5071 322 0.1470072 0.4745372
Moved 416.4793 427.5 322 0.15625 0.4745372
Moved 416.5055 430.4371 322 0.1630488 0.4745372
Moved 416.531 431.6479 322 0.1658517 0.4745372
Moved 416.5563 433 322 0.1689814 0.4745372
Moved 416.5822 436.2825 322 0.1765799 0.4745372
Moved 416.6125 437.075 322 0.1784144 0.4745372
Stationary 416.6374 437 322 0.1782407 0.4745372
Moved 416.6628 439.5 322 0.1840278 0.4745372
Moved 416.6875 440.2623 322 0.1857925 0.4745372
Moved 416.7125 441.374 322 0.1883657 0.4745372
Moved 416.753 443.1516 322 0.1924806 0.4745372
Moved 416.783 444.3788 322 0.1953213 0.4745372
Stationary 416.8079 444.3788 322 0.1953213 0.4745372
Moved 416.8331 445.2494 322 0.1973366 0.4745372
Moved 416.8574 446.2494 322 0.1996514 0.4745372
Moved 416.8834 447.0381 322 0.201477 0.4745372
Moved 416.9111 449.2022 322 0.2064866 0.4745372
Moved 416.9421 451.2742 322 0.211283 0.4745372
Moved 416.9696 452 322 0.2129629 0.4745372
Moved 416.996 453.2862 322 0.2159402 0.4745372
Moved 417.0379 456.5884 322 0.2235844 0.4745372
Moved 417.0632 458.0249 322 0.2269095 0.4745372
Moved 417.0892 461.0125 322 0.2338251 0.4745372
Moved 417.1222 463.8786 322 0.2404596 0.4745372
Moved 417.1502 466.7482 322 0.2471023 0.4745372
Moved 417.1776 468.1805 313.7367 0.2504178 0.426717
Moved 417.2038 470.6943 314 0.2562368 0.4282409
Moved 417.2326 473.5631 312.4369 0.2628776 0.4191951
Moved 417.2598 475.5 310.5 0.2673611 0.4079861
Moved 417.2902 477 310 0.2708333 0.4050926
Moved 417.333 478.8628 309.1372 0.2751454 0.4000996
Moved 417.3593 479.7347 308.2653 0.2771638 0.3950536
Moved 417.3842 480.5 307.5 0.2789353 0.390625
Moved 417.4101 480 306.9886 0.2777778 0.3876658
Stationary 417.4349 480 306.9886 0.2777778 0.3876658
Stationary 417.4636 480 307 0.2777778 0.3877315
Moved 417.491 480 306 0.2777778 0.3819445
Moved 417.5168 480 304.2501 0.2777778 0.3718177
Moved 417.5428 466.7134 295.7134 0.2470217 0.3224154
Moved 417.5696 449.7862 286.3931 0.2078383 0.2684784
Moved 417.6115 431.5448 277.8483 0.1656129 0.2190295
Moved 417.6421 405.5956 265.8483 0.1055454 0.1495851
Moved 417.6684 398.1129 261.0753 0.08822431 0.1219633
Moved 417.6939 385.5897 254.2948 0.05923539 0.08272472
Moved 417.7193 374.038 244.2784 0.03249526 0.02475968
Moved 417.7454 369 242 0.02083332 0.01157425
Moved 417.7708 359.3025 234.4768 -0.001614591 -0.03196292
Moved 417.8031 350.8577 227.9052 -0.02116268 -0.06999317
Moved 417.8304 342.2639 223.088 -0.04105568 -0.09787031
Moved 417.8581 335.9486 219.6495 -0.05567446 -0.1177689
Moved 417.9069 325.4979 213.249 -0.0798659 -0.1548089
Moved 417.9324 323.7835 211.7834 -0.08383453 -0.1632902
Moved 417.9567 317.8459 208.923 -0.09757896 -0.1798439
Moved 417.9865 314.4025 207.4025 -0.1055498 -0.1886432
Moved 418.0126 310.5248 204.5248 -0.1145259 -0.2052966
Moved 418.0374 308.2107 203.1053 -0.1198827 -0.2135106
Moved 418.0652 304.2282 200.2283 -0.1291013 -0.2301605
Moved 418.0931 301.6541 198.6541 -0.13506 -0.2392704
Moved 418.1201 299.7775 194.5549 -0.1394039 -0.2629923
Moved 418.1523 296.9042 191.8085 -0.146055 -0.2788862
Moved 418.1956 293.9271 187.9271 -0.1529466 -0.3013475
Stationary 418.2215 293.9271 187.9271 -0.1529466 -0.3013475
Moved 418.247 290.6256 184.6256 -0.1605889 -0.3204535
Moved 418.2749 290 183 -0.162037 -0.3298611
Moved 418.3064 288.5 181.5 -0.1655093 -0.3385415
Moved 418.3351 288 181 -0.1666667 -0.3414352
Moved 418.3623 288 179.9307 -0.1666667 -0.3476235
Stationary 418.3888 288 180 -0.1666667 -0.3472222
Moved 418.414 288 178.6266 -0.1666667 -0.3551702
Moved 418.4461 299.0984 179 -0.1409759 -0.3530089
Moved 418.4909 321.3604 179 -0.08944358 -0.3530089
Moved 418.5179 328.5704 179 -0.07275362 -0.3530089
Moved 418.5435 342.7737 190.2579 -0.03987566 -0.287859
Moved 418.571 354.973 195.9865 -0.01163666 -0.2547081
Moved 418.6015 368.4437 202.7218 0.01954555 -0.2157303
Moved 418.629 377.8468 205.949 0.04131208 -0.1970546
Moved 418.6552 383.4744 207.3687 0.05433897 -0.1888387
Moved 418.6861 391.7413 210.2471 0.07347514 -0.1721813
Moved 418.7137 398.3418 212.1139 0.0887542 -0.161378
Moved 418.7452 403.4766 213 0.1006402 -0.15625
Moved 418.7877 410.9533 214.9534 0.1179476 -0.1449458
Moved 418.8144 414.8232 215.8231 0.1269054 -0.1399125
Moved 418.843 420 216 0.1388889 -0.1388889
Moved 418.869 422.541 217.7705 0.1447708 -0.1286429
Moved 418.9008 427.2766 219 0.1557329 -0.1215278
Moved 418.9301 433.0185 221.5093 0.1690244 -0.1070063
Moved 418.9591 437.7692 224.3846 0.1800213 -0.09036665
Moved 418.9874 443.7809 225 0.1939374 -0.08680556
Moved 419.0156 450.6091 228 0.2097433 -0.06944445
Moved 419.0467 457.3487 231 0.2253442 -0.05208334
Moved 419.0912 468.8741 234 0.2520234 -0.03472205
Moved 419.1219 477.4796 237.9865 0.2719435 -0.01165231
Moved 419.1499 486.7422 241.3711 0.2933848 0.00793457
Moved 419.1768 492.2108 242.8027 0.3060435 0.01621953
Moved 419.2094 500.1179 246.3726 0.3243469 0.03687824
Moved 419.2403 507.7299 249.2433 0.3419673 0.05349124
Moved 419.267 515.2496 253.1248 0.359374 0.07595345
Moved 419.2942 521.4915 254.7457 0.3738228 0.08533408
Moved 419.323 529.5 256 0.3923611 0.0925926
Moved 419.3546 537.2149 257 0.4102197 0.09837963
Moved 419.3988 547.5 257 0.4340278 0.09837963
Moved 419.428 553.4367 257 0.4477702 0.09837963
Moved 419.4546 555.6511 257 0.4528959 0.09837963
Moved 419.4828 559.5 257 0.4618056 0.09837963
Moved 419.5141 561 257 0.4652777 0.09837963
Moved 419.5418 562.9446 257 0.4697791 0.09837963
Moved 419.568 563.5 257 0.4710648 0.09837963
Moved 419.5947 563 257 0.4699074 0.09837963
Stationary 419.6204 563 257 0.4699074 0.09837963
Stationary 419.6501 563 257 0.4699074 0.09837963
Moved 419.6942 539.1746 259.9651 0.4147559 0.1155387
Moved 419.7256 523.819 263.8362 0.3792106 0.1379409
Moved 419.7552 510.9718 264 0.3494717 0.1388891
Moved 419.7867 500.9012 266.2747 0.3261601 0.152053
Moved 419.8188 490.4313 267 0.3019243 0.1562502
Moved 419.8459 479.2014 268 0.2759293 0.162037
Moved 419.8761 461.2353 270 0.234341 0.1736111
Moved 419.9037 448.2763 272.4309 0.2043434 0.1876791
Moved 419.9297 441.5472 273.8632 0.1887667 0.1959677
Moved 419.9601 434 275.5 0.1712963 0.2054398
Moved 420.006 421.9969 276.6677 0.1435113 0.2121975
Moved 420.0338 413.5 279.5 0.1238426 0.2285882
Moved 420.0611 405.8172 280 0.1060583 0.2314817
Moved 420.0885 401.1159 281 0.0951758 0.2372685
Moved 420.1201 394.371 281.8145 0.07956246 0.2419821
Moved 420.1474 386.6249 283 0.0616318 0.2488426
Moved 420.1742 382.6398 284.1201 0.05240699 0.2553246
Moved 420.2007 378.7143 284.6429 0.04332016 0.25835
Moved 420.2288 373 285 0.0300926 0.2604167
Moved 420.2599 370.6066 286 0.02455235 0.2662037
Moved 420.3019 367.6259 287 0.01765261 0.2719909
Moved 420.3273 367.1636 288 0.01658251 0.2777778
Moved 420.3527 366.5 288 0.0150463 0.2777778
Moved 420.3798 366 288 0.01388888 0.2777778
Stationary 420.4106 366 288 0.01388888 0.2777778
Ended 420.4353 366 288 0.01388888 0.2777778
PhraseEnd 423.9113
