yes you are very smart
Basic
0.4 0.4
288 115.2
Began 1050.011 376 315 0.05555556 0.6510417
Stationary 1050.074 376 315 0.05555556 0.6510417
Stationary 1050.126 376 315 0.05555556 0.6510417
Stationary 1050.177 376 315 0.05555556 0.6510417
Stationary 1050.229 376 315 0.05555556 0.6510417
Stationary 1050.281 376 315 0.05555556 0.6510417
Stationary 1050.33 376 315 0.05555556 0.6510417
Stationary 1050.381 376 315 0.05555556 0.6510417
Stationary 1050.432 376 315 0.05555556 0.6510417
Stationary 1050.484 376 315 0.05555556 0.6510417
Stationary 1050.535 376 315 0.05555556 0.6510417
Stationary 1050.585 376 315 0.05555556 0.6510417
Stationary 1050.635 376 315 0.05555556 0.6510417
Stationary 1050.684 376 315 0.05555556 0.6510417
Moved 1050.734 365.9723 315 0.02073705 0.6510417
Moved 1050.807 355.44 304.2933 -0.01583345 0.5581019
Moved 1050.859 339.3251 295.6625 -0.07178783 0.4831818
Moved 1050.917 321.1822 290.394 -0.1347841 0.4374486
Moved 1050.969 309.2788 288.0929 -0.1761153 0.4174731
Moved 1051.021 297.3615 286 -0.2174948 0.3993056
Moved 1051.076 286.3747 284 -0.2556434 0.3819447
Moved 1051.131 280.0103 283 -0.2777418 0.3732639
Moved 1051.185 275.6965 282 -0.2927205 0.3645834
Moved 1051.239 272 280.2869 -0.3055556 0.3497127
Moved 1051.293 269.987 279 -0.3125452 0.338542
Moved 1051.374 267.9045 275 -0.3197759 0.3038195
Moved 1051.426 267 268.3254 -0.3229167 0.2458801
Moved 1051.48 265 259.6973 -0.3298611 0.170984
Moved 1051.534 264 252.5 -0.3333333 0.108507
Moved 1051.587 264 249.9072 -0.3333333 0.08600023
Moved 1051.645 264 244.5 -0.3333333 0.0390625
Moved 1051.699 264 241.7814 -0.3333333 0.0154633
Moved 1051.751 264 241 -0.3333333 0.008680556
Ended 1051.802 264 240 -0.3333333 0
Began 1052.52 343 267 -0.05902775 0.2343753
Stationary 1052.588 343 267 -0.05902775 0.2343753
Stationary 1052.643 343 267 -0.05902775 0.2343753
Stationary 1052.698 343 267 -0.05902775 0.2343753
Stationary 1052.751 343 267 -0.05902775 0.2343753
Moved 1052.805 363.0999 267 0.01076356 0.2343753
Moved 1052.862 372.9923 267 0.04511223 0.2343753
Moved 1052.917 391.18 276.7267 0.1082639 0.318808
Moved 1052.971 402.4909 281.7455 0.147538 0.362374
Moved 1053.034 420.1815 289.3939 0.2089636 0.4287662
Moved 1053.09 433.6025 293.8012 0.2555642 0.4670244
Moved 1053.145 447.0845 296 0.3023766 0.4861112
Moved 1053.2 454.7321 296 0.3289308 0.4861112
Moved 1053.256 463.2274 296 0.3584284 0.4861112
Moved 1053.312 468.173 296 0.3756008 0.4861112
Moved 1053.366 471.5 296 0.3871528 0.4861112
Moved 1053.425 473 296 0.3923612 0.4861112
Stationary 1053.482 473 296 0.3923612 0.4861112
Stationary 1053.533 473 296 0.3923612 0.4861112
Moved 1053.616 453.0088 298.1982 0.3229474 0.5051931
Moved 1053.67 432.4677 298 0.2516238 0.5034723
Moved 1053.726 418.204 298 0.2020973 0.5034723
Moved 1053.781 407.6863 298 0.1655775 0.5034723
Moved 1053.833 402.3837 298 0.1471657 0.5034723
Moved 1053.886 398.9483 298 0.1352373 0.5034723
Moved 1053.942 398 298 0.1319444 0.5034723
Moved 1053.995 395.5 298 0.1232639 0.5034723
Moved 1054.045 396 298 0.125 0.5034723
Ended 1054.096 395 298 0.1215278 0.5034723
Began 1054.732 212 259 -0.513889 0.1649308
Stationary 1054.792 212 259 -0.513889 0.1649308
Stationary 1054.843 212 259 -0.513889 0.1649308
Stationary 1054.896 212 259 -0.513889 0.1649308
Stationary 1054.948 212 259 -0.513889 0.1649308
Moved 1055 228.072 259 -0.4580835 0.1649308
Moved 1055.054 243.2802 259 -0.405277 0.1649308
Moved 1055.111 259.5 259 -0.3489583 0.1649308
Moved 1055.165 273.468 267.8227 -0.3004582 0.2415165
Moved 1055.217 285.3459 272.5639 -0.2592157 0.2826728
Moved 1055.27 299 279.5 -0.2118056 0.3428822
Moved 1055.327 311.7639 286.882 -0.1674863 0.4069615
Moved 1055.382 320.3736 292.1868 -0.1375916 0.4530107
Moved 1055.435 327.5977 296.5977 -0.112508 0.4912994
Moved 1055.493 330 298 -0.1041666 0.5034723
Moved 1055.566 332.2227 298 -0.09644889 0.5034723
Stationary 1055.615 332.2227 298 -0.09644889 0.5034723
Stationary 1055.668 332 298 -0.09722225 0.5034723
Stationary 1055.72 332 298 -0.09722225 0.5034723
Moved 1055.77 332 293.59 -0.09722225 0.4651912
Moved 1055.826 322.6351 285.6351 -0.1297392 0.3961383
Moved 1055.881 318.2651 282 -0.1449127 0.3645834
Moved 1055.933 316 280 -0.1527778 0.3472225
Moved 1055.989 312.7786 277.7786 -0.1639633 0.3279389
Moved 1056.042 311.2559 277 -0.1692504 0.3211806
Moved 1056.13 303.0095 276 -0.1978836 0.3124998
Moved 1056.187 290.7382 276 -0.2404924 0.3124998
Moved 1056.243 285.2829 276 -0.2594344 0.3124998
Moved 1056.298 281.8798 276 -0.2712508 0.3124998
Ended 1056.35 281 276 -0.2743056 0.3124998
Began 1057.295 333 208 -0.09374999 -0.2777778
Stationary 1057.347 333 208 -0.09374999 -0.2777778
Stationary 1057.407 333 208 -0.09374999 -0.2777778
Stationary 1057.458 333 208 -0.09374999 -0.2777778
Stationary 1057.509 333 208 -0.09374999 -0.2777778
Moved 1057.56 322.8223 208 -0.1290893 -0.2777778
Moved 1057.615 320.7639 216.2361 -0.1362365 -0.206284
Moved 1057.668 317.5 220.5 -0.1475695 -0.1692708
Moved 1057.72 315 229.1886 -0.15625 -0.09384871
Moved 1057.774 310.9771 245.0914 -0.1702183 0.04419671
Moved 1057.83 307.6732 257.9803 -0.1816901 0.1560789
Moved 1057.882 304.2839 270.4323 -0.1934588 0.2641689
Moved 1057.949 302 278.4543 -0.2013889 0.3338048
Moved 1058 301 283.3875 -0.2048611 0.3766275
Moved 1058.056 301 288.0596 -0.2048611 0.4171838
Moved 1058.108 301 291.0461 -0.2048611 0.4431089
Moved 1058.159 301 293.1989 -0.2048611 0.4617959
Moved 1058.209 301 295.3177 -0.2048611 0.4801891
Moved 1058.26 301 296.1867 -0.2048611 0.4877321
Moved 1058.31 310.0623 297 -0.1733946 0.494792
Moved 1058.362 314.8175 297 -0.1568835 0.494792
Moved 1058.412 319.8387 297 -0.139449 0.494792
Moved 1058.495 329.3669 297 -0.106365 0.494792
Moved 1058.548 334.32 297 -0.08916676 0.494792
Moved 1058.601 340.0596 297 -0.06923743 0.494792
Moved 1058.658 344.0288 297 -0.05545549 0.494792
Moved 1058.713 350.7798 289 -0.03201455 0.4253475
Moved 1058.771 360.3089 287 0.001072437 0.4079864
Moved 1058.829 367.9165 286 0.02748802 0.3993056
Moved 1058.884 375.7593 284.1204 0.05471975 0.3829895
Moved 1058.94 380.6052 283 0.071546 0.3732639
Moved 1058.995 383.1313 283 0.08031712 0.3732639
Moved 1059.079 387 282 0.09375007 0.3645834
Stationary 1059.132 387 282 0.09375007 0.3645834
Ended 1059.182 387 282 0.09375007 0.3645834
Began 1059.636 257 240 -0.3576389 0
Stationary 1059.715 257 240 -0.3576389 0
Stationary 1059.766 257 240 -0.3576389 0
Stationary 1059.817 257 240 -0.3576389 0
Stationary 1059.867 257 240 -0.3576389 0
Stationary 1059.921 257 240 -0.3576389 0
Moved 1059.973 277.1671 240 -0.2876142 0
Moved 1060.025 295.099 240 -0.2253508 0
Moved 1060.076 322.2415 240 -0.1311057 0
Moved 1060.129 353.1262 240 -0.02386749 0
Moved 1060.184 376.1341 231.9731 0.05602106 -0.06967731
Moved 1060.237 400.8382 226.7206 0.1417993 -0.1152727
Moved 1060.304 421.2884 222.2372 0.2128068 -0.1541914
Moved 1060.356 438.8604 216.5698 0.2738208 -0.203387
Moved 1060.408 448 215 0.3055556 -0.2170139
Moved 1060.461 454.3546 213 0.3276201 -0.234375
Moved 1060.512 460.4152 210 0.348664 -0.2604167
Moved 1060.564 464.4144 208 0.3625502 -0.2777778
Moved 1060.614 465.0943 208 0.3649107 -0.2777778
Stationary 1060.664 465 208 0.3645833 -0.2777778
Moved 1060.714 453.5936 208 0.3249778 -0.2777778
Moved 1060.764 436.8619 220.0691 0.2668816 -0.1730114
Moved 1060.845 392.3791 233.5242 0.1124275 -0.05621381
Moved 1060.896 370.1736 238.9421 0.03532485 -0.00918256
Moved 1060.948 350.8046 242.2391 -0.0319285 0.01943694
Moved 1060.999 333.7544 243 -0.09113058 0.02604167
Moved 1061.051 324.1493 244 -0.1244815 0.03472222
Moved 1061.104 316.1476 244 -0.1522654 0.03472222
Moved 1061.155 305.3343 244 -0.1898116 0.03472222
Moved 1061.206 295.7447 239.6064 -0.2231087 -0.003416274
Moved 1061.26 282.2628 234.6313 -0.269921 -0.04660289
Moved 1061.316 273.3721 232.686 -0.3007914 -0.06348902
Moved 1061.396 258.062 232 -0.3539515 -0.06944445
Moved 1061.448 248.4212 230 -0.3874263 -0.0868053
Moved 1061.499 242.9083 230 -0.4065684 -0.0868053
Moved 1061.549 239.9794 230 -0.4167383 -0.0868053
Moved 1061.601 236.8289 230 -0.4276773 -0.0868053
Moved 1061.66 234.7738 230 -0.4348131 -0.0868053
Stationary 1061.712 235 230 -0.4340278 -0.0868053
Stationary 1061.763 235 230 -0.4340278 -0.0868053
Moved 1061.816 252.8703 240.2175 -0.3719782 0.001888275
Moved 1061.87 269.7559 246.3024 -0.3133476 0.05470806
Moved 1061.954 289 252.5 -0.2465278 0.108507
Moved 1062.008 294.7307 254.7307 -0.2266295 0.1278711
Moved 1062.061 300.4664 257 -0.206714 0.1475695
Moved 1062.116 303 259.4041 -0.1979167 0.1684382
Moved 1062.17 308.1287 260 -0.1801087 0.1736111
Moved 1062.224 312.1192 262.1192 -0.1662528 0.1920072
Moved 1062.28 316.8518 263.8518 -0.14982 0.2070472
Moved 1062.336 321.241 265 -0.13458 0.2170139
Moved 1062.396 323.1084 267.1084 -0.128096 0.235316
Moved 1062.455 326.9136 269 -0.1148834 0.2517361
Moved 1062.543 332.1761 272.1761 -0.09661079 0.2793066
Moved 1062.603 335.9001 273 -0.08368015 0.2864584
Moved 1062.654 340.6787 273.8394 -0.06708778 0.2937442
Moved 1062.712 350.1436 274 -0.03422342 0.2951392
Moved 1062.768 362.9861 274 0.01036853 0.2951392
Moved 1062.823 371.5911 274 0.04024684 0.2951392
Moved 1062.878 378.6966 274 0.06491885 0.2951392
Ended 1062.931 379 274 0.06597222 0.2951392
PhraseEnd 1065.698
