the quick brown fox jumps over the lazy dog
Basic
0.6 0.6
432 172.8
Began 313.3553 367 316 0.01620372 0.4398148
Stationary 313.3837 367 316 0.01620372 0.4398148
Stationary 313.4032 367 316 0.01620372 0.4398148
Stationary 313.4228 367 316 0.01620372 0.4398148
Stationary 313.4421 367 316 0.01620372 0.4398148
Stationary 313.4604 367 316 0.01620372 0.4398148
Stationary 313.481 367 316 0.01620372 0.4398148
Stationary 313.501 367 316 0.01620372 0.4398148
Stationary 313.5217 367 316 0.01620372 0.4398148
Stationary 313.5412 367 316 0.01620372 0.4398148
Stationary 313.5604 367 316 0.01620372 0.4398148
Stationary 313.5809 367 316 0.01620372 0.4398148
Stationary 313.6022 367 316 0.01620372 0.4398148
Stationary 313.6305 367 316 0.01620372 0.4398148
Stationary 313.6503 367 316 0.01620372 0.4398148
Stationary 313.6705 367 316 0.01620372 0.4398148
Stationary 313.6908 367 316 0.01620372 0.4398148
Stationary 313.7099 367 316 0.01620372 0.4398148
Stationary 313.73 367 316 0.01620372 0.4398148
Stationary 313.7499 367 316 0.01620372 0.4398148
Stationary 313.7698 367 316 0.01620372 0.4398148
Stationary 313.7896 367 316 0.01620372 0.4398148
Moved 313.8094 376.2406 306.7594 0.03759404 0.3863391
Moved 313.8427 380.4467 299.1066 0.04733026 0.3420523
Moved 313.8641 381.8713 297.2574 0.05062798 0.3313512
Moved 313.8857 383.3103 295.6897 0.05395909 0.3222784
Moved 313.9068 384.8639 292.1362 0.05755524 0.3017138
Moved 313.9289 386.2549 289.4901 0.06077538 0.2864013
Moved 313.9505 390.1276 283.7448 0.06973992 0.2531525
Moved 313.9711 392.5695 281.4305 0.07539243 0.2397597
Moved 313.993 395.0001 278.9999 0.08101871 0.2256936
Moved 314.0145 398.6672 274.3328 0.0895073 0.1986853
Moved 314.0349 400.9626 272.0374 0.09482095 0.1854014
Moved 314.0675 404.8593 265.4221 0.103841 0.1471184
Moved 314.0898 408.7367 260.5267 0.1128164 0.1187886
Moved 314.1113 410.1687 256.494 0.1161312 0.09545115
Moved 314.1346 412.6942 253.3059 0.1219772 0.07700179
Moved 314.1553 413 250.7352 0.1226852 0.06212517
Moved 314.1765 414 249.4255 0.125 0.05454594
Moved 314.1983 415.4491 248 0.1283543 0.0462963
Moved 314.2198 415 246.1105 0.1273148 0.03536154
Moved 314.2399 415 245.5 0.1273148 0.03182871
Stationary 314.2666 415 245.5 0.1273148 0.03182871
Stationary 314.2988 415 245.5 0.1273148 0.03182871
Moved 314.3193 403.0567 246 0.0996682 0.03472222
Moved 314.3396 397.6698 246 0.08719852 0.03472222
Moved 314.3598 393.4105 246 0.07733902 0.03472222
Moved 314.3817 376.5597 256.1258 0.03833264 0.09332057
Moved 314.4012 368.0579 257.4904 0.01865248 0.1012173
Moved 314.4206 357.5039 260.856 -0.005777925 0.1206946
Moved 314.4418 348.7803 262.3699 -0.02597153 0.1294556
Moved 314.4618 334.4831 264.9034 -0.05906691 0.1441168
Moved 314.4818 327.4024 267.639 -0.07545739 0.1599483
Moved 314.5127 308.8754 272.1874 -0.118344 0.1862699
Moved 314.5321 301.2736 274.2421 -0.1359408 0.1981606
Moved 314.5513 284.0266 279.9911 -0.1758644 0.2314303
Moved 314.57 278.5198 280.696 -0.1886115 0.2355095
Moved 314.5892 270.7781 284.111 -0.2065321 0.2552718
Moved 314.608 264.6203 285.476 -0.2207864 0.263171
Moved 314.627 253.591 289.7045 -0.2463171 0.2876416
Moved 314.6468 249.5934 290.8022 -0.2555709 0.2939943
Moved 314.6662 246.5425 292.2288 -0.262633 0.30225
Moved 314.6864 242.5 295 -0.2719907 0.318287
Moved 314.7161 236.6195 296.1902 -0.285603 0.3251752
Moved 314.7346 230.8469 298.0765 -0.2989654 0.3360913
Moved 314.7562 228 299.5 -0.3055556 0.3443289
Moved 314.777 227.0591 299.9409 -0.3077335 0.3468801
Moved 314.8021 224.4817 300 -0.3136998 0.3472222
Moved 314.8227 224 300.9589 -0.3148148 0.3527712
Moved 314.8435 222.6048 301 -0.3180445 0.3530091
Stationary 314.8646 222.6048 301 -0.3180445 0.3530091
Moved 314.884 221.8223 301 -0.3198559 0.3530091
Stationary 314.9046 222 301 -0.3194444 0.3530091
Stationary 314.9376 222 301 -0.3194444 0.3530091
Ended 314.9574 222 301 -0.3194444 0.3530091
Began 316.0323 117 321 -0.5625001 0.46875
Stationary 316.0618 117 321 -0.5625001 0.46875
Stationary 316.0814 117 321 -0.5625001 0.46875
Stationary 316.1015 117 321 -0.5625001 0.46875
Moved 316.1209 133.1191 321 -0.5251871 0.46875
Moved 316.1416 140.463 321 -0.5081876 0.46875
Moved 316.1629 150.3636 321 -0.4852693 0.46875
Moved 316.1859 169.7234 321 -0.440455 0.46875
Moved 316.2071 180.3014 321 -0.415969 0.46875
Moved 316.2302 204.5 321 -0.3599537 0.46875
Moved 316.2556 211.9816 321 -0.3426351 0.46875
Moved 316.2758 232.4614 310.5386 -0.2952283 0.4082097
Moved 316.2961 244.3513 313.0721 -0.2677052 0.422871
Moved 316.3155 256.8031 311.6885 -0.2388817 0.4148642
Moved 316.3357 274.6792 309.8641 -0.1975019 0.4043064
Moved 316.3575 281.5 308.5 -0.181713 0.396412
Moved 316.3791 288.5542 308.3494 -0.1653839 0.3955407
Moved 316.4004 308 305.5 -0.1203704 0.3790509
Moved 316.422 316.7097 303.0415 -0.1002091 0.3648235
Moved 316.4531 332.1631 299.1674 -0.06443714 0.3424039
Moved 316.4724 338.0784 297.7304 -0.05074447 0.334088
Moved 316.4996 347.3784 295.1554 -0.02921661 0.3191865
Moved 316.5188 354.4861 293.7028 -0.01276369 0.31078
Moved 316.5375 367.751 289.6996 0.01794219 0.2876134
Moved 316.5575 376 288.5 0.03703703 0.2806711
Moved 316.5771 379.6869 287.0782 0.04557152 0.2724436
Moved 316.5963 384.0719 285.9821 0.0557219 0.2660999
Moved 316.6166 394.687 286 0.08029392 0.2662037
Moved 316.6361 400.299 286 0.09328474 0.2662037
Moved 316.6667 410.6002 286 0.1171301 0.2662037
Moved 316.6863 417.5406 286 0.1331958 0.2662037
Moved 316.7066 429.7194 286 0.1613874 0.2662037
Moved 316.7259 435.3318 286 0.1743793 0.2662037
Moved 316.7453 440.0573 286 0.1853177 0.2662037
Moved 316.765 445.8495 286 0.1987257 0.2662037
Moved 316.785 453.0089 286 0.2152984 0.2662037
Moved 316.8044 456.5 286 0.2233796 0.2662037
Moved 316.8242 459.6516 286 0.2306751 0.2662037
Moved 316.8439 466.519 291.3166 0.2465718 0.2969712
Moved 316.8755 474.2699 295 0.2645137 0.318287
Moved 316.895 477.1489 296.0745 0.2711781 0.3245048
Moved 316.9148 480 297.5 0.2777778 0.3327546
Moved 316.9346 480.593 297.593 0.2791504 0.3332926
Moved 316.9552 483.4612 298 0.2857898 0.3356482
Moved 316.9799 484 299 0.287037 0.3414354
Moved 316.9991 485.3395 299 0.2901378 0.3414354
Moved 317.0184 485 300.073 0.2893518 0.3476447
Stationary 317.038 485 300 0.2893518 0.3472222
Stationary 317.0569 485 300 0.2893518 0.3472222
Stationary 317.0875 485 300 0.2893518 0.3472222
Moved 317.1082 457 286.5 0.2245371 0.2690974
Moved 317.1284 448.0365 284.0243 0.2037881 0.2547702
Moved 317.1486 439.4546 279.7273 0.1839226 0.2299033
Moved 317.1704 419.2336 267.1168 0.1371147 0.1569259
Moved 317.1913 409.1916 258.5928 0.1138693 0.1075969
Moved 317.2114 402.7538 252.603 0.09896705 0.07293437
Moved 317.2315 388.3859 240.1086 0.06570806 0.0006287186
Moved 317.2507 382.7484 235.5988 0.05265832 -0.02547017
Moved 317.27 375.8792 230.1034 0.03675739 -0.05727203
Moved 317.3019 362.5065 220.6052 0.005802115 -0.1122383
Moved 317.3223 349.1513 212.0908 -0.02511263 -0.1615115
Moved 317.3422 343.3771 209.1886 -0.03847892 -0.1783067
Moved 317.3636 338.0842 205.0842 -0.050731 -0.2020589
Moved 317.387 328.4323 197.8242 -0.0730734 -0.2440728
Moved 317.4098 324.4828 194.4828 -0.08221572 -0.2634096
Moved 317.4299 318.5728 189.5729 -0.09589618 -0.2918237
Moved 317.4494 316.8503 187.8503 -0.09988347 -0.301792
Moved 317.4705 315.5 185 -0.1030092 -0.318287
Moved 317.4906 311.8872 182.8872 -0.1113723 -0.3305139
Moved 317.5284 308.0519 179.0519 -0.1202502 -0.3527087
Moved 317.5499 306.714 177.714 -0.1233472 -0.3604513
Moved 317.5726 302.8199 175.8198 -0.1323614 -0.3714129
Moved 317.5945 301.7552 174.7551 -0.1348259 -0.3775743
Moved 317.6207 296.8272 171.8273 -0.1462332 -0.3945181
Moved 317.642 293.7481 171 -0.1533609 -0.3993057
Moved 317.6638 289.5139 169.5138 -0.1631624 -0.4079065
Moved 317.6848 288.0704 169 -0.1665037 -0.4108795
Moved 317.7049 285.5277 168 -0.1723897 -0.4166667
Moved 317.7256 286 167.0955 -0.1712963 -0.4219013
Moved 317.7559 284.657 167 -0.1744052 -0.4224537
Stationary 317.7742 284.657 167 -0.1744052 -0.4224537
Moved 317.7972 285 166 -0.1736111 -0.4282407
Stationary 317.8169 285 166 -0.1736111 -0.4282407
Moved 317.8358 302.2874 166 -0.133594 -0.4282407
Moved 317.8547 313.1994 166 -0.1083348 -0.4282407
Moved 317.874 338.1156 166 -0.05065833 -0.4282407
Moved 317.8942 352.3394 175.3376 -0.01773283 -0.3742033
Moved 317.9136 364 177.5 0.009259283 -0.3616898
Moved 317.9336 376.9782 183.5459 0.03930152 -0.3267018
Moved 317.9639 400.0064 195.0032 0.09260745 -0.2603983
Moved 317.9926 419.7611 206.5074 0.1383359 -0.1938227
Moved 318.0242 437 214.5 0.1782407 -0.1475695
Moved 318.0466 449.0783 224.0784 0.2061999 -0.09213907
Moved 318.0677 456.2263 228.3358 0.2227459 -0.06750107
Moved 318.0894 460.5565 232.6674 0.2327698 -0.04243427
Moved 318.1095 469.0898 239.3174 0.2525226 -0.003950154
Moved 318.1311 472.4136 241.2068 0.2602168 0.006983722
Moved 318.1518 479.557 246.557 0.2767523 0.03794564
Moved 318.171 482.4364 249.4364 0.2834176 0.05460899
Moved 318.2072 488.094 254.188 0.296514 0.0821066
Moved 318.2263 490.5345 254.5345 0.3021632 0.08411196
Moved 318.2449 494.1028 257.0515 0.3104233 0.09867757
Moved 318.2638 495.5074 258.5074 0.3136745 0.1071029
Moved 318.2829 497.8832 259.9416 0.3191741 0.1154029
Moved 318.3016 499.3813 261.3812 0.3226418 0.1237341
Moved 318.3203 503.2554 263.2554 0.3316096 0.1345799
Moved 318.3394 504.6965 263.6965 0.3349455 0.1371325
Moved 318.3574 505.8323 264 0.3375747 0.1388891
Moved 318.376 506.5 264 0.3391203 0.1388891
Moved 318.4095 507 264 0.3402778 0.1388891
Ended 318.4308 507 264 0.3402778 0.1388891
Began 319.6031 379 173 0.04398147 -0.3877313
Stationary 319.6335 379 173 0.04398147 -0.3877313
Stationary 319.6529 379 173 0.04398147 -0.3877313
Stationary 319.6725 379 173 0.04398147 -0.3877313
Stationary 319.6922 379 173 0.04398147 -0.3877313
Stationary 319.7116 379 173 0.04398147 -0.3877313
Stationary 319.7303 379 173 0.04398147 -0.3877313
Stationary 319.7493 379 173 0.04398147 -0.3877313
Stationary 319.7681 379 173 0.04398147 -0.3877313
Stationary 319.7868 379 173 0.04398147 -0.3877313
Moved 319.8109 369.8005 180.1552 0.02268632 -0.3463244
Moved 319.833 367.2734 182.7267 0.01683652 -0.3314428
Moved 319.86 365.8323 184.1677 0.01350065 -0.3231035
Moved 319.8813 363.9607 187.0393 0.009168188 -0.3064855
Moved 319.9023 362.5285 189.943 0.005853077 -0.2896816
Moved 319.9271 359.6667 193.3334 -0.0007715821 -0.2700615
Moved 319.9497 358.6344 195.7312 -0.003161132 -0.2561852
Moved 319.9719 355.6425 204.0726 -0.01008689 -0.2079128
Moved 319.9957 354 206.5801 -0.01388888 -0.1934022
Moved 320.0154 350.3526 216.2948 -0.02233192 -0.1371829
Moved 320.0375 350 219.1812 -0.02314816 -0.1204794
Moved 320.0603 345.754 228.4921 -0.03297692 -0.06659684
Moved 320.0946 340.0099 239.4851 -0.04627327 -0.002979703
Moved 320.1158 338.0686 243.7942 -0.05076712 0.02195712
Moved 320.1382 331.6023 253.197 -0.06573547 0.07637165
Moved 320.1589 329.1928 256.7108 -0.07131288 0.09670576
Moved 320.181 326.3889 260.9166 -0.07780344 0.1210455
Moved 320.2016 319.5154 269.6462 -0.09371445 0.1715637
Moved 320.2217 317.7989 274.4022 -0.09768774 0.1990871
Moved 320.2419 314.9008 279.1489 -0.1043964 0.2265559
Moved 320.267 312.5 285 -0.1099537 0.2604167
Moved 320.2892 311.076 290.772 -0.11325 0.2938195
Moved 320.3227 309 296.2352 -0.1180555 0.3254354
Moved 320.3444 308.3298 297.6702 -0.119607 0.3337398
Moved 320.3661 308 299.1042 -0.1203704 0.3420383
Moved 320.388 308 301.6289 -0.1203704 0.3566488
Moved 320.4091 308 303.0668 -0.1203704 0.3649698
Moved 320.4341 314.5144 306.8613 -0.1052908 0.3869286
Moved 320.4546 319.1218 309.7479 -0.09462541 0.4036333
Moved 320.4752 326.0026 311.6011 -0.07869765 0.4143581
Moved 320.4997 341.998 314.2855 -0.04167124 0.4298929
Moved 320.5195 357.7021 314 -0.005319218 0.4282409
Moved 320.5511 381.2397 314 0.04916599 0.4282409
Moved 320.5737 402.4685 314 0.09830673 0.4282409
Moved 320.5942 412.9533 314 0.1225771 0.4282409
Moved 320.6143 430.2095 306.4651 0.162522 0.384636
Moved 320.6339 439.7758 305.032 0.1846663 0.376343
Moved 320.6541 445.6423 303.5894 0.198246 0.3679942
Moved 320.6751 459.4077 298.437 0.2301103 0.338177
Moved 320.6954 464.873 298.2817 0.2427617 0.3372788
Moved 320.7153 469.3902 298 0.253218 0.3356482
Moved 320.7398 480.6599 296 0.2793052 0.3240741
Moved 320.7708 489.5 294.5 0.2997685 0.3153935
Moved 320.7917 493.9315 294.0228 0.3100267 0.3126323
Moved 320.8116 498.2285 294 0.3199734 0.3125
Moved 320.8325 504.9217 291.0392 0.3354667 0.2953658
Moved 320.853 509.2021 291 0.3453752 0.2951389
Moved 320.8751 514.5514 289 0.3577578 0.283565
Moved 320.8961 517.4202 287.2899 0.3643985 0.2736687
Moved 320.9182 519.15 287 0.3684027 0.2719909
Moved 320.9409 522.6698 286 0.3765505 0.2662037
Moved 320.9616 524.1077 284.8923 0.3798789 0.2597938
Moved 320.9934 525.3734 285 0.3828089 0.2604167
Stationary 321.0137 525 285 0.3819444 0.2604167
Stationary 321.0359 525 285 0.3819444 0.2604167
Stationary 321.0541 525 285 0.3819444 0.2604167
Moved 321.0733 512.7385 291.1384 0.3535612 0.29594
Moved 321.0938 490.2478 299.5005 0.3014995 0.3443317
Moved 321.1138 477.3233 301.1863 0.2715816 0.3540875
Moved 321.1342 463.3442 304.6284 0.2392227 0.3740071
Moved 321.1594 442.9024 307.1219 0.1919038 0.3884374
Moved 321.1795 427.1182 307.6102 0.1553663 0.3912631
Moved 321.2134 400.5804 308 0.09393602 0.3935185
Moved 321.2333 380.8507 308 0.04826546 0.3935185
Moved 321.2529 369.4344 308 0.02183904 0.3935185
Moved 321.2732 359.8984 308 -0.0002350907 0.3935185
Moved 321.294 336.3563 308 -0.05473072 0.3935185
Moved 321.3139 324.5589 308 -0.08203954 0.3935185
Moved 321.3337 312.0982 308 -0.1108837 0.3935185
Moved 321.3545 292.8719 308 -0.1553892 0.3935185
Moved 321.3738 284.5 308 -0.1747685 0.3935185
Moved 321.3933 278.349 308 -0.1890069 0.3935185
Moved 321.4251 267.3879 308 -0.2143798 0.3935185
Moved 321.4461 260.638 308 -0.2300047 0.3935185
Moved 321.4656 257.7605 308 -0.2366656 0.3935185
Moved 321.4851 253.5 308 -0.2465278 0.3935185
Moved 321.5046 251.7245 308 -0.2506378 0.3935185
Moved 321.5254 244.5 308 -0.2673611 0.3935185
Moved 321.55 241.1323 308 -0.2751566 0.3935185
Moved 321.5707 234.3406 301 -0.2908782 0.3530091
Moved 321.591 231.4653 301 -0.2975341 0.3530091
Moved 321.6113 229.3788 301 -0.3023639 0.3530091
Moved 321.6447 221.5727 300 -0.3204336 0.3472222
Moved 321.6668 219.8447 300 -0.3244334 0.3472222
Moved 321.6887 216.8206 299 -0.3314337 0.3414354
Moved 321.7094 212.9028 299 -0.3405028 0.3414354
Moved 321.7291 210 299 -0.3472222 0.3414354
Moved 321.7507 208.9897 299 -0.3495609 0.3414354
Moved 321.7725 206.1116 299 -0.3562231 0.3414354
Moved 321.7924 204.6866 299 -0.3595219 0.3414354
Stationary 321.8123 204.6866 299 -0.3595219 0.3414354
Moved 321.8324 202.5 299 -0.3645833 0.3414354
Moved 321.8638 201.6536 299 -0.3665425 0.3414354
Stationary 321.884 201.6536 299 -0.3665425 0.3414354
Moved 321.9026 201 297.9869 -0.3680556 0.3355726
Stationary 321.9275 201 297.9869 -0.3680556 0.3355726
Stationary 321.9458 201 297.9869 -0.3680556 0.3355726
Moved 321.9652 201 296.9188 -0.3680556 0.3293914
Stationary 321.9868 201 297 -0.3680556 0.3298613
Moved 322.0066 201 296 -0.3680556 0.3240741
Moved 322.0255 210.4839 293.629 -0.3461022 0.3103532
Moved 322.0462 229.2314 287.1596 -0.3027052 0.2729146
Moved 322.0782 258.8043 276.2587 -0.2342492 0.2098308
Moved 322.0982 273.2157 270.9137 -0.2008896 0.1788987
Moved 322.1182 287.5773 266.6268 -0.1676451 0.1540905
Moved 322.1389 312.5465 253.7267 -0.109846 0.07943701
Moved 322.1597 320.7738 250.9598 -0.09080146 0.06342517
Moved 322.1804 329.4502 244.3666 -0.07071708 0.02526955
Moved 322.2021 341.1129 235.6654 -0.04372025 -0.02508446
Moved 322.223 346.8555 231.3584 -0.03042718 -0.05000909
Moved 322.2432 350.968 227.032 -0.02090727 -0.0750464
Moved 322.2683 357.2968 219.7032 -0.006257445 -0.1174581
Moved 322.3012 365.1195 211.8805 0.0118506 -0.1627286
Moved 322.3214 374.7954 201.2046 0.03424863 -0.2245103
Moved 322.341 377.7284 196.9073 0.041038 -0.2493788
Moved 322.36 381.6227 193.5659 0.05005261 -0.2687159
Moved 322.3815 384.7336 191.1776 0.05725364 -0.282537
Moved 322.4021 392.5126 184.4874 0.07526059 -0.3212533
Moved 322.4225 396.5673 181.6218 0.08464644 -0.3378367
Moved 322.4424 400.2455 179.3772 0.09316086 -0.3508262
Moved 322.4637 407.4766 175.0156 0.1098995 -0.3760668
Moved 322.4837 411.1104 173.2965 0.1183112 -0.3860154
Moved 322.5179 418.4105 169.0597 0.1352094 -0.410534
Moved 322.5392 424.6981 167.651 0.149764 -0.4186864
Moved 322.5591 428.3567 166.2145 0.1582332 -0.4269994
Moved 322.5803 430.2258 166 0.1625597 -0.4282407
Moved 322.6026 434.7481 165 0.1730281 -0.4340278
Moved 322.6297 438.6261 164 0.1820049 -0.4398148
Moved 322.6504 440.0633 162.9366 0.1853318 -0.4459685
Moved 322.6706 441.5 163 0.1886574 -0.4456019
Moved 322.6924 444.377 163 0.1953171 -0.4456019
Moved 322.7124 444 161.6046 0.1944444 -0.4536768
Ended 322.7449 445 162 0.1967593 -0.4513887
Began 323.2514 290 236 -0.162037 -0.02314815
Stationary 323.2839 290 236 -0.162037 -0.02314815
Stationary 323.3048 290 236 -0.162037 -0.02314815
Stationary 323.3253 290 236 -0.162037 -0.02314815
Stationary 323.3454 290 236 -0.162037 -0.02314815
Stationary 323.3662 290 236 -0.162037 -0.02314815
Stationary 323.3882 290 236 -0.162037 -0.02314815
Stationary 323.4089 290 236 -0.162037 -0.02314815
Stationary 323.436 290 236 -0.162037 -0.02314815
Stationary 323.4566 290 236 -0.162037 -0.02314815
Stationary 323.4789 290 236 -0.162037 -0.02314815
Stationary 323.4994 290 236 -0.162037 -0.02314815
Stationary 323.5197 290 236 -0.162037 -0.02314815
Stationary 323.5408 290 236 -0.162037 -0.02314815
Stationary 323.5602 290 236 -0.162037 -0.02314815
Stationary 323.5797 290 236 -0.162037 -0.02314815
Moved 323.613 302.4283 236 -0.1332678 -0.02314815
Moved 323.6369 317.5054 236 -0.09836718 -0.02314815
Moved 323.6582 324.5 246.5 -0.08217593 0.03761592
Moved 323.6807 338.5644 245 -0.04961948 0.02893519
Moved 323.7029 343 248 -0.03935183 0.0462963
Moved 323.7252 360.0045 250.3341 1.033147E-05 0.05980386
Moved 323.7466 368.6548 252.7758 0.02003412 0.07393396
Moved 323.7732 383.2485 254.6497 0.05381604 0.08477812
Moved 323.7944 390.4341 256.0869 0.07044941 0.09309521
Moved 323.8162 402.287 258.6574 0.09788661 0.1079711
Moved 323.8502 415.5 261.5 0.1284723 0.1244215
Moved 323.8721 421.4761 262.869 0.1423059 0.1323439
Moved 323.8939 433.9657 265.7415 0.1712169 0.1489669
Moved 323.9148 439.7125 267.1781 0.1845197 0.1572807
Moved 323.9374 448.8603 269.7151 0.205695 0.1719623
Moved 323.9589 454.6098 271.1525 0.2190042 0.1802805
Moved 323.9819 459.3769 271.5942 0.2300391 0.182837
Moved 324.0029 468.3981 273.466 0.2509215 0.193669
Moved 324.0226 472.8069 274.9034 0.2611271 0.2019875
Moved 324.0457 481.2307 278.8204 0.2806266 0.2246553
Moved 324.0764 491.0634 283.5317 0.3033877 0.2519196
Moved 324.0999 494.4396 285.4396 0.3112027 0.2629605
Moved 324.1194 497.317 287.1585 0.3178634 0.2729081
Moved 324.1386 502.7778 290.7778 0.3305042 0.293853
Moved 324.1581 505.2803 292.1401 0.3362969 0.3017369
Moved 324.1888 509.0385 295.0193 0.3449965 0.3183987
Moved 324.2094 510.4552 296.4553 0.348276 0.3267089
Moved 324.2325 513.327 298 0.3549237 0.3356482
Moved 324.2538 516 299.5 0.3611111 0.3443289
Moved 324.2758 517.2847 301.2847 0.3640848 0.3546568
Moved 324.308 519.5 302.5 0.3692129 0.3616898
Moved 324.329 520.3022 303.3022 0.3710699 0.3663323
Moved 324.35 521.0248 303 0.3727425 0.3645834
Moved 324.3701 521 304.4752 0.3726852 0.3731202
Stationary 324.3952 521 304 0.3726852 0.3703706
Moved 324.4157 521 304.9282 0.3726852 0.375742
Stationary 324.4355 521 305 0.3726852 0.3761576
Stationary 324.4548 521 305 0.3726852 0.3761576
Stationary 324.4732 521 305 0.3726852 0.3761576
Moved 324.4924 510.636 305 0.3486945 0.3761576
Moved 324.525 497.4019 305 0.31806 0.3761576
Moved 324.5464 489.3824 296.1766 0.2994965 0.325096
Moved 324.5668 482.5 292.5 0.2835648 0.3038196
Moved 324.5875 465.8152 285.9261 0.2449425 0.265776
Moved 324.6078 457.0557 281.5278 0.224666 0.2403231
Moved 324.6279 450.2786 279.1393 0.2089781 0.2265005
Moved 324.6484 437.572 272.3813 0.1795649 0.1873921
Moved 324.6733 430.778 269.5112 0.163838 0.1707822
Moved 324.6937 420.6229 264.3115 0.1403307 0.1406913
Moved 324.7137 413.8539 261.5416 0.1246618 0.1246618
Moved 324.746 400.4703 253.6821 0.09368122 0.07917917
Moved 324.7681 389.0323 247.0215 0.06720443 0.04063359
Moved 324.7893 384.7328 242.7328 0.05725175 0.01581457
Moved 324.81 380 241 0.04629632 0.005787037
Moved 324.8316 370.4185 235.2092 0.02411703 -0.02772437
Moved 324.8525 364.6751 233.3375 0.01082212 -0.03855599
Moved 324.8735 360.196 231.7321 0.0004536907 -0.04784672
Moved 324.8946 349.2608 228.8522 -0.02485916 -0.06451289
Moved 324.9147 344 227.5 -0.03703703 -0.07233796
Moved 324.9352 341.1314 226.2828 -0.04367724 -0.07938173
Moved 324.9772 330.961 224 -0.06721984 -0.09259242
Moved 324.9995 324.206 222.103 -0.08285652 -0.1035703
Moved 325.0201 320.012 220.6707 -0.09256493 -0.1118596
Moved 325.041 318.3428 219.6714 -0.09642865 -0.1176424
Moved 325.0627 307.7695 216.3848 -0.1209039 -0.1366621
Moved 325.0839 304.0168 216 -0.1295907 -0.1388889
Moved 325.1039 299.4526 214.8175 -0.1401559 -0.1457319
Moved 325.1245 291.1572 213 -0.1593584 -0.15625
Moved 325.1448 286.9529 211.9882 -0.1690906 -0.1621056
Moved 325.1649 282.6436 210.5479 -0.1790659 -0.1704405
Moved 325.1997 268.7306 208 -0.2112718 -0.1851852
Moved 325.2226 266.8038 206.8037 -0.215732 -0.1921082
Moved 325.2484 261.1874 206 -0.2287328 -0.1967593
Moved 325.2701 258.6451 204.8226 -0.2346177 -0.2035727
Moved 325.2924 256 204 -0.2407407 -0.2083332
Moved 325.314 254.5046 204 -0.2442023 -0.2083332
Moved 325.3347 254 203.0658 -0.2453704 -0.2137396
Moved 325.3563 251.5 203 -0.2511574 -0.2141204
Moved 325.381 251.103 203 -0.2520764 -0.2141204
Moved 325.403 250.2257 202 -0.2541073 -0.2199074
Moved 325.4382 248.3511 201 -0.2584466 -0.2256946
Moved 325.4588 248 199.9171 -0.2592593 -0.2319611
Moved 325.4808 246 199 -0.2638889 -0.2372683
Moved 325.502 244.9035 197.9034 -0.2664271 -0.2436144
Moved 325.5288 244 196.0287 -0.2685185 -0.2544638
Moved 325.5498 242.5912 196 -0.2717795 -0.2546296
Moved 325.5698 241.7173 194 -0.2738026 -0.2662037
Moved 325.5902 242 192.7092 -0.2731481 -0.2736733
Stationary 325.6108 242 192.7092 -0.2731481 -0.2736733
Moved 325.6327 241.2934 190.2935 -0.2747837 -0.2876536
Ended 325.6643 240.5 189.5 -0.2766204 -0.2922454
Began 326.2207 444 253 0.1944444 0.07523149
Stationary 326.2518 444 253 0.1944444 0.07523149
Stationary 326.273 444 253 0.1944444 0.07523149
Stationary 326.2941 444 253 0.1944444 0.07523149
Stationary 326.3146 444 253 0.1944444 0.07523149
Stationary 326.3395 444 253 0.1944444 0.07523149
Stationary 326.3592 444 253 0.1944444 0.07523149
Stationary 326.3824 444 253 0.1944444 0.07523149
Stationary 326.403 444 253 0.1944444 0.07523149
Stationary 326.4234 444 253 0.1944444 0.07523149
Stationary 326.4452 444 253 0.1944444 0.07523149
Moved 326.4657 432.0337 261.9663 0.1667447 0.12712
Moved 326.487 427.7926 264.8049 0.1569274 0.1435471
Moved 326.5091 423.7198 268.2802 0.1474997 0.1636583
Moved 326.5385 421 271 0.1412037 0.1793981
Moved 326.5616 419.7639 272 0.1383425 0.1851854
Moved 326.5826 419.3257 273.6743 0.137328 0.1948745
Moved 326.6082 417.4524 278.6428 0.1329917 0.2236273
Moved 326.631 415.5703 284.8593 0.1286351 0.2596025
Moved 326.6524 415.4305 289.139 0.1283114 0.2843693
Moved 326.6737 413.9945 293.0164 0.1249874 0.3068082
Moved 326.6993 410.24 300.76 0.1162962 0.3516204
Moved 326.7204 408.6952 304.9144 0.1127203 0.3756622
Moved 326.7406 405.8123 310.3753 0.1060471 0.4072645
Moved 326.7725 404.2883 313.7117 0.1025191 0.4265727
Moved 326.7928 404 315.1616 0.1018518 0.4349627
Moved 326.8128 404 316.598 0.1018518 0.4432754
Moved 326.8331 404 318 0.1018518 0.4513889
Stationary 326.857 404 318 0.1018518 0.4513889
Moved 326.8771 404 319 0.1018518 0.4571759
Stationary 326.8967 404 319 0.1018518 0.4571759
Stationary 326.9161 404 319 0.1018518 0.4571759
Moved 326.9358 412.4752 319 0.1214704 0.4571759
Moved 326.956 416.6153 314.6929 0.1310539 0.4322508
Moved 326.9882 422.486 305.514 0.1446436 0.379132
Moved 327.0083 425.7982 300.6024 0.1523106 0.3507086
Moved 327.0288 429.0845 295.8733 0.1599178 0.3233408
Moved 327.0491 436.8376 282.4061 0.1778647 0.2454058
Moved 327.0695 439.6971 277.9543 0.184484 0.2196432
Moved 327.0945 445.6195 265.761 0.1981933 0.14908
Moved 327.1151 447.3045 257.1731 0.2020937 0.09938135
Moved 327.1366 449.7536 252.2321 0.2077629 0.07078754
Moved 327.157 452.6306 240.108 0.2144227 0.0006251865
Moved 327.1781 454.07 235.7902 0.2177545 -0.02436232
Moved 327.2115 455.6362 227.4553 0.22138 -0.07259634
Moved 327.2325 457.5154 219.4537 0.2257302 -0.118902
Moved 327.2529 458 215.1411 0.2268519 -0.1438593
Moved 327.273 459.3878 210.8368 0.2300643 -0.1687686
Moved 327.2931 460 203.207 0.2314815 -0.2129223
Moved 327.313 461.2744 201.4513 0.2344314 -0.2230826
Moved 327.3382 462 196.5022 0.2361111 -0.2517234
Moved 327.3582 463 195.317 0.2384259 -0.2585821
Moved 327.3789 464.1193 192.7615 0.2410168 -0.2733711
Moved 327.4004 464.9971 189.0059 0.2430489 -0.295105
Moved 327.4341 466.5 186.5 0.2465278 -0.3096063
Moved 327.455 467 185.0538 0.2476852 -0.3179755
Moved 327.4766 468.8231 181.1769 0.2519053 -0.3404116
Moved 327.4977 469.5 180.5 0.2534722 -0.3443287
Moved 327.5184 470 179.2976 0.2546296 -0.351287
Moved 327.5403 471.5 177.5 0.2581018 -0.3616898
Moved 327.5621 472 176.3065 0.2592593 -0.3685964
Moved 327.5914 473.2797 176 0.2622216 -0.3703704
Moved 327.6124 473.9858 175 0.2638561 -0.3761573
Moved 327.6339 478 175 0.2731481 -0.3761573
Moved 327.667 487.1813 186.1503 0.2944013 -0.3116302
Moved 327.6882 491.4709 189.4709 0.3043308 -0.2924135
Moved 327.7088 499.4052 200.1078 0.3226972 -0.2308575
Moved 327.7302 503.3956 205.5275 0.3319342 -0.1994938
Moved 327.7526 509.1274 216.5458 0.3452024 -0.1357303
Moved 327.774 511.1445 222.578 0.3498715 -0.1008217
Moved 327.7944 514.1797 228.3594 0.3568974 -0.06736473
Moved 327.8154 518.9275 238.3912 0.3678877 -0.009309981
Moved 327.8423 519.9014 242.6056 0.370142 0.01507865
Moved 327.8628 522.3281 246.6561 0.3757594 0.03851926
Moved 327.8952 525.3184 252.6368 0.3826815 0.07312987
Moved 327.9152 527.4965 254.4966 0.3877234 0.08389226
Moved 327.9359 529.1954 256.1954 0.391656 0.09372323
Moved 327.956 532.0694 261.0694 0.3983089 0.1219296
Moved 327.9761 534.2017 263.2017 0.4032446 0.1342689
Moved 327.9966 535.5608 265.6824 0.4063907 0.1486249
Moved 328.0171 541.889 274.3334 0.4210393 0.1986889
Moved 328.0375 544.7693 278.654 0.4277066 0.2236921
Moved 328.0585 548.9624 282.9624 0.4374129 0.2486252
Moved 328.0836 553.8118 290.8118 0.4486385 0.2940501
Moved 328.1172 558.5065 298.2598 0.4595058 0.3371514
Moved 328.1402 563.2651 304.2651 0.4705211 0.3719047
Moved 328.1617 565.0677 306.0677 0.4746939 0.3823365
Moved 328.1839 566.6988 309.6988 0.4784694 0.4033495
Moved 328.2052 569.063 312.063 0.4839422 0.4170317
Moved 328.2261 569 313.452 0.4837963 0.4250692
Moved 328.248 571.1698 315.1698 0.4888189 0.4350104
Stationary 328.269 571.1698 315.1698 0.4888189 0.4350104
Moved 328.2888 571 316.374 0.4884259 0.441979
Moved 328.3155 571 317.2258 0.4884259 0.4469084
Stationary 328.3482 571 317 0.4884259 0.4456021
Moved 328.3696 559.5676 318 0.4619619 0.4513889
Moved 328.3913 549.194 319 0.437949 0.4571759
Moved 328.4126 536.2231 319 0.407924 0.4571759
Moved 328.4348 509.3997 319 0.3458327 0.4571759
Moved 328.4562 496.4213 319 0.3157899 0.4571759
Moved 328.481 470.8907 319 0.2566915 0.4571759
Moved 328.5037 461.0433 311.2919 0.2338966 0.4125691
Moved 328.5266 445.2281 308.8456 0.1972872 0.3984123
Moved 328.5527 432.0925 305.3488 0.1668808 0.3781755
Moved 328.5873 399.2925 296.117 0.0909549 0.3247514
Moved 328.6092 391.8893 293.1557 0.07381766 0.307614
Moved 328.6309 376.2195 288.0941 0.03754506 0.2783223
Moved 328.6523 366.2404 285.2115 0.01444538 0.2616411
Moved 328.6754 359.8447 283.3379 -0.000359565 0.2507982
Moved 328.6973 345.8781 279.2927 -0.03268967 0.2273883
Moved 328.7187 339.2769 277.8554 -0.04797002 0.2190708
Moved 328.7413 331.4928 275.2464 -0.06598879 0.2039722
Moved 328.7636 327.695 273.8983 -0.07478013 0.1961708
Moved 328.7908 320.0672 270.0224 -0.09243701 0.1737407
Moved 328.8249 313.4668 268.1556 -0.1077158 0.1629376
Moved 328.8483 309.5 266.5 -0.1168982 0.1533567
Moved 328.8702 306.2911 266 -0.1243261 0.150463
Moved 328.8924 301.5641 265 -0.1352683 0.1446759
Moved 328.9137 298.6948 265 -0.1419103 0.1446759
Moved 328.9424 292.9479 262.9739 -0.1552132 0.132951
Moved 328.9642 290.0652 263 -0.1618862 0.1331019
Moved 328.9871 281.9917 262 -0.1805747 0.127315
Moved 329.0086 279.1235 260.5618 -0.187214 0.1189917
Moved 329.0353 270.0508 260 -0.2082157 0.1157407
Moved 329.0698 262.6228 257.8114 -0.2254101 0.1030752
Moved 329.0916 256.6057 258 -0.2393386 0.1041667
Moved 329.1121 253.7357 256.8679 -0.2459823 0.0976151
Moved 329.133 252.5 257 -0.2488426 0.09837963
Moved 329.1539 246.133 255.5665 -0.263581 0.09008408
Moved 329.1743 245.1293 256 -0.2659045 0.0925926
Moved 329.1949 243.0232 256 -0.2707796 0.0925926
Moved 329.2174 239.2906 254.1453 -0.2794198 0.08185934
Moved 329.2381 236.4163 254 -0.2860735 0.0810187
Moved 329.2645 231.6637 251.8318 -0.2970748 0.06847099
Moved 329.2985 227.4587 251 -0.3068084 0.06365723
Moved 329.3199 225.8694 251 -0.3104876 0.06365723
Moved 329.3416 221.9967 250 -0.3194522 0.05787037
Moved 329.3632 220.557 248.557 -0.3227848 0.04951989
Ended 329.3856 217.6815 248 -0.329441 0.0462963
Began 329.8569 524 314 0.3796296 0.4282409
Stationary 329.8806 524 314 0.3796296 0.4282409
Stationary 329.902 524 314 0.3796296 0.4282409
Stationary 329.9262 524 314 0.3796296 0.4282409
Stationary 329.9471 524 314 0.3796296 0.4282409
Stationary 329.9674 524 314 0.3796296 0.4282409
Stationary 329.9889 524 314 0.3796296 0.4282409
Stationary 330.0092 524 314 0.3796296 0.4282409
Stationary 330.0287 524 314 0.3796296 0.4282409
Stationary 330.0526 524 314 0.3796296 0.4282409
Stationary 330.0725 524 314 0.3796296 0.4282409
Stationary 330.0934 524 314 0.3796296 0.4282409
Stationary 330.114 524 314 0.3796296 0.4282409
Moved 330.1396 509.9039 304.1327 0.3469996 0.3711383
Moved 330.1609 510.3128 304.3128 0.3479464 0.3721808
Moved 330.1961 505 301.5 0.3356481 0.355903
Moved 330.2197 499.4559 297.728 0.3228146 0.3340739
Moved 330.2425 497.2898 296.2897 0.3178003 0.3257509
Moved 330.2664 491.8206 291.4103 0.3051404 0.2975136
Moved 330.2891 489.9788 288.9576 0.3008769 0.2833197
Moved 330.3189 484.9226 285.9226 0.2891727 0.265756
Moved 330.343 477.7747 280.1831 0.2726265 0.2325413
Moved 330.3698 472.4219 275.4219 0.2602358 0.2049877
Moved 330.3912 467.8153 273.5435 0.2495724 0.1941176
Moved 330.4129 463.5036 270.6691 0.2395916 0.177483
Moved 330.452 446.0862 262.4517 0.1992735 0.1299288
Moved 330.4751 440.5883 259.7941 0.1865469 0.1145494
Moved 330.4974 429.0186 250.5139 0.1597653 0.0608446
Moved 330.5201 423.3143 245.3143 0.1465609 0.03075423
Moved 330.5422 411.711 236.6266 0.1197014 -0.01952207
Moved 330.5641 406.4305 231.3229 0.107478 -0.05021484
Moved 330.5899 396.727 224.4846 0.08501609 -0.08978792
Moved 330.6129 392.4063 220.4063 0.07501443 -0.1133896
Moved 330.6362 384.6522 215.4348 0.05706529 -0.1421598
Moved 330.6577 380.5758 212.7172 0.04762908 -0.1578866
Moved 330.6947 365.2431 203.1216 0.0121369 -0.2134168
Moved 330.7178 361.3595 201.1199 0.003147026 -0.2250006
Moved 330.7401 353.5 197.5 -0.0150463 -0.2459491
Moved 330.7617 349.4017 195.1339 -0.02453317 -0.2596417
Moved 330.7839 341.5201 192.26 -0.04277761 -0.2762731
Moved 330.8105 338.6437 190.8219 -0.04943579 -0.2845953
Moved 330.8325 332.8904 188.9452 -0.06275381 -0.2954559
Moved 330.8534 330.0197 189 -0.06939888 -0.2951387
Moved 330.875 328.4244 187.4243 -0.07309174 -0.3042575
Moved 330.8961 324.5491 186 -0.08206233 -0.3125
Moved 330.9299 321.6636 185 -0.08874173 -0.318287
Moved 330.9521 321.2344 184 -0.08973524 -0.3240739
Moved 330.9766 318.7406 183 -0.09550785 -0.3298611
Moved 330.9991 314.5877 183 -0.105121 -0.3298611
Moved 331.0268 311.7109 183 -0.1117802 -0.3298611
Moved 331.0492 304.5 183 -0.1284722 -0.3298611
Moved 331.0719 298.1961 193.8431 -0.1430646 -0.2671113
Moved 331.0939 280 220.5 -0.1851852 -0.1128472
Moved 331.1154 275.2731 227.5084 -0.1961271 -0.07228905
Moved 331.1384 265.7345 241.8982 -0.2182072 0.01098492
Moved 331.1735 257.9862 254.6851 -0.236143 0.08498298
Moved 331.1948 255.3671 259.2659 -0.2422058 0.1114923
Moved 331.2162 248.7731 269.4539 -0.2574697 0.1704506
Moved 331.2424 245.8834 274.1749 -0.2641588 0.1977716
Moved 331.2652 243 279.8637 -0.2708333 0.2306928
Moved 331.2871 241.6322 281.3678 -0.2739996 0.239397
Moved 331.3094 240.0748 284.9252 -0.2776045 0.2599837
Moved 331.3315 240 286.3655 -0.2777777 0.2683191
Moved 331.3528 239 290.2358 -0.2800926 0.2907165
Moved 331.3735 239 292.6701 -0.2800926 0.3048039
Moved 331.4071 239 295.5 -0.2800926 0.3211806
Moved 331.4304 239 299.0624 -0.2800926 0.3417965
Moved 331.4566 250.9961 301.999 -0.2523238 0.3587907
Moved 331.4795 257.4985 306.7493 -0.237272 0.3862805
Moved 331.5005 263.2377 308.6189 -0.2239868 0.3971001
Moved 331.5238 271.8663 310 -0.2040132 0.4050926
Moved 331.5454 278.2219 311 -0.1893011 0.4108796
Moved 331.5681 288.0374 312 -0.1665802 0.4166669
Moved 331.5901 292.3332 313.1111 -0.156636 0.4230966
Moved 331.6122 298 313 -0.1435185 0.4224537
Moved 331.6477 310.5 313 -0.1145833 0.4224537
Moved 331.6741 316.8298 313 -0.09993102 0.4224537
Moved 331.696 323.6586 313 -0.08412366 0.4224537
Moved 331.7208 326.5271 313 -0.07748356 0.4224537
Moved 331.7466 329.8258 313 -0.06984765 0.4224537
Moved 331.769 332.6401 313 -0.06333306 0.4224537
Ended 331.7905 333 313 -0.06249999 0.4224537
Began 332.2661 349 307 -0.02546296 0.3877315
Stationary 332.2961 349 307 -0.02546296 0.3877315
Stationary 332.3209 349 307 -0.02546296 0.3877315
Stationary 332.3421 349 307 -0.02546296 0.3877315
Stationary 332.3623 349 307 -0.02546296 0.3877315
Stationary 332.3824 349 307 -0.02546296 0.3877315
Stationary 332.4026 349 307 -0.02546296 0.3877315
Stationary 332.4236 349 307 -0.02546296 0.3877315
Moved 332.4438 359.6638 298.3362 -0.0007783373 0.3375942
Moved 332.465 366.4127 293.2936 0.01484414 0.3084125
Moved 332.4866 368.6869 292.1566 0.02010862 0.3018319
Moved 332.513 375.3246 287.3377 0.03547351 0.2739452
Moved 332.5432 381 283 0.04861106 0.2488426
Moved 332.5656 384.948 281.026 0.05774995 0.237419
Moved 332.5883 390 278.5 0.06944448 0.2228009
Moved 332.6121 392.9834 275.0166 0.07635047 0.2026424
Moved 332.6349 399.7145 271.2855 0.09193162 0.1810505
Moved 332.6564 402.5722 269.7139 0.09854683 0.1719553
Moved 332.6823 411.6281 262.5289 0.1195095 0.1303758
Moved 332.7083 419.8154 256.8884 0.1384617 0.09773396
Moved 332.7306 424.422 252.578 0.1491251 0.07278937
Moved 332.7538 432.0458 247.9847 0.1667727 0.04620799
Moved 332.7888 436.8785 244.1215 0.1779594 0.02385122
Moved 332.8104 438.3265 242.6735 0.1813115 0.01547142
Moved 332.8321 439.8311 241.1689 0.1847943 0.00676473
Stationary 332.8531 440 241 0.1851852 0.005787037
Stationary 332.874 440 241 0.1851852 0.005787037
Stationary 332.8986 440 241 0.1851852 0.005787037
Stationary 332.9186 440 241 0.1851852 0.005787037
Moved 332.9402 427.7214 241 0.1567626 0.005787037
Moved 332.9624 420.964 241 0.1411204 0.005787037
Moved 332.9859 407.4637 251.7682 0.1098695 0.06810312
Moved 333.0199 394.2584 255.4966 0.07930189 0.08967947
Moved 333.0422 389.4781 256.8804 0.06823649 0.09768769
Moved 333.0659 379.8312 258.7229 0.04590561 0.1083503
Moved 333.0936 371.2234 261.5922 0.02597998 0.124955
Moved 333.1161 366.9358 263.0214 0.01605511 0.1332255
Moved 333.1391 359.9308 264.6898 -0.0001602371 0.1428806
Moved 333.1608 355.9104 266.0298 -0.009466609 0.1506359
Moved 333.1847 346.3772 267.9057 -0.03153418 0.1614913
Moved 333.2064 341.9568 269.3477 -0.04176657 0.1698363
Moved 333.2325 331.3608 271 -0.06629442 0.1793981
Moved 333.2674 319.9471 272.7632 -0.09271502 0.1896023
Moved 333.2935 311.0893 274.6369 -0.1132192 0.2004452
Moved 333.3156 306.7913 276.0696 -0.1231684 0.208736
Moved 333.3379 299.1846 276 -0.1407763 0.2083332
Moved 333.3593 294.8691 277.377 -0.150766 0.2163018
Moved 333.3843 287.3495 278 -0.1681724 0.2199074
Moved 333.4054 284.3553 279.3223 -0.1751035 0.2275598
Moved 333.4267 279.7826 280 -0.1856886 0.2314817
Moved 333.4489 271.1551 280.615 -0.2056595 0.2350405
Moved 333.4757 264.7488 282.1256 -0.220489 0.2437825
Moved 333.5121 255.8872 285.0376 -0.2410019 0.2606344
Moved 333.5344 253.0678 285 -0.2475283 0.2604167
Moved 333.5564 247.2981 286 -0.2608841 0.2662037
Moved 333.5772 244.4333 286.7834 -0.2675156 0.270737
Moved 333.5995 240.3795 288.3102 -0.2768994 0.2795732
Moved 333.6206 239.2557 288.7443 -0.2795007 0.2820852
Moved 333.6436 236.6388 289 -0.2855583 0.283565
Moved 333.6693 233.9573 291 -0.2917655 0.2951389
Moved 333.6901 232.501 291.499 -0.2951365 0.2980264
Moved 333.7112 230.9729 292 -0.2986739 0.3009261
Stationary 333.7443 231 292 -0.2986111 0.3009261
Stationary 333.7652 231 292 -0.2986111 0.3009261
Ended 333.785 231 292 -0.2986111 0.3009261
Began 334.2955 533 261 0.4004629 0.1215278
Stationary 334.3282 533 261 0.4004629 0.1215278
Stationary 334.3529 533 261 0.4004629 0.1215278
Stationary 334.3769 533 261 0.4004629 0.1215278
Stationary 334.3982 533 261 0.4004629 0.1215278
Stationary 334.4226 533 261 0.4004629 0.1215278
Stationary 334.4456 533 261 0.4004629 0.1215278
Stationary 334.4686 533 261 0.4004629 0.1215278
Stationary 334.4895 533 261 0.4004629 0.1215278
Moved 334.5097 517 261 0.3634259 0.1215278
Moved 334.5334 512.4572 261 0.3529101 0.1215278
Moved 334.5539 504.1169 261 0.3336039 0.1215278
Moved 334.5746 500.6908 261 0.3256731 0.1215278
Moved 334.597 496.208 261 0.3152963 0.1215278
Moved 334.6267 489.0659 261 0.2987637 0.1215278
Moved 334.6485 476.9265 261 0.2706633 0.1215278
Moved 334.6728 469.6924 261 0.2539175 0.1215278
Moved 334.6938 455.3404 261 0.2206954 0.1215278
Moved 334.7222 442.0109 261 0.1898401 0.1215278
Moved 334.7444 438.1503 261 0.1809035 0.1215278
Moved 334.7657 430.3796 261 0.1629158 0.1215278
Moved 334.7883 413.804 261 0.1245463 0.1215278
Moved 334.8091 405.7953 261 0.1060078 0.1215278
Moved 334.8304 392.4521 261 0.07512052 0.1215278
Moved 334.8649 380.559 261 0.04759023 0.1215278
Moved 334.8866 374.3918 261 0.03331423 0.1215278
Moved 334.914 358.495 261 -0.003483743 0.1215278
Moved 334.9359 350.8925 261 -0.02108206 0.1215278
Moved 334.9677 337.9207 261 -0.05110939 0.1215278
Moved 334.9894 326.4802 261 -0.07759224 0.1215278
Moved 335.0104 319.665 261 -0.0933681 0.1215278
Moved 335.0318 306.3002 261 -0.1243051 0.1215278
Moved 335.0547 299.1285 261 -0.1409062 0.1215278
Moved 335.0761 282.8938 254 -0.1784866 0.0810187
Moved 335.1144 269.8219 253 -0.2087457 0.07523149
Moved 335.1367 264.2655 253 -0.2216076 0.07523149
Moved 335.159 251.7054 252 -0.250682 0.06944445
Moved 335.1806 247.5007 252 -0.2604151 0.06944445
Moved 335.2026 236.8143 252 -0.285152 0.06944445
Moved 335.2238 231.5544 252 -0.2973277 0.06944445
Moved 335.2466 221.9545 252 -0.3195497 0.06944445
Moved 335.2688 217.4185 252 -0.3300497 0.06944445
Moved 335.2954 210.3072 252 -0.3465112 0.06944445
Moved 335.3169 206.7595 252 -0.3547233 0.06944445
Moved 335.3515 200.1389 252 -0.3700487 0.06944445
Moved 335.374 195.5068 252 -0.3807712 0.06944445
Moved 335.3956 194.0711 252 -0.3840947 0.06944445
Moved 335.4182 191.5005 252 -0.3900451 0.06944445
Moved 335.4404 190.0636 252 -0.3933714 0.06944445
Moved 335.466 188.6261 252 -0.3966989 0.06944445
Stationary 335.4858 188.6261 252 -0.3966989 0.06944445
Stationary 335.5049 188.6261 252 -0.3966989 0.06944445
Stationary 335.5244 188.6261 252 -0.3966989 0.06944445
Stationary 335.5434 188.6261 252 -0.3966989 0.06944445
Stationary 335.5746 188.6261 252 -0.3966989 0.06944445
Stationary 335.5942 188.6261 252 -0.3966989 0.06944445
Moved 335.6195 189 250.5 -0.3958333 0.06076389
Moved 335.6404 189 248.1826 -0.3958333 0.04735311
Moved 335.6624 200.3597 242.6403 -0.3695376 0.01527928
Moved 335.6838 203.4662 239.5338 -0.3623467 -0.002697839
Moved 335.7053 208.0054 235.9946 -0.3518392 -0.02317906
Moved 335.7277 214 230 -0.3379629 -0.05787019
Moved 335.7485 216.3006 229.3497 -0.3326375 -0.06163332
Moved 335.774 225 222.5 -0.3125 -0.1012731
Moved 335.8146 243.3141 205.8573 -0.2701062 -0.1975849
Moved 335.8364 250.3067 198.6932 -0.2539196 -0.2390438
Moved 335.8576 251.5157 196.2266 -0.2511211 -0.2533183
Moved 335.8804 258.4402 190.5597 -0.2350921 -0.2861129
Moved 335.9026 260.6607 188.3394 -0.2299521 -0.2989621
Moved 335.9261 263.5417 185.4584 -0.2232832 -0.3156344
Moved 335.9538 265 184 -0.2199074 -0.3240739
Moved 335.9769 266.5 184 -0.2164352 -0.3240739
Moved 335.9991 267 183 -0.2152778 -0.3298611
Moved 336.0197 268 182 -0.212963 -0.335648
Moved 336.0534 269 180.2649 -0.2106481 -0.3456893
Moved 336.0742 269.8811 180 -0.2086086 -0.3472222
Moved 336.0945 270.7103 180 -0.206689 -0.3472222
Moved 336.119 271 178.8518 -0.2060186 -0.3538667
Moved 336.1412 272 177.9813 -0.2037037 -0.3589042
Stationary 336.1627 272 178 -0.2037037 -0.3587963
Moved 336.1845 274.9642 178 -0.1968422 -0.3587963
Moved 336.2053 277.7791 178 -0.1903261 -0.3587963
Moved 336.2261 283.347 178 -0.1774374 -0.3587963
Moved 336.2501 299.6579 193.2434 -0.1396808 -0.2705821
Moved 336.2888 316.5 207.5 -0.1006944 -0.1880787
Moved 336.3106 331.5682 224.6819 -0.06581426 -0.0886465
Moved 336.3319 337.1977 234.2965 -0.05278314 -0.03300632
Moved 336.3528 344.8264 246.6527 -0.03512412 0.03849966
Moved 336.3739 347.8569 253.4275 -0.0281091 0.07770556
Moved 336.3961 350.5855 257.8782 -0.0217928 0.103462
Moved 336.42 356.606 270.0148 -0.007856588 0.1736971
Moved 336.4485 363.0504 281.4174 0.007061163 0.2396838
Moved 336.4707 365.1237 285.2475 0.01186053 0.2618491
Moved 336.4921 367.9981 292.9942 0.0185141 0.3066794
Moved 336.5262 370.5717 298.1434 0.02447148 0.3364781
Moved 336.5487 372.002 300.002 0.02778232 0.3472335
Moved 336.5705 373.4458 302.8915 0.03112445 0.3639557
Moved 336.5928 374 304.3146 0.03240744 0.3721908
Moved 336.6194 375 306 0.03472219 0.3819445
Moved 336.6415 376.29 307.29 0.03770828 0.3894096
Moved 336.6644 376 309.167 0.03703703 0.400272
Moved 336.6862 377.5 309 0.04050931 0.3993057
Moved 336.707 377 310.0207 0.03935188 0.4052123
Stationary 336.7277 377 310.0207 0.03935188 0.4052123
Moved 336.7616 378 311 0.04166663 0.4108796
Stationary 336.7879 378 311 0.04166663 0.4108796
Ended 336.8272 378 311 0.04166663 0.4108796
Began 338.2792 278 265 -0.1898148 0.1446759
Stationary 338.3017 278 265 -0.1898148 0.1446759
Stationary 338.3232 278 265 -0.1898148 0.1446759
Stationary 338.3448 278 265 -0.1898148 0.1446759
Stationary 338.3668 278 265 -0.1898148 0.1446759
Stationary 338.3945 278 265 -0.1898148 0.1446759
Stationary 338.4166 278 265 -0.1898148 0.1446759
Stationary 338.4404 278 265 -0.1898148 0.1446759
Stationary 338.4642 278 265 -0.1898148 0.1446759
Stationary 338.4878 278 265 -0.1898148 0.1446759
Moved 338.5089 288.3651 265 -0.1658216 0.1446759
Moved 338.5338 290.9248 265 -0.1598963 0.1446759
Moved 338.5591 295.7928 265 -0.1486278 0.1446759
Moved 338.5808 299.6921 265 -0.1396016 0.1446759
Moved 338.6061 307.2845 265 -0.1220267 0.1446759
Moved 338.6379 316.6397 265 -0.100371 0.1446759
Moved 338.6619 330.5 265 -0.06828706 0.1446759
Moved 338.6852 337.7855 265 -0.05142241 0.1446759
Moved 338.7088 355.7621 272.8232 -0.009809832 0.189949
Moved 338.7357 364.5021 273.9377 0.01042157 0.196399
Moved 338.7566 386.5555 279.5873 0.06147106 0.2290932
Moved 338.7782 395.3122 282.4374 0.08174121 0.2455867
Moved 338.8005 412.8953 286.985 0.1224428 0.2719042
Moved 338.823 424.3569 291.2589 0.1489744 0.2966369
Moved 338.8454 428.5 291.5 0.1585648 0.2980326
Moved 338.8816 448.2162 298.8041 0.2042043 0.3403016
Moved 338.9087 456.6955 301.6739 0.2238321 0.3569091
Moved 338.9331 461.3092 302 0.2345121 0.3587963
Moved 338.954 468.3148 305.6574 0.2507287 0.3799621
Moved 338.9773 473.3755 307.0939 0.2624433 0.3882749
Moved 339.0025 481.912 309.9707 0.2822039 0.4049231
Moved 339.0245 487.6253 311.4063 0.295429 0.4132312
Moved 339.046 494.5612 314.2806 0.3114842 0.4298646
Moved 339.0748 497.8125 315.2708 0.3190104 0.435595
Moved 339.0977 505.7197 317.2399 0.337314 0.4469902
Moved 339.1335 512.2256 319.1128 0.3523742 0.4578287
Moved 339.156 518.8982 321 0.3678199 0.46875
Moved 339.1785 521.0061 322.0031 0.3726993 0.4745549
Moved 339.2006 525.7565 323 0.3836956 0.4803241
Moved 339.2244 527.3138 323 0.3873005 0.4803241
Moved 339.2477 530.1934 323 0.3939663 0.4803241
Stationary 339.2787 530 323 0.3935185 0.4803241
Stationary 339.3001 530 323 0.3935185 0.4803241
Stationary 339.3211 530 323 0.3935185 0.4803241
Stationary 339.3435 530 323 0.3935185 0.4803241
Stationary 339.3775 530 323 0.3935185 0.4803241
Stationary 339.3989 530 323 0.3935185 0.4803241
Moved 339.42 514.8286 323 0.3583995 0.4803241
Moved 339.4459 501.3351 312.6675 0.3271644 0.42053
Moved 339.4683 495.5884 310.7942 0.313862 0.4096886
Moved 339.4914 485.1256 306.5314 0.2896426 0.3850201
Moved 339.5135 479.5074 303.2537 0.2766374 0.3660515
Moved 339.5387 463.2544 294.6272 0.2390147 0.3161296
Moved 339.561 457.4024 292.2012 0.2254686 0.3020901
Moved 339.584 444.1036 287.2207 0.1946843 0.273268
Moved 339.625 434.1229 282.5615 0.1715808 0.2463048
Moved 339.6489 421.3036 277.6518 0.1419065 0.2178923
Moved 339.6736 414.5747 275.3937 0.1263302 0.2048245
Moved 339.6963 404.5757 271.5253 0.1031846 0.1824381
Moved 339.7219 398.3374 269.1687 0.08874406 0.1688004
Moved 339.744 390.501 266.5003 0.07060419 0.1533584
Moved 339.7655 386.2028 264.0676 0.06065458 0.1392801
Moved 339.7913 379.3887 261 0.0448813 0.1215278
Moved 339.8122 376.502 259.751 0.03819893 0.1142996
Moved 339.8343 372.3401 257.17 0.02856503 0.09936368
Moved 339.8682 367.3546 254.3545 0.01702448 0.08306998
Moved 339.8902 364.832 254 0.01118521 0.0810187
Moved 339.9128 362.0473 251.0474 0.004739165 0.0639315
Moved 339.9347 360.596 251 0.001379649 0.06365723
Moved 339.9611 357.0959 248.0959 -0.006722411 0.04685155
Moved 339.9851 354.2188 245.2189 -0.01338239 0.03020198
Moved 340.0083 352.7838 243.7838 -0.01670405 0.02189707
Moved 340.0319 350.9126 242 -0.02103572 0.01157425
Moved 340.0614 349.5 240.5 -0.02430553 0.002893519
Moved 340.0842 348.6768 239.6768 -0.02621119 -0.001870615
Ended 340.1261 348.6768 239.6768 -0.02621119 -0.001870615
PhraseEnd 343.318
