the force is with you
Basic
0.6 0.6
432 326.4
Began 902.343 413 475  0.122685 0.327819
Stationary 902.407 413 475  0.122685 0.327819
Stationary 902.463 413 475  0.122685 0.327819
Stationary 902.519 413 475  0.122685 0.327819
Stationary 902.575 413 475  0.122685 0.327819
Stationary 902.629 413 475  0.122685 0.327819
Moved 902.687 413 460.233  0.122685 0.282578
Moved 902.746 438.735 414.041  0.182256 0.141056
Moved 902.804 449.629 386.743  0.207474 0.057423
Moved 902.867 450 377.062  0.208333 0.027765
Moved 902.928 408.666 387.334  0.112653 0.0592341
Moved 902.998 369.349 411.322  0.0216419 0.132727
Moved 903.067 319.8 453  -0.0930559 0.260417
Moved 903.127 290.379 475.897  -0.161159 0.330565
Moved 903.19 270.155 491.897  -0.207975 0.379586
Moved 903.253 266 498.456  -0.217593 0.399682
Ended 903.309 266 498  -0.217593 0.398284
Began 903.498 326 363  -0.0787037 -0.0153186
Stationary 903.565 326 363  -0.0787037 -0.0153186
Stationary 903.623 326 363  -0.0787037 -0.0153186
Moved 903.682 364.847 386.03  0.0112207 0.0552377
Moved 903.741 412.069 412.841  0.120529 0.137381
Moved 903.801 455.344 440.674  0.220704 0.222655
Moved 903.862 486.097 464.573  0.291892 0.295873
Moved 903.936 496.046 474.046  0.314921 0.324896
Moved 903.994 496 477.56  0.314815 0.335664
Moved 904.054 421.476 487.587  0.142304 0.366383
Moved 904.12 348.031 498.998  -0.0277066 0.401341
Moved 904.191 306 500  -0.125 0.404412
Moved 904.254 299.966 500  -0.138967 0.404412
Moved 904.313 296 448.354  -0.148148 0.246182
Moved 904.371 296 364.342  -0.148148 -0.0112063
Moved 904.428 296 325.5  -0.148148 -0.130208
Moved 904.485 293.986 285.916  -0.15281 -0.251482
Moved 904.576 292 272.039  -0.157407 -0.293999
Moved 904.633 288.5 272  -0.165509 -0.294118
Moved 904.691 271.944 339.224  -0.203833 -0.0881618
Moved 904.751 255.197 412.609  -0.242599 0.136669
Moved 904.808 248.035 439.913  -0.259178 0.220321
Moved 904.869 243.5 455  -0.269676 0.266544
Ended 904.932 244 457  -0.268518 0.272672
Began 905.264 461 451  0.233796 0.254289
Stationary 905.33 461 451  0.233796 0.254289
Moved 905.385 419.244 435.081  0.137138 0.205519
Moved 905.442 376.359 422.308  0.0378675 0.166384
Moved 905.499 319.835 407.612  -0.0929745 0.121359
Moved 905.556 261.322 395.405  -0.228421 0.0839613
Moved 905.614 229.174 386.27  -0.302837 0.0559738
Moved 905.673 215.758 380.379  -0.333894 0.0379254
Ended 905.734 212 379  -0.342593 0.0337011
Began 905.986 235 496  -0.289352 0.392157
Stationary 906.061 235 496  -0.289352 0.392157
Moved 906.12 263.569 496  -0.223219 0.392157
Moved 906.191 351.26 496  -0.0202308 0.392157
Moved 906.262 429.327 496  0.160478 0.392157
Moved 906.323 470.216 496  0.255129 0.392157
Moved 906.385 485.372 496  0.290214 0.392157
Moved 906.445 472.602 481.51  0.260653 0.347764
Moved 906.506 399.683 458.781  0.0918578 0.278126
Moved 906.568 346.719 457  -0.0307422 0.272672
Moved 906.63 325.517 457  -0.0798222 0.272672
Moved 906.692 323 457  -0.0856482 0.272672
Moved 906.749 338.38 442.545  -0.0500473 0.228384
Moved 906.825 377.806 386.787  0.0412168 0.0575576
Moved 906.883 390.251 361.623  0.0700256 -0.0195361
Moved 906.943 394.359 354.641  0.0795348 -0.0409283
Ended 907.009 396.5 354  0.0844908 -0.0428921
Began 907.262 375 461  0.0347222 0.284926
Stationary 907.34 375 461  0.0347222 0.284926
Stationary 907.403 375 461  0.0347222 0.284926
Moved 907.461 397.402 474.801  0.0865795 0.327208
Moved 907.52 429.426 485.085  0.160709 0.358717
Moved 907.581 465.546 489  0.244318 0.370711
Moved 907.64 487.12 489  0.294259 0.370711
Moved 907.698 503.885 489  0.333068 0.370711
Moved 907.752 508.5 478.5  0.34375 0.338542
Moved 907.808 508 476.479  0.342593 0.332351
Moved 907.867 467.548 458.516  0.248954 0.277316
Moved 907.922 414.9 455  0.127083 0.266544
Moved 907.984 396.588 466.206  0.0846949 0.300876
Moved 908.046 391.27 471.73  0.072384 0.317801
Ended 908.105 391 473  0.0717592 0.321691
PhraseEnd 908.716
