the quick brown fox jumps over the lazy dog
Basic
0.4 0.4
288 115.2
Began 416.7867 321 286 -0.1354167 0.3993056
Stationary 416.8297 321 286 -0.1354167 0.3993056
Stationary 416.8628 321 286 -0.1354167 0.3993056
Stationary 416.8958 321 286 -0.1354167 0.3993056
Stationary 416.928 321 286 -0.1354167 0.3993056
Stationary 416.9607 321 286 -0.1354167 0.3993056
Stationary 416.9946 321 286 -0.1354167 0.3993056
Stationary 417.0284 321 286 -0.1354167 0.3993056
Stationary 417.0618 321 286 -0.1354167 0.3993056
Stationary 417.0959 321 286 -0.1354167 0.3993056
Moved 417.1295 321 295 -0.1354167 0.4774306
Moved 417.1748 330.3264 295 -0.1030332 0.4774306
Moved 417.207 338.6888 282.2003 -0.0739973 0.3663217
Moved 417.2396 346.7459 278.4406 -0.04602104 0.3336856
Moved 417.2713 355.0367 271.9633 -0.01723364 0.2774594
Moved 417.3043 358.7738 269.2261 -0.004257485 0.2536994
Moved 417.3365 361.5322 266.4678 0.005320013 0.2297553
Moved 417.3684 362.5 265.5 0.008680523 0.2213542
Moved 417.4002 364.5 262.5 0.01562506 0.1953125
Moved 417.4468 365 260.1541 0.01736105 0.1749484
Moved 417.4825 366.5 257.5 0.02256945 0.1519097
Moved 417.539 367 251.1606 0.02430558 0.09688087
Moved 417.5749 367 248.4067 0.02430558 0.07297517
Moved 417.6116 367 244.5824 0.02430558 0.03977776
Moved 417.6464 367 242.5 0.02430558 0.02170166
Moved 417.6841 354.3075 243 -0.01976557 0.02604167
Moved 417.7188 334.3817 248.7892 -0.08895227 0.07629501
Moved 417.7531 323.0935 253.4767 -0.1281475 0.1169851
Moved 417.7871 315.522 256.239 -0.1544375 0.1409639
Moved 417.8219 310.0054 258.9946 -0.1735923 0.1648834
Moved 417.8558 305.1791 262.8209 -0.1903504 0.1980986
Moved 417.9095 301.0464 265.9536 -0.2047001 0.2252916
Moved 417.945 301 267.3448 -0.2048611 0.2373688
Ended 417.9798 300 273 -0.2083334 0.2864584
Began 418.2302 211 307 -0.5173611 0.5815973
Stationary 418.2723 211 307 -0.5173611 0.5815973
Stationary 418.3072 211 307 -0.5173611 0.5815973
Moved 418.3411 228.6489 307 -0.4560802 0.5815973
Moved 418.3767 239.7377 307 -0.4175775 0.5815973
Moved 418.4123 264.5142 307 -0.3315481 0.5815973
Moved 418.4628 281.6667 307 -0.2719904 0.5815973
Moved 418.4991 298.9482 307 -0.2119856 0.5815973
Moved 418.5345 320.9873 307 -0.1354606 0.5815973
Moved 418.5688 335.5 298.5 -0.08506946 0.5078126
Moved 418.6038 346.8134 297 -0.04578672 0.494792
Moved 418.6386 357.8825 294.2794 -0.007352382 0.4711753
Moved 418.6736 371.5572 290.1476 0.04012928 0.4353092
Moved 418.7077 378.8862 286.4092 0.06557703 0.402858
Moved 418.7589 388.8776 280.1224 0.1002693 0.3482853
Moved 418.7962 394.5 276.5 0.1197916 0.3168406
Moved 418.8518 399.774 272.613 0.1381043 0.2830991
Moved 418.8956 403.5 268.5 0.1510416 0.2473959
Moved 418.933 408.375 267 0.1679689 0.2343753
Moved 418.9667 417.5239 265 0.1997358 0.2170139
Moved 419.0009 430.4901 265 0.2447571 0.2170139
Moved 419.0356 442 265 0.2847222 0.2170139
Moved 419.0697 444.0892 265 0.2919764 0.2170139
Moved 419.1031 445 265 0.295139 0.2170139
Moved 419.1379 436.0953 259.0424 0.2642199 0.1652983
Moved 419.1719 413.6606 246.6331 0.1863216 0.05757889
Moved 419.2282 368.5373 228.1791 0.02964333 -0.1026119
Moved 419.2625 349.5 219.5 -0.0364583 -0.1779514
Moved 419.2988 334.2591 213.7531 -0.08937813 -0.2278381
Moved 419.3336 323.4561 208.728 -0.1268886 -0.2714581
Moved 419.3675 319.9826 208 -0.1389493 -0.2777778
Moved 419.4005 317.5592 207 -0.147364 -0.2864584
Moved 419.4335 317 205.804 -0.1493056 -0.2968407
Stationary 419.4661 317 205.804 -0.1493056 -0.2968407
Moved 419.5051 322.6896 206 -0.1295499 -0.2951389
Moved 419.5381 339.9999 206 -0.06944478 -0.2951389
Moved 419.5913 363.585 215.717 0.01244783 -0.2107893
Moved 419.625 383.3086 220.0771 0.08093268 -0.1729414
Moved 419.6581 400.8095 225.6031 0.1416998 -0.1249727
Moved 419.6901 415.3522 231.1174 0.1921952 -0.07710537
Moved 419.7233 423.5 233.5 0.2204861 -0.05642362
Moved 419.7567 431.7031 235 0.2489692 -0.04340278
Moved 419.7981 437.3736 237 0.2686583 -0.0260414
Moved 419.834 441.1256 238 0.2816862 -0.01736111
Moved 419.8689 443.5 239 0.2899306 -0.008680291
Moved 419.9048 446.3283 241.3284 0.2997512 0.01153098
Ended 419.965 449.4711 242 0.3106635 0.01736138
Began 420.2597 365 189 0.01736105 -0.4427081
Stationary 420.3071 365 189 0.01736105 -0.4427081
Stationary 420.3396 365 189 0.01736105 -0.4427081
Stationary 420.3709 365 189 0.01736105 -0.4427081
Stationary 420.4053 365 189 0.01736105 -0.4427081
Stationary 420.4402 365 189 0.01736105 -0.4427081
Stationary 420.4755 365 189 0.01736105 -0.4427081
Stationary 420.5136 365 189 0.01736105 -0.4427081
Moved 420.5613 351.9686 208.3752 -0.02788693 -0.2745202
Moved 420.5996 337.5598 226.9203 -0.0779175 -0.1135392
Moved 420.6347 326.4461 240.554 -0.1165067 0.004808903
Moved 420.6733 316.9562 253.0438 -0.1494576 0.1132279
Moved 420.7074 315 258.5521 -0.15625 0.1610427
Moved 420.7423 314 262.2234 -0.1597222 0.1929119
Moved 420.7784 323.5747 268.3678 -0.1264766 0.2462483
Moved 420.8125 340.8895 273.1271 -0.06635591 0.2875614
Moved 420.8473 365.1321 276 0.01781985 0.3124998
Moved 420.9048 413.5487 276 0.1859331 0.3124998
Moved 420.9391 431.1861 276 0.2471741 0.3124998
Moved 420.974 443.5601 276 0.2901393 0.3124998
Moved 421.0191 454.8896 276 0.3294778 0.3124998
Moved 421.0552 457.2195 276 0.3375675 0.3124998
Moved 421.0892 458 276 0.3402779 0.3124998
Moved 421.1266 439.0643 276 0.2745289 0.3124998
Moved 421.1648 392.8445 267.0704 0.1140434 0.2349862
Moved 421.2027 359.7914 265.6528 -0.0007244945 0.2226803
Moved 421.2407 316.6876 266 -0.1503904 0.2256945
Moved 421.2949 293.5 266 -0.2309028 0.2256945
Moved 421.3286 281.748 266 -0.2717083 0.2256945
Moved 421.362 274.3505 266 -0.2973942 0.2256945
Moved 421.3955 268.0369 266 -0.3193164 0.2256945
Moved 421.4293 265.621 266 -0.327705 0.2256945
Moved 421.4626 263.9327 266 -0.3335671 0.2256945
Stationary 421.4956 263.9327 266 -0.3335671 0.2256945
Stationary 421.5289 264 266 -0.3333333 0.2256945
Moved 421.5721 282.5 258 -0.2690972 0.15625
Moved 421.6067 307.3975 243.9344 -0.1826475 0.0341532
Moved 421.6628 350.1581 225.6466 -0.03417343 -0.1245954
Moved 421.6968 367.3484 219.5505 0.02551526 -0.1775125
Moved 421.7299 381.9094 213.0453 0.07607431 -0.2339822
Moved 421.7683 397.3178 207.2274 0.1295757 -0.2844843
Moved 421.8026 404 203.5 0.1527777 -0.3168403
Moved 421.8365 407.2948 201.7052 0.1642181 -0.3324202
Moved 421.8724 411.0907 199.9093 0.1773982 -0.3480096
Ended 421.907 412.5 200 0.1822916 -0.3472222
Began 422.1285 332 231 -0.09722225 -0.07812501
Stationary 422.1633 332 231 -0.09722225 -0.07812501
Stationary 422.1979 332 231 -0.09722225 -0.07812501
Stationary 422.2302 332 231 -0.09722225 -0.07812501
Stationary 422.2617 332 231 -0.09722225 -0.07812501
Stationary 422.2968 332 231 -0.09722225 -0.07812501
Moved 422.3322 346.1604 238.7201 -0.04805431 -0.01111031
Moved 422.3697 356.9477 241.1896 -0.01059838 0.01032617
Moved 422.4056 371.7012 243.9502 0.04062906 0.03428989
Moved 422.4415 400.7781 250.173 0.1415907 0.08830681
Moved 422.4825 423.9274 256.1782 0.2219702 0.140436
Moved 422.5184 455.2818 264.6564 0.3308396 0.214031
Moved 422.5524 470.1096 268.4219 0.3823251 0.2467182
Moved 422.5876 478.7483 270.8741 0.4123204 0.2680048
Moved 422.6284 485.9688 273 0.4373916 0.2864584
Moved 422.6622 488.5 274 0.4461806 0.2951392
Moved 422.6943 488 274 0.4444444 0.2951392
Stationary 422.7274 488 274 0.4444444 0.2951392
Moved 422.7596 462.9291 264.1716 0.3573929 0.2098232
Moved 422.795 416.5344 247.6138 0.1963001 0.06609175
Moved 422.848 375.8632 231.0737 0.05508035 -0.07748499
Moved 422.8803 353.8825 222.8309 -0.02124116 -0.1490371
Moved 422.9135 341.3456 217.6729 -0.06477207 -0.1938121
Moved 422.9459 333.517 215.3793 -0.09195484 -0.2137216
Moved 422.9794 323.4599 213 -0.1268753 -0.234375
Moved 423.0131 314.8878 209.4719 -0.1566397 -0.2650007
Moved 423.0478 309.0425 208 -0.1769359 -0.2777778
Moved 423.0862 303.8869 206 -0.194837 -0.2951389
Moved 423.1273 302.1245 206 -0.2009564 -0.2951389
Moved 423.1603 301 206 -0.2048611 -0.2951389
Moved 423.2141 300 205 -0.2083334 -0.3038192
Stationary 423.246 300 205 -0.2083334 -0.3038192
Moved 423.2781 298.9977 205 -0.2118136 -0.3038192
Stationary 423.3111 299 205 -0.2118056 -0.3038192
Moved 423.3454 297.5 205 -0.2170139 -0.3038192
Ended 423.3776 296.5 205 -0.2204861 -0.3038192
Began 423.5991 393 228 0.1145834 -0.1041667
Stationary 423.6542 393 228 0.1145834 -0.1041667
Stationary 423.7049 393 228 0.1145834 -0.1041667
Stationary 423.7401 393 228 0.1145834 -0.1041667
Moved 423.7733 393 237.0377 0.1145834 -0.02571397
Moved 423.8064 393 243.5363 0.1145834 0.03069692
Moved 423.8399 393 253.2517 0.1145834 0.1150325
Moved 423.8724 393 258.7822 0.1145834 0.1630396
Moved 423.9048 393 263.2838 0.1145834 0.2021162
Moved 423.9377 400 268.3629 0.138889 0.2462061
Moved 423.9699 400 276.0181 0.138889 0.3126577
Moved 424.0027 400 282.2878 0.138889 0.367082
Moved 424.0455 400 289.2318 0.138889 0.4273593
Moved 424.078 400 290.1833 0.138889 0.4356189
Moved 424.111 400 291 0.138889 0.4427084
Moved 424.1445 402.284 291 0.1468195 0.4427084
Moved 424.1805 410.9489 269.1279 0.1769057 0.2528464
Moved 424.2172 418.9251 251.1498 0.204601 0.09678629
Moved 424.251 426.4782 235.5363 0.2308272 -0.03874753
Moved 424.2892 431.2176 223.5648 0.2472834 -0.1426663
Moved 424.3235 433 218.9545 0.2534721 -0.1826869
Moved 424.3568 434.8011 216.199 0.2597259 -0.2066061
Moved 424.4096 438.0185 215 0.2708976 -0.2170139
Moved 424.4427 447.8613 221.178 0.3050739 -0.1633856
Moved 424.4762 460.1297 237.6621 0.3476726 -0.02029393
Moved 424.5085 469.5705 252.4264 0.3804532 0.107868
Moved 424.5419 476.4544 262.9089 0.4043557 0.1988618
Moved 424.5755 481.9843 269.9843 0.4235567 0.2602808
Moved 424.6079 482 274.2476 0.4236111 0.2972879
Moved 424.6412 483 277.016 0.4270834 0.3213194
Moved 424.6823 483 278.5 0.4270834 0.3342014
Moved 424.7196 460.5904 278 0.3492722 0.3298611
Moved 424.7788 408.7553 258.7234 0.1692894 0.1625294
Moved 424.8115 385.9005 255.2001 0.08993223 0.1319454
Moved 424.8448 370.6634 252.3326 0.03702566 0.1070542
Moved 424.8799 359.6791 250.9198 -0.001114309 0.0947902
Moved 424.9133 347.9558 249.1593 -0.04181996 0.0795081
Moved 424.9468 335.577 247 -0.08480207 0.06076416
Moved 424.9824 317.2217 243.6444 -0.1485356 0.03163576
Moved 425.0187 306.1765 241 -0.1868871 0.008680556
Moved 425.0553 296.2925 239 -0.2212067 -0.008680291
Moved 425.0905 292.3284 238 -0.2349708 -0.01736111
Moved 425.146 285.0992 238 -0.2600721 -0.01736111
Moved 425.1808 279.9815 238 -0.2778419 -0.01736111
Moved 425.2151 277.7037 238 -0.2857509 -0.01736111
Moved 425.2539 276.6438 238 -0.2894312 -0.01736111
Moved 425.2882 276 238 -0.2916667 -0.01736111
Ended 425.3242 276 247 -0.2916667 0.06076416
Began 425.5215 449 290 0.3090277 0.4340278
Stationary 425.57 449 290 0.3090277 0.4340278
Stationary 425.6047 449 290 0.3090277 0.4340278
Stationary 425.6384 449 290 0.3090277 0.4340278
Stationary 425.6788 449 290 0.3090277 0.4340278
Stationary 425.7243 449 290 0.3090277 0.4340278
Stationary 425.7585 449 290 0.3090277 0.4340278
Stationary 425.8021 449 290 0.3090277 0.4340278
Stationary 425.8367 449 290 0.3090277 0.4340278
Stationary 425.869 449 290 0.3090277 0.4340278
Moved 425.9041 428.098 274.4784 0.2364513 0.2992916
Moved 425.9423 406.7661 256.8895 0.1623821 0.14661
Moved 425.9782 375.4316 235.2466 0.05358204 -0.04126231
Moved 426.0134 359.6237 223.9742 -0.001306608 -0.1391125
Moved 426.0635 345.4218 214.2109 -0.05061857 -0.2238634
Moved 426.1006 340 210 -0.06944448 -0.2604167
Moved 426.1372 334.2296 206.6147 -0.08948073 -0.2898023
Moved 426.1731 331.8571 205 -0.09771847 -0.3038192
Moved 426.2104 329.5 204 -0.1059028 -0.3124998
Moved 426.2455 328.8735 202.8735 -0.1080781 -0.3222784
Moved 426.2895 327.9885 203 -0.111151 -0.3211806
Moved 426.3264 326 203 -0.1180556 -0.3211806
Moved 426.3642 316.8075 215.5776 -0.1499741 -0.2119997
Moved 426.4 305.3865 232.0736 -0.1896302 -0.06880549
Moved 426.455 292.646 254.0621 -0.2338682 0.1220671
Moved 426.4911 288.8825 260.235 -0.2469359 0.1756517
Moved 426.5274 286.1247 263.8753 -0.2565115 0.2072512
Moved 426.5644 283.3362 267.6639 -0.2661939 0.2401379
Moved 426.6016 281.5782 270.4218 -0.2722979 0.2640778
Moved 426.6409 282 273.5 -0.2708333 0.2907986
Moved 426.6765 282 275.0084 -0.2708333 0.303892
Moved 426.7156 288.2325 277 -0.2491927 0.3211806
Moved 426.7599 300.8445 280 -0.2054012 0.3472225
Moved 426.7938 307.724 281 -0.1815139 0.3559028
Moved 426.8481 312.8577 281.8577 -0.1636884 0.3633484
Moved 426.8822 317.9066 282 -0.1461578 0.3645834
Ended 426.9158 325.1528 284.0509 -0.1209974 0.3823863
Began 427.102 372 302 0.04166663 0.5381945
Stationary 427.1375 372 302 0.04166663 0.5381945
Stationary 427.1712 372 302 0.04166663 0.5381945
Stationary 427.2058 372 302 0.04166663 0.5381945
Stationary 427.2401 372 302 0.04166663 0.5381945
Stationary 427.2782 372 302 0.04166663 0.5381945
Moved 427.3145 382.2738 291.5323 0.07733971 0.4473289
Moved 427.3513 383.2582 287.7418 0.08075774 0.4144253
Moved 427.3878 384 285.9764 0.08333341 0.3991005
Moved 427.4266 387.1768 278.4697 0.09436384 0.3339381
Moved 427.472 391.0022 269.9955 0.1076466 0.260378
Moved 427.5087 392.7683 263.4634 0.1137787 0.2036757
Moved 427.5465 394.5 257 0.1197916 0.1475695
Moved 427.5828 395 252.683 0.1215278 0.1100956
Moved 427.6247 396 248.5449 0.125 0.07417467
Moved 427.6615 396 246.7827 0.125 0.05887774
Moved 427.6984 396 245.3182 0.125 0.04616526
Moved 427.7366 377.7099 243.1775 0.06149263 0.02758265
Moved 427.7784 362.1711 242 0.007538498 0.01736138
Moved 427.8152 353.8463 242 -0.02136685 0.01736138
Moved 427.8743 334.303 250.899 -0.08922555 0.0946098
Moved 427.9116 328 253.5 -0.1111111 0.1171875
Moved 427.9476 315.1951 258.9025 -0.1555726 0.1640842
Moved 427.9822 308.5818 263.4182 -0.1785354 0.2032831
Moved 428.0194 303.0609 264.9695 -0.1977052 0.2167498
Moved 428.0562 297.2015 267.7985 -0.2180503 0.2413061
Moved 428.0919 294.5 269.5 -0.2274306 0.2560764
Moved 428.1344 289.5 271 -0.2447917 0.2690972
Moved 428.1725 288 273.1181 -0.25 0.2874836
Moved 428.2144 279.4762 277.2619 -0.2795967 0.3234538
Ended 428.2752 277 286.4404 -0.2881944 0.4031282
Began 428.5366 476 243 0.4027778 0.02604167
Stationary 428.5856 476 243 0.4027778 0.02604167
Stationary 428.6189 476 243 0.4027778 0.02604167
Stationary 428.6518 476 243 0.4027778 0.02604167
Moved 428.6859 464.2339 243 0.3619232 0.02604167
Moved 428.7207 459.8613 243 0.3467407 0.02604167
Moved 428.7565 449.6494 243 0.3112826 0.02604167
Moved 428.7993 429.6308 243 0.2417737 0.02604167
Moved 428.8389 408.3111 243 0.1677467 0.02604167
Moved 428.8759 376.5 243 0.05729169 0.02604167
Moved 428.9118 350.2064 235.0206 -0.03400549 -0.04322344
Moved 428.9507 317.4117 229.8823 -0.1478761 -0.08782706
Moved 428.9877 303.5547 229 -0.1959904 -0.09548585
Moved 429.026 279.5991 226 -0.2791699 -0.1215281
Moved 429.077 267.4011 226 -0.321524 -0.1215281
Moved 429.1131 261 226 -0.34375 -0.1215281
Moved 429.1535 254.1936 226 -0.3673833 -0.1215281
Moved 429.1906 248.6797 226 -0.3865289 -0.1215281
Moved 429.2289 245.0244 226 -0.3992211 -0.1215281
Moved 429.2654 242.5 236.5 -0.4079861 -0.03038168
Moved 429.3016 242 234.4823 -0.4097223 -0.04789644
Moved 429.3377 241 235 -0.4131945 -0.04340278
Stationary 429.3736 241 235 -0.4131945 -0.04340278
Moved 429.4084 241 227.7894 -0.4131945 -0.1059946
Moved 429.4671 249.9796 219.0408 -0.3820151 -0.1819378
Moved 429.505 254.0962 211.8076 -0.3677215 -0.2447253
Moved 429.5412 256.8544 208.1455 -0.3581443 -0.2765144
Moved 429.5798 262.298 207 -0.3392431 -0.2864584
Moved 429.6155 270.2519 207 -0.3116253 -0.2864584
Moved 429.652 281.7049 216.4098 -0.271858 -0.2047759
Moved 429.6919 309.1303 237.1117 -0.176631 -0.0250721
Moved 429.7287 326.6785 249.8988 -0.1156995 0.08592712
Moved 429.7646 342.6816 261.7612 -0.06013327 0.1888996
Moved 429.8004 352 268 -0.02777778 0.2430556
Moved 429.8664 364.7537 277.7537 0.01650602 0.3277233
Moved 429.9075 374.0287 283.0143 0.04871056 0.3733884
Moved 429.9474 377.8051 286 0.06182313 0.3993056
Moved 429.9829 379 287 0.06597222 0.4079864
Ended 430.0205 381 287 0.0729166 0.4079864
Began 430.3396 321 249 -0.1354167 0.07812527
Stationary 430.3868 321 249 -0.1354167 0.07812527
Stationary 430.4249 321 249 -0.1354167 0.07812527
Stationary 430.4596 321 249 -0.1354167 0.07812527
Stationary 430.495 321 249 -0.1354167 0.07812527
Stationary 430.5293 321 249 -0.1354167 0.07812527
Moved 430.5638 332.5 249 -0.09548612 0.07812527
Moved 430.5994 336.1769 257.2382 -0.08271918 0.1496368
Moved 430.6346 340.8664 257.9332 -0.06643624 0.1556699
Moved 430.6706 356.384 261.0768 -0.01255557 0.1829582
Moved 430.7065 368.5 263.5 0.02951384 0.2039928
Moved 430.742 384.7068 264 0.08578763 0.2083336
Moved 430.7794 400.7028 265 0.1413292 0.2170139
Moved 430.8154 410.1925 265 0.1742797 0.2170139
Moved 430.8582 425.9341 266 0.2289379 0.2256945
Moved 430.9012 435.2396 266 0.2612485 0.2256945
Moved 430.9555 439.9464 267 0.2775916 0.2343753
Moved 430.9909 442.7094 267 0.2871853 0.2343753
Moved 431.0302 444.2332 267 0.2924763 0.2343753
Moved 431.0676 445.3073 267 0.2962059 0.2343753
Stationary 431.1033 445 267 0.295139 0.2343753
Moved 431.1399 435.579 258.6258 0.2624272 0.1616822
Moved 431.1752 419.078 246.3854 0.2051321 0.05542888
Moved 431.2118 394.2303 233.41 0.1188551 -0.05720457
Moved 431.2465 384.5 229.5 0.08506939 -0.09114558
Moved 431.2818 377.0232 228 0.05910829 -0.1041667
Moved 431.3511 368.0951 227 0.02810791 -0.1128472
Moved 431.388 366.8663 227 0.02384141 -0.1128472
Moved 431.4226 364.9582 227 0.01721591 -0.1128472
Ended 431.4598 365 227 0.01736105 -0.1128472
PhraseEnd 432.2354
