the facts get in the way
Basic
0.6 0.6
432 172.8
Began 353.9721 345 308 -0.03472224 0.3935185
Stationary 354.0223 345 308 -0.03472224 0.3935185
Stationary 354.0538 345 308 -0.03472224 0.3935185
Stationary 354.0831 345 308 -0.03472224 0.3935185
Stationary 354.1142 345 308 -0.03472224 0.3935185
Stationary 354.144 345 308 -0.03472224 0.3935185
Stationary 354.1735 345 308 -0.03472224 0.3935185
Stationary 354.2025 345 308 -0.03472224 0.3935185
Moved 354.2332 345 296.2844 -0.03472224 0.3257199
Moved 354.2646 345 289.6532 -0.03472224 0.2873451
Moved 354.3014 353.8394 279.5803 -0.01426056 0.2290524
Moved 354.3325 363.0197 269.7253 0.006990135 0.1720213
Moved 354.3665 376.461 257.6312 0.03810426 0.1020322
Moved 354.3975 388.438 245.562 0.06582867 0.03218757
Moved 354.4328 397.7461 235.5078 0.08737524 -0.02599646
Moved 354.4648 400.4271 231.5729 0.09358118 -0.04876808
Moved 354.497 400 229.5 0.09259263 -0.06076372
Moved 354.529 387.2491 229 0.06307652 -0.06365723
Moved 354.5619 360.8499 246.15 0.00196745 0.03559042
Moved 354.5939 326.0544 261.8843 -0.0785777 0.1266455
Moved 354.6485 277.5186 287.0555 -0.1909292 0.2723122
Moved 354.6835 261.02 292.245 -0.2291204 0.3023437
Moved 354.7139 247.5645 297.8589 -0.2602673 0.3348317
Moved 354.7436 239.7509 300.6245 -0.2783543 0.3508363
Moved 354.781 235.6122 302 -0.2879348 0.3587963
Moved 354.8134 234 304 -0.2916667 0.3703706
Moved 354.8446 234 310.5 -0.2916667 0.4079861
Ended 354.8753 234 310.5 -0.2916667 0.4079861
Began 355.0216 321 212 -0.09027779 -0.1620369
Stationary 355.0623 321 212 -0.09027779 -0.1620369
Stationary 355.0912 321 212 -0.09027779 -0.1620369
Stationary 355.1189 321 212 -0.09027779 -0.1620369
Moved 355.1583 305.1573 212 -0.1269508 -0.1620369
Moved 355.1891 291.5 212 -0.1585648 -0.1620369
Moved 355.2208 274.9722 212 -0.1968235 -0.1620369
Moved 355.251 261.5281 212 -0.2279443 -0.1620369
Moved 355.2805 242.7111 222.2889 -0.2715021 -0.1024946
Moved 355.3171 231.038 222.2405 -0.2985232 -0.102775
Moved 355.3475 216.9949 223 -0.3310302 -0.09837963
Moved 355.3784 206.5292 223 -0.3552564 -0.09837963
Moved 355.4087 200.5316 223 -0.3691399 -0.09837963
Moved 355.4409 199 224 -0.3726852 -0.09259242
Moved 355.4851 197.6235 224 -0.3758714 -0.09259242
Moved 355.5181 210.8832 207.1168 -0.3451778 -0.1902962
Moved 355.5479 229.2485 193.7151 -0.3026654 -0.2678523
Moved 355.5782 250.5617 181.8127 -0.2533293 -0.3367318
Moved 355.609 262.7813 176.2875 -0.2250432 -0.3687068
Moved 355.6405 278.2715 171.7457 -0.1891864 -0.3949898
Moved 355.6719 286.0202 170 -0.1712495 -0.4050924
Moved 355.7028 292.5553 170 -0.156122 -0.4050924
Moved 355.7324 303.4697 180.8895 -0.1308573 -0.3420745
Moved 355.7618 323.8298 208.7446 -0.08372739 -0.180876
Moved 355.8087 341.2947 238.442 -0.04329935 -0.009016285
Moved 355.8385 347.0354 251.5885 -0.03001074 0.06706326
Moved 355.8773 351.661 268.983 -0.01930321 0.1677259
Moved 355.9078 352 277.2658 -0.01851852 0.2156588
Moved 355.9381 352.919 285.6761 -0.01639113 0.2643292
Moved 355.9732 353 294.299 -0.01620372 0.3142306
Moved 356.0038 353 300.828 -0.01620372 0.3520141
Moved 356.0362 344.7661 305.1763 -0.03526365 0.3771777
Moved 356.0754 336.5063 306 -0.05438368 0.3819445
Moved 356.1178 307.9613 294.9807 -0.12046 0.3181751
Moved 356.1686 269.3506 277.1403 -0.2098365 0.2149322
Moved 356.1994 256.3013 269.6507 -0.2400432 0.1715897
Moved 356.2315 247.6787 265.5596 -0.260003 0.1479144
Moved 356.2637 243.6222 262.8111 -0.2693931 0.1320087
Moved 356.3068 241 259.9783 -0.275463 0.1156148
Moved 356.3385 238.2242 259.2242 -0.2818885 0.1112511
Moved 356.3707 236.7397 257.7397 -0.2853248 0.1026607
Moved 356.403 233.0717 254.0717 -0.2938155 0.0814332
Moved 356.4356 227.3033 248.3032 -0.3071683 0.04805106
Moved 356.4709 223.5446 243.0891 -0.3158691 0.0178768
Moved 356.5273 221 240 -0.3217593 0
Ended 356.5567 221 240 -0.3217593 0
Began 356.7505 365 216 0.01157403 -0.1388889
Stationary 356.7831 365 216 0.01157403 -0.1388889
Stationary 356.8174 365 216 0.01157403 -0.1388889
Moved 356.8469 354.5234 216 -0.01267731 -0.1388889
Moved 356.8795 343.2755 216 -0.03871416 -0.1388889
Moved 356.9126 330.171 227.4146 -0.06904865 -0.07283247
Moved 356.9462 317.6992 233.9203 -0.09791856 -0.03518352
Moved 356.9799 303.787 243.8087 -0.1301228 0.02204118
Moved 357.0147 283.0001 255 -0.1782406 0.08680573
Moved 357.0472 272.709 260.5273 -0.2020625 0.1187925
Moved 357.079 261.4314 267.5686 -0.2281681 0.1595405
Moved 357.1152 255.0667 272.9332 -0.2429011 0.1905858
Moved 357.15 248.2721 279.4557 -0.2586293 0.2283315
Moved 357.1797 246.517 284.483 -0.2626921 0.2574246
Moved 357.2096 246 290.6736 -0.2638889 0.2932503
Moved 357.2429 246 294.6589 -0.2638889 0.3163131
Moved 357.2727 255.482 301.241 -0.2419397 0.3544043
Moved 357.3024 270.9032 308.3613 -0.2062426 0.3956094
Moved 357.3507 289.1471 311 -0.1640114 0.4108796
Moved 357.38 302.1939 312 -0.1338103 0.4166669
Moved 357.4098 311.6613 312 -0.1118951 0.4166669
Moved 357.4389 318.63 312 -0.09576389 0.4166669
Moved 357.4683 323.5069 312 -0.08447478 0.4166669
Moved 357.4983 328 312 -0.07407407 0.4166669
Moved 357.5276 330.2755 312 -0.0688068 0.4166669
Ended 357.5594 335 312 -0.05787035 0.4166669
Began 357.8351 456 294 0.2222222 0.3125
Stationary 357.8761 456 294 0.2222222 0.3125
Stationary 357.9095 456 294 0.2222222 0.3125
Stationary 357.9372 456 294 0.2222222 0.3125
Moved 357.9652 449.7764 285 0.2078158 0.2604167
Moved 357.995 446.3452 279.6905 0.1998732 0.2296903
Moved 358.0258 440.1473 267.2946 0.1855261 0.1579546
Moved 358.0676 432.8249 250.2994 0.168576 0.05960341
Moved 358.1016 427.0135 236.0337 0.1551238 -0.022953
Moved 358.138 421.8517 222.5553 0.1431753 -0.1009531
Moved 358.1745 419.296 214.8881 0.1372593 -0.1453236
Moved 358.2058 418 205.8712 0.1342593 -0.1975046
Moved 358.2372 415.8633 201.8633 0.1293133 -0.2206984
Moved 358.2689 416 199.5 0.1296297 -0.2343748
Moved 358.3004 416 198.8579 0.1296297 -0.2380908
Ended 358.346 416 199 0.1296297 -0.2372683
Began 358.6371 316 316 -0.1018519 0.4398148
Stationary 358.6748 316 316 -0.1018519 0.4398148
Stationary 358.7076 316 316 -0.1018519 0.4398148
Stationary 358.7385 316 316 -0.1018519 0.4398148
Moved 358.77 316 302.7797 -0.1018519 0.3633083
Moved 358.8014 325.3371 296.6629 -0.08023819 0.3279103
Moved 358.833 331.8749 290.1251 -0.06510437 0.2900754
Moved 358.8632 338 285 -0.05092591 0.2604167
Moved 358.8933 347.4459 276.5541 -0.02906049 0.2115402
Moved 358.9232 357.665 269.2513 -0.005405148 0.1692783
Moved 358.9562 368.694 261.653 0.02012511 0.125307
Moved 358.9897 378.2076 254.8617 0.04214714 0.08600518
Moved 359.031 389.4777 245.5223 0.06823529 0.03195798
Moved 359.0639 392 242.0048 0.07407407 0.0116018
Moved 359.0954 394.5 239.5 0.07986108 -0.002893519
Moved 359.1272 394 237.8879 0.07870366 -0.0122224
Moved 359.161 386.0529 235.0066 0.06030759 -0.02889686
Moved 359.2014 356.007 235 -0.009242992 -0.02893519
Moved 359.2339 333.781 248.3196 -0.06069203 0.04814572
Moved 359.2673 314.9804 257.0098 -0.104212 0.09843633
Moved 359.2987 297.3625 267.425 -0.1449943 0.1587096
Moved 359.3352 280.5 277 -0.1840278 0.2141204
Moved 359.3882 254.0507 293.9662 -0.245253 0.3123043
Moved 359.4218 247.4592 297.7704 -0.260511 0.3343196
Moved 359.454 242.6568 300.1716 -0.2716279 0.3482155
Moved 359.4854 240.0093 302 -0.2777562 0.3587963
Moved 359.5176 238 303.7456 -0.2824074 0.3688982
Moved 359.5482 238 306.5772 -0.2824074 0.385285
Ended 359.5819 238 309.5 -0.2824074 0.4021993
Began 359.7583 221 306 -0.3217593 0.3819445
Stationary 359.8019 221 306 -0.3217593 0.3819445
Stationary 359.8325 221 306 -0.3217593 0.3819445
Stationary 359.8713 221 306 -0.3217593 0.3819445
Moved 359.9031 211.4553 293.9106 -0.3438535 0.3119828
Moved 359.9351 205.8853 282.7706 -0.356747 0.2475152
Moved 359.966 202.684 274.052 -0.3641574 0.1970602
Moved 359.9982 200.1864 268.1863 -0.369939 0.1631154
Moved 360.0306 199 260.2576 -0.3726852 0.1172313
Moved 360.0644 199 256.3644 -0.3726852 0.09470163
Moved 360.0984 210.099 251.2252 -0.3469931 0.06496076
Moved 360.13 215.3484 249.2172 -0.3348416 0.05334007
Moved 360.1622 224.5 246.5 -0.3136574 0.03761592
Moved 360.2046 258.6011 251.6207 -0.2347197 0.06724958
Moved 360.2518 290.8553 264.4457 -0.1600572 0.1414684
Moved 360.2846 302.9917 269.2479 -0.1319636 0.169259
Moved 360.3169 318.0575 275.0192 -0.09708907 0.2026572
Moved 360.3488 327.2942 279.6471 -0.07570798 0.2294392
Moved 360.3849 342.7271 287.1514 -0.03998349 0.2728671
Moved 360.4232 352.0096 292.6731 -0.01849626 0.3048214
Moved 360.4563 362.3994 297.6997 0.005554258 0.3339103
Moved 360.4919 375.811 302.937 0.03659944 0.364219
Moved 360.5261 381.4034 305.7017 0.04954497 0.3802183
Moved 360.58 386.3836 308.3837 0.0610732 0.395739
Ended 360.6104 391.8806 310.2935 0.0737976 0.4067912
PhraseEnd 361.3
a problem with the engine
Basic
0.6 0.6
432 326.4
Began 940.9102 170 369 -0.4398148 0.003063726
Ended 940.9763 170 369 -0.4398148 0.003063726
Began 941.5394 532 426 0.3981481 0.1776961
Stationary 941.6085 532 426 0.3981481 0.1776961
Stationary 941.6701 532 426 0.3981481 0.1776961
Stationary 941.7314 532 426 0.3981481 0.1776961
Moved 941.7889 455.3146 440.8451 0.2206356 0.2231774
Moved 941.8554 370.3882 453.1343 0.0240467 0.2608283
Moved 941.9198 316.9312 457 -0.09969632 0.2726716
Moved 941.9807 310.5 459.5 -0.1145833 0.2803309
Moved 942.0438 350.4773 464.3731 -0.02204324 0.2952607
Moved 942.1049 463.6465 468 0.2399224 0.3063726
Moved 942.1641 499.6644 469 0.3232972 0.3094364
Moved 942.2239 511.2414 459.0688 0.3500958 0.27901
Moved 942.2867 469.6359 390.9538 0.2537867 0.07032409
Moved 942.3666 390.3573 291.9798 0.07027149 -0.232905
Moved 942.4375 371.1853 265.1852 0.02589186 -0.3149961
Moved 942.4982 367 258.876 0.01620372 -0.3343259
Moved 942.558 371.5067 259 0.02663573 -0.333946
Moved 942.6225 432.8862 302.7669 0.168718 -0.1998562
Moved 942.6849 490.7831 337.7394 0.3027385 -0.09270996
Moved 942.749 510.5686 354.1373 0.3485384 -0.04247161
Moved 942.8088 512 359.6534 0.3518519 -0.02557156
Moved 942.8688 429.2352 392.0846 0.1602668 0.07378859
Moved 942.9321 361.8625 430.4136 0.004311203 0.1912182
Moved 943.0283 279.9336 483.3776 -0.1853389 0.3534853
Moved 943.0905 261.3947 492.3027 -0.228253 0.3808293
Moved 943.1529 254.5696 492 -0.2440518 0.379902
Moved 943.2164 264.7523 463.2477 -0.2204809 0.291813
Moved 943.2782 309.1548 388.5523 -0.1176973 0.06296667
Moved 943.3463 355.0525 323.7822 -0.01145259 -0.1354713
Moved 943.4099 399.0621 265.9379 0.09042163 -0.3126903
Moved 943.4764 425.4381 237.5619 0.1514771 -0.3996266
Moved 943.5359 434.9545 230.0227 0.1735057 -0.4227246
Ended 943.5956 439.5 229 0.1840278 -0.4258578
Began 943.8915 188 477 -0.3981482 0.3339461
Moved 943.9617 205.8645 477 -0.3567952 0.3339461
Moved 944.018 263.9405 477 -0.22236 0.3339461
Moved 944.076 319.4518 477 -0.09386148 0.3339461
Moved 944.1378 372.166 477 0.0281619 0.3339461
Moved 944.2012 417.8181 477 0.1338381 0.3339461
Moved 944.2689 445.3016 466.2328 0.1974574 0.3009584
Moved 944.3319 452.5 462.5 0.2141203 0.2895221
Moved 944.3945 409.1709 458 0.1138214 0.2757353
Moved 944.4559 356.9584 473.0104 -0.00704065 0.321723
Moved 944.5259 334 480 -0.06018519 0.3431373
Moved 944.5867 330 482 -0.06944443 0.3492648
Moved 944.6445 340.9731 459.4653 -0.04404366 0.2802247
Moved 944.7014 359.1626 429.7677 -0.001938442 0.1892392
Moved 944.7592 383.7041 390.7551 0.05487054 0.06971546
Moved 944.8157 395.7788 372.4424 0.08282125 0.01361043
Ended 944.9083 402.3056 367 0.09792953 -0.003063632
Began 945.1314 356 538 -0.009259283 0.5208334
Moved 945.192 368.212 513.9799 0.01900931 0.4472424
Moved 945.2565 399.0122 447.9756 0.09030601 0.2450233
Moved 945.3171 418.5 410 0.1354167 0.1286765
Moved 945.3798 426 392.6251 0.1527777 0.07544466
Moved 945.4407 428 384.0831 0.1574074 0.0492743
Moved 945.5005 412.7922 377.9307 0.1222041 0.03042502
Moved 945.571 351.4508 392.5723 -0.01978988 0.07528292
Moved 945.6324 308.3784 419.5179 -0.1194943 0.1578368
Moved 945.6953 281.6402 443.3598 -0.1813884 0.2308818
Moved 945.7676 260.771 466.4581 -0.2296968 0.3016485
Ended 945.8299 257 472.4389 -0.2384259 0.3199721
Began 946.075 279 512 -0.1875 0.4411765
Stationary 946.1502 279 512 -0.1875 0.4411765
Stationary 946.2094 279 512 -0.1875 0.4411765
Stationary 946.2697 279 512 -0.1875 0.4411765
Moved 946.3313 292.7107 484.7208 -0.1557623 0.3576005
Moved 946.4001 342.1798 411.7003 -0.04125044 0.1338858
Moved 946.4621 382.2249 354.9586 0.05144646 -0.03995531
Moved 946.5231 408.6699 318.8621 0.1126618 -0.150545
Moved 946.6051 425.6767 290.3233 0.1520293 -0.2379801
Moved 946.6635 428.5393 280.4607 0.1586559 -0.2681964
Moved 946.7224 430 272.9387 0.162037 -0.2912416
Moved 946.7797 430 267.775 0.162037 -0.3070617
Moved 946.8461 413.2683 278.4716 0.1233062 -0.2742905
Moved 946.9092 367.307 326.6492 0.01691441 -0.1266875
Moved 946.9827 337.1505 377.2476 -0.05289241 0.02833217
Moved 947.0461 336 399.203 -0.05555556 0.09559748
Moved 947.1397 398.155 444.0969 0.08832186 0.2331399
Moved 947.2003 436.6422 473.6422 0.1774124 0.3236587
Moved 947.2622 443.7377 480 0.1938373 0.3431373
Moved 947.3246 444 466.2504 0.1944444 0.3010123
Moved 947.3865 415.26 394.3452 0.1279167 0.08071441
Moved 947.4473 401.0487 320.5841 0.09502003 -0.1452693
Moved 947.5091 399 276.9981 0.09027779 -0.2788048
Moved 947.5701 399 256 0.09027779 -0.3431373
Moved 947.6459 399 250 0.09027779 -0.3615196
Moved 947.7081 381.3185 279.5222 0.04934847 -0.2710717
Moved 947.8009 321 387.5 -0.09027779 0.0597427
Moved 947.8615 294.2641 427.6038 -0.1521664 0.1826096
Moved 947.9227 275.8196 450.1804 -0.1948619 0.2517781
Moved 947.9853 265.406 459.594 -0.2189676 0.2806189
Ended 948.0503 264 463.5 -0.2222222 0.2925858
PhraseEnd 948.7201
