a problem with the engine
Basic
0.4 0.4
288 115.2
Began 510.6126 262 230 -0.3402778 -0.0868053
Stationary 510.6656 262 230 -0.3402778 -0.0868053
Ended 510.7072 262 230 -0.3402778 -0.0868053
Began 511.2293 486 284 0.4375001 0.3819447
Stationary 511.2917 486 284 0.4375001 0.3819447
Moved 511.3344 460.5 284 0.3489584 0.3819447
Moved 511.3816 443.727 293 0.2907187 0.4600695
Moved 511.4234 430.7028 293 0.2454959 0.4600695
Moved 511.4655 407.4156 293 0.1646374 0.4600695
Moved 511.5084 381.691 293 0.07531584 0.4600695
Moved 511.5519 366.4043 293 0.0222373 0.4600695
Moved 511.5933 356.2029 293 -0.01318425 0.4600695
Moved 511.6353 335.1859 293 -0.08616001 0.4600695
Moved 511.6771 317.381 293 -0.1479826 0.4600695
Moved 511.7283 304.9348 282.3116 -0.1911987 0.3672881
Moved 511.7771 298.1663 281 -0.2147005 0.3559028
Moved 511.8201 298 278.3387 -0.2152778 0.3328014
Moved 511.8604 321.6499 274.1929 -0.13316 0.2968134
Moved 511.9028 351.4621 273 -0.02964564 0.2864584
Moved 511.945 373.4029 273 0.04653767 0.2864584
Moved 511.9881 399.5 273 0.1371528 0.2864584
Moved 512.0315 415 273 0.1909722 0.2864584
Moved 512.0732 422.986 273 0.2187014 0.2864584
Moved 512.1123 424 273 0.2222222 0.2864584
Moved 512.1754 424 265.1386 0.2222222 0.2182174
Moved 512.2153 393.7823 241.9873 0.1172996 0.01725117
Moved 512.256 369 225 0.03124997 -0.1302083
Moved 512.2978 358.3949 218.5461 -0.005573184 -0.1862314
Moved 512.3409 346.1143 210.4095 -0.04821427 -0.2568616
Moved 512.3847 343 202.8191 -0.05902775 -0.322751
Moved 512.4291 343 198.8698 -0.05902775 -0.3570334
Moved 512.4732 370.7505 199 0.03732815 -0.3559026
Moved 512.5176 412.511 222.7555 0.1823299 -0.1496916
Moved 512.5625 431.9792 232.3264 0.2499277 -0.06661072
Moved 512.629 440.5535 237.5535 0.2796997 -0.021237
Moved 512.6736 445 239.6879 0.295139 -0.002709495
Moved 512.7177 447 241.5 0.3020833 0.0130211
Moved 512.7584 448.5 241 0.3072916 0.008680556
Moved 512.8186 448 242.7773 0.3055556 0.02410889
Moved 512.8613 405.841 246 0.15917 0.05208334
Moved 512.9067 361.6076 248.6993 0.005581975 0.07551512
Moved 512.9487 325 252.5 -0.1215278 0.108507
Moved 513.0013 300.3987 258.6503 -0.2069491 0.1618952
Moved 513.0472 286.6318 264.7894 -0.2547508 0.215186
Moved 513.1124 273.0647 269.9677 -0.3018586 0.2601359
Moved 513.1542 267.8922 272.1078 -0.3198188 0.2787135
Moved 513.1945 265 273.9543 -0.3298611 0.2947421
Moved 513.2357 264 275 -0.3333333 0.3038195
Moved 513.2787 283.9552 275 -0.2640445 0.3038195
Moved 513.3214 316.6732 263.3307 -0.1504403 0.2025241
Moved 513.3639 350.4056 248.7972 -0.03331386 0.07636495
Moved 513.4064 366.7904 239.8838 0.02357781 -0.001008511
Moved 513.4493 383.7171 229.9697 0.08235113 -0.08706835
Moved 513.4929 397.9311 223.5172 0.1317053 -0.1430795
Moved 513.5602 408.312 217.344 0.16775 -0.1966667
Moved 513.6042 416.5858 214 0.1964787 -0.2256942
Moved 513.6496 425.3886 211 0.2270438 -0.2517361
Ended 513.6923 428 210 0.2361111 -0.2604167
Began 513.9528 263 263 -0.3368056 0.1996528
Stationary 514.0012 263 263 -0.3368056 0.1996528
Stationary 514.0438 263 263 -0.3368056 0.1996528
Moved 514.0853 294.4213 267.4213 -0.2277038 0.2380326
Moved 514.1263 312.3275 274.3325 -0.1655297 0.2980254
Moved 514.1703 333.2627 277.4526 -0.09283774 0.3251095
Moved 514.2162 351.6736 279 -0.02891094 0.338542
Moved 514.2594 376.1243 281 0.05598724 0.3559028
Moved 514.3054 393.7502 282 0.1171884 0.3645834
Moved 514.349 411.363 282 0.1783437 0.3645834
Moved 514.3935 419.9372 282 0.2081154 0.3645834
Moved 514.4343 421.9131 282 0.2149759 0.3645834
Moved 514.4897 424.0136 282 0.2222696 0.3645834
Moved 514.5379 424 272.6519 0.2222222 0.2834368
Moved 514.5998 379.3279 267 0.06711067 0.2343753
Moved 514.6423 356.2665 267 -0.01296341 0.2343753
Moved 514.6844 349.2988 267 -0.03715709 0.2343753
Moved 514.7285 341.0027 276.4986 -0.06596267 0.3168284
Moved 514.7691 337.7744 279.2256 -0.07717215 0.3404999
Moved 514.8105 337 280 -0.07986113 0.3472225
Stationary 514.8536 337 280 -0.07986113 0.3472225
Moved 514.9003 356.4244 262.9317 -0.01241535 0.1990602
Moved 514.9699 376.745 243.3824 0.0581424 0.02936178
Moved 515.0132 384.6976 237.3024 0.08575574 -0.02341694
Moved 515.059 390.6819 233.1591 0.1065344 -0.05938292
Ended 515.102 396 232 0.125 -0.06944445
Began 515.3847 347 311 -0.0451389 0.6163195
Stationary 515.4478 347 311 -0.0451389 0.6163195
Stationary 515.4903 347 311 -0.0451389 0.6163195
Moved 515.5316 357.5 297.5 -0.008680523 0.499132
Moved 515.5737 359.6247 292.6877 -0.001303107 0.4573587
Moved 515.6196 364.0992 285.8017 0.01423314 0.3975842
Moved 515.6667 372.5505 278.4495 0.04357815 0.333763
Moved 515.7117 380.8398 270.1603 0.0723602 0.2618083
Moved 515.7556 388.2017 257.3948 0.09792268 0.1509969
Moved 515.8019 392 249.3142 0.1111111 0.08085252
Moved 515.8651 394 243.4592 0.1180555 0.03002829
Moved 515.9167 383.8012 237 0.08264319 -0.0260414
Moved 515.9634 365.6814 236 0.0197269 -0.03472222
Moved 516.0109 344.0069 244.9972 -0.05553164 0.04337814
Moved 516.0559 329.5916 252.2723 -0.1055848 0.1065307
Moved 516.1011 315.1012 262.9241 -0.1558987 0.1989942
Moved 516.1448 305.7903 269.4731 -0.188228 0.2558428
Moved 516.1858 296.5 277.5 -0.2204861 0.3255209
Moved 516.2291 289.2965 281.7035 -0.2454983 0.3620095
Ended 516.273 288 286 -0.25 0.3993056
Began 516.4954 294 293 -0.2291667 0.4600695
Stationary 516.5363 294 293 -0.2291667 0.4600695
Stationary 516.5762 294 293 -0.2291667 0.4600695
Stationary 516.6192 294 293 -0.2291667 0.4600695
Moved 516.6597 307.6207 284.9195 -0.1818725 0.3899262
Moved 516.7009 321.0605 277.6263 -0.1352067 0.3266176
Moved 516.7419 329.4156 272.7922 -0.1061957 0.2846543
Moved 516.7838 347.2251 260.265 -0.04435733 0.1759113
Moved 516.8304 365.5229 244.8579 0.0191766 0.04216936
Moved 516.8793 377.6807 232.3193 0.0613913 -0.06667218
Moved 516.9318 388.4915 219.7627 0.09892896 -0.1756711
Moved 516.9833 394.564 210.3079 0.120014 -0.2577446
Moved 517.0262 399 202.6025 0.1354167 -0.3246308
Moved 517.0685 401.4476 199.5524 0.1439153 -0.3511077
Moved 517.1102 402 194.7607 0.1458333 -0.3927019
Stationary 517.1516 402 195 0.1458333 -0.390625
Moved 517.1918 387.8209 195 0.09660035 -0.390625
Moved 517.2324 368.1873 212.8595 0.02842814 -0.2355947
Moved 517.2729 359.9158 219.0842 -0.0002923608 -0.1815603
Moved 517.3136 357.6196 222.7607 -0.008265302 -0.1496463
Moved 517.3848 371.2015 234.801 0.03889397 -0.04512999
Moved 517.429 388.2655 244.7593 0.09814412 0.04131344
Moved 517.478 403.1577 252.3859 0.1498531 0.1075162
Moved 517.5222 415.5 258.5 0.1927084 0.1605903
Moved 517.5667 422.6701 263.3351 0.2176047 0.2025615
Moved 517.6105 428.4773 267.4772 0.2377683 0.2385177
Moved 517.6517 429.5 268.5 0.2413194 0.2473959
Moved 517.692 430 269 0.2430555 0.2517361
Moved 517.7374 414.1744 240.5139 0.1881054 0.004461077
Moved 517.7847 400.0322 217.0536 0.1390006 -0.1991873
Moved 517.8511 392.5 201.5 0.1128472 -0.3342012
Moved 517.8926 389.6968 197.3936 0.1031138 -0.3698477
Moved 517.9373 386.5589 196 0.09221852 -0.3819445
Moved 517.9819 383.5 195 0.08159727 -0.390625
Moved 518.03 374.7078 195 0.05106867 -0.390625
Moved 518.0746 355.5779 215.2814 -0.01535445 -0.2145712
Moved 518.1224 333.4543 232.1593 -0.0921727 -0.06806136
Moved 518.1652 313.5 244.5 -0.1614583 0.0390625
Moved 518.2128 302 252 -0.2013889 0.1041667
Moved 518.2565 293.5715 256.4285 -0.2306544 0.1426082
Moved 518.3259 287.0644 260.9356 -0.2532487 0.1817327
Ended 518.3668 287 262.0099 -0.2534723 0.1910586
PhraseEnd 518.9205
