please provide your date of birth
Basic
0.8 0.8
575.9999 230.4
Began 161.8993 592 360 0.4027778 0.5208334
Stationary 161.9166 592 360 0.4027778 0.5208334
Stationary 161.9375 592 360 0.4027778 0.5208334
Stationary 161.9535 592 360 0.4027778 0.5208334
Stationary 161.9681 592 360 0.4027778 0.5208334
Stationary 161.983 592 360 0.4027778 0.5208334
Stationary 161.9979 592 360 0.4027778 0.5208334
Stationary 162.0136 592 360 0.4027778 0.5208334
Stationary 162.0286 592 360 0.4027778 0.5208334
Stationary 162.0446 592 360 0.4027778 0.5208334
Moved 162.0609 592 352.4413 0.4027778 0.4880266
Moved 162.0911 592 344.7972 0.4027778 0.4548493
Moved 162.1093 592 339.2762 0.4027778 0.4308864
Moved 162.1264 581.5 337 0.3845486 0.4210071
Moved 162.1488 584.1528 335.3055 0.3891541 0.4136525
Moved 162.1712 582.3917 330.7834 0.3860968 0.3940255
Moved 162.1901 581.0106 328.0212 0.383699 0.3820367
Moved 162.2097 579.6387 323.9161 0.3813172 0.3642194
Moved 162.2297 576.5092 319.0183 0.375884 0.3429614
Moved 162.2559 571.7068 309.4136 0.3675466 0.3012742
Moved 162.2762 568.8392 304.8392 0.362568 0.2814201
Moved 162.3047 563.3253 296.9879 0.3529953 0.2473434
Moved 162.3218 558.8255 293.5504 0.3451832 0.2324234
Moved 162.3406 547.7277 287.0911 0.3259162 0.2043883
Moved 162.3569 544 283.5 0.3194445 0.1888021
Moved 162.3722 530.8536 277.3201 0.2966208 0.1619795
Moved 162.3884 521.0144 273.149 0.279539 0.1438761
Moved 162.4048 507.7307 269.6827 0.256477 0.1288312
Moved 162.4206 497.8576 267.9797 0.2393362 0.1214396
Moved 162.4358 487.9247 266.5607 0.2220915 0.1152807
Moved 162.4543 482.7447 267 0.2130984 0.1171876
Moved 162.4774 476.0491 267 0.201474 0.1171876
Moved 162.4924 472.2025 267 0.194796 0.1171876
Moved 162.508 464.792 267 0.1819305 0.1171876
Moved 162.5234 456.8367 267 0.1681193 0.1171876
Moved 162.5436 436.5886 273.4114 0.1329664 0.1450147
Moved 162.5617 425.5825 278.5316 0.1138585 0.1672378
Moved 162.5772 408.3792 286.8104 0.08399167 0.2031703
Moved 162.5945 395.582 292.5075 0.06177426 0.2278972
Moved 162.6118 378.3379 299.8552 0.03183655 0.2597885
Moved 162.6275 360.3398 306.7924 0.000589937 0.2898977
Moved 162.6514 328.7091 315.3873 -0.05432443 0.3272017
Moved 162.6674 316.5 318 -0.07552084 0.3385417
Moved 162.6837 303.2018 320.8798 -0.09860807 0.351041
Moved 162.6993 282.7634 323.5649 -0.1340913 0.3626948
Moved 162.7144 271.5916 325.5681 -0.1534868 0.3713892
Moved 162.7299 251.8525 326.7623 -0.187756 0.3765725
Moved 162.7451 235.202 327 -0.2166632 0.3776042
Moved 162.7608 223.2129 328 -0.2374777 0.3819445
Moved 162.7758 212.7545 328 -0.2556345 0.3819445
Moved 162.7905 202.8887 328 -0.2727627 0.3819445
Moved 162.8137 197.2982 328 -0.2824684 0.3819445
Moved 162.8294 193.605 328 -0.2888802 0.3819445
Moved 162.8455 188.549 328 -0.2976579 0.3819445
Moved 162.861 183.0318 328 -0.3072365 0.3819445
Moved 162.8766 180.3692 328 -0.311859 0.3819445
Moved 162.8931 177.4942 328 -0.3168502 0.3819445
Moved 162.9104 171.9586 328 -0.3264607 0.3819445
Moved 162.926 169.1923 316.7693 -0.3312633 0.3332003
Moved 162.9415 166.0229 317.3486 -0.3367658 0.3357146
Moved 162.9572 161.5549 314.3699 -0.3445227 0.3227862
Moved 162.9801 157.4198 311.6132 -0.3517017 0.3108213
Moved 162.9965 155 309 -0.3559028 0.2994793
Moved 163.0115 152.0994 305.0994 -0.3609386 0.2825495
Moved 163.0272 147.9823 299.6431 -0.3680863 0.2588675
Moved 163.0428 146.2775 296.8326 -0.3710459 0.2466696
Moved 163.0584 144.3116 294.3116 -0.374459 0.2357277
Moved 163.074 141.6382 290.4573 -0.3791004 0.218999
Moved 163.0898 135.1687 283.6024 -0.3903322 0.1892466
Moved 163.1053 130.1527 277.2037 -0.3990403 0.1614743
Moved 163.1203 125.997 272.997 -0.4062552 0.1432163
Moved 163.1439 122.9061 268.9061 -0.4116214 0.1254608
Moved 163.1624 121.5205 267.5205 -0.4140269 0.1194468
Moved 163.1782 120.608 268 -0.4156111 0.1215278
Moved 163.1964 121 267 -0.4149306 0.1171876
Moved 163.2139 121 265.7274 -0.4149306 0.1116643
Moved 163.2313 120 265.3491 -0.4166666 0.110022
Moved 163.2505 120 262.5916 -0.4166666 0.09805402
Moved 163.2679 127.1785 260.4048 -0.4042039 0.08856244
Moved 163.2903 133.5191 258.1924 -0.3931961 0.07896
Moved 163.3075 141.4656 255.5115 -0.3794 0.06732412
Moved 163.3338 159.0258 254 -0.3489136 0.06076403
Moved 163.3513 168.5217 254 -0.3324277 0.06076403
Moved 163.3684 178.9196 254 -0.3143758 0.06076403
Moved 163.3851 190.2111 254 -0.2947724 0.06076403
Moved 163.4018 199.5 254 -0.2786458 0.06076403
Moved 163.4184 205.9812 254 -0.2673938 0.06076403
Moved 163.4353 219.6378 254 -0.2436843 0.06076403
Moved 163.4526 224.9534 259.1685 -0.2344559 0.08319657
Moved 163.4695 230.4801 263.2401 -0.2248609 0.1008683
Moved 163.4854 235.518 266.012 -0.2161145 0.1128996
Moved 163.5116 243.8178 271.8177 -0.2017052 0.1380979
Moved 163.5284 246.5931 275.8896 -0.196887 0.1557712
Moved 163.5448 249.6808 280.0425 -0.1915263 0.1737958
Moved 163.5613 252.1134 283.1135 -0.1873031 0.1871246
Moved 163.5784 253.4398 287.3195 -0.1850003 0.2053799
Moved 163.595 254.8127 291.438 -0.1826169 0.2232553
Moved 163.6119 256.2069 294.4138 -0.1801964 0.2361708
Moved 163.6274 256 298.5 -0.1805556 0.2539063
Moved 163.6444 256.6573 300.3146 -0.1794144 0.2617823
Moved 163.6608 257 303.0797 -0.1788195 0.2737836
Moved 163.6852 259.6174 306.6174 -0.1742753 0.2891383
Ended 163.7027 261 308 -0.171875 0.2951389
Began 164.2082 547 328 0.3246528 0.3819445
Stationary 164.2355 547 328 0.3246528 0.3819445
Stationary 164.2506 547 328 0.3246528 0.3819445
Stationary 164.2661 547 328 0.3246528 0.3819445
Moved 164.2836 527.8839 322.8839 0.2914651 0.3597392
Moved 164.3017 516.1574 319.9064 0.2711066 0.3468159
Moved 164.319 497.5 320 0.2387153 0.3472222
Moved 164.3364 482.8541 320 0.2132884 0.3472222
Moved 164.354 460.1969 320 0.173953 0.3472222
Moved 164.3771 418.5496 320 0.1016486 0.3472222
Moved 164.3947 388.7146 318.8506 0.04985176 0.3422337
Moved 164.4129 357.5 316 -0.004340262 0.3298611
Moved 164.4326 333.4664 313.1629 -0.04606533 0.3175475
Moved 164.4498 315.8692 311.9918 -0.07661592 0.3124645
Moved 164.4675 282.1021 311 -0.1352393 0.3081597
Moved 164.4848 272.0401 311 -0.1527081 0.3081597
Moved 164.5098 262.5 309.5 -0.1692708 0.3016495
Moved 164.5266 257.3786 309 -0.1781621 0.2994793
Moved 164.5454 252 309 -0.1875 0.2994793
Moved 164.5636 251.268 309 -0.1887708 0.2994793
Stationary 164.5814 251 309 -0.1892361 0.2994793
Stationary 164.598 251 309 -0.1892361 0.2994793
Stationary 164.6145 251 309 -0.1892361 0.2994793
Moved 164.6311 266.8328 309 -0.1617486 0.2994793
Moved 164.6487 289.2909 309 -0.1227589 0.2994793
Moved 164.6665 339.9999 309 -0.03472231 0.2994793
Moved 164.6926 380.8615 309 0.03621794 0.2994793
Moved 164.7104 400.0431 309 0.06951929 0.2994793
Moved 164.7299 436.9973 309 0.1336759 0.2994793
Moved 164.7474 450.7821 309 0.1576079 0.2994793
Moved 164.7659 464.5901 309 0.1815801 0.2994793
Moved 164.7831 471.5 309 0.1935764 0.2994793
Moved 164.8006 479.0179 309 0.2066284 0.2994793
Moved 164.8185 487.1559 309 0.2207568 0.2994793
Moved 164.834 490.5 309 0.2265625 0.2994793
Moved 164.8527 495.3412 304.6588 0.2349675 0.280637
Moved 164.8786 496 301.5704 0.2361111 0.2672325
Moved 164.8957 496 296.6046 0.2361111 0.2456795
Moved 164.9139 453 247.5 0.1614583 0.03255209
Moved 164.936 419.8795 212.1359 0.1039576 -0.1209382
Moved 164.9541 399.9359 189.3553 0.06933317 -0.2198118
Moved 164.976 371.4108 159.4109 0.0198105 -0.349779
Moved 165.0032 361.8038 151.2604 0.003131628 -0.3851545
Moved 165.0204 356.7694 146.4155 -0.005608648 -0.4061828
Moved 165.037 352.2118 144.0706 -0.01352124 -0.4163605
Moved 165.0536 346.6477 143 -0.02318107 -0.421007
Moved 165.0809 344.9498 143 -0.02612882 -0.421007
Moved 165.0984 343.1792 143 -0.02920285 -0.421007
Moved 165.1146 343 156.3539 -0.02951388 -0.3630474
Moved 165.1304 343 164.8304 -0.02951388 -0.3262566
Moved 165.1498 355.8533 183.0643 -0.007199124 -0.2471165
Moved 165.1678 365.2401 198.3773 0.009097458 -0.180654
Moved 165.1845 377.75 216.4166 0.0308159 -0.1023583
Moved 165.2015 388.6492 229.4562 0.04973814 -0.04576312
Moved 165.2177 398.309 241.683 0.06650873 0.007304484
Moved 165.2336 407.5 252 0.08246525 0.05208334
Moved 165.2586 432.8323 276.8323 0.126445 0.1598626
Moved 165.2743 442.3412 286.3412 0.1429534 0.2011336
Moved 165.2901 448.706 292.9648 0.1540034 0.2298819
Moved 165.3061 453.3837 298.5116 0.1621245 0.2539566
Moved 165.3232 455.5113 300.5112 0.1658182 0.2626357
Moved 165.3401 456 301.9117 0.1666667 0.2687139
Moved 165.3553 456 303.2882 0.1666667 0.2746884
Stationary 165.3705 456 303.2882 0.1666667 0.2746884
Stationary 165.3859 456 303 0.1666667 0.2734375
Stationary 165.4009 456 303 0.1666667 0.2734375
Moved 165.4284 418.6312 291.435 0.1017903 0.2232422
Moved 165.444 396.5748 283.3406 0.06349795 0.1881102
Moved 165.4598 373.4756 277.3689 0.02339512 0.1621914
Moved 165.4752 356.3705 272.8988 -0.006301143 0.14279
Moved 165.4906 339.983 267.661 -0.03475174 0.1200566
Moved 165.5061 326.2115 262.6058 -0.05866051 0.09811547
Moved 165.5228 314.1212 257.4204 -0.07965077 0.07560956
Moved 165.5401 300.5413 250.7706 -0.1032269 0.04674766
Moved 165.5563 292.7217 246.5553 -0.1168025 0.02845182
Moved 165.5718 284.0627 242.0314 -0.1318355 0.00881672
Moved 165.5962 266.4963 232.5693 -0.1623328 -0.03225102
Moved 165.612 258.8014 231.1603 -0.175692 -0.03836685
Moved 165.6278 254.3198 231 -0.1834725 -0.0390625
Moved 165.6433 249.776 231 -0.1913612 -0.0390625
Moved 165.6588 246.0287 231 -0.1978668 -0.0390625
Moved 165.6739 240.5484 231 -0.2073812 -0.0390625
Moved 165.6918 237.5001 243.4998 -0.2126735 0.01518991
Moved 165.709 234.4265 250.147 -0.2180095 0.04404081
Moved 165.7259 230.3859 261.8422 -0.2250244 0.09480106
Moved 165.7429 226.5 272 -0.2317708 0.138889
Moved 165.7689 217.9388 294.4761 -0.246634 0.2364416
Moved 165.7862 216.2675 304.6625 -0.2495357 0.2806535
Moved 165.8024 213.7383 312.785 -0.2539265 0.315907
Moved 165.8241 209.6035 324.1895 -0.261105 0.3654058
Moved 165.8407 207.0689 329.7933 -0.2655055 0.3897279
Moved 165.8577 205.7022 333.8933 -0.2678781 0.4075232
Moved 165.8732 204.322 336.356 -0.2702744 0.4182119
Moved 165.8896 204 339.0992 -0.2708333 0.4301183
Moved 165.9058 204 340.4213 -0.2708333 0.4358565
Moved 165.9217 209.6901 347.8773 -0.2609546 0.4682173
Ended 165.9457 214.5 352 -0.2526042 0.4861112
Began 166.147 364 297 0.006944462 0.247396
Stationary 166.1671 364 297 0.006944462 0.247396
Stationary 166.1849 364 297 0.006944462 0.247396
Stationary 166.2013 364 297 0.006944462 0.247396
Stationary 166.2167 364 297 0.006944462 0.247396
Stationary 166.2324 364 297 0.006944462 0.247396
Stationary 166.2494 364 297 0.006944462 0.247396
Stationary 166.2676 364 297 0.006944462 0.247396
Moved 166.2858 384.326 297 0.04223265 0.247396
Moved 166.3074 393.7579 297 0.05860739 0.247396
Moved 166.3276 402.4048 297 0.07361949 0.247396
Moved 166.3459 412.0862 297 0.0904274 0.247396
Moved 166.3634 432.4908 297 0.1258521 0.247396
Moved 166.3853 440.3422 297 0.139483 0.247396
Moved 166.4031 452.2973 297 0.1602384 0.247396
Moved 166.4205 461.4733 297 0.1761688 0.247396
Moved 166.4398 480.7485 297 0.2096327 0.247396
Moved 166.4567 489.4985 297 0.2248239 0.247396
Moved 166.4735 500.3714 297 0.2437004 0.247396
Moved 166.4897 509.5 297 0.2595486 0.247396
Moved 166.5144 518.5715 301.9525 0.2752977 0.2688909
Moved 166.5324 536.7523 307.3932 0.3068617 0.2925052
Moved 166.5499 542.8616 308.7723 0.3174681 0.2984912
Moved 166.5665 548.6072 310.1518 0.327443 0.3044783
Moved 166.583 551 310 0.3315973 0.3038195
Moved 166.5993 552.9144 310 0.3349208 0.3038195
Moved 166.6157 553.9568 310 0.3367306 0.3038195
Moved 166.6323 555.3179 311.3179 0.3390937 0.3095398
Stationary 166.6492 555 311 0.3385417 0.3081597
Stationary 166.6658 555 311 0.3385417 0.3081597
Moved 166.6902 534.7377 300.7377 0.303364 0.2636185
Moved 166.7063 510.7615 292.8226 0.2617387 0.229265
Moved 166.7228 479 283.5 0.2065972 0.1888021
Moved 166.7423 437.3589 281.631 0.1343037 0.1806903
Moved 166.7583 396.1088 281 0.06268896 0.1779514
Moved 166.774 377.9875 280 0.03122829 0.1736113
Moved 166.7887 363.6243 280 0.006292239 0.1736113
Moved 166.8045 348.5421 280 -0.01989223 0.1736113
Moved 166.821 335.9021 280 -0.04183665 0.1736113
Moved 166.8369 323.0728 280 -0.06410975 0.1736113
Moved 166.8631 293.1252 280 -0.1161022 0.1736113
Moved 166.8815 280.2357 280 -0.1384796 0.1736113
Moved 166.8985 269.7438 280 -0.1566947 0.1736113
Moved 166.9156 260.5 280 -0.1727431 0.1736113
Moved 166.932 255.2294 280 -0.1818935 0.1736113
Moved 166.9491 248.5 280 -0.1935764 0.1736113
Moved 166.9655 247.205 280 -0.1958246 0.1736113
Moved 166.982 245.8083 280 -0.1982495 0.1736113
Moved 166.9989 244.5 280 -0.2005208 0.1736113
Moved 167.0161 245 288.8947 -0.1996528 0.2122164
Moved 167.0432 245 299.3411 -0.1996528 0.257557
Ended 167.0783 245 301 -0.1996528 0.2647568
Began 167.3078 280 242 -0.1388889 0.008680689
Stationary 167.3343 280 242 -0.1388889 0.008680689
Stationary 167.3583 280 242 -0.1388889 0.008680689
Stationary 167.3759 280 242 -0.1388889 0.008680689
Stationary 167.3918 280 242 -0.1388889 0.008680689
Moved 167.4079 266.9534 242 -0.1615393 0.008680689
Moved 167.4262 255.283 242 -0.1818004 0.008680689
Moved 167.4435 247.3483 242 -0.1955759 0.008680689
Moved 167.4607 239 242 -0.2100695 0.008680689
Moved 167.4789 229.6508 242 -0.2263007 0.008680689
Moved 167.4963 220.02 250.98 -0.2430209 0.0476563
Moved 167.5138 210.3679 250 -0.2597779 0.04340278
Moved 167.5308 202.7725 251.0455 -0.2729644 0.04794068
Moved 167.5535 188.1151 252 -0.2984112 0.05208334
Moved 167.5711 181.6817 253.8636 -0.3095804 0.06017209
Moved 167.5879 173.6096 255.2317 -0.3235944 0.0661099
Moved 167.6061 163.675 256 -0.340842 0.06944445
Moved 167.6277 148.9535 257 -0.3664002 0.07378473
Moved 167.6445 143.5 257 -0.3758681 0.07378473
Moved 167.6611 140.4951 257 -0.3810849 0.07378473
Moved 167.6781 136.378 257 -0.3882326 0.07378473
Moved 167.6939 134 258.5 -0.3923612 0.08029515
Moved 167.7105 133.044 258 -0.3940208 0.07812501
Moved 167.7354 132 259.6971 -0.3958333 0.08549121
Moved 167.7511 132 260.5 -0.3958333 0.0889757
Moved 167.7695 132 262.1648 -0.3958333 0.09620151
Moved 167.7869 156 266.5 -0.3541667 0.1150175
Moved 167.8064 180.8868 271.7681 -0.3109604 0.1378824
Moved 167.8239 203.4339 276.0189 -0.2718161 0.1563319
Moved 167.8418 253.5072 284.1884 -0.1848834 0.19179
Moved 167.8602 275.6478 289.9119 -0.1464447 0.2166317
Moved 167.877 296.5 292.5 -0.110243 0.2278647
Moved 167.8944 320.6583 299.6646 -0.06830163 0.2589608
Moved 167.921 351.1436 305.3652 -0.01537577 0.2837033
Moved 167.9429 359.3201 307.064 -0.001180433 0.2910765
Moved 167.9616 366.248 308.4496 0.01084723 0.2970902
Moved 167.978 369.6518 308.8259 0.01675665 0.2987237
Moved 167.9953 373.1732 309 0.02287008 0.2994793
Moved 168.0125 374 309 0.02430558 0.2994793
Stationary 168.0291 374 309 0.02430558 0.2994793
Stationary 168.045 374 309 0.02430558 0.2994793
Stationary 168.061 374 309 0.02430558 0.2994793
Stationary 168.0766 374 309 0.02430558 0.2994793
Moved 168.1059 353.5 309 -0.01128472 0.2994793
Moved 168.1282 337.3354 309 -0.03934827 0.2994793
Moved 168.1484 320.9063 309 -0.06787096 0.2994793
Moved 168.1659 298.1242 309 -0.1074233 0.2994793
Moved 168.1827 284.1634 309 -0.1316608 0.2994793
Moved 168.199 274.1763 309 -0.1489995 0.2994793
Moved 168.2159 264.3808 309 -0.1660056 0.2994793
Moved 168.2334 258.7826 309 -0.1757247 0.2994793
Moved 168.2545 248.0401 309 -0.1943747 0.2994793
Moved 168.2721 238.7418 309 -0.2105177 0.2994793
Moved 168.2989 222.2299 309 -0.2391843 0.2994793
Moved 168.3163 214.0508 300.8926 -0.2533841 0.2642907
Moved 168.3342 205.5891 302 -0.2680746 0.2690972
Moved 168.3512 201.9798 302 -0.2743406 0.2690972
Moved 168.3683 200.6253 302 -0.2766922 0.2690972
Moved 168.385 199.2402 302 -0.2790969 0.2690972
Stationary 168.4026 199 302 -0.2795139 0.2690972
Ended 168.4185 199 302 -0.2795139 0.2690972
Began 168.7079 495 304 0.234375 0.2777779
Stationary 168.7347 495 304 0.234375 0.2777779
Stationary 168.7522 495 304 0.234375 0.2777779
Stationary 168.7698 495 304 0.234375 0.2777779
Stationary 168.7882 495 304 0.234375 0.2777779
Stationary 168.8064 495 304 0.234375 0.2777779
Stationary 168.8267 495 304 0.234375 0.2777779
Stationary 168.8433 495 304 0.234375 0.2777779
Moved 168.8596 482.9374 304 0.213433 0.2777779
Moved 168.8767 476.5328 297.746 0.2023139 0.2506337
Moved 168.8942 467.0431 297 0.1858388 0.247396
Moved 168.9116 456.4145 296 0.1673863 0.2430556
Moved 168.9291 446.447 296 0.1500817 0.2430556
Moved 168.952 423.2083 294.5208 0.1097367 0.2366355
Moved 168.9694 409.5631 291.4263 0.08604698 0.2232044
Moved 168.9873 395.5872 288.5175 0.06178335 0.2105794
Moved 169.0066 379.8529 284.1559 0.03446684 0.1916488
Moved 169.0248 364.0053 280.0013 0.006953701 0.1736169
Moved 169.0446 342.5 274 -0.03038194 0.1475696
Moved 169.0636 334.0294 271.2941 -0.04508783 0.1358254
Moved 169.0819 324.3328 267.2855 -0.06192223 0.1184265
Moved 169.104 316.8932 264.7573 -0.07483821 0.1074535
Moved 169.1276 305.4868 261.6217 -0.09464089 0.09384421
Moved 169.1618 296.6676 259 -0.1099521 0.08246542
Moved 169.1784 294.7104 257.8552 -0.1133499 0.07749664
Moved 169.1951 291.3022 258 -0.1192671 0.07812501
Moved 169.2136 289.9644 258 -0.1215896 0.07812501
Stationary 169.2305 289.9644 258 -0.1215896 0.07812501
Moved 169.2464 289 258 -0.1232639 0.07812501
Ended 169.2654 289 258 -0.1232639 0.07812501
Began 169.496 367 194 0.01215279 -0.1996528
Stationary 169.5202 367 194 0.01215279 -0.1996528
Stationary 169.5376 367 194 0.01215279 -0.1996528
Stationary 169.554 367 194 0.01215279 -0.1996528
Stationary 169.5707 367 194 0.01215279 -0.1996528
Stationary 169.5896 367 194 0.01215279 -0.1996528
Stationary 169.6093 367 194 0.01215279 -0.1996528
Moved 169.6261 358.7395 209.3409 -0.002188347 -0.1330688
Moved 169.6448 352.1842 226.6316 -0.01356915 -0.05802261
Moved 169.6625 348.0085 234.983 -0.0208186 -0.02177504
Moved 169.6794 342.4066 244.7495 -0.03054418 0.02061433
Moved 169.6964 335.499 253.6012 -0.04253652 0.05903298
Moved 169.7136 328.5443 261.9468 -0.05461053 0.09525525
Moved 169.7306 323.4244 268.2195 -0.06349925 0.1224805
Moved 169.7482 318.3762 274.5297 -0.07226352 0.1498687
Moved 169.7674 312.6861 282.9709 -0.08214224 0.1865057
Moved 169.7868 310.9512 287.1465 -0.08515421 0.204629
Moved 169.8053 309.5907 289.8185 -0.08751609 0.2162263
Moved 169.8316 308 294.3333 -0.09027779 0.2358217
Moved 169.8539 306.82 295.18 -0.09232634 0.2394965
Moved 169.8722 307 296 -0.09201389 0.2430556
Moved 169.8884 306.0085 296.9916 -0.09373531 0.2473593
Moved 169.9075 304.2542 299.7458 -0.096781 0.2593137
Moved 169.9243 302.8715 301.1285 -0.0991815 0.2653149
Moved 169.9421 300 304 -0.1041667 0.2777779
Moved 169.9592 298 304.5 -0.1076389 0.2799481
Moved 169.9788 297.0582 306.8837 -0.109274 0.2902937
Moved 169.9984 295.2914 308.7086 -0.1123413 0.2982144
Moved 170.0251 295 310.093 -0.1128472 0.3042229
Stationary 170.0428 295 310 -0.1128472 0.3038195
Moved 170.0613 294 313.2386 -0.1145833 0.317876
Stationary 170.0782 294 313.2386 -0.1145833 0.317876
Moved 170.0939 294 314.3087 -0.1145833 0.3225204
Moved 170.1147 294 315.0429 -0.1145833 0.3257071
Stationary 170.1317 294 315.0429 -0.1145833 0.3257071
Moved 170.1485 294 316.3591 -0.1145833 0.33142
Moved 170.1676 294 317.1195 -0.1145833 0.3347203
Stationary 170.1949 294 317.1195 -0.1145833 0.3347203
Moved 170.2209 294 318.0179 -0.1145833 0.3386197
Stationary 170.2391 294 318.0179 -0.1145833 0.3386197
Moved 170.2546 294 319.0552 -0.1145833 0.3431214
Stationary 170.2725 294 319.0552 -0.1145833 0.3431214
Stationary 170.2917 294 319 -0.1145833 0.342882
Ended 170.3105 294 319 -0.1145833 0.342882
Backspace 171.193
Began 171.7296 584 345 0.3888889 0.4557292
Stationary 171.7619 584 345 0.3888889 0.4557292
Stationary 171.7787 584 345 0.3888889 0.4557292
Stationary 171.7961 584 345 0.3888889 0.4557292
Stationary 171.8141 584 345 0.3888889 0.4557292
Stationary 171.8309 584 345 0.3888889 0.4557292
Stationary 171.8483 584 345 0.3888889 0.4557292
Stationary 171.8643 584 345 0.3888889 0.4557292
Stationary 171.8806 584 345 0.3888889 0.4557292
Stationary 171.8975 584 345 0.3888889 0.4557292
Stationary 171.9143 584 345 0.3888889 0.4557292
Moved 171.9309 570.6758 333.1563 0.3657567 0.4043244
Stationary 171.9533 570.6758 333.1563 0.3657567 0.4043244
Moved 171.9708 575 336 0.3732639 0.4166667
Moved 171.9922 574 334.5 0.3715278 0.4101564
Stationary 172.01 574 334.5 0.3715278 0.4101564
Moved 172.0276 572.8555 335 0.3695408 0.4123264
Moved 172.0458 573 333.5 0.3697917 0.405816
Moved 172.0627 571.9013 332.9013 0.3678842 0.4032175
Moved 172.0807 570.32 331.32 0.3651389 0.3963542
Moved 172.0985 567.8613 328.8613 0.3608703 0.3856826
Moved 172.116 565.087 324.6306 0.3560539 0.3673205
Moved 172.1438 549.7059 305.4902 0.3293507 0.2842458
Moved 172.162 542.007 293.2111 0.3159844 0.2309511
Moved 172.1793 536.0417 285.0521 0.305628 0.1955387
Moved 172.1974 530.8323 276.7317 0.2965839 0.1594258
Moved 172.2159 523.8619 267.0067 0.2844825 0.1172167
Moved 172.2379 515.4818 257.4818 0.2699337 0.07587592
Moved 172.2559 513.4201 254.8402 0.2663544 0.06441064
Moved 172.2782 511.0808 252.0808 0.262293 0.05243408
Moved 172.3089 507 248.5 0.2552083 0.03689237
Moved 172.3279 502.7218 243.7218 0.2477808 0.01615366
Moved 172.3545 498.5 242.5 0.2404514 0.01085083
Moved 172.3731 487.8358 237.709 0.2219372 -0.009943645
Moved 172.392 482.9847 235.3282 0.2135151 -0.02027671
Moved 172.41 476.7632 235 0.2027138 -0.02170139
Moved 172.428 470.4665 235 0.1917821 -0.02170139
Moved 172.4469 459 235 0.171875 -0.02170139
Moved 172.4653 432.8316 245.8131 0.1264437 0.02523052
Moved 172.4875 416.5082 251.5967 0.09810448 0.05033281
Moved 172.5058 402.6283 257.1487 0.07400744 0.07443005
Moved 172.5237 388.8269 264.0865 0.05004675 0.1045423
Moved 172.5529 365.5383 273.2308 0.009615123 0.1442311
Moved 172.5715 351.6755 278.9298 -0.01445227 0.1689663
Moved 172.5891 328.1057 288.9603 -0.05537197 0.2125016
Moved 172.6067 315.6429 294.4921 -0.07700894 0.2365109
Moved 172.6241 305.0272 297.4932 -0.09543893 0.2495366
Moved 172.642 293.9531 301.3926 -0.1146648 0.266461
Moved 172.6593 286.7921 304.5177 -0.1270971 0.2800248
Moved 172.6765 278.9738 307.2104 -0.1406704 0.2917122
Moved 172.6937 272.0646 309.9742 -0.1526657 0.3037074
Moved 172.7152 260.2777 313.7444 -0.173129 0.3200714
Moved 172.7431 249 317.5 -0.1927084 0.3363717
Moved 172.7608 245 318.5 -0.1996528 0.3407118
Moved 172.779 239.1491 319.9503 -0.2098106 0.3470067
Moved 172.7958 233.6247 320 -0.2194016 0.3472222
Moved 172.8132 226.3918 320 -0.2319586 0.3472222
Moved 172.8295 219.4702 320 -0.2439753 0.3472222
Moved 172.8473 214.0266 320 -0.253426 0.3472222
Moved 172.8652 205.2476 320 -0.2686674 0.3472222
Moved 172.8829 202.3785 320 -0.2736485 0.3472222
Moved 172.9004 198.0076 320 -0.2812368 0.3472222
Moved 172.9278 187.3027 310.1514 -0.2998217 0.3044766
Moved 172.9491 181.7829 307.3914 -0.3094047 0.2924976
Moved 172.9669 177.4458 305.8152 -0.3169344 0.2856565
Moved 172.9845 170.5 300 -0.3289931 0.2604167
Moved 173.0017 165.4579 297.5831 -0.3377467 0.2499268
Moved 173.0209 158.2402 292.2402 -0.3502774 0.2267369
Moved 173.0374 153.6934 289.4623 -0.3581712 0.2146801
Moved 173.054 151.8522 287.8522 -0.3613677 0.2076919
Moved 173.0709 150.5 286.5 -0.3637153 0.2018231
Moved 173.0902 149.0841 285.0841 -0.3661735 0.1956776
Moved 173.1169 148 282.7425 -0.3680556 0.1855144
Moved 173.1344 147 279.5447 -0.3697917 0.1716349
Moved 173.1568 147 275.6691 -0.3697917 0.1548137
Moved 173.1758 147 271.258 -0.3697917 0.1356685
Moved 173.1945 158.295 268.49 -0.3501823 0.1236545
Moved 173.2122 164.1648 267.367 -0.3399916 0.1187805
Moved 173.2308 169.9205 266.2159 -0.3299991 0.1137844
Moved 173.2485 176.5243 266 -0.3185342 0.1128472
Moved 173.2669 191.373 266 -0.2927552 0.1128472
Moved 173.2851 197.0378 266 -0.2829206 0.1128472
Moved 173.3183 207.0867 274.2313 -0.2654745 0.1485732
Moved 173.3371 212.6474 278.2355 -0.2558205 0.165953
Moved 173.3538 217.3307 283.3307 -0.2476898 0.1880672
Moved 173.374 227.6402 295.8536 -0.2297914 0.2424201
Moved 173.3909 230.1829 300.7743 -0.2253769 0.2637775
Moved 173.407 232.9572 304.9358 -0.2205604 0.2818394
Moved 173.4238 234.3514 307.7028 -0.21814 0.2938488
Moved 173.4412 235 311.2148 -0.2170139 0.3090922
Moved 173.4579 235.8265 312.8265 -0.2155791 0.3160872
Moved 173.4741 237.1471 315.2943 -0.2132863 0.3267981
Moved 173.5002 238.9114 318.9114 -0.2102233 0.3424973
Moved 173.517 240.29 320.29 -0.2078299 0.348481
Ended 173.5328 242 321 -0.2048611 0.3515625
Began 173.7877 568 315 0.3611111 0.3255209
Stationary 173.8132 568 315 0.3611111 0.3255209
Stationary 173.8305 568 315 0.3611111 0.3255209
Stationary 173.8476 568 315 0.3611111 0.3255209
Moved 173.8645 554.5 315 0.3376736 0.3255209
Moved 173.8826 548.8761 315 0.3279099 0.3255209
Moved 173.908 545.5 315 0.3220486 0.3255209
Moved 173.9261 535.4134 308 0.3045371 0.2951389
Moved 173.9447 509 307 0.2586806 0.2907986
Moved 173.9618 495.1638 306 0.2346593 0.2864584
Moved 173.978 481.3136 304.7314 0.2106139 0.2809522
Moved 173.9967 462.8002 305 0.1784726 0.2821182
Moved 174.0157 446.5128 305 0.1501957 0.2821182
Moved 174.0319 431.0698 305 0.123385 0.2821182
Moved 174.0482 405.4677 305 0.07893689 0.2821182
Moved 174.064 394.7802 305 0.06038219 0.2821182
Moved 174.0796 384.316 305 0.04221529 0.2821182
Moved 174.0947 373.0558 305 0.02266638 0.2821182
Moved 174.11 362.9887 305 0.005188808 0.2821182
Moved 174.1254 353.3111 303.6158 -0.0116127 0.2761105
Moved 174.1461 330.3447 300.2988 -0.05148489 0.2617137
Moved 174.1786 314.56 297.39 -0.07888895 0.2490886
Moved 174.2058 305.2625 297 -0.09503037 0.247396
Moved 174.2265 299.9853 297 -0.1041923 0.247396
Moved 174.2491 295.5873 297 -0.1118276 0.247396
Moved 174.2678 286.6484 297 -0.1273466 0.247396
Moved 174.285 282.1396 297 -0.1351742 0.247396
Moved 174.3038 279.3489 297 -0.1400192 0.247396
Moved 174.3209 275.5808 297 -0.146561 0.247396
Moved 174.3515 272.5333 297 -0.1518519 0.247396
Moved 174.3713 271.5 297 -0.1536458 0.247396
Moved 174.3989 269.7375 304 -0.1567057 0.2777779
Moved 174.4214 277.2111 307.0302 -0.1437307 0.2909295
Moved 174.4413 285.4757 309.8253 -0.1293824 0.303061
Moved 174.4603 306.9069 313.5876 -0.09217549 0.3193906
Moved 174.4777 327.6187 316.3492 -0.05621751 0.3313767
Moved 174.494 348.7518 319.5627 -0.01952808 0.3453246
Moved 174.5105 375.9395 320.6284 0.0276728 0.3499499
Moved 174.5268 398.141 323.0188 0.06621697 0.3603247
Moved 174.5444 431.7278 323 0.1245274 0.3602431
Moved 174.5678 447.9335 323 0.1526624 0.3602431
Moved 174.5964 474.2361 323 0.1983266 0.3602431
Moved 174.6183 486.7055 323 0.2199748 0.3602431
Moved 174.636 496.5389 323 0.2370468 0.3602431
Moved 174.6533 510.4623 323 0.2612194 0.3602431
Moved 174.6704 514.5 312.5 0.2682292 0.3146702
Moved 174.6871 514.8848 315.1152 0.2688972 0.3260211
Moved 174.7082 516.2735 313.7265 0.2713081 0.3199936
Moved 174.7309 517 308.7612 0.2725694 0.2984429
Moved 174.7482 517 303.5443 0.2725694 0.2758001
Moved 174.7649 502 293.5 0.2465278 0.2322049
Moved 174.7918 456.6189 255.4685 0.1677411 0.06713762
Moved 174.8139 431.4861 239.4288 0.1241079 -0.002479024
Moved 174.8319 417.3323 229.6963 0.09953529 -0.04472097
Moved 174.8504 398.4096 216.9397 0.06668337 -0.1000881
Moved 174.8691 373.917 200.655 0.02416149 -0.1707681
Moved 174.8866 361.845 191.3239 0.003203154 -0.211268
Moved 174.9053 353.8458 186.4767 -0.01068432 -0.2323062
Moved 174.9226 347.9346 181.9509 -0.02094694 -0.2519491
Moved 174.9389 341.0306 177.8184 -0.03293302 -0.2698856
Moved 174.9559 339.0839 177.6946 -0.03631268 -0.2704227
Moved 174.9835 333.613 176 -0.04581071 -0.2777778
Moved 175.005 332 176 -0.04861113 -0.2777778
Moved 175.0227 329.6587 176 -0.05267587 -0.2777778
Stationary 175.0396 329.6587 176 -0.05267587 -0.2777778
Moved 175.0556 329 176 -0.05381946 -0.2777778
Moved 175.073 329 186.4734 -0.05381946 -0.2323204
Moved 175.0904 332.8324 194.2849 -0.04716597 -0.1984162
Moved 175.1082 341.6404 205.4606 -0.03187433 -0.1499106
Moved 175.1254 355.1506 221.7808 -0.008419083 -0.07907643
Moved 175.1426 370.6155 235.9232 0.01842968 -0.01769424
Moved 175.1686 396.5883 256.2118 0.06352134 0.07036369
Moved 175.1925 421.8736 276.2115 0.1074195 0.1571682
Moved 175.2097 434.4055 287.1382 0.1291763 0.2045932
Moved 175.2274 443.5264 294.8798 0.1450112 0.2381938
Moved 175.2446 451.1572 302.1572 0.158259 0.2697794
Moved 175.2612 456.6571 306.2429 0.1678075 0.2875126
Moved 175.2794 460.3899 309.5933 0.1742879 0.3020543
Moved 175.2976 463.7473 312.7474 0.1801169 0.315744
Moved 175.3159 466.6606 316 0.1851747 0.3298611
Moved 175.333 467 317.0456 0.1857639 0.3343993
Stationary 175.3589 467 317.0456 0.1857639 0.3343993
Moved 175.3963 457.9335 317 0.1700235 0.3342015
Moved 175.4158 439.1853 309.9519 0.1374745 0.3036107
Moved 175.4342 415.6256 297.8128 0.09657227 0.2509237
Moved 175.4537 369.7357 280.3185 0.01690224 0.1749934
Moved 175.4724 347.5001 272.0626 -0.0217012 0.1391606
Moved 175.4892 332 268.5 -0.04861113 0.1236979
Moved 175.5074 319.6804 264.2268 -0.06999932 0.1051511
Moved 175.5257 309.298 261.0894 -0.08802426 0.09153393
Moved 175.5453 295.6439 256.9932 -0.1117293 0.07375519
Moved 175.5732 274.4496 250.8428 -0.1485249 0.04706078
Moved 175.5959 259.695 247 -0.1741406 0.03038208
Moved 175.6151 255.404 245.8013 -0.1815903 0.02517926
Moved 175.6329 250 246 -0.1909722 0.02604167
Moved 175.6508 247.7451 246 -0.194887 0.02604167
Moved 175.6701 242.2222 246 -0.2044753 0.02604167
Moved 175.6867 239.4557 246 -0.2092783 0.02604167
Moved 175.7045 236.6829 255.2682 -0.2140922 0.06626818
Moved 175.7232 232.5 257 -0.2213542 0.07378473
Moved 175.7422 229.2355 261.7645 -0.2270217 0.09446383
Moved 175.776 221.9463 270.0537 -0.2396767 0.1304415
Moved 175.7945 213.6805 282.426 -0.2540269 0.1841407
Moved 175.8158 209.5918 290.8163 -0.2611253 0.2205567
Moved 175.8347 206.284 297.29 -0.2668681 0.2486547
Moved 175.8545 201 308 -0.2760417 0.2951389
Moved 175.8737 199.2902 311.1293 -0.27901 0.3087208
Moved 175.8933 197.9011 314.1978 -0.2814216 0.322039
Moved 175.913 196.5285 316.943 -0.2838047 0.333954
Moved 175.9337 196 319.2355 -0.2847222 0.3439043
Moved 175.9566 196 320.6235 -0.2847222 0.3499284
Moved 175.9906 196 323.0366 -0.2847222 0.3604019
Moved 176.0091 211 333.5 -0.2586806 0.405816
Ended 176.0264 211 333.5 -0.2586806 0.405816
Began 176.4316 347 293 -0.02256945 0.2300348
Stationary 176.4573 347 293 -0.02256945 0.2300348
Stationary 176.4805 347 293 -0.02256945 0.2300348
Stationary 176.502 347 293 -0.02256945 0.2300348
Stationary 176.52 347 293 -0.02256945 0.2300348
Stationary 176.5398 347 293 -0.02256945 0.2300348
Stationary 176.5574 347 293 -0.02256945 0.2300348
Stationary 176.5743 347 293 -0.02256945 0.2300348
Moved 176.5915 359.4624 293 -0.0009332598 0.2300348
Moved 176.6122 371.8556 293 0.0205826 0.2300348
Moved 176.6293 377.7682 298.2755 0.03084764 0.252932
Moved 176.6576 391 301.5 0.05381942 0.2669272
Moved 176.6763 397.1652 301.595 0.06452293 0.2673397
Moved 176.696 407.8396 302 0.08305491 0.2690972
Moved 176.7207 427.2042 303 0.1166739 0.2734375
Moved 176.7391 436.8306 303 0.1333865 0.2734375
Moved 176.7562 446.5 303 0.1501736 0.2734375
Moved 176.7733 457.2188 303 0.1687826 0.2734375
Moved 176.7917 464.6426 303 0.1816712 0.2734375
Moved 176.8123 486.5733 304 0.2197453 0.2777779
Moved 176.8308 496.5581 304 0.23708 0.2777779
Moved 176.8594 512.2155 304 0.2642629 0.2777779
Moved 176.8766 520.3779 304 0.2784339 0.2777779
Moved 176.9029 531.8113 304 0.2982835 0.2777779
Moved 176.9199 536.2406 304 0.3059733 0.2777779
Moved 176.9364 540.4055 304 0.313204 0.2777779
Moved 176.9529 542.6886 304 0.3171677 0.2777779
Moved 176.9695 544.2271 304 0.3198388 0.2777779
Moved 176.9862 545 304 0.3211805 0.2777779
Stationary 177.0032 545 304 0.3211805 0.2777779
Stationary 177.0188 545 304 0.3211805 0.2777779
Stationary 177.0437 545 304 0.3211805 0.2777779
Moved 177.0638 526.2186 304 0.288574 0.2777779
Moved 177.0806 510 304 0.2604167 0.2777779
Moved 177.0981 481.7238 295 0.211326 0.2387153
Moved 177.1149 455.4604 295 0.1657299 0.2387153
Moved 177.1326 418.6399 295 0.1018053 0.2387153
Moved 177.1492 402.4302 295 0.07366359 0.2387153
Moved 177.1665 384.5 295 0.04253469 0.2387153
Moved 177.1844 370.1099 295 0.01755193 0.2387153
Moved 177.2118 343.1466 299.5526 -0.02925936 0.258475
Moved 177.2424 325.5211 303 -0.05985912 0.2734375
Moved 177.2615 315.5605 304.4913 -0.07715192 0.2799104
Moved 177.28 309.7968 304.8406 -0.08715835 0.2814263
Moved 177.2994 302.8511 305 -0.09921689 0.2821182
Moved 177.3158 294.9915 306.6017 -0.1128621 0.2890698
Moved 177.3358 282.1962 308.3608 -0.135076 0.2967049
Moved 177.3544 279.5 308 -0.1397569 0.2951389
Moved 177.3727 277.4274 309.7863 -0.1433552 0.302892
Moved 177.3913 274.6649 310 -0.1481512 0.3038195
Moved 177.4144 273.0707 311 -0.1509189 0.3081597
Ended 177.4509 273 316 -0.1510417 0.3298611
Began 177.7545 275 274 -0.1475694 0.1475696
Stationary 177.7809 275 274 -0.1475694 0.1475696
Stationary 177.7991 275 274 -0.1475694 0.1475696
Stationary 177.8175 275 274 -0.1475694 0.1475696
Moved 177.836 263.5244 274 -0.1674923 0.1475696
Moved 177.8559 258 274 -0.1770834 0.1475696
Moved 177.8769 245.3107 274 -0.1991134 0.1475696
Moved 177.8959 235.6603 274 -0.2158675 0.1475696
Moved 177.9144 229.4219 274 -0.226698 0.1475696
Moved 177.9318 222.5104 274 -0.2386972 0.1475696
Moved 177.9527 206.525 274 -0.2664497 0.1475696
Moved 177.9708 197.0565 274 -0.282888 0.1475696
Moved 177.9888 190.4117 274 -0.2944241 0.1475696
Moved 178.0064 180.1494 274 -0.3122406 0.1475696
Moved 178.0309 164.2117 274 -0.3399103 0.1475696
Moved 178.0521 157.1876 274 -0.3521049 0.1475696
Moved 178.0704 147.3644 274 -0.369159 0.1475696
Moved 178.091 135.9968 274 -0.3888945 0.1475696
Moved 178.1106 129.7169 274 -0.3997971 0.1475696
Moved 178.1277 125.7385 274 -0.406704 0.1475696
Moved 178.1551 119.6226 274 -0.4173218 0.1475696
Moved 178.1722 118.5 274 -0.4192708 0.1475696
Moved 178.1923 117.5 274 -0.4210069 0.1475696
Moved 178.209 116.8378 274 -0.4221566 0.1475696
Moved 178.2274 122.2904 280.0461 -0.4126903 0.1738115
Moved 178.2462 138.7345 285.4003 -0.3841414 0.1970499
Moved 178.2637 161 291 -0.3454861 0.2213542
Moved 178.2811 188.7255 295.5212 -0.2973515 0.2409774
Moved 178.2998 219.7516 299.7502 -0.2434869 0.2593324
Moved 178.3209 267.7058 307.3412 -0.1602329 0.2922796
Moved 178.3521 307.6991 312.9498 -0.09080011 0.3166227
Moved 178.3696 321.7438 313.8604 -0.06641693 0.3205747
Moved 178.3872 334.2154 315.2462 -0.04476495 0.3265892
Moved 178.4041 343.376 316 -0.02886117 0.3298611
Moved 178.4214 351.0531 317.0106 -0.01553275 0.3342475
Moved 178.438 359.3915 317 -0.001056455 0.3342015
Moved 178.455 361.356 317 0.002354234 0.3342015
Moved 178.473 366.2153 317 0.01079038 0.3342015
Moved 178.4972 367 317 0.01215279 0.3342015
Stationary 178.5147 367 317 0.01215279 0.3342015
Stationary 178.5396 367 317 0.01215279 0.3342015
Stationary 178.5559 367 317 0.01215279 0.3342015
Stationary 178.5723 367 317 0.01215279 0.3342015
Moved 178.5893 352 306.5 -0.01388889 0.2886285
Moved 178.6078 341.6462 305.1938 -0.03186416 0.2829594
Moved 178.6262 329.2577 303.6953 -0.05337201 0.2764554
Moved 178.648 304.5333 302 -0.0962963 0.2690972
Moved 178.6687 290.5581 302 -0.1205589 0.2690972
Moved 178.6885 269.1146 302 -0.1577872 0.2690972
Moved 178.707 256.731 302 -0.1792865 0.2690972
Moved 178.7349 233.8094 313.0272 -0.219081 0.3169585
Moved 178.753 226.9735 315.4053 -0.2309488 0.3272799
Moved 178.7704 220.8457 316.7886 -0.2415874 0.3332838
Moved 178.7883 216.51 318.745 -0.2491146 0.3417752
Moved 178.8094 212.3533 319 -0.2563311 0.342882
Moved 178.8279 208.0228 321.9772 -0.2638493 0.3558037
Moved 178.8468 206.6371 322 -0.266255 0.3559029
Moved 178.8655 205.259 323.741 -0.2686475 0.3634591
Moved 178.8845 205 325.1229 -0.2690972 0.3694569
Moved 178.9024 205 329.5 -0.2690972 0.388455
Ended 178.9288 205 332 -0.2690972 0.3993056
Began 179.2477 493 306 0.2309028 0.2864584
Stationary 179.2808 493 306 0.2309028 0.2864584
Stationary 179.2987 493 306 0.2309028 0.2864584
Stationary 179.3155 493 306 0.2309028 0.2864584
Stationary 179.3323 493 306 0.2309028 0.2864584
Stationary 179.3493 493 306 0.2309028 0.2864584
Stationary 179.3666 493 306 0.2309028 0.2864584
Moved 179.3848 483.3017 306 0.2140654 0.2864584
Moved 179.4036 481 306 0.2100694 0.2864584
Stationary 179.4244 480.9465 306 0.2099766 0.2864584
Moved 179.4414 479.5 306 0.2074653 0.2864584
Moved 179.4614 477.8609 306 0.2046196 0.2864584
Stationary 179.4794 477.8609 306 0.2046196 0.2864584
Moved 179.4959 476.3182 299 0.2019414 0.2560765
Moved 179.516 474.9403 299 0.1995492 0.2560765
Moved 179.5383 469.5534 297.1844 0.1901969 0.2481965
Moved 179.5578 463.0157 294.6063 0.1788467 0.2370064
Moved 179.5793 448.0356 291.2589 0.1528396 0.2224781
Moved 179.608 414.612 280.8787 0.09481245 0.177425
Moved 179.6263 396.8203 275.4063 0.06392404 0.1536731
Moved 179.6451 366.3549 265.5887 0.01103282 0.1110624
Moved 179.6626 354.5 261.5 -0.009548627 0.09331611
Moved 179.6794 339.4809 256.1924 -0.03562339 0.07027958
Moved 179.6965 329.6602 251.9972 -0.05267333 0.05207115
Moved 179.7179 323.0519 250.4434 -0.064146 0.04532708
Moved 179.7394 309.4886 244.8722 -0.08769333 0.0211468
Moved 179.7579 305.5014 243.5005 -0.09461567 0.01519309
Moved 179.7772 303.2521 243.1261 -0.09852067 0.01356827
Moved 179.8085 298.7487 242.3744 -0.1063391 0.01030551
Moved 179.8265 296.4373 242 -0.110352 0.008680689
Moved 179.8456 292.5284 240.5283 -0.1171383 0.00229319
Moved 179.8634 291.1386 241 -0.1195511 0.004340278
Moved 179.8812 290.5 241 -0.1206597 0.004340278
Moved 179.904 290 241 -0.1215278 0.004340278
Moved 179.9222 290 253.4984 -0.1215278 0.05858687
Ended 179.94 290 253.4984 -0.1215278 0.05858687
Began 180.2029 372 193 0.02083331 -0.2039931
Stationary 180.2304 372 193 0.02083331 -0.2039931
Stationary 180.2467 372 193 0.02083331 -0.2039931
Stationary 180.2672 372 193 0.02083331 -0.2039931
Stationary 180.2915 372 193 0.02083331 -0.2039931
Stationary 180.3085 372 193 0.02083331 -0.2039931
Stationary 180.325 372 193 0.02083331 -0.2039931
Stationary 180.3422 372 193 0.02083331 -0.2039931
Stationary 180.3602 372 193 0.02083331 -0.2039931
Moved 180.3791 384.0451 205.3634 0.04174501 -0.1503325
Moved 180.3974 389.2377 210.2377 0.05075984 -0.1291769
Moved 180.4194 399.5 219 0.06857642 -0.09114584
Moved 180.4413 407.2256 226.3362 0.08198895 -0.05930477
Moved 180.4612 427.8794 245.2328 0.1178462 0.02271176
Moved 180.4829 436.0505 252.0421 0.1320322 0.05226626
Moved 180.5005 444.4914 259.0762 0.1466864 0.08279589
Moved 180.5281 455.6763 270.6763 0.1661047 0.1331439
Moved 180.5502 459.5886 273.4414 0.1728968 0.145145
Moved 180.5753 468.9275 282.9275 0.1891103 0.1863171
Moved 180.5942 473.0799 288.4398 0.1963192 0.2102424
Moved 180.6217 478.2415 294.3623 0.2052805 0.2359475
Stationary 180.6412 478.2415 294.3623 0.2052805 0.2359475
Moved 180.6606 481.9721 299.9721 0.2117571 0.2602956
Moved 180.6798 482 301.3585 0.2118056 0.2663132
Moved 180.6977 483.5 302.5 0.2144098 0.2712674
Moved 180.7159 483 303.0656 0.2135417 0.2737223
Moved 180.7437 467.8659 304 0.1872672 0.2777779
Moved 180.7623 451.6168 304 0.1590569 0.2777779
Moved 180.7855 404.45 295.2869 0.07717022 0.2399604
Moved 180.8047 382.5667 295 0.03917821 0.2387153
Moved 180.8233 366.2105 295 0.01078218 0.2387153
Moved 180.8423 349.567 295 -0.01811292 0.2387153
Moved 180.8661 314.5717 303.238 -0.07886865 0.2744707
Moved 180.8851 299.5964 304.7431 -0.1048674 0.2810032
Moved 180.9037 285.8242 307.0352 -0.1287774 0.2909512
Moved 180.9264 262.5441 310.5588 -0.1691944 0.306245
Moved 180.9557 250 313.5 -0.1909722 0.3190103
Moved 180.9742 246.2524 314 -0.1974785 0.3211807
Moved 180.9928 244.7013 315.2986 -0.2001713 0.3268172
Moved 181.0111 243.723 315 -0.2018698 0.3255209
Moved 181.0288 244 316 -0.2013889 0.3298611
Moved 181.0478 244 317.1245 -0.2013889 0.3347418
Moved 181.0693 250.2616 317.8945 -0.190518 0.3380838
Moved 181.0876 263.8379 319.2838 -0.1669481 0.3441138
Moved 181.1053 282.8448 320 -0.1339501 0.3472222
Moved 181.1227 297.2976 320 -0.1088584 0.3472222
Moved 181.1506 328.673 320 -0.05438716 0.3472222
Moved 181.1689 340.8283 314.0253 -0.03328424 0.3212903
Moved 181.1875 358.6467 307.7844 -0.002349466 0.2942033
Moved 181.2091 365.9714 304.0172 0.01036696 0.2778522
Moved 181.2272 372.866 299.8804 0.02233684 0.2598975
Moved 181.2467 384.2068 286.9519 0.0420256 0.2037845
Moved 181.2653 389.9106 279.8618 0.05192802 0.1730115
Moved 181.2882 393.8306 273.5593 0.0587336 0.1456567
Moved 181.3108 402.0815 264.9185 0.07305816 0.1081533
Moved 181.3283 406.2626 259.7374 0.08031704 0.08566592
Moved 181.36 414.7815 253.4138 0.09510681 0.0582197
Moved 181.3777 420.8407 251.4319 0.1056263 0.04961756
Moved 181.3963 429.7147 250.0408 0.1210324 0.04357974
Ended 181.4138 442.1823 250 0.1426777 0.04340278
PhraseEnd 182.0517
