the force is with you
Basic
0.8 0.8
575.9999 230.4
Began 139.8424 314 349 -0.0798611 0.4730904
Stationary 139.8674 314 349 -0.0798611 0.4730904
Stationary 139.8826 314 349 -0.0798611 0.4730904
Stationary 139.8985 314 349 -0.0798611 0.4730904
Stationary 139.9164 314 349 -0.0798611 0.4730904
Stationary 139.9317 314 349 -0.0798611 0.4730904
Stationary 139.9473 314 349 -0.0798611 0.4730904
Stationary 139.9622 314 349 -0.0798611 0.4730904
Stationary 139.9753 314 349 -0.0798611 0.4730904
Stationary 139.9889 314 349 -0.0798611 0.4730904
Stationary 140.0063 314 349 -0.0798611 0.4730904
Stationary 140.0365 314 349 -0.0798611 0.4730904
Stationary 140.0541 314 349 -0.0798611 0.4730904
Stationary 140.0746 314 349 -0.0798611 0.4730904
Stationary 140.0886 314 349 -0.0798611 0.4730904
Stationary 140.1019 314 349 -0.0798611 0.4730904
Stationary 140.1156 314 349 -0.0798611 0.4730904
Stationary 140.1291 314 349 -0.0798611 0.4730904
Stationary 140.1427 314 349 -0.0798611 0.4730904
Stationary 140.1576 314 349 -0.0798611 0.4730904
Stationary 140.1727 314 349 -0.0798611 0.4730904
Moved 140.1958 328.1114 334.7332 -0.05536221 0.4111682
Moved 140.2129 340.5609 326.2745 -0.03374849 0.3744553
Moved 140.2286 352.9798 316.6824 -0.01218792 0.3328228
Moved 140.2441 365.644 306.0615 0.009798557 0.2867254
Moved 140.2606 376.77 297.4225 0.02911456 0.2492297
Moved 140.2763 387.876 287.6085 0.04839592 0.206634
Moved 140.291 397.088 279.7817 0.06438882 0.1726638
Moved 140.3074 405.5139 272.4253 0.07901721 0.1407349
Moved 140.3226 416.4295 262.8741 0.09796791 0.09928015
Moved 140.3377 426.138 253.8621 0.1148229 0.06016533
Moved 140.3591 432.3053 247.6947 0.12553 0.03339715
Moved 140.376 439.6649 240.3352 0.1383071 0.001454883
Moved 140.3915 442.4281 238.7859 0.1431044 -0.005269581
Moved 140.4077 443.5 237.5 0.1449653 -0.01085069
Moved 140.4234 443.6671 236.3329 0.1452555 -0.01591616
Moved 140.4385 444 234.9459 0.1458333 -0.0219361
Moved 140.454 444 233.5609 0.1458333 -0.02794743
Moved 140.4685 438.1762 233 0.1357225 -0.03038195
Stationary 140.4819 438.1762 233 0.1357225 -0.03038195
Moved 140.4957 426.0544 231.7838 0.1146779 -0.03566054
Moved 140.5173 382.1514 243.8865 0.03845721 0.01686851
Moved 140.5324 366.6204 250.1519 0.01149379 0.04406188
Moved 140.547 342.5744 260.0576 -0.03025271 0.0870555
Moved 140.5625 329.2448 266.8776 -0.05339448 0.1166565
Moved 140.578 315.0288 272.7885 -0.07807498 0.1423111
Moved 140.5938 303.5 278 -0.09809029 0.1649306
Moved 140.6099 290.3117 284.8442 -0.1209867 0.1946362
Moved 140.6361 280.5864 289.0344 -0.1378708 0.212823
Moved 140.6615 263.6419 295.9432 -0.1672884 0.2428091
Moved 140.6774 253.1926 300.346 -0.1854295 0.2619185
Moved 140.7009 238.6068 305.7573 -0.210752 0.2854048
Moved 140.7172 232.9515 307.2621 -0.2205704 0.2919365
Moved 140.7336 229.0448 308.6517 -0.2273528 0.2979676
Moved 140.7494 226.98 310.02 -0.2309375 0.3039064
Moved 140.7662 224.8431 311.0784 -0.2346473 0.3085
Moved 140.7816 223.506 311 -0.2369688 0.3081597
Moved 140.7997 223.1371 312.8629 -0.2376092 0.3162453
Moved 140.8194 223 315.5399 -0.2378472 0.327864
Ended 140.8358 223 320 -0.2378472 0.3472222
Began 141.1075 279 234 -0.140625 -0.02604154
Stationary 141.1282 279 234 -0.140625 -0.02604154
Stationary 141.143 279 234 -0.140625 -0.02604154
Stationary 141.1584 279 234 -0.140625 -0.02604154
Stationary 141.1732 279 234 -0.140625 -0.02604154
Stationary 141.1882 279 234 -0.140625 -0.02604154
Stationary 141.2052 279 234 -0.140625 -0.02604154
Stationary 141.2198 279 234 -0.140625 -0.02604154
Stationary 141.235 279 234 -0.140625 -0.02604154
Stationary 141.2555 279 234 -0.140625 -0.02604154
Stationary 141.2684 279 234 -0.140625 -0.02604154
Stationary 141.2854 279 234 -0.140625 -0.02604154
Stationary 141.3006 279 234 -0.140625 -0.02604154
Moved 141.3172 299.8606 244.2869 -0.1044086 0.01860619
Moved 141.3368 308 247 -0.09027779 0.03038208
Moved 141.3519 315.3323 249.2378 -0.07754815 0.04009459
Moved 141.3669 328.0001 253 -0.05555544 0.05642362
Moved 141.3823 343.2342 257.1548 -0.02910726 0.07445654
Moved 141.3981 364.1279 262.3372 0.007166415 0.09694988
Moved 141.4133 380.9509 266.4877 0.03637314 0.1149641
Moved 141.4282 398.5 270.5 0.06684028 0.1323785
Moved 141.4454 419.0588 275.7104 0.1025326 0.154993
Moved 141.4614 432.9733 278.9938 0.1266897 0.1692441
Moved 141.4767 449.5406 285.8919 0.1554524 0.1991838
Moved 141.5011 477.557 296.6228 0.204092 0.2457587
Moved 141.5179 488 302 0.2222222 0.2690972
Moved 141.532 493.6876 302.9219 0.2320966 0.2730984
Stationary 141.5467 493.6876 302.9219 0.2320966 0.2730984
Moved 141.5663 501 305.5 0.2447917 0.2842882
Moved 141.5819 501 305.6927 0.2447917 0.2851249
Moved 141.5985 502.0695 306 0.2466485 0.2864584
Stationary 141.6139 502 306 0.2465278 0.2864584
Stationary 141.6289 502 306 0.2465278 0.2864584
Moved 141.6444 493.3547 306 0.2315186 0.2864584
Moved 141.667 477.6634 296.5544 0.2042767 0.2454621
Moved 141.6828 456.9996 290.9999 0.1684021 0.2213539
Moved 141.6982 441.2558 286.8016 0.1410691 0.2031319
Moved 141.7131 414.9531 286 0.09540469 0.1996528
Moved 141.7284 392.4897 286 0.05640574 0.1996528
Moved 141.7448 370.5701 286 0.01835078 0.1996528
Moved 141.7604 349.3776 294.8042 -0.01844172 0.2378655
Moved 141.7762 328.3994 297.9468 -0.05486216 0.2515051
Moved 141.7918 307.6007 302.0798 -0.090971 0.2694439
Moved 141.8094 285.023 304.7752 -0.1301683 0.2811424
Moved 141.8337 273.712 306.161 -0.1498056 0.2871572
Moved 141.8495 267.5 307.5 -0.1605903 0.2929688
Moved 141.8688 263.2435 308 -0.1679801 0.2951389
Moved 141.8885 257.3169 310 -0.1782693 0.3038195
Moved 141.9064 255.9375 311.0626 -0.1806642 0.3084313
Moved 141.9246 254.8772 311 -0.1825049 0.3081597
Moved 141.9421 255 312.5 -0.1822917 0.3146702
Moved 141.9587 255 312 -0.1822917 0.3125001
Stationary 141.9742 255 312 -0.1822917 0.3125001
Moved 141.9893 261.2563 305.7437 -0.17143 0.2853457
Moved 142.0232 278.8824 281.6765 -0.1408293 0.1808874
Moved 142.0437 291.4362 257.1276 -0.1190344 0.07433865
Moved 142.0694 297.1835 241.7454 -0.1090564 0.007575486
Moved 142.0869 303.7385 223.1 -0.0976763 -0.07335068
Moved 142.1061 310.8988 194.9554 -0.08524515 -0.1955059
Moved 142.122 312.8232 184.2378 -0.0819042 -0.2420235
Moved 142.139 314.1919 175.8485 -0.07952791 -0.2784353
Moved 142.1555 314 169.9967 -0.0798611 -0.3038338
Moved 142.1705 314 162.5775 -0.0798611 -0.3360351
Moved 142.1862 314 158.037 -0.0798611 -0.3557423
Moved 142.2142 314 152.2444 -0.0798611 -0.3808839
Moved 142.2316 306.0288 150.8612 -0.09369992 -0.3868872
Moved 142.2518 302.5 149.5 -0.09982639 -0.392795
Moved 142.2678 299.2618 150 -0.1054483 -0.3906249
Moved 142.2838 292.174 156.797 -0.1177535 -0.3611242
Moved 142.3 282.4936 170.5807 -0.1345598 -0.3012991
Moved 142.3159 275.5811 184.1013 -0.1465606 -0.2426157
Moved 142.3316 268.4009 200.4379 -0.1590262 -0.1717107
Moved 142.3515 255.4953 235.3901 -0.1814317 -0.02000809
Moved 142.3695 249.9496 248.3634 -0.1910597 0.03629963
Moved 142.4017 243.9873 271.3671 -0.2014109 0.1361421
Moved 142.4185 240.9016 282.3935 -0.206768 0.1839996
Moved 142.4382 236.6908 292.0547 -0.2140784 0.2259321
Moved 142.4588 231.6027 302.7946 -0.222912 0.2725461
Moved 142.4751 229.8305 307.1695 -0.2259887 0.2915343
Moved 142.4901 229 309.4914 -0.2274306 0.301612
Moved 142.5046 229 312.1021 -0.2274306 0.3129433
Moved 142.5196 229 314.9162 -0.2274306 0.3251571
Ended 142.5338 229 315 -0.2274306 0.3255209
Began 142.8627 479 277 0.2065972 0.1605903
Stationary 142.8862 479 277 0.2065972 0.1605903
Stationary 142.9017 479 277 0.2065972 0.1605903
Stationary 142.9165 479 277 0.2065972 0.1605903
Stationary 142.9316 479 277 0.2065972 0.1605903
Stationary 142.9468 479 277 0.2065972 0.1605903
Stationary 142.9621 479 277 0.2065972 0.1605903
Stationary 142.9772 479 277 0.2065972 0.1605903
Stationary 142.9919 479 277 0.2065972 0.1605903
Stationary 143.0094 479 277 0.2065972 0.1605903
Stationary 143.0296 479 277 0.2065972 0.1605903
Moved 143.0446 467.8912 277 0.1873111 0.1605903
Moved 143.0602 462.6661 277 0.1782398 0.1605903
Moved 143.076 457.0854 265.1708 0.1685511 0.1092483
Moved 143.0924 450.7323 266.2441 0.1575215 0.1139066
Moved 143.1153 432.4685 261.1561 0.1258133 0.09182348
Moved 143.1329 414.7192 257.0121 0.09499871 0.07383744
Moved 143.1504 381.7998 246.6 0.03784687 0.02864573
Moved 143.1661 366.6657 239.5753 0.01157239 -0.001843241
Moved 143.1824 341.9574 230.783 -0.03132403 -0.04000439
Moved 143.2106 327.6217 225.2391 -0.05621232 -0.06406626
Moved 143.2282 285.5505 211.1835 -0.1292526 -0.1250717
Moved 143.244 271.1388 206.7416 -0.154273 -0.1443508
Moved 143.2599 257.7369 204.5264 -0.1775401 -0.1539654
Moved 143.275 245.5362 203.1707 -0.1987218 -0.1598495
Moved 143.2907 233.1094 201.7899 -0.2202962 -0.1658422
Moved 143.3074 224.5 202 -0.2352431 -0.1649306
Moved 143.3233 217.5704 201 -0.2472735 -0.169271
Moved 143.3387 210.9409 201 -0.2587831 -0.169271
Moved 143.3548 206.8275 201 -0.2659245 -0.169271
Moved 143.3796 200.8735 201 -0.2762612 -0.169271
Moved 143.3964 196.5435 201 -0.2837786 -0.169271
Moved 143.4139 187.2067 201 -0.2999883 -0.169271
Moved 143.431 184.9844 201 -0.3038466 -0.169271
Moved 143.4471 180.7621 201 -0.3111768 -0.169271
Moved 143.4633 178.4179 206.5372 -0.3152467 -0.1452376
Moved 143.4797 176.8253 209.1747 -0.3180116 -0.1337904
Moved 143.4959 174 210.5 -0.3229167 -0.1280382
Moved 143.5124 173.0524 210.9476 -0.3245619 -0.1260952
Moved 143.5285 173 213.6748 -0.3246528 -0.1142585
Moved 143.5522 173 222.5 -0.3246528 -0.07595487
Ended 143.5679 173 222.5 -0.3246528 -0.07595487
Began 143.8062 166 280 -0.3368056 0.1736113
Stationary 143.8319 166 280 -0.3368056 0.1736113
Stationary 143.8459 166 280 -0.3368056 0.1736113
Stationary 143.8606 166 280 -0.3368056 0.1736113
Stationary 143.8751 166 280 -0.3368056 0.1736113
Stationary 143.8872 166 280 -0.3368056 0.1736113
Stationary 143.9016 166 280 -0.3368056 0.1736113
Stationary 143.9175 166 280 -0.3368056 0.1736113
Moved 143.9338 177.2287 280 -0.3173114 0.1736113
Moved 143.9501 188.3991 292.1995 -0.2979183 0.2265605
Moved 143.9674 215.6431 303.2572 -0.2506197 0.274554
Moved 143.983 232.2971 307.8378 -0.2217065 0.2944348
Moved 143.9997 250.2892 313.3198 -0.1904702 0.3182283
Moved 144.0189 266.586 316.431 -0.162177 0.3317321
Moved 144.0345 279.9567 318.6594 -0.1389641 0.3414039
Moved 144.0502 300.6933 320.1683 -0.102963 0.3479529
Moved 144.0672 314.5 321.5 -0.07899307 0.3537328
Moved 144.0847 330.2529 322.9377 -0.05164434 0.3599729
Moved 144.101 350.7712 323 -0.01602225 0.3602431
Moved 144.117 366.4883 323 0.01126438 0.3602431
Moved 144.1338 383.0059 323 0.03994085 0.3602431
Moved 144.1532 396.683 323 0.06368571 0.3602431
Moved 144.1684 420.2145 323 0.1045391 0.3602431
Moved 144.1948 430.0026 323 0.1215323 0.3602431
Moved 144.2132 447.2782 323 0.1515246 0.3602431
Moved 144.23 454.1883 323 0.1635214 0.3602431
Moved 144.2454 458.4919 316.3548 0.170993 0.3314011
Moved 144.261 460.8706 314.0647 0.1751226 0.3214615
Moved 144.2775 463.6089 312.6956 0.1798765 0.3155189
Moved 144.2931 465.6904 310.3096 0.1834903 0.3051631
Moved 144.3087 466 307.8834 0.1840278 0.2946328
Moved 144.325 467.4633 305.0734 0.1865683 0.2824365
Moved 144.3401 467 301.4896 0.1857639 0.2668822
Moved 144.3623 467 297.3603 0.1857639 0.2489597
Moved 144.378 446 290.5 0.1493056 0.2191841
Moved 144.393 429.1018 287.017 0.1199685 0.2040668
Moved 144.4081 406.1241 284.9453 0.08007661 0.1950749
Moved 144.424 385.3832 285 0.0440681 0.1953125
Moved 144.4403 373.617 285 0.02364062 0.1953125
Moved 144.4558 363.576 285 0.006208346 0.1953125
Moved 144.4711 357.0912 285 -0.005050078 0.1953125
Moved 144.4867 351.1225 285 -0.01541227 0.1953125
Moved 144.5022 348.0014 285 -0.02083085 0.1953125
Moved 144.5247 336.2209 294.5117 -0.04128318 0.2365958
Moved 144.5443 331.5858 297.2761 -0.04933022 0.2485943
Moved 144.5595 327.5 298.5 -0.05642362 0.2539063
Moved 144.5753 324.1976 300.9012 -0.06215688 0.2643281
Moved 144.5905 322.7122 302.2877 -0.06473568 0.270346
Moved 144.6059 320 302 -0.06944445 0.2690972
Moved 144.6214 320 303.7462 -0.06944445 0.2766761
Moved 144.6369 318.8651 304 -0.07141478 0.2777779
Moved 144.6521 319 305.5 -0.07118054 0.2842882
Moved 144.6667 319 305 -0.07118054 0.2821182
Stationary 144.6891 319 305 -0.07118054 0.2821182
Moved 144.7037 326.2099 305 -0.05866342 0.2821182
Moved 144.7193 335.1763 295.6826 -0.04309666 0.2416778
Moved 144.7342 343.4731 290.7043 -0.02869256 0.220071
Moved 144.7506 358.9711 280.8365 -0.00178624 0.1772421
Moved 144.7705 376.8523 266.4123 0.02925746 0.1146367
Moved 144.7876 383.6121 261.3879 0.04099325 0.09282934
Moved 144.8051 390.1754 256.8948 0.05238779 0.07332803
Moved 144.8222 395.6962 252.7278 0.06197259 0.05524212
Moved 144.8424 398.5 251 0.06684028 0.04774293
Moved 144.8706 405.5619 246.719 0.07910058 0.0291623
Moved 144.8876 408.3352 245.3324 0.08391523 0.02314422
Moved 144.9042 412.1724 245 0.09057708 0.02170139
Ended 144.9208 419.1903 245 0.102761 0.02170139
Began 145.1634 409 345 0.08506946 0.4557292
Stationary 145.1882 409 345 0.08506946 0.4557292
Stationary 145.2062 409 345 0.08506946 0.4557292
Stationary 145.2212 409 345 0.08506946 0.4557292
Stationary 145.2359 409 345 0.08506946 0.4557292
Stationary 145.2513 409 345 0.08506946 0.4557292
Stationary 145.2672 409 345 0.08506946 0.4557292
Moved 145.2915 419.0991 345 0.1026026 0.4557292
Moved 145.3088 430.6674 345 0.1226865 0.4557292
Moved 145.3254 437.6195 345 0.134756 0.4557292
Moved 145.3419 444.4933 345 0.1466899 0.4557292
Moved 145.3612 451.2996 345 0.1585062 0.4557292
Moved 145.3768 459.3032 345 0.1724014 0.4557292
Moved 145.3971 466.424 345 0.1847639 0.4557292
Moved 145.4129 474.3197 345 0.1984716 0.4557292
Moved 145.4281 481.3232 345 0.2106305 0.4557292
Moved 145.4446 489.904 345 0.2255278 0.4557292
Moved 145.4617 497.1479 345 0.238104 0.4557292
Moved 145.4773 515.5162 345 0.2699934 0.4557292
Stationary 145.4925 515.5162 345 0.2699934 0.4557292
Moved 145.5061 525.2087 336.7913 0.2868206 0.4201013
Moved 145.5293 539.1161 337 0.3109654 0.4210071
Moved 145.5458 546.1525 335.9695 0.3231814 0.4165342
Moved 145.5614 554.4617 334.5897 0.3376072 0.4105457
Moved 145.5773 558.1626 334.2094 0.3440323 0.4088949
Moved 145.5934 563.7053 332.8237 0.3536551 0.4028807
Moved 145.6093 567.1042 332.4479 0.3595559 0.4012498
Moved 145.6254 569 331.5 0.3628472 0.3971354
Moved 145.6423 570.9813 331.0187 0.3662869 0.3950468
Moved 145.6581 572.3649 331 0.368689 0.3949653
Moved 145.6738 572.7374 330.2626 0.3693358 0.3917647
Moved 145.7009 573 327 0.3697917 0.3776042
Moved 145.7178 565.8268 324.2067 0.3573382 0.3654803
Moved 145.7335 557.3205 321.4402 0.3425703 0.3534732
Moved 145.7499 551.2325 319.4108 0.3320009 0.3446651
Moved 145.7662 543.1561 316.4624 0.3179793 0.3318682
Moved 145.7822 533.9858 314.8551 0.3020588 0.3248921
Moved 145.798 526 313.5 0.2881944 0.3190103
Moved 145.8137 515.6277 313 0.270187 0.3168403
Moved 145.8291 507.2184 313 0.2555875 0.3168403
Moved 145.8452 499.6019 313 0.2423643 0.3168403
Moved 145.8716 489.486 313 0.2248021 0.3168403
Moved 145.8942 480.3457 313 0.2089334 0.3168403
Moved 145.9118 474.9748 313 0.1996091 0.3168403
Moved 145.9277 470.6822 313 0.1921565 0.3168403
Moved 145.9435 467.9339 313 0.1873852 0.3168403
Moved 145.9599 466.5702 313 0.1850177 0.3168403
Stationary 145.9787 467 313 0.1857639 0.3168403
Ended 145.9945 467 313 0.1857639 0.3168403
PhraseEnd 146.5507
