do not say anything
Basic
0.6 0.6
432 172.8
Began 335.8041 258 223 -0.2361111 -0.09837963
Stationary 335.8404 258 223 -0.2361111 -0.09837963
Stationary 335.8673 258 223 -0.2361111 -0.09837963
Stationary 335.8964 258 223 -0.2361111 -0.09837963
Moved 335.925 270.7725 223 -0.2065452 -0.09837963
Moved 335.9566 281.7491 223 -0.1811364 -0.09837963
Moved 335.9855 296.2932 223 -0.1474695 -0.09837963
Moved 336.0144 310.046 231.2092 -0.1156343 -0.05087252
Moved 336.0482 330.3863 237.462 -0.06855031 -0.01468711
Moved 336.0778 365.7427 249.4592 0.01329323 0.05474091
Moved 336.1063 390.0204 259.3826 0.06949157 0.112168
Moved 336.1342 405.5 266.5 0.1053241 0.1533567
Moved 336.1794 439.791 283.7444 0.1847014 0.2531504
Moved 336.2096 460.585 295.2925 0.2328355 0.3199796
Moved 336.2394 477.4466 304.7233 0.2718672 0.3745563
Moved 336.2693 485.6351 309.4234 0.290822 0.4017558
Moved 336.2986 490.0973 312.0486 0.301151 0.4169482
Moved 336.3269 491.4281 313.4281 0.3042317 0.4249313
Moved 336.367 494 315 0.3101851 0.4340278
Moved 336.3947 495.0485 315 0.3126121 0.4340278
Ended 336.4226 497.9203 315 0.3192601 0.4340278
Began 336.6491 392 193 0.07407407 -0.2719907
Stationary 336.6861 392 193 0.07407407 -0.2719907
Stationary 336.7129 392 193 0.07407407 -0.2719907
Stationary 336.7411 392 193 0.07407407 -0.2719907
Moved 336.769 402.3327 202.2994 0.09799242 -0.2181745
Moved 336.7969 412.5 209.5 0.1215278 -0.1765045
Moved 336.8263 427.6912 220.1274 0.1566926 -0.1150032
Moved 336.8575 441.2126 232.1594 0.1879921 -0.04537371
Moved 336.8892 452.5 242 0.2141203 0.01157425
Moved 336.9182 464.8789 253.8789 0.2427752 0.08031775
Moved 336.9481 477.9205 264.9205 0.2729641 0.1442157
Moved 336.9771 491.7265 277.7265 0.3049225 0.2183247
Moved 337.0064 503.7359 289.7358 0.332722 0.2878232
Moved 337.0367 510.9469 298.8938 0.3494141 0.3408208
Moved 337.0661 514 302.713 0.3564815 0.3629225
Moved 337.0961 515.4689 305.4689 0.3598818 0.3788713
Moved 337.1249 515 306 0.3587963 0.3819445
Moved 337.1551 504.6992 307.6602 0.3349518 0.3915519
Moved 337.2025 470.0134 310 0.2546607 0.4050926
Moved 337.2317 447.4998 312 0.2025457 0.4166669
Moved 337.2604 423.7645 313 0.147603 0.4224537
Moved 337.2885 414.1239 313 0.1252869 0.4224537
Moved 337.3182 394.7305 314 0.08039475 0.4282409
Moved 337.3456 380.4293 315 0.04729012 0.4340278
Moved 337.378 368.4725 315 0.01961221 0.4340278
Moved 337.4083 360.7095 316.1453 0.001642406 0.4406555
Moved 337.4351 356.0891 316.9108 -0.009052902 0.4450859
Moved 337.4619 354.7119 317 -0.01224096 0.4456021
Ended 337.5065 355 321 -0.01157408 0.46875
Began 337.9427 253 235 -0.2476852 -0.02893519
Stationary 337.9797 253 235 -0.2476852 -0.02893519
Stationary 338.0069 253 235 -0.2476852 -0.02893519
Moved 338.0365 239.7699 235 -0.2783103 -0.02893519
Moved 338.0663 230.7831 235 -0.2991132 -0.02893519
Moved 338.0976 218.3804 235 -0.3278232 -0.02893519
Moved 338.1281 206.71 235 -0.3548379 -0.02893519
Moved 338.1582 196.5393 242.8202 -0.3783811 0.01632072
Moved 338.1878 190.5704 244.2148 -0.3921983 0.02439163
Moved 338.2185 185.0226 244 -0.4050402 0.02314815
Moved 338.2484 182.2841 245.7158 -0.4113793 0.03307784
Moved 338.2851 182 247.2361 -0.412037 0.04187566
Moved 338.3137 182 249.9391 -0.412037 0.05751787
Moved 338.3419 197.2961 256.0987 -0.3766293 0.09316374
Moved 338.3724 226.9023 264.8161 -0.3080965 0.1436117
Moved 338.4055 251.2789 268.8398 -0.2516692 0.1668969
Moved 338.4444 281.8578 273.3096 -0.1808847 0.1927641
Moved 338.4748 309.211 276.4211 -0.1175672 0.2107703
Moved 338.503 327.339 279.3826 -0.07560417 0.2279084
Moved 338.5342 340.5624 280.5938 -0.0449945 0.2349177
Moved 338.5709 357.9268 284.7317 -0.004799018 0.258864
Moved 338.6164 369.7422 288.8711 0.02255142 0.2828189
Moved 338.6443 370.9556 289 0.02536019 0.283565
Moved 338.6727 374.6986 290 0.03402452 0.2893519
Moved 338.7035 378.4649 291 0.04274279 0.2951389
Moved 338.7342 381.2133 292.2133 0.04910489 0.3021606
Moved 338.7656 382.5 292 0.05208333 0.3009261
Moved 338.7975 385.3736 292 0.05873521 0.3009261
Ended 338.8268 389 292 0.06712963 0.3009261
Began 339.0975 197 285 -0.3773148 0.2604167
Stationary 339.1373 197 285 -0.3773148 0.2604167
Stationary 339.1655 197 285 -0.3773148 0.2604167
Stationary 339.1941 197 285 -0.3773148 0.2604167
Moved 339.2248 211.0318 276.9152 -0.3448338 0.2136298
Moved 339.2547 220.0912 272.4544 -0.3238629 0.1878149
Moved 339.2843 232.5 267 -0.2951389 0.1562502
Moved 339.3156 246.4998 259.4001 -0.262732 0.1122692
Moved 339.3462 260.4164 251.7917 -0.2305176 0.06823947
Moved 339.3756 276.9398 245.02 -0.1922689 0.02905122
Moved 339.4055 296.9406 236.2723 -0.1459709 -0.02157194
Moved 339.4408 316.2449 230.5015 -0.1012849 -0.0549682
Moved 339.4823 349.4341 218.3915 -0.02445812 -0.1250491
Moved 339.5134 366 213 0.01388888 -0.15625
Moved 339.5429 380.3163 207.3419 0.04702836 -0.1889935
Moved 339.5878 398.6091 196.6954 0.0893729 -0.250605
Moved 339.6171 406.7232 191.1846 0.1081555 -0.2824967
Moved 339.6445 409.5847 191 0.1147795 -0.2835648
Moved 339.6731 413.5699 189 0.1240045 -0.2951387
Moved 339.7014 416.4791 188 0.1307386 -0.3009259
Moved 339.7302 418.2333 186.7666 0.1347994 -0.3080639
Moved 339.7628 420 187 0.1388889 -0.3067128
Moved 339.7937 421.3604 186 0.1420381 -0.3125
Stationary 339.8271 421 186 0.1412037 -0.3125
Moved 339.8572 400.1266 200.8892 0.0928857 -0.2263359
Moved 339.9054 373.7204 230.9915 0.03176014 -0.05213279
Moved 339.9345 365.5 244.5 0.01273145 0.02604167
Moved 339.9625 361.6641 261.0157 0.00385195 0.1216187
Moved 339.992 358.9037 273.3854 -0.002537817 0.1932024
Moved 340.0208 358 279.1186 -0.004629641 0.2263808
Moved 340.0512 358 285.5313 -0.004629641 0.2634916
Moved 340.0834 358 290.0355 -0.004629641 0.2895574
Moved 340.1114 358 293.782 -0.004629641 0.3112387
Moved 340.1384 358 294.8851 -0.004629641 0.3176225
Moved 340.1654 358 296.2363 -0.004629641 0.3254414
Moved 340.2091 358 299.3586 -0.004629641 0.3435105
Stationary 340.2366 358 299 -0.004629641 0.3414354
Stationary 340.263 358 299 -0.004629641 0.3414354
Stationary 340.2916 358 299 -0.004629641 0.3414354
Moved 340.3183 347.7209 300 -0.02842387 0.3472222
Moved 340.3466 339.3397 301.8301 -0.04782473 0.3578133
Moved 340.3765 335.715 303.285 -0.05621523 0.3662325
Moved 340.4038 335 303 -0.05787035 0.3645834
Stationary 340.4312 335 303 -0.05787035 0.3645834
Moved 340.4577 347.0052 303 -0.03008068 0.3645834
Moved 340.5191 382.4413 273.9656 0.05194753 0.1965601
Moved 340.5484 395.6772 257.9842 0.08258611 0.1040752
Moved 340.579 402.8622 251.1378 0.09921819 0.06445497
Moved 340.6103 406.3302 248.6698 0.1072457 0.05017263
Moved 340.641 410.0927 245.9072 0.1159554 0.03418534
Moved 340.6734 420.2741 246 0.1395233 0.03472222
Moved 340.704 441 262 0.1875 0.127315
Moved 340.7353 461.361 282.361 0.2346319 0.245145
Moved 340.7654 474.4387 294.4387 0.2649044 0.3150387
Moved 340.7956 478.5771 298.5771 0.274484 0.3389878
Moved 340.8415 479 299 0.275463 0.3414354
Stationary 340.8733 479 299 0.275463 0.3414354
Moved 340.9008 465.4314 276.755 0.2440542 0.2127026
Moved 340.9294 455 255.5 0.2199073 0.08969907
Moved 340.958 443.5977 234.0613 0.1935131 -0.0343676
Moved 340.9864 430.4641 209.0443 0.1631115 -0.1791417
Moved 341.0151 426.2331 200.4662 0.1533173 -0.2287837
Moved 341.0437 418.9412 186.9216 0.1364379 -0.3071665
Moved 341.0751 414.0716 178.6074 0.1251657 -0.3552811
Moved 341.1041 410.7693 173.7694 0.1175217 -0.3832787
Moved 341.1561 403.5 169 0.1006944 -0.4108795
Moved 341.1871 392.162 169 0.07444898 -0.4108795
Moved 341.2184 380.3105 190.6118 0.04701515 -0.2858115
Moved 341.2495 369.2346 205.8395 0.02137641 -0.1976882
Moved 341.2803 360.5873 218.5159 0.001359483 -0.1243295
Moved 341.3118 352.2147 231.5706 -0.01802156 -0.0487815
Moved 341.3428 347.3494 237.3013 -0.02928386 -0.01561765
Moved 341.3737 344.5849 242.8302 -0.03568301 0.01637847
Moved 341.4047 343 245.6688 -0.03935183 0.03280569
Moved 341.4353 341.4015 248.5985 -0.04305204 0.0497599
Moved 341.4839 340 251.5 -0.04629632 0.0665511
Moved 341.5133 338.8364 253.1636 -0.04898991 0.0761781
Moved 341.5464 339 253.9736 -0.04861111 0.08086593
Moved 341.5766 338 254.7349 -0.05092591 0.08527138
Moved 341.6072 338 255.5 -0.05092591 0.08969907
Moved 341.636 338 256.2394 -0.05092591 0.09397808
Moved 341.668 338 260.1614 -0.05092591 0.116675
Ended 341.6982 338 262.5 -0.05092591 0.1302083
Backspace 342.9172
Began 343.6246 324 256 -0.08333336 0.0925926
Stationary 343.668 324 256 -0.08333336 0.0925926
Stationary 343.7032 324 256 -0.08333336 0.0925926
Stationary 343.7304 324 256 -0.08333336 0.0925926
Stationary 343.7565 324 256 -0.08333336 0.0925926
Stationary 343.7837 324 256 -0.08333336 0.0925926
Stationary 343.813 324 256 -0.08333336 0.0925926
Stationary 343.8409 324 256 -0.08333336 0.0925926
Stationary 343.8705 324 256 -0.08333336 0.0925926
Stationary 343.9051 324 256 -0.08333336 0.0925926
Stationary 343.9326 324 256 -0.08333336 0.0925926
Moved 343.9608 341.5 256 -0.04282405 0.0925926
Moved 343.9976 363.308 256 0.007657508 0.0925926
Moved 344.0253 384.648 256 0.05705555 0.0925926
Moved 344.0525 404.001 261.001 0.1018542 0.1215334
Moved 344.0843 421.0092 264.1442 0.1412248 0.1397232
Moved 344.1137 441.6368 266.9481 0.188974 0.15595
Moved 344.1429 454.0131 268.3348 0.2176228 0.1639744
Moved 344.1713 470.4718 271.0944 0.2557218 0.1799442
Moved 344.2008 478.5 272 0.2743055 0.1851854
Moved 344.2291 484.604 274 0.2884351 0.1967594
Moved 344.2562 489.1341 276.0671 0.2989216 0.2087217
Moved 344.3003 493.2005 278.2006 0.3083345 0.2210681
Moved 344.3272 494.1721 278 0.3105836 0.2199074
Moved 344.3557 497.9954 279.9954 0.3194337 0.2314546
Moved 344.3832 500.7519 282 0.3258145 0.2430556
Moved 344.411 502.5209 283.5209 0.3299095 0.2518573
Moved 344.4405 503.5 284.5 0.3321759 0.2575233
Moved 344.4686 506.7285 287.7285 0.3396493 0.2762063
Ended 344.4964 509.2337 289.1169 0.3454484 0.2842414
Began 345.4431 200 249 -0.3703704 0.05208351
Stationary 345.4857 200 249 -0.3703704 0.05208351
Stationary 345.5135 200 249 -0.3703704 0.05208351
Stationary 345.5443 200 249 -0.3703704 0.05208351
Moved 345.5814 214.2722 249 -0.3373328 0.05208351
Moved 345.6142 221.7856 249 -0.3199408 0.05208351
Moved 345.6466 231.8053 249 -0.2967471 0.05208351
Moved 345.6814 246 249 -0.2638889 0.05208351
Moved 345.721 276.0034 260.1438 -0.1944366 0.1165729
Moved 345.752 292.6656 263.3331 -0.1558665 0.1350297
Moved 345.7819 310.7066 266.101 -0.1141051 0.1510474
Moved 345.8141 328.5 269.5 -0.07291664 0.1707176
Moved 345.8521 349.1544 277.9233 -0.02510558 0.2194636
Moved 345.8816 364.4411 281.0735 0.01028041 0.237694
Moved 345.9096 377.5 284.5 0.04050931 0.2575233
Moved 345.9382 388.9853 289.4926 0.06709556 0.2864156
Moved 345.967 397.0376 292.0125 0.08573522 0.3009985
Moved 345.9952 405.3362 293.7787 0.1049449 0.3112196
Moved 346.0259 414.7 295.175 0.1266204 0.3192997
Moved 346.055 427.9908 296.9982 0.1573862 0.3298506
Moved 346.0865 439.8306 297 0.1847931 0.3298613
Moved 346.1174 453.5 298 0.2164352 0.3356482
Moved 346.1652 466.0065 299 0.2453854 0.3414354
Moved 346.2086 472.4804 300 0.2603712 0.3472222
Moved 346.2381 475.2478 300 0.2667773 0.3472222
Ended 346.2679 479 301 0.275463 0.3530091
Backspace 346.8914
Began 347.0923 266 200 -0.2175926 -0.2314815
Stationary 347.1308 266 200 -0.2175926 -0.2314815
Stationary 347.1608 266 200 -0.2175926 -0.2314815
Stationary 347.1887 266 200 -0.2175926 -0.2314815
Stationary 347.2168 266 200 -0.2175926 -0.2314815
Stationary 347.2458 266 200 -0.2175926 -0.2314815
Stationary 347.2743 266 200 -0.2175926 -0.2314815
Moved 347.3039 279.4563 207.7281 -0.1864438 -0.1867584
Moved 347.3349 285.4008 210.1335 -0.1726834 -0.1728381
Moved 347.3657 298.5125 214.9025 -0.1423323 -0.1452404
Moved 347.4064 318.2856 221.3214 -0.09656101 -0.1080937
Moved 347.4387 337.6952 226.77 -0.05163148 -0.07656239
Moved 347.4715 376.3167 237.5148 0.03777007 -0.01438212
Moved 347.5011 393.0881 242.0294 0.07659286 0.01174432
Moved 347.5313 399.8952 243.379 0.09235005 0.01955456
Moved 347.5745 424.4439 249.4125 0.1491756 0.05447035
Moved 347.6028 439.7575 253.9192 0.1846238 0.08055087
Moved 347.6311 452.8748 257.7187 0.2149879 0.1025387
Moved 347.6585 463.9778 261.9889 0.2406892 0.1272507
Moved 347.6869 471.8761 263.969 0.2589723 0.1387095
Moved 347.7166 479.4434 266.7217 0.2764894 0.1546394
Moved 347.7448 482.2105 268.1053 0.2828947 0.1626463
Moved 347.779 487.9476 270 0.2961749 0.1736111
Moved 347.8292 493.0753 272 0.3080446 0.1851854
Moved 347.8594 496.8423 274 0.3167645 0.1967594
Moved 347.9089 499.6313 276 0.3232207 0.2083332
Moved 347.9389 501.0123 277.0123 0.3264174 0.2141919
Ended 347.971 505 278.5 0.3356481 0.2228009
Began 348.2144 371 166 0.025463 -0.4282407
Stationary 348.2534 371 166 0.025463 -0.4282407
Stationary 348.2834 371 166 0.025463 -0.4282407
Stationary 348.3117 371 166 0.025463 -0.4282407
Moved 348.3406 387.6594 177.7445 0.06402642 -0.3602747
Moved 348.3708 397.0207 186.0206 0.08569609 -0.3123806
Moved 348.4009 406.6969 194.2727 0.1080947 -0.2646255
Moved 348.4331 417.7954 203.5966 0.1337857 -0.2106679
Moved 348.4666 428.4745 213.4745 0.1585056 -0.153504
Moved 348.4978 438.1582 223.1582 0.1809219 -0.09746411
Moved 348.5311 448.4336 236.7227 0.2047074 -0.01896611
Moved 348.5638 471.9768 262.9769 0.2592056 0.132968
Moved 348.6053 491.5507 285.5507 0.3045155 0.2636037
Moved 348.637 502 298 0.3287037 0.3356482
Moved 348.6706 505.2894 302.2894 0.3363181 0.3604712
Moved 348.7061 508.1091 306.1091 0.3428452 0.382576
Moved 348.7385 508 307.3586 0.3425926 0.3898066
Stationary 348.769 508 307 0.3425926 0.3877315
Moved 348.7996 479.3206 307 0.2762049 0.3877315
Moved 348.8403 446.1766 301.2697 0.1994828 0.3545698
Moved 348.873 405.3866 296.043 0.1050615 0.3243228
Moved 348.9047 388.8957 294.6994 0.06688812 0.3165475
Moved 348.9557 362.3792 293 0.00550737 0.306713
Moved 348.987 355.1053 293 -0.0113302 0.306713
Moved 349.0204 351.4325 293 -0.0198321 0.306713
Moved 349.0494 348.5287 293 -0.02655402 0.306713
Moved 349.08 346.8798 300.8412 -0.0303708 0.3520902
Moved 349.1104 345.6409 301.3591 -0.03323868 0.3550876
Moved 349.1416 346 302.144 -0.03240739 0.3596295
Moved 349.1718 345 303.5 -0.03472224 0.3674769
Moved 349.2038 345 305.006 -0.03472224 0.376192
Ended 349.2328 345 306 -0.03472224 0.3819445
Began 349.5099 293 228 -0.1550926 -0.06944445
Stationary 349.5567 293 228 -0.1550926 -0.06944445
Stationary 349.5855 293 228 -0.1550926 -0.06944445
Moved 349.6189 280.894 228 -0.1831159 -0.06944445
Moved 349.6483 269.2048 228 -0.2101741 -0.06944445
Moved 349.6782 256.2374 228 -0.2401912 -0.06944445
Moved 349.7076 246.9976 228 -0.2615797 -0.06944445
Moved 349.7399 239.7978 228 -0.2782459 -0.06944445
Moved 349.7714 229.6889 228 -0.3016459 -0.06944445
Moved 349.8013 220.2952 231.9778 -0.3233907 -0.04642487
Moved 349.8316 214.3777 236 -0.3370887 -0.02314815
Moved 349.8687 210.2991 238 -0.3465299 -0.01157407
Moved 349.9 209 240.4554 -0.349537 0.002635673
Moved 349.9304 207 242.1891 -0.3541667 0.0126685
Moved 349.9616 207 244.9412 -0.3541667 0.02859486
Moved 350.0073 222.1024 255.9156 -0.3192073 0.09210446
Moved 350.0395 254.6998 269.1922 -0.2437506 0.1689365
Moved 350.0714 292.8208 284.0849 -0.1555074 0.255121
Moved 350.103 331.2683 294.0894 -0.0665086 0.3130177
Moved 350.1338 348.9344 297.7869 -0.0256149 0.3344148
Moved 350.165 359.5 300.5 -0.001157423 0.3501157
Moved 350.201 364.9426 301 0.01144121 0.3530091
Moved 350.2315 368.4523 302 0.01956552 0.3587963
Moved 350.2626 371.4815 302 0.02657761 0.3587963
Ended 350.2928 381.5 303 0.04976849 0.3645834
Began 350.6043 171 249 -0.4375 0.05208351
Stationary 350.6435 171 249 -0.4375 0.05208351
Stationary 350.6725 171 249 -0.4375 0.05208351
Stationary 350.7013 171 249 -0.4375 0.05208351
Moved 350.7343 202.2557 249 -0.3651488 0.05208351
Moved 350.7653 222.0323 239.9907 -0.3193697 -5.351173E-05
Moved 350.7988 245.6533 234.4694 -0.2646914 -0.03200602
Moved 350.8296 267 228 -0.2152778 -0.06944445
Moved 350.8606 283.6909 222.0883 -0.1766414 -0.1036559
Moved 350.8951 307.0226 217.5649 -0.1226328 -0.1298327
Moved 350.9317 326.3983 214.5145 -0.07778172 -0.1474852
Moved 350.9653 353.3285 209.6674 -0.01544337 -0.1755361
Moved 351.0066 374.7136 205.8981 0.03405929 -0.1973493
Moved 351.0457 392.9604 199.7599 0.07629722 -0.2328708
Moved 351.0771 399.0359 197.3214 0.09036104 -0.2469826
Moved 351.1082 405.8779 193.561 0.1061989 -0.268744
Moved 351.1412 412.395 188.605 0.1212847 -0.2974249
Moved 351.173 417.9149 183.0852 0.1340622 -0.329368
Moved 351.2047 422.7393 178.2607 0.1452298 -0.3572872
Moved 351.2361 426.1075 174.8925 0.1530267 -0.3767796
Moved 351.2686 426 174 0.1527777 -0.3819443
Stationary 351.301 426 174 0.1527777 -0.3819443
Moved 351.3492 380.5434 231.9133 0.04755408 -0.04679786
Moved 351.3789 376.3549 240.2902 0.03785858 0.001679173
Moved 351.4077 372.0581 251.8839 0.02791226 0.06877282
Moved 351.4397 369.6106 260.1683 0.02224664 0.1167146
Moved 351.4724 369 271 0.02083332 0.1793981
Moved 351.504 367.7048 274.2952 0.0178353 0.1984674
Moved 351.5347 367.2415 276.7585 0.01676281 0.2127229
Moved 351.5651 365.5 278.5 0.01273145 0.2228009
Moved 351.5998 362.7148 280.2852 0.006284217 0.233132
Moved 351.63 356.8767 280 -0.007229845 0.2314817
Moved 351.6796 335.9449 280 -0.0556832 0.2314817
Moved 351.7131 325.1469 280 -0.08067846 0.2314817
Moved 351.7441 321.6174 280 -0.08884852 0.2314817
Moved 351.7762 320.5 280 -0.09143516 0.2314817
Moved 351.8069 321 271.0895 -0.09027779 0.1799165
Moved 351.8385 341.9203 264.0399 -0.04185125 0.1391196
Moved 351.8721 354.3597 255.7842 -0.01305625 0.09134363
Moved 351.9012 363 249.5 0.006944438 0.05497703
Moved 351.9366 372.9748 247 0.03003418 0.04050944
Moved 351.9661 383.702 247 0.05486568 0.04050944
Moved 352.0168 427.6532 275.9899 0.1566046 0.2082751
Moved 352.0497 451.868 293.912 0.2126572 0.3119907
Moved 352.0841 465.2157 302.4771 0.2435548 0.3615574
Moved 352.1163 470.3207 306.1603 0.255372 0.3828725
Moved 352.147 472 307 0.2592593 0.3877315
Moved 352.1814 473.3624 307 0.2624129 0.3877315
Moved 352.2129 473 279 0.2615741 0.2256946
Moved 352.2441 452.7395 245.8486 0.2146747 0.03384608
Moved 352.2766 443.7403 226.4805 0.1938432 -0.07823786
Moved 352.3184 431.3297 200.8827 0.1651149 -0.2263733
Moved 352.3721 422.9836 189.9918 0.1457954 -0.289399
Moved 352.4047 418.4381 186.2191 0.1352734 -0.311232
Moved 352.4359 413.9196 185 0.1248138 -0.318287
Moved 352.4677 406.0894 185 0.1066883 -0.318287
Moved 352.4986 396.0378 198.9623 0.08342068 -0.2374866
Moved 352.5303 382.5366 211.4634 0.05216807 -0.1651423
Moved 352.5615 370.9274 223.8044 0.02529482 -0.09372429
Moved 352.5921 364.6164 232.3835 0.01068612 -0.04407671
Moved 352.6433 360 242.6736 0 0.01547213
Ended 352.676 360 249.5 0 0.05497703
PhraseEnd 353.2664
