one heck of a question
Basic
0.6 0.6
432 172.8
Began 296.4518 512 300 0.3518519 0.3472222
Stationary 296.4873 512 300 0.3518519 0.3472222
Stationary 296.5162 512 300 0.3518519 0.3472222
Stationary 296.5449 512 300 0.3518519 0.3472222
Moved 296.5713 503.8507 293.6616 0.3329877 0.3105418
Moved 296.5974 500.423 290.423 0.3250531 0.2917996
Moved 296.6249 494.8628 285.8628 0.3121824 0.2654099
Moved 296.653 489.4656 280.4656 0.299689 0.2341762
Moved 296.6804 483.347 273.347 0.2855255 0.1929806
Moved 296.7106 474.8481 260.7468 0.265852 0.1200623
Moved 296.7372 469.3253 251.0693 0.2530679 0.06405883
Moved 296.7637 458.2358 233.6626 0.2273977 -0.03667461
Moved 296.7916 448.17 218.0476 0.2040973 -0.1270393
Moved 296.8186 435.2023 199.4832 0.1740793 -0.2344725
Moved 296.8455 431.0225 193.2781 0.1644038 -0.2703815
Moved 296.8712 424.4921 183.9841 0.1492872 -0.3241659
Moved 296.8962 419.4497 178.7249 0.137615 -0.3546016
Moved 296.9211 418.7382 176.4764 0.135968 -0.367613
Moved 296.9568 413.5127 172.5127 0.123872 -0.3905514
Moved 296.9994 402.9679 172 0.09946276 -0.3935184
Moved 297.0344 377.4052 180.5287 0.04028986 -0.3441626
Moved 297.062 358.0699 192.2867 -0.004467865 -0.2761182
Moved 297.089 347.3165 199.0522 -0.02935996 -0.2369662
Moved 297.1157 328.1883 213.8655 -0.07363826 -0.1512415
Moved 297.1444 311.5605 228.0909 -0.1121284 -0.06891816
Moved 297.1737 287.3245 243.0472 -0.1682303 0.01763467
Moved 297.2016 273.1476 249.9409 -0.2010471 0.05752846
Moved 297.2279 266.2798 254.0321 -0.2169448 0.08120432
Moved 297.2542 256.67 256.8325 -0.2391899 0.09741042
Moved 297.2942 245.173 260.9135 -0.2658032 0.1210273
Moved 297.3197 242.4113 262.2944 -0.2721961 0.1290185
Moved 297.347 237.9358 266.0642 -0.282556 0.1508345
Moved 297.3777 235.6505 269.699 -0.2878461 0.1718692
Moved 297.4039 233.7616 273.4768 -0.2922185 0.1937315
Moved 297.4297 233.3797 274.6203 -0.2931025 0.200349
Moved 297.4581 233 276.191 -0.2939815 0.2094385
Moved 297.4866 233 278.5 -0.2939815 0.2228009
Moved 297.5137 233 279.0961 -0.2939815 0.2262504
Moved 297.5406 233 287.809 -0.2939815 0.2766726
Ended 297.5837 233 287.809 -0.2939815 0.2766726
Began 297.7588 372 244 0.02777775 0.02314815
Stationary 297.7841 372 244 0.02777775 0.02314815
Stationary 297.8105 372 244 0.02777775 0.02314815
Stationary 297.835 372 244 0.02777775 0.02314815
Stationary 297.8596 372 244 0.02777775 0.02314815
Moved 297.8846 359.7512 244 -0.0005758802 0.02314815
Moved 297.9104 347.8656 244 -0.02808889 0.02314815
Moved 297.936 340.9506 244 -0.04409576 0.02314815
Moved 297.9749 316 263 -0.1018519 0.1331019
Moved 298.0062 297.8129 271.0702 -0.1439517 0.1798044
Moved 298.0313 289.6063 275.1968 -0.1629483 0.2036854
Moved 298.056 277.3524 279.1619 -0.1913139 0.2266312
Moved 298.0824 261.3854 283.9229 -0.2282746 0.2541835
Moved 298.1097 245.114 288.5389 -0.2659399 0.2808963
Moved 298.136 237.043 289.7393 -0.2846227 0.2878429
Moved 298.1621 228.5112 290 -0.3043721 0.2893519
Moved 298.1898 225.7201 291.2799 -0.3108331 0.2967587
Moved 298.2187 225 291 -0.3125 0.2951389
Moved 298.2496 225 280.9958 -0.3125 0.2372447
Moved 298.2921 240.9221 258.3403 -0.2756434 0.1061358
Moved 298.3193 256.7685 231.4167 -0.2389619 -0.0496716
Moved 298.3459 269.5168 211.2698 -0.2094519 -0.1662629
Moved 298.3752 281.6515 193.1857 -0.1813624 -0.2709163
Moved 298.4031 292.6911 181.309 -0.1558077 -0.3396471
Moved 298.4308 300.7782 175.8146 -0.1370875 -0.3714433
Moved 298.4567 313.9376 168.4249 -0.1066259 -0.4142074
Moved 298.4837 330.3416 167 -0.06865382 -0.4224537
Moved 298.5124 360.809 178.2982 0.001872679 -0.3570703
Moved 298.5384 377.3542 183.5417 0.04017184 -0.3267258
Moved 298.5853 412.3884 199.506 0.1212694 -0.2343402
Moved 298.613 434.7155 211.9802 0.1729524 -0.1621517
Moved 298.6402 452.0084 221.0042 0.2129824 -0.1099297
Moved 298.6671 465.0396 225.5198 0.2431473 -0.08379743
Moved 298.6942 473.6046 228.2015 0.2629736 -0.06827814
Moved 298.7203 477.5 228 0.2719907 -0.06944445
Moved 298.7534 481.351 230.351 0.280905 -0.05583922
Moved 298.7795 486.243 232.1215 0.2922291 -0.04559323
Moved 298.8064 489.3861 233.3861 0.2995049 -0.03827466
Ended 298.8319 493 234 0.3078704 -0.03472205
Began 299.1934 527 318 0.3865741 0.4513889
Stationary 299.2279 527 318 0.3865741 0.4513889
Stationary 299.253 527 318 0.3865741 0.4513889
Stationary 299.2773 527 318 0.3865741 0.4513889
Stationary 299.3015 527 318 0.3865741 0.4513889
Stationary 299.3265 527 318 0.3865741 0.4513889
Moved 299.3516 514.3143 318 0.3572091 0.4513889
Moved 299.3774 503.6793 309.0076 0.3325909 0.3993494
Moved 299.4046 487.4319 302.144 0.2949812 0.3596295
Moved 299.4336 472.2152 295.3038 0.2597573 0.320045
Moved 299.4586 462.4517 290.1153 0.2371568 0.2900191
Moved 299.4842 439.0361 281.0145 0.182954 0.2373524
Moved 299.5104 411.3098 269.9239 0.1187727 0.1731708
Moved 299.5349 398.6933 264.4193 0.08956771 0.1413153
Moved 299.561 379.0412 260.3801 0.04407684 0.1179406
Moved 299.5884 362.6898 257.615 0.0062265 0.1019386
Moved 299.614 355.1617 257 -0.01119981 0.09837963
Moved 299.6394 341.5 254.5 -0.04282405 0.08391222
Moved 299.6643 329.0901 253.0181 -0.07155056 0.07533621
Moved 299.7049 319.539 252 -0.09365971 0.06944445
Moved 299.7314 313 250.5 -0.1087963 0.06076389
Moved 299.7574 307.4809 251 -0.1215719 0.06365723
Stationary 299.7831 306.7892 251 -0.1231732 0.06365723
Moved 299.8109 303.9434 251 -0.1297608 0.06365723
Moved 299.8372 302.5 251 -0.1331019 0.06365723
Stationary 299.862 302.5 251 -0.1331019 0.06365723
Ended 299.889 303 265 -0.1319445 0.1446759
Began 300.161 158 216 -0.4675925 -0.1388889
Stationary 300.197 158 216 -0.4675925 -0.1388889
Stationary 300.2224 158 216 -0.4675925 -0.1388889
Ended 300.2487 158 216 -0.4675925 -0.1388889
Began 300.6859 184 309 -0.4074074 0.3993057
Stationary 300.7269 184 309 -0.4074074 0.3993057
Stationary 300.7612 184 309 -0.4074074 0.3993057
Stationary 300.7868 184 309 -0.4074074 0.3993057
Moved 300.8129 201.3814 309 -0.3671726 0.3993057
Moved 300.8404 216.8359 309 -0.3313983 0.3993057
Moved 300.8679 235.871 309 -0.2873357 0.3993057
Moved 300.8943 249.332 309 -0.256176 0.3993057
Moved 300.923 269.3344 309 -0.209874 0.3993057
Moved 300.9504 295.8527 300.0164 -0.1484891 0.3473169
Moved 300.9784 321.7348 296.2517 -0.08857682 0.3255307
Moved 301.0062 348 293.5 -0.0277778 0.3096065
Moved 301.0321 356.5 292.5 -0.008101861 0.3038196
Moved 301.0588 372.4769 290.7046 0.02888183 0.2934293
Moved 301.108 387.3167 290 0.06323317 0.2893519
Moved 301.1343 391.1942 287.8058 0.07220875 0.2766544
Moved 301.1606 393 287.3579 0.07638891 0.274062
Moved 301.1862 393 285.9952 0.07638891 0.266176
Moved 301.212 393 284.2145 0.07638891 0.255871
Moved 301.2376 393 281.5 0.07638891 0.2401621
Moved 301.2625 393 280.5 0.07638891 0.234375
Moved 301.2883 382.0676 276.6334 0.05108247 0.211999
Moved 301.3145 370.1367 272.8766 0.02346456 0.1902586
Moved 301.3384 357.3897 273 -0.006042272 0.1909722
Moved 301.3813 319.476 273 -0.09380559 0.1909722
Moved 301.4104 287.8378 282.0331 -0.1670422 0.243247
Moved 301.4358 264.8653 285.7527 -0.2202192 0.264773
Moved 301.4616 256.5503 287.2416 -0.239467 0.2733891
Moved 301.4884 246.9387 289.7653 -0.261716 0.2879938
Moved 301.517 241.1335 290 -0.275154 0.2893519
Moved 301.5433 237.8217 291 -0.2828201 0.2951389
Moved 301.5691 236.5 291 -0.2858796 0.2951389
Moved 301.5945 234 259.1324 -0.2916667 0.1107198
Moved 301.6198 234 234.4139 -0.2916667 -0.03232674
Moved 301.6655 234 219.5345 -0.2916667 -0.1184343
Moved 301.6906 234 216.7689 -0.2916667 -0.1344391
Moved 301.7163 248.5533 216 -0.2579785 -0.1388889
Moved 301.7433 288.2779 234.1389 -0.1660233 -0.03391831
Moved 301.7688 307.716 244.7701 -0.1210278 0.02760499
Moved 301.7947 335.2639 260.9244 -0.05725941 0.1210901
Moved 301.8213 360.1663 273.4072 0.0003849467 0.1933289
Moved 301.8476 371.2607 278.4821 0.0260663 0.2226976
Moved 301.8732 388.8923 285.2974 0.06688029 0.2621379
Moved 301.898 405.5331 288 0.1054006 0.2777778
Moved 301.9374 423.8291 290.6899 0.1477527 0.2933442
Moved 301.9626 437.774 291 0.1800326 0.2951389
Moved 301.9867 444.6561 291 0.1959632 0.2951389
Moved 302.0114 456.1352 291 0.2225352 0.2951389
Moved 302.0361 468.208 280.896 0.2504815 0.2366666
Moved 302.0645 473.7808 279.5548 0.2633815 0.2289053
Moved 302.0923 483.66 275.1133 0.2862499 0.2032022
Moved 302.1367 492.052 268.974 0.305676 0.1676738
Moved 302.1664 493.7871 263.6387 0.3096924 0.1367981
Moved 302.1947 494 252.6437 0.3101851 0.07316943
Moved 302.237 483.3008 227.2522 0.2854186 -0.07377201
Moved 302.2616 478.8415 219.4025 0.275096 -0.1191987
Moved 302.2874 468.059 203.5737 0.2501366 -0.2108002
Moved 302.3133 461.1501 195.2251 0.2341437 -0.259114
Moved 302.3383 458.3997 192.3998 0.2277772 -0.2754641
Moved 302.3648 454.9281 189.9281 0.2197409 -0.289768
Ended 302.3899 455 190 0.2199073 -0.2893519
PhraseEnd 303.0271
