all work and no play
Basic
0.4 0.4
288 115.2
Began 483.3789 222 215 -0.4791667 -0.2170139
Stationary 483.4426 222 215 -0.4791667 -0.2170139
Stationary 483.4804 222 215 -0.4791667 -0.2170139
Moved 483.5177 236.9399 215 -0.4272922 -0.2170139
Moved 483.5552 250.7491 215 -0.3793433 -0.2170139
Moved 483.5941 273.4568 215 -0.3004974 -0.2170139
Moved 483.6365 298.9159 215 -0.2120976 -0.2170139
Moved 483.676 317.8278 215 -0.1464314 -0.2170139
Moved 483.7181 343.5 215 -0.05729169 -0.2170139
Moved 483.7598 366.9545 215 0.02414763 -0.2170139
Moved 483.8082 396.231 224.0577 0.125802 -0.1383877
Moved 483.8532 423.1817 231.7273 0.2193809 -0.07181142
Moved 483.8943 437.6138 235.1228 0.2694923 -0.04233678
Moved 483.9354 451.7735 240.2578 0.3186579 0.002237691
Moved 483.978 461.1172 243 0.3511013 0.02604167
Moved 484.0184 464.825 244 0.3639758 0.03472222
Moved 484.0579 469.9631 245 0.3818165 0.04340278
Moved 484.097 472.812 246 0.3917083 0.05208334
Ended 484.1599 475.3708 247.1854 0.400593 0.06237375
Began 484.3935 262 272 -0.3402778 0.2777781
Stationary 484.4661 262 272 -0.3402778 0.2777781
Stationary 484.5058 262 272 -0.3402778 0.2777781
Moved 484.5504 286.1617 272 -0.2563831 0.2777781
Moved 484.594 313.2316 272 -0.1623904 0.2777781
Moved 484.6341 324.7781 272 -0.1222984 0.2777781
Moved 484.6751 346.101 272 -0.04826047 0.2777781
Moved 484.7174 371.2322 279 0.03900081 0.338542
Moved 484.7581 391.4798 280 0.1093048 0.3472225
Moved 484.7982 410.2273 280 0.1744004 0.3472225
Moved 484.8463 431.3986 280 0.2479117 0.3472225
Moved 484.902 449.5645 280 0.3109879 0.3472225
Moved 484.9437 459.8272 280 0.3466223 0.3472225
Moved 484.981 462.2962 280 0.3551951 0.3472225
Moved 485.0175 463 280 0.3576389 0.3472225
Moved 485.0548 450.4402 280 0.3140286 0.3472225
Moved 485.0926 425.3203 271.2109 0.2268064 0.2709286
Moved 485.131 384.1843 271 0.08397342 0.2690972
Moved 485.1688 354.0375 271 -0.020703 0.2690972
Moved 485.2095 329.4634 279.3073 -0.10603 0.3412093
Moved 485.2528 319.4417 281 -0.1408274 0.3559028
Moved 485.3201 317 283.8134 -0.1493056 0.3803245
Moved 485.3618 317 284 -0.1493056 0.3819447
Moved 485.4025 327.239 284 -0.1137536 0.3819447
Moved 485.4421 345.3416 273.3292 -0.05089737 0.2893165
Moved 485.4959 374.938 259.031 0.05186811 0.1651997
Moved 485.5386 387.7099 252.2581 0.09621487 0.1064068
Moved 485.5823 402.7492 244.417 0.1484346 0.03834222
Moved 485.6252 414.4449 238.5551 0.1890449 -0.01254267
Moved 485.6689 420.8093 235.5953 0.2111433 -0.03823493
Moved 485.7128 424 235 0.2222222 -0.04340278
Ended 485.775 431.5 234 0.2482639 -0.05208307
Began 486.0559 266 261 -0.326389 0.1822917
Stationary 486.104 266 261 -0.326389 0.1822917
Stationary 486.1441 266 261 -0.326389 0.1822917
Moved 486.183 277.5856 261 -0.2861611 0.1822917
Moved 486.2236 292 251.5 -0.2361111 0.09982666
Moved 486.2659 309.5727 245.7136 -0.1750947 0.04959743
Moved 486.3067 320.3528 242.9294 -0.1376641 0.02542946
Moved 486.3495 342.0289 236.5885 -0.06239966 -0.02961344
Moved 486.3936 360.7532 232.6494 0.002615154 -0.06380691
Moved 486.4349 377.7857 226.8036 0.06175607 -0.1145522
Moved 486.4775 384.8689 223.0437 0.0863503 -0.1471898
Moved 486.5207 394.6737 216.3263 0.120395 -0.2055009
Moved 486.5627 401.9238 208.1523 0.1455688 -0.2764554
Moved 486.6024 406.3606 202.6394 0.1609744 -0.3243107
Moved 486.6437 409 197.6578 0.1701389 -0.3675533
Moved 486.6847 411.2234 194.7766 0.1778589 -0.3925639
Moved 486.7452 412 193 0.1805556 -0.4079861
Moved 486.7855 407.4871 193 0.1648858 -0.4079861
Moved 486.8251 385.8129 202.3958 0.08962795 -0.3264258
Moved 486.8644 371.2575 209.3712 0.03908873 -0.2658749
Moved 486.9054 351.6766 222.7941 -0.02890081 -0.1493568
Moved 486.955 333.3755 235.2184 -0.09244613 -0.04150709
Moved 486.9965 322.221 242.5193 -0.1311772 0.02186908
Moved 487.037 317.611 247.389 -0.1471841 0.06414096
Moved 487.0764 316 249.152 -0.1527778 0.07944452
Ended 487.1195 315 252.5 -0.15625 0.108507
Began 487.4043 365 188 0.01736105 -0.451389
Stationary 487.4421 365 188 0.01736105 -0.451389
Stationary 487.4838 365 188 0.01736105 -0.451389
Stationary 487.5267 365 188 0.01736105 -0.451389
Stationary 487.5648 365 188 0.01736105 -0.451389
Stationary 487.6019 365 188 0.01736105 -0.451389
Moved 487.6421 376.2291 199.1146 0.05635113 -0.3549078
Moved 487.6828 386.9083 208.6056 0.09343163 -0.2725209
Moved 487.7228 394.1792 216.1792 0.1186778 -0.2067778
Moved 487.7636 404.576 227.576 0.1547778 -0.1078465
Moved 487.8042 416.9978 239.9985 0.197909 -1.245075E-05
Moved 487.8451 422.5191 246.519 0.2170803 0.05658892
Moved 487.8846 428.605 252.605 0.2382119 0.1094182
Moved 487.928 434.7409 257.741 0.2595172 0.1540017
Moved 487.9746 439.5 261.5 0.2760417 0.1866322
Moved 488.0187 442.688 264 0.2871111 0.2083336
Moved 488.0608 445.4536 266.4536 0.2967137 0.2296316
Ended 488.1242 451 270 0.3159723 0.2604167
Began 488.8246 523 304 0.5659722 0.5555559
Stationary 488.8742 523 304 0.5659722 0.5555559
Stationary 488.9115 523 304 0.5659722 0.5555559
Stationary 488.9508 523 304 0.5659722 0.5555559
Stationary 488.9939 523 304 0.5659722 0.5555559
Moved 489.0352 516 291.5541 0.5416666 0.4475181
Moved 489.0721 514.1311 289.1311 0.5351775 0.4264853
Moved 489.1122 511.0162 284.0162 0.5243619 0.3820849
Moved 489.1497 507.5532 279.5532 0.5123376 0.343344
Moved 489.1884 501.5516 273.701 0.4914986 0.2925439
Moved 489.2271 486.0145 259.0145 0.4375503 0.1650561
Moved 489.2653 476.7465 249.7465 0.4053699 0.0846047
Moved 489.3033 465.302 241.1007 0.3656319 0.009554758
Moved 489.3411 457.0192 236.3397 0.3368724 -0.03177325
Moved 489.382 445.6023 231.2008 0.2972304 -0.0763819
Moved 489.4206 430.0533 224.8213 0.2432408 -0.1317597
Moved 489.4625 415.3063 220.3225 0.1920359 -0.1708116
Moved 489.5264 377.0139 214.3357 0.0590761 -0.2227802
Moved 489.5663 349.7933 213 -0.03543988 -0.234375
Moved 489.6068 328.837 213 -0.1082049 -0.234375
Moved 489.6521 304.8412 213 -0.1915234 -0.234375
Moved 489.6919 289.0382 213 -0.2463953 -0.234375
Moved 489.7315 271 221 -0.3090279 -0.1649306
Moved 489.7711 256.0337 223.9952 -0.3609941 -0.1389302
Moved 489.812 242.7168 227.1416 -0.4072332 -0.1116181
Moved 489.8525 239 231.2898 -0.4201389 -0.07560942
Moved 489.8927 238 234.722 -0.4236111 -0.04581531
Moved 489.956 247.9112 247.9556 -0.3891972 0.06905875
Moved 489.9944 279.2939 263.1336 -0.2802294 0.2008128
Moved 490.0419 314.1603 271.1658 -0.1591657 0.2705362
Moved 490.0873 334.2494 274 -0.08941181 0.2951392
Moved 490.1318 343.2668 276.1334 -0.05810142 0.3136585
Moved 490.1733 348.1874 276 -0.04101597 0.3124998
Ended 490.2183 350 276 -0.03472224 0.3124998
PhraseEnd 490.8478
