are you talking to me
Basic
0.6 0.6
432 172.8
Began 361.838 202 213 -0.3657407 -0.15625
Stationary 361.88 202 213 -0.3657407 -0.15625
Stationary 361.9096 202 213 -0.3657407 -0.15625
Stationary 361.9391 202 213 -0.3657407 -0.15625
Stationary 361.9713 202 213 -0.3657407 -0.15625
Stationary 362.0038 202 213 -0.3657407 -0.15625
Moved 362.0373 219.128 223.6768 -0.3260926 -0.09446304
Moved 362.0726 229.2049 229.47 -0.3027665 -0.0609375
Moved 362.1052 243.4612 238.6407 -0.2697658 -0.007866047
Moved 362.1379 259.9928 246.4965 -0.2314981 0.03759544
Moved 362.171 275.6356 254.7814 -0.1952879 0.08554035
Moved 362.2039 293.6904 264.9523 -0.1534944 0.1444001
Moved 362.2467 307.5 273.5 -0.1215278 0.1938657
Moved 362.2787 315.7928 281.5286 -0.1023314 0.2403274
Moved 362.3146 320 287.1154 -0.09259259 0.2726585
Moved 362.3457 321.3581 288.3581 -0.08944879 0.2798499
Moved 362.3775 321 288.6367 -0.09027779 0.2814623
Stationary 362.4083 321 289 -0.09027779 0.283565
Moved 362.4397 306.6969 289 -0.1233867 0.283565
Moved 362.4723 293.0461 289.5908 -0.1549858 0.2869836
Moved 362.5059 282.9892 291.3369 -0.1782658 0.2970887
Moved 362.5388 274.5495 293 -0.197802 0.306713
Moved 362.5905 263.5559 296.222 -0.2232501 0.3253591
Moved 362.6221 261.0143 297 -0.2291336 0.3298613
Ended 362.6542 259.684 299.316 -0.232213 0.3432641
Began 362.9722 333 264 -0.06249999 0.1388891
Stationary 363.0066 333 264 -0.06249999 0.1388891
Stationary 363.0367 333 264 -0.06249999 0.1388891
Stationary 363.0671 333 264 -0.06249999 0.1388891
Stationary 363.0956 333 264 -0.06249999 0.1388891
Moved 363.1249 348.5353 264 -0.02653862 0.1388891
Moved 363.1573 374.2795 264 0.03305436 0.1388891
Moved 363.1876 390.1751 272 0.06984989 0.1851854
Moved 363.2189 404 274.5 0.1018518 0.199653
Moved 363.2527 418.6158 276 0.1356847 0.2083332
Moved 363.2825 432.1534 278.0307 0.1670218 0.2200851
Moved 363.3133 444.5 279.5 0.1956019 0.2285882
Moved 363.3502 465.6267 283.2324 0.2445062 0.2501873
Moved 363.3804 481.9918 286.998 0.2823884 0.2719791
Moved 363.4119 493.0245 289 0.3079272 0.283565
Moved 363.4491 499.3645 291.1215 0.322603 0.2958421
Moved 363.4798 503.8341 292 0.3329493 0.3009261
Moved 363.509 505.6767 292 0.3372146 0.3009261
Moved 363.5395 507 293 0.3402778 0.306713
Moved 363.586 507 294.2662 0.3402778 0.3140409
Moved 363.6158 491.7995 296.0286 0.3050914 0.3242399
Moved 363.6454 472.4956 298.7863 0.2604064 0.3401986
Moved 363.6739 458.2037 300.1592 0.2273234 0.3481436
Moved 363.703 445.0506 301 0.1968764 0.3530091
Moved 363.7322 438.2578 302.7422 0.1811522 0.3630917
Moved 363.7614 435.5027 304.4973 0.1747747 0.3732482
Ended 363.7908 436 307 0.1759259 0.3877315
Began 364.0736 312 284 -0.1111111 0.2546298
Stationary 364.1162 312 284 -0.1111111 0.2546298
Stationary 364.1447 312 284 -0.1111111 0.2546298
Stationary 364.1731 312 284 -0.1111111 0.2546298
Stationary 364.2013 312 284 -0.1111111 0.2546298
Moved 364.2305 295.6381 272.819 -0.148986 0.189925
Moved 364.2611 278.4489 265.9067 -0.1887757 0.1499229
Moved 364.3059 256.5 259 -0.2395834 0.1099539
Moved 364.3367 241.5121 255.0853 -0.2742776 0.08729935
Moved 364.3689 228.6771 250.6709 -0.3039882 0.06175289
Moved 364.408 218.2175 248 -0.3282002 0.0462963
Moved 364.4406 213.5654 245.7827 -0.3389689 0.03346479
Moved 364.4784 211.5 246 -0.34375 0.03472222
Moved 364.5076 211 245 -0.3449074 0.02893519
Moved 364.5373 211 243.5293 -0.3449074 0.020424
Moved 364.5685 240.8805 240.1018 -0.2757396 0.0005893355
Moved 364.6189 294.4967 239 -0.151628 -0.00578686
Moved 364.6506 350.9262 239 -0.02100413 -0.00578686
Moved 364.6844 377.5049 239 0.04052073 -0.00578686
Moved 364.7166 397.7815 236.2053 0.08745711 -0.02195994
Moved 364.7487 419.1599 232.6686 0.1369442 -0.0424272
Moved 364.7805 432.051 230.3898 0.1667846 -0.05561458
Moved 364.8115 444.4751 228 0.1955442 -0.06944445
Moved 364.851 469.5 225 0.2534722 -0.08680556
Moved 364.8813 484.6605 225 0.288566 -0.08680556
Moved 364.9121 497.7232 225 0.3188037 -0.08680556
Moved 364.9612 510.4503 225 0.3482646 -0.08680556
Moved 364.9925 516 225 0.3611111 -0.08680556
Moved 365.0226 519.0213 225 0.3681049 -0.08680556
Moved 365.0531 520.3984 225 0.3712926 -0.08680556
Moved 365.0836 521.0538 225 0.3728097 -0.08680556
Stationary 365.1176 521 225 0.3726852 -0.08680556
Moved 365.1491 502.925 225 0.3308449 -0.08680556
Moved 365.1815 486.5966 235.3649 0.2930476 -0.02682368
Moved 365.2136 476.2692 235.2437 0.2691416 -0.02752516
Moved 365.2459 470.5574 237.7213 0.2559199 -0.01318667
Moved 365.2978 468 243.2501 0.25 0.01880858
Moved 365.3309 468 248.015 0.25 0.04638337
Moved 365.3616 468 255.3721 0.25 0.08895892
Moved 365.3939 468 266.8832 0.25 0.1555743
Moved 365.4303 468 275.9491 0.25 0.2080388
Moved 365.4618 468 280 0.25 0.2314817
Moved 365.4913 468 280.5 0.25 0.234375
Moved 365.5219 468 280 0.25 0.2314817
Moved 365.5532 449.1671 247.3842 0.2064054 0.04273238
Moved 365.5841 429.2147 210.5275 0.1602191 -0.1705586
Moved 365.644 406.3352 161.3408 0.1072575 -0.4552034
Moved 365.6756 403.5799 155.1598 0.1008795 -0.4909733
Moved 365.7085 403 153.1539 0.09953707 -0.5025813
Stationary 365.7396 403 153 0.09953707 -0.5034722
Stationary 365.7725 403 153 0.09953707 -0.5034722
Moved 365.8042 402 153 0.09722222 -0.5034722
Moved 365.8367 399.0164 178.8855 0.09031564 -0.3536719
Moved 365.8701 394.4937 202.5314 0.07984658 -0.2168323
Moved 365.9019 386.5 228.5 0.06134262 -0.06655093
Moved 365.9347 382.085 241.7875 0.0511227 0.01034419
Moved 365.9875 375.8963 255.2074 0.03679702 0.08800577
Moved 366.0188 373 262.4856 0.0300926 0.130125
Moved 366.0488 371.7937 263.2063 0.02730012 0.1342957
Ended 366.079 372 268 0.02777775 0.162037
Began 366.3017 338 334 -0.05092591 0.5439817
Stationary 366.3444 338 334 -0.05092591 0.5439817
Stationary 366.3801 338 334 -0.05092591 0.5439817
Stationary 366.4166 338 334 -0.05092591 0.5439817
Stationary 366.4619 338 334 -0.05092591 0.5439817
Moved 366.4967 357.8678 334 -0.004935662 0.5439817
Moved 366.5281 374.0753 334 0.03258178 0.5439817
Moved 366.5634 394.1191 334 0.07897934 0.5439817
Moved 366.5957 413.3793 334 0.1235633 0.5439817
Moved 366.629 431.8235 334 0.1662581 0.5439817
Moved 366.6609 446.9876 334 0.2013602 0.5439817
Moved 366.694 463.4517 334 0.2394715 0.5439817
Moved 366.7276 486.3435 334 0.2924619 0.5439817
Moved 366.7709 494.1609 334 0.3105576 0.5439817
Moved 366.804 507.2997 327 0.3409714 0.5034722
Moved 366.835 511.8441 326 0.3514909 0.497685
Moved 366.8665 512.5 324.5 0.3530093 0.4890048
Moved 366.8987 514.1996 322.8004 0.3569435 0.4791691
Moved 366.9306 515 319.6402 0.3587963 0.4608808
Moved 366.9633 516.0598 317.9402 0.3612495 0.4510428
Ended 366.995 519 318 0.3680556 0.4513889
Began 367.2559 430 207 0.162037 -0.1909722
Stationary 367.3022 430 207 0.162037 -0.1909722
Stationary 367.3325 430 207 0.162037 -0.1909722
Stationary 367.3619 430 207 0.162037 -0.1909722
Stationary 367.3924 430 207 0.162037 -0.1909722
Moved 367.4246 418.088 207 0.1344629 -0.1909722
Moved 367.4571 414.5445 215.5941 0.1262605 -0.1412378
Moved 367.4995 408.8456 221.2316 0.1130686 -0.1086134
Moved 367.5304 401.467 226.6886 0.09598852 -0.0770334
Moved 367.5609 394.1664 234.2224 0.07908881 -0.03343512
Moved 367.5916 385.9106 242.0894 0.05997827 0.01209118
Moved 367.6293 374.937 253.063 0.03457646 0.07559583
Moved 367.6623 362.7039 266.2961 0.006258885 0.1521768
Moved 367.6935 350.6704 277.3295 -0.0215962 0.2160274
Moved 367.7267 342.5833 281.8055 -0.04031638 0.2419302
Moved 367.7602 331.3702 288.8766 -0.06627266 0.2828506
Moved 367.793 326.7356 290.6322 -0.07700096 0.2930104
Moved 367.8426 318.3726 293.3137 -0.09635975 0.3085285
Moved 367.8736 309.4491 295.1837 -0.117016 0.3193499
Moved 367.903 298.2073 296.9482 -0.1430387 0.3295613
Moved 367.9319 289.8541 298.7153 -0.1623747 0.3397876
Moved 367.9609 282.5843 299 -0.1792029 0.3414354
Moved 367.9904 275.2141 300 -0.1962638 0.3472222
Moved 368.0209 269.7124 300 -0.2089991 0.3472222
Moved 368.0522 265.6111 301 -0.2184927 0.3530091
Moved 368.0861 263.1367 301.8633 -0.2242207 0.3580055
Moved 368.1175 260.38 302.62 -0.2306018 0.3623844
Moved 368.1658 257.6414 304.3586 -0.2369412 0.3724459
Moved 368.197 258 313.2972 -0.2361111 0.4241737
Ended 368.2302 258 313.2972 -0.2361111 0.4241737
PhraseEnd 368.9258
