you must be getting old
Basic
0.8 0.8
575.9999 230.4
Began 109.0285 368 320 0.01388892 0.3472222
Stationary 109.0517 368 320 0.01388892 0.3472222
Stationary 109.0671 368 320 0.01388892 0.3472222
Stationary 109.0809 368 320 0.01388892 0.3472222
Stationary 109.0978 368 320 0.01388892 0.3472222
Stationary 109.1101 368 320 0.01388892 0.3472222
Stationary 109.1269 368 320 0.01388892 0.3472222
Stationary 109.1423 368 320 0.01388892 0.3472222
Stationary 109.1571 368 320 0.01388892 0.3472222
Stationary 109.1726 368 320 0.01388892 0.3472222
Stationary 109.1887 368 320 0.01388892 0.3472222
Stationary 109.2168 368 320 0.01388892 0.3472222
Stationary 109.2328 368 320 0.01388892 0.3472222
Stationary 109.2507 368 320 0.01388892 0.3472222
Stationary 109.2628 368 320 0.01388892 0.3472222
Stationary 109.2761 368 320 0.01388892 0.3472222
Stationary 109.2929 368 320 0.01388892 0.3472222
Stationary 109.3045 368 320 0.01388892 0.3472222
Stationary 109.3159 368 320 0.01388892 0.3472222
Stationary 109.3285 368 320 0.01388892 0.3472222
Moved 109.3597 387.9885 320 0.04859113 0.3472222
Moved 109.3871 407.0845 320 0.0817439 0.3472222
Moved 109.412 431.032 320 0.1233194 0.3472222
Moved 109.4344 442.8992 320 0.1439222 0.3472222
Moved 109.4466 454.9491 320 0.1648422 0.3472222
Moved 109.4588 468.682 320 0.188684 0.3472222
Moved 109.4701 478.5 320 0.2057292 0.3472222
Stationary 109.4817 478.5 320 0.2057292 0.3472222
Moved 109.4951 493.644 320 0.2320208 0.3472222
Moved 109.5115 506.7053 320 0.2546968 0.3472222
Moved 109.5278 524.9784 320 0.2864208 0.3472222
Moved 109.5477 554.1046 329.4147 0.3369872 0.3880845
Moved 109.5703 564.4252 327 0.3549049 0.3776042
Moved 109.5917 571.6014 328.1203 0.3673636 0.3824667
Moved 109.6097 576.6041 328 0.3760489 0.3819445
Moved 109.6334 578.962 328 0.3801423 0.3819445
Moved 109.6509 580 328 0.3819445 0.3819445
Moved 109.6692 580.7524 328 0.3832508 0.3819445
Stationary 109.6827 581 328 0.3836806 0.3819445
Stationary 109.6959 581 328 0.3836806 0.3819445
Stationary 109.7083 581 328 0.3836806 0.3819445
Stationary 109.7278 581 328 0.3836806 0.3819445
Stationary 109.7424 581 328 0.3836806 0.3819445
Moved 109.7622 563 328 0.3524306 0.3819445
Moved 109.7803 529 328 0.2934028 0.3819445
Moved 109.7951 512.0471 328 0.2639707 0.3819445
Stationary 109.8078 512.0471 328 0.2639707 0.3819445
Moved 109.8223 499.6551 328 0.2424567 0.3819445
Moved 109.8365 490.9854 328 0.2274053 0.3819445
Moved 109.864 475.6463 320.5048 0.2007748 0.349413
Moved 109.8904 464.4706 321 0.1813726 0.3515625
Moved 109.9053 461.5485 321 0.1762995 0.3515625
Moved 109.9203 459.3904 321 0.1725528 0.3515625
Stationary 109.9391 459 321 0.171875 0.3515625
Stationary 109.9527 459 321 0.171875 0.3515625
Ended 109.9654 459 331.3126 0.171875 0.3963223
Began 110.2131 507 216 0.2552083 -0.1041667
Stationary 110.2351 507 216 0.2552083 -0.1041667
Stationary 110.2518 507 216 0.2552083 -0.1041667
Stationary 110.2673 507 216 0.2552083 -0.1041667
Stationary 110.2831 507 216 0.2552083 -0.1041667
Stationary 110.2982 507 216 0.2552083 -0.1041667
Stationary 110.3111 507 216 0.2552083 -0.1041667
Stationary 110.3271 507 216 0.2552083 -0.1041667
Moved 110.3428 493.0403 216 0.2309727 -0.1041667
Moved 110.3617 489.3434 228.7424 0.2245545 -0.04886084
Moved 110.3769 485.0933 235.5112 0.2171759 -0.01948238
Moved 110.3935 480.2845 240.0366 0.2088272 0.0001589457
Moved 110.409 475.8103 246.3163 0.2010595 0.02741443
Moved 110.423 471.7262 251.6984 0.1939692 0.05077429
Moved 110.4363 466.6172 257.3829 0.1850992 0.07544664
Moved 110.4551 461.2383 263.714 0.175761 0.1029253
Moved 110.4694 455.6921 271.9619 0.1661321 0.1387235
Moved 110.4833 449.873 278.8361 0.1560295 0.1685593
Moved 110.4984 444.603 284.397 0.1468802 0.1926952
Moved 110.5223 432.6317 301.9893 0.1260967 0.2690509
Moved 110.5391 426.9507 309.3116 0.1162337 0.3008318
Moved 110.5593 422 315.5 0.1076389 0.327691
Moved 110.5823 413.7031 325.2969 0.09323464 0.3702122
Moved 110.5962 411.0328 327.9672 0.08859866 0.3818022
Stationary 110.6083 411.0328 327.9672 0.08859866 0.3818022
Moved 110.6202 407.2574 330.7426 0.08204415 0.3938481
Moved 110.636 403.2519 332.2494 0.07509001 0.400388
Moved 110.6529 400.0744 332 0.0695736 0.3993056
Moved 110.6694 395.9766 332 0.06245941 0.3993056
Moved 110.6836 391.8973 332 0.05537719 0.3993056
Moved 110.7001 384.8811 332 0.04319631 0.3993056
Moved 110.72 366.7688 315.1792 0.01175143 0.3262986
Stationary 110.7335 366.7688 315.1792 0.01175143 0.3262986
Moved 110.7463 356.8655 308.0468 -0.005441867 0.2953418
Moved 110.7621 345.2542 300.1694 -0.02560042 0.2611522
Moved 110.7785 331.434 290.5038 -0.04959378 0.2192005
Moved 110.804 299.4934 270.4248 -0.1050461 0.1320521
Moved 110.8233 283.6466 261.7163 -0.132558 0.09425482
Moved 110.8362 269.1368 254.0685 -0.1577485 0.06106126
Moved 110.8499 255.3363 247.1682 -0.1817078 0.03111204
Moved 110.8634 245.5931 242.9685 -0.1986231 0.01288414
Moved 110.8823 235.9788 240.5654 -0.2153146 0.002454122
Moved 110.8996 228.5639 238.9127 -0.2281878 -0.004719099
Moved 110.9159 223.4568 237.8914 -0.2370542 -0.009152096
Moved 110.9303 216.5 238 -0.249132 -0.008680556
Moved 110.9423 213.3076 237.1025 -0.2546744 -0.01257579
Moved 110.9548 207.8693 237 -0.2641159 -0.0130207
Moved 110.9665 203.3149 237 -0.2720227 -0.0130207
Stationary 110.9788 203.3149 237 -0.2720227 -0.0130207
Moved 110.9907 199.9009 237 -0.2779499 -0.0130207
Moved 111.0081 195.7192 237 -0.2852098 -0.0130207
Moved 111.0281 190.3232 237 -0.2945778 -0.0130207
Stationary 111.0408 190.3232 237 -0.2945778 -0.0130207
Moved 111.0531 188.7435 237 -0.2973204 -0.0130207
Moved 111.0681 187.3369 241.6414 -0.2997623 0.007123948
Moved 111.0836 185.9587 245.0414 -0.3021551 0.02188113
Moved 111.0998 184.5735 247.8529 -0.3045599 0.03408379
Moved 111.1142 185 250.6329 -0.3038194 0.04615002
Moved 111.1302 185 253.4103 -0.3038194 0.05820434
Moved 111.146 185 255.4075 -0.3038194 0.06687271
Moved 111.1617 185 259.9506 -0.3038194 0.08659139
Moved 111.1818 201.5826 274.5826 -0.2750301 0.1500983
Stationary 111.1942 201.5826 274.5826 -0.2750301 0.1500983
Moved 111.2061 212.5492 281.0933 -0.255991 0.1783562
Moved 111.2225 224.7532 289.1688 -0.2348035 0.2134064
Moved 111.2375 236.5 295.5 -0.2144097 0.2408854
Moved 111.2542 251.5094 301.7547 -0.1883517 0.2680326
Moved 111.2696 266.5887 306.8735 -0.1621724 0.2902495
Moved 111.2846 277.7578 311.0342 -0.1427816 0.308308
Moved 111.2997 285.661 313.7322 -0.1290608 0.3200182
Moved 111.315 293.6804 315.1134 -0.1151382 0.3260131
Moved 111.3406 305.5539 317.8885 -0.09452455 0.3380577
Moved 111.3547 311.1047 319.2762 -0.08488768 0.3440807
Moved 111.3675 315.0565 320.2642 -0.07802685 0.3483689
Stationary 111.3797 315.0565 320.2642 -0.07802685 0.3483689
Moved 111.3916 321.1986 321.7328 -0.06736346 0.3547433
Moved 111.4087 325.3586 322 -0.06014124 0.3559029
Moved 111.4251 327.9972 323.4986 -0.05556044 0.3624073
Moved 111.4396 330.7782 323 -0.05073231 0.3602431
Moved 111.4635 336.3215 324 -0.04110854 0.3645835
Moved 111.4865 338.5797 324 -0.03718793 0.3645835
Ended 111.5083 340 324 -0.03472224 0.3645835
Began 111.8667 387 163 0.04687503 -0.3342014
Stationary 111.8856 387 163 0.04687503 -0.3342014
Stationary 111.8993 387 163 0.04687503 -0.3342014
Stationary 111.9165 387 163 0.04687503 -0.3342014
Stationary 111.935 387 163 0.04687503 -0.3342014
Stationary 111.9546 387 163 0.04687503 -0.3342014
Stationary 111.9696 387 163 0.04687503 -0.3342014
Stationary 111.9818 387 163 0.04687503 -0.3342014
Stationary 111.9945 387 163 0.04687503 -0.3342014
Stationary 112.0088 387 163 0.04687503 -0.3342014
Stationary 112.0244 387 163 0.04687503 -0.3342014
Moved 112.0396 378.656 174.384 0.03238887 -0.2847914
Moved 112.0561 375.2745 180.3007 0.02651818 -0.2591116
Moved 112.0713 370.1715 186.7856 0.01765885 -0.2309651
Moved 112.0866 364.654 193.6825 0.008079857 -0.2010309
Moved 112.1016 358.5 199.5 -0.002604164 -0.1757811
Moved 112.1273 340.5826 215.2402 -0.03371079 -0.1074643
Moved 112.1418 331.5 223 -0.04947916 -0.07378473
Moved 112.1556 321.5176 232.5564 -0.06680977 -0.03230731
Moved 112.1695 313.025 242.3042 -0.08155387 0.01000087
Moved 112.1832 305.0325 249.2578 -0.09542969 0.04018148
Stationary 112.1959 305.0325 249.2578 -0.09542969 0.04018148
Moved 112.2096 294.1861 258.7122 -0.1142602 0.08121597
Moved 112.2252 285.1514 266.7543 -0.1299454 0.116121
Moved 112.2409 269.5 281 -0.1571181 0.1779514
Moved 112.2558 258.9844 290.1387 -0.1753743 0.2176158
Moved 112.2775 240.1263 302.9368 -0.208114 0.2731633
Moved 112.2922 233.8812 308.1188 -0.2189562 0.2956544
Moved 112.3074 228.364 310.818 -0.2285347 0.3073698
Moved 112.3221 225.5 313 -0.2335069 0.3168403
Stationary 112.3356 225.5 313 -0.2335069 0.3168403
Moved 112.3489 222.2823 315.7177 -0.2390933 0.3286359
Moved 112.3644 218.2652 317.2449 -0.2460674 0.3352646
Moved 112.3798 216.3227 318.6773 -0.2494398 0.3414813
Moved 112.3952 214.9336 320.0665 -0.2518514 0.3475107
Moved 112.4131 213.5581 321.4419 -0.2542394 0.3534805
Moved 112.4333 213 325.4553 -0.2552083 0.3708999
Moved 112.4478 213 329.7932 -0.2552083 0.3897275
Ended 112.4645 213 329.7932 -0.2552083 0.3897275
Began 112.6539 370 263 0.01736112 0.0998264
Stationary 112.6774 370 263 0.01736112 0.0998264
Stationary 112.6896 370 263 0.01736112 0.0998264
Stationary 112.7024 370 263 0.01736112 0.0998264
Stationary 112.7175 370 263 0.01736112 0.0998264
Stationary 112.7334 370 263 0.01736112 0.0998264
Stationary 112.7486 370 263 0.01736112 0.0998264
Stationary 112.7646 370 263 0.01736112 0.0998264
Stationary 112.7798 370 263 0.01736112 0.0998264
Moved 112.7945 357.2892 263 -0.004706271 0.0998264
Moved 112.8125 350.8657 263 -0.01585819 0.0998264
Moved 112.8269 343.9568 263 -0.02785284 0.0998264
Moved 112.843 338.4156 263 -0.03747299 0.0998264
Moved 112.8582 331.0933 263 -0.05018525 0.0998264
Moved 112.8725 325.3405 271.1542 -0.06017283 0.1352182
Moved 112.8945 305.8964 282.8829 -0.09392981 0.1861237
Moved 112.9093 295.0732 290.9477 -0.1127201 0.2211272
Moved 112.9245 285.3619 297.8843 -0.12958 0.2512341
Stationary 112.9376 285.3619 297.8843 -0.12958 0.2512341
Moved 112.9503 273.1164 305.5891 -0.1508396 0.2846747
Moved 112.9666 262.9612 313.8904 -0.1684701 0.3207048
Moved 112.9864 239.5541 327.6042 -0.2091075 0.3802265
Moved 113.0011 231.2732 330.8975 -0.223484 0.3945205
Moved 113.0179 221.6882 334.9907 -0.2401246 0.4122862
Moved 113.0344 215.4786 335.7043 -0.2509053 0.4153832
Moved 113.0542 210.7526 337.0825 -0.2591102 0.4213648
Moved 113.0689 206.6134 337 -0.2662961 0.4210071
Moved 113.0822 205.1475 338 -0.2688411 0.4253473
Moved 113.0963 203.757 339.243 -0.2712552 0.4307421
Stationary 113.1103 204 339 -0.2708333 0.4296877
Stationary 113.1221 204 339 -0.2708333 0.4296877
Moved 113.137 204 340.5 -0.2708333 0.436198
Stationary 113.1497 204 340.5 -0.2708333 0.436198
Moved 113.1652 218.9031 340 -0.2449598 0.4340278
Moved 113.1808 239.0223 340 -0.2100307 0.4340278
Moved 113.2019 290.6856 328.8099 -0.1203375 0.3854598
Stationary 113.2142 290.6856 328.8099 -0.1203375 0.3854598
Moved 113.2262 318.4917 326.0535 -0.07206298 0.3734964
Moved 113.2425 338.3193 323.9664 -0.03764011 0.3644374
Moved 113.2578 359.1465 321.1805 -0.001481697 0.3523459
Moved 113.2735 379.8857 320.2076 0.03452368 0.3481235
Moved 113.2886 400.693 318.8204 0.0706476 0.3421026
Moved 113.3051 417.5 319 0.09982639 0.342882
Moved 113.3198 432.4296 319 0.1257458 0.342882
Moved 113.3344 444.8736 319 0.14735 0.342882
Moved 113.361 466.0867 319 0.1841783 0.342882
Moved 113.3754 476.3923 319 0.20207 0.342882
Moved 113.3883 485.462 319 0.217816 0.342882
Moved 113.402 491.848 319 0.2289029 0.342882
Moved 113.4198 496.037 319 0.2361753 0.342882
Moved 113.4427 498.4681 319 0.240396 0.342882
Moved 113.4588 500.1183 319 0.2432609 0.342882
Moved 113.4719 501.1373 319 0.24503 0.342882
Moved 113.4849 501.5703 319 0.2457818 0.342882
Moved 113.498 502 316.1384 0.2465278 0.3304618
Moved 113.5163 502 309.3123 0.2465278 0.3008349
Moved 113.5297 496.3985 300.7989 0.236803 0.2638841
Moved 113.5427 490.6681 292.3361 0.2268542 0.2271533
Moved 113.5564 486.5028 284.0056 0.2196229 0.1909967
Stationary 113.5676 486.5028 284.0056 0.2196229 0.1909967
Moved 113.5819 481.7623 275.1722 0.211393 0.152657
Moved 113.5978 477.2862 264.7631 0.2036219 0.1074788
Moved 113.6128 471.8474 253.6947 0.1941794 0.05943869
Moved 113.6282 466.3057 243.2849 0.1845585 0.01425743
Moved 113.6439 461.7907 232.4419 0.17672 -0.03280415
Moved 113.669 454.3332 214.833 0.1637729 -0.1092317
Moved 113.6832 451.5661 207.9152 0.1589689 -0.1392571
Moved 113.6985 449.5558 204.1116 0.1554788 -0.1557658
Moved 113.7134 448.3274 198.3096 0.1533462 -0.1809481
Moved 113.7277 445.8894 193.8341 0.1491136 -0.2003727
Moved 113.7428 444.5572 191.1143 0.1468007 -0.2121776
Moved 113.7582 443.1676 187.3352 0.1443882 -0.2285799
Moved 113.7717 441.7831 184.5662 0.1419846 -0.2405983
Moved 113.7924 439.8023 182.4011 0.1385457 -0.2499952
Moved 113.8157 438.2661 181.266 0.1358786 -0.2549219
Moved 113.8367 433.1481 180 0.1269932 -0.2604167
Moved 113.852 427.5837 180 0.1173328 -0.2604167
Moved 113.8672 421.0523 180 0.1059937 -0.2604167
Moved 113.8808 412.9108 184.9427 0.09185895 -0.2389638
Stationary 113.8929 412.9108 184.9427 0.09185895 -0.2389638
Moved 113.9071 404.0754 191.9569 0.07651977 -0.2085204
Moved 113.9225 395.727 198.8942 0.06202594 -0.1784108
Moved 113.9381 389.8215 205.1785 0.05177349 -0.1511351
Moved 113.9566 376.1283 220.5897 0.02800048 -0.08424601
Moved 113.9714 366.3361 231.9016 0.01100019 -0.03514913
Moved 113.9908 353.9891 248.0164 -0.01043562 0.03479322
Moved 114.0149 349.8449 252.1552 -0.01763039 0.05275674
Moved 114.0329 347.4603 255.5398 -0.02177037 0.06744704
Moved 114.0463 346.1276 257.7449 -0.02408408 0.07701769
Moved 114.0597 344.783 260.434 -0.02641842 0.08868947
Moved 114.0732 344 262.6003 -0.02777778 0.09809151
Moved 114.0908 344 264.989 -0.02777778 0.108459
Ended 114.1086 344 270.5222 -0.02777778 0.132475
Began 114.3777 511 341 0.2621528 0.4383681
Stationary 114.3974 511 341 0.2621528 0.4383681
Stationary 114.4141 511 341 0.2621528 0.4383681
Stationary 114.4321 511 341 0.2621528 0.4383681
Stationary 114.444 511 341 0.2621528 0.4383681
Stationary 114.4652 511 341 0.2621528 0.4383681
Stationary 114.4783 511 341 0.2621528 0.4383681
Stationary 114.4971 511 341 0.2621528 0.4383681
Stationary 114.5115 511 341 0.2621528 0.4383681
Stationary 114.5254 511 341 0.2621528 0.4383681
Stationary 114.5394 511 341 0.2621528 0.4383681
Moved 114.5615 516.0868 330.5466 0.270984 0.3929977
Moved 114.5816 520.2287 327.7713 0.2781748 0.3809519
Moved 114.5986 524.4957 325.0028 0.2855829 0.3689358
Moved 114.6146 528.0116 321.6589 0.2916868 0.3544225
Moved 114.6359 536.9987 312.6683 0.3072895 0.3154009
Stationary 114.6497 536.9987 312.6683 0.3072895 0.3154009
Moved 114.662 542.1518 309.5654 0.3162357 0.3019334
Moved 114.6761 547.4135 304.5865 0.3253706 0.2803236
Moved 114.6932 551.4385 300.5615 0.3323585 0.2628539
Moved 114.708 555.5814 296.4186 0.3395511 0.2448723
Moved 114.7232 559.9045 290.794 0.3470564 0.2204601
Moved 114.7387 562.7293 288.2707 0.3519606 0.2095082
Moved 114.7586 570.2018 279.6972 0.3649338 0.1722968
Moved 114.774 572.9634 277.0366 0.3697282 0.160749
Moved 114.7986 574.8618 274.2764 0.373024 0.1487694
Moved 114.8137 577.48 271.52 0.3775695 0.1368055
Moved 114.8289 578.6198 269.3802 0.3795483 0.1275182
Moved 114.8434 579 267.4541 0.3802084 0.1191584
Moved 114.8579 580.0843 265.9157 0.3820908 0.1124814
Moved 114.8724 580 264.5266 0.3819445 0.1064523
Moved 114.8867 581 263.1492 0.3836806 0.1004741
Moved 114.9035 581 261.7743 0.3836806 0.09450648
Moved 114.9183 575.5701 260.7933 0.3742537 0.09024885
Moved 114.9322 559.1852 260 0.3458076 0.08680556
Moved 114.9523 539.813 258.6295 0.3121755 0.08085742
Moved 114.966 523.9453 259 0.2846273 0.08246542
Moved 114.9796 508.7007 259 0.258161 0.08246542
Moved 114.9954 495.5819 259 0.2353853 0.08246542
Moved 115.0141 485.2001 258 0.2173612 0.07812501
Moved 115.0302 474.8081 258 0.1993196 0.07812501
Moved 115.055 444.5284 258 0.1467506 0.07812501
Moved 115.0694 429.7106 258 0.1210254 0.07812501
Moved 115.0829 408.3851 258 0.08400195 0.07812501
Stationary 115.0962 408.3851 258 0.08400195 0.07812501
Moved 115.1153 378.1418 264.9008 0.03149614 0.1080761
Moved 115.1303 365.7125 265 0.009917542 0.108507
Stationary 115.1432 365.7125 265 0.009917542 0.108507
Moved 115.1561 353.2481 266.7502 -0.01172204 0.1161032
Moved 115.1702 337.4571 269.2571 -0.03913705 0.126984
Moved 115.1867 322.5 272 -0.06510419 0.138889
Moved 115.2019 315.7731 272.5807 -0.07678275 0.1414095
Moved 115.2178 306.1832 273 -0.09343196 0.1432292
Moved 115.2331 299.2914 273 -0.1053968 0.1432292
Moved 115.2473 294.7509 273 -0.1132796 0.1432292
Moved 115.2731 285.4563 274 -0.1294162 0.1475696
Moved 115.29 282.2072 274 -0.1350569 0.1475696
Moved 115.3074 280.0937 274.9532 -0.1387263 0.1517067
Moved 115.3232 276.0501 275 -0.1457464 0.1519097
Moved 115.339 273.5931 275 -0.150012 0.1519097
Moved 115.3531 271.9163 275 -0.1529231 0.1519097
Moved 115.3671 269.0658 275 -0.1578718 0.1519097
Moved 115.3824 266.2995 275 -0.1626745 0.1519097
Moved 115.3974 264.77 275 -0.1653298 0.1519097
Moved 115.4121 262 275 -0.1701389 0.1519097
Moved 115.4329 259.5829 275 -0.1743352 0.1519097
Moved 115.4473 255.7404 275 -0.1810062 0.1519097
Moved 115.4618 253.0352 275 -0.1857027 0.1519097
Moved 115.4768 250.2674 275 -0.190508 0.1519097
Moved 115.4911 248.7498 275 -0.1931427 0.1519097
Moved 115.5091 246.3693 268 -0.1972755 0.1215278
Moved 115.5233 244.9889 266.9889 -0.1996721 0.1171393
Moved 115.5369 243.9463 267 -0.2014821 0.1171876
Stationary 115.5503 244 267 -0.2013889 0.1171876
Moved 115.5634 242.5 267 -0.2039931 0.1171876
Moved 115.5831 243 267 -0.203125 0.1171876
Stationary 115.5981 243 267 -0.203125 0.1171876
Stationary 115.6171 243 267 -0.203125 0.1171876
Ended 115.6316 243 267 -0.203125 0.1171876
PhraseEnd 116.2713
