the power of denial
Basic
0.4 0.4
288 115.2
Began 455.9458 332 298 -0.09722225 0.5034723
Stationary 455.994 332 298 -0.09722225 0.5034723
Stationary 456.0309 332 298 -0.09722225 0.5034723
Stationary 456.0678 332 298 -0.09722225 0.5034723
Stationary 456.1027 332 298 -0.09722225 0.5034723
Stationary 456.1403 332 298 -0.09722225 0.5034723
Stationary 456.1808 332 298 -0.09722225 0.5034723
Stationary 456.2204 332 298 -0.09722225 0.5034723
Stationary 456.262 332 298 -0.09722225 0.5034723
Moved 456.3061 347.4044 282.5956 -0.04373476 0.3697533
Moved 456.3499 358.2846 271.7154 -0.005956143 0.2753073
Moved 456.3907 373.5 262.5 0.04687503 0.1953125
Moved 456.4288 380.884 257.0773 0.07251383 0.1482407
Moved 456.4693 389.2073 249.7927 0.1014143 0.0850063
Moved 456.5229 393.5 245.5 0.1163195 0.04774306
Moved 456.5629 395.0702 241.9298 0.1217714 0.01675209
Moved 456.6031 395 238.8024 0.1215278 -0.01039611
Moved 456.641 395 236.2805 0.1215278 -0.03228691
Moved 456.6796 374.1371 235 0.04908711 -0.04340278
Moved 456.7213 355.5 235 -0.01562499 -0.04340278
Moved 456.7675 337.8177 246.2955 -0.07702194 0.05464899
Moved 456.8055 324.5 252.5 -0.1232639 0.108507
Moved 456.8421 311.8932 259.8301 -0.1670374 0.1721364
Moved 456.8918 301.8077 264.0961 -0.2020565 0.2091681
Moved 456.9565 291.0092 271.9908 -0.2395514 0.2776986
Moved 457.004 288 275.7949 -0.25 0.3107196
Moved 457.0422 287 277.5 -0.2534723 0.3255209
Ended 457.082 287 281 -0.2534723 0.3559028
Began 457.3462 496 282 0.4722223 0.3645834
Stationary 457.3926 496 282 0.4722223 0.3645834
Stationary 457.4285 496 282 0.4722223 0.3645834
Stationary 457.4662 496 282 0.4722223 0.3645834
Moved 457.503 482.2081 282 0.4243338 0.3645834
Moved 457.5397 468.8871 282 0.3780803 0.3645834
Moved 457.5794 456.5 282 0.3350694 0.3645834
Moved 457.6189 432.5694 282 0.2519772 0.3645834
Moved 457.6556 420.1816 282 0.2089639 0.3645834
Moved 457.6924 404.0785 282 0.1530503 0.3645834
Moved 457.7284 383.0653 282 0.08008793 0.3645834
Moved 457.7744 360.3599 282 0.001249611 0.3645834
Moved 457.8088 345 282 -0.05208336 0.3645834
Moved 457.8448 325.6521 282 -0.1192635 0.3645834
Moved 457.8801 296.6345 273 -0.2200192 0.2864584
Moved 457.9196 280.8149 270.763 -0.2749481 0.2670402
Moved 457.9628 262.8969 270 -0.3371635 0.2604167
Moved 458.0007 254.4426 269 -0.3665186 0.2517361
Moved 458.0381 247.3008 269 -0.3913165 0.2517361
Moved 458.0735 244.6295 269 -0.4005921 0.2517361
Moved 458.1153 243.6399 269 -0.4040281 0.2517361
Moved 458.1924 260.343 281.0686 -0.3460315 0.3564986
Moved 458.2305 271.3195 281.8299 -0.3079184 0.363107
Moved 458.2678 285.9721 282 -0.2570414 0.3645834
Moved 458.3038 293.3038 282 -0.231584 0.3645834
Moved 458.3411 299.5746 282 -0.2098105 0.3645834
Moved 458.381 302.3382 282 -0.2002147 0.3645834
Moved 458.4194 307.3293 282 -0.1828844 0.3645834
Ended 458.4657 311 282 -0.1701389 0.3645834
Began 458.9162 454 277 0.326389 0.3211806
Stationary 458.9715 454 277 0.326389 0.3211806
Stationary 459.0085 454 277 0.326389 0.3211806
Stationary 459.0558 454 277 0.326389 0.3211806
Moved 459.0946 436.9606 277 0.2672243 0.3211806
Moved 459.1371 428.6663 268.5554 0.2384247 0.2478769
Moved 459.177 408.6527 260.1916 0.168933 0.1752742
Moved 459.216 393.827 253.8962 0.117455 0.1206274
Moved 459.2546 371.1288 244.6515 0.03864169 0.04037778
Moved 459.295 356.0975 239.0244 -0.01355045 -0.008468363
Moved 459.3353 347.795 237 -0.04237846 -0.0260414
Moved 459.3742 339.6487 235 -0.07066421 -0.04340278
Moved 459.4148 334.6509 234 -0.08801781 -0.05208307
Moved 459.4521 329.5262 234 -0.1058117 -0.05208307
Moved 459.4897 327.8838 234 -0.1115145 -0.05208307
Ended 459.544 328 234 -0.1111111 -0.05208307
Began 459.7382 311 218 -0.1701389 -0.1909722
Stationary 459.7768 311 218 -0.1701389 -0.1909722
Stationary 459.8134 311 218 -0.1701389 -0.1909722
Stationary 459.8487 311 218 -0.1701389 -0.1909722
Moved 459.8852 306.045 224.1938 -0.1873439 -0.1372062
Moved 459.924 302 234.0717 -0.2013889 -0.05146133
Moved 459.9617 298.5194 242.9613 -0.2134744 0.02570603
Moved 460.0111 298 249.3005 -0.2152778 0.08073384
Moved 460.0509 298 256.8707 -0.2152778 0.1464468
Moved 460.0909 298 262.68 -0.2152778 0.1968749
Moved 460.1353 310.9905 274.9905 -0.1701719 0.3037376
Moved 460.1745 326.5448 282.1362 -0.116164 0.3657654
Moved 460.2151 338.014 283 -0.0763403 0.3732639
Moved 460.2567 356.9735 283 -0.01050852 0.3732639
Moved 460.3026 371.7573 267.2427 0.04082382 0.2364821
Moved 460.3407 379.6895 256.9315 0.06836623 0.1469753
Moved 460.3796 383.4496 248.651 0.08142234 0.07509577
Moved 460.4175 386.5 238.5 0.09201392 -0.0130211
Moved 460.4552 386.9987 231.0054 0.0937453 -0.07807838
Moved 460.493 387 221.7297 0.09375007 -0.1585958
Moved 460.558 389 206.6639 0.1006945 -0.2893755
Moved 460.5966 390.0969 203.9031 0.104503 -0.3133411
Stationary 460.6324 390.0969 203.9031 0.104503 -0.3133411
Moved 460.6694 395.321 220.2839 0.1226424 -0.1711464
Moved 460.7076 399.4164 233.6656 0.1368625 -0.05498542
Moved 460.7459 402 246.1323 0.1458333 0.05323199
Moved 460.7892 402 252.8285 0.1458333 0.1113584
Moved 460.8269 402 255.1783 0.1458333 0.1317565
Moved 460.8663 393.8671 256 0.1175942 0.1388889
Moved 460.9063 383.4312 256 0.0813584 0.1388889
Moved 460.9675 351.5946 256 -0.02918542 0.1388889
Moved 461.0116 321.653 240.9009 -0.1331493 0.007820395
Moved 461.0587 286.6369 228.4158 -0.2547329 -0.1005575
Moved 461.0988 264.6652 221.6663 -0.3310235 -0.1591471
Moved 461.1374 258.6677 220.2225 -0.3518484 -0.1716791
Moved 461.1754 252.0776 220 -0.3747306 -0.1736111
Moved 461.2123 250.7007 220 -0.3795117 -0.1736111
Moved 461.2519 250 220 -0.3819445 -0.1736111
Moved 461.2916 250 231.2346 -0.3819445 -0.07608812
Moved 461.3314 277.2901 237.3817 -0.2871872 -0.02272818
Moved 461.3915 336.0275 246.6028 -0.08323789 0.05731583
Moved 461.4281 361.1999 247 0.004166216 0.06076416
Moved 461.4672 389.9372 239.0627 0.1039486 -0.008135903
Moved 461.5041 410.6161 237 0.1757506 -0.0260414
Moved 461.5422 429.3334 231.9166 0.2407409 -0.07016818
Moved 461.5817 439 230.5 0.2743055 -0.08246528
Moved 461.6201 449.2654 228 0.3099491 -0.1041667
Moved 461.6572 454.7843 226.6078 0.3291123 -0.1162519
Moved 461.6932 460.3372 227 0.348393 -0.1128472
Moved 461.7303 463.9678 227 0.3609993 -0.1128472
Moved 461.795 469.4749 227 0.3801212 -0.1128472
Ended 461.8336 471 227 0.3854166 -0.1128472
PhraseEnd 462.6249
