please provide your date of birth
Basic
0.6 0.6
432 326.4
Began 881.632 598 458  0.550926 0.275735
Stationary 881.713 598 458  0.550926 0.275735
Stationary 881.768 598 458  0.550926 0.275735
Stationary 881.822 598 458  0.550926 0.275735
Stationary 881.889 598 458  0.550926 0.275735
Stationary 881.945 598 458  0.550926 0.275735
Stationary 881.999 598 458  0.550926 0.275735
Moved 882.054 578.276 433.732  0.505269 0.201383
Moved 882.113 549.501 402.501  0.438659 0.105701
Moved 882.169 527.175 376.9  0.386979 0.0272661
Moved 882.229 513.601 366.067  0.355557 -0.00592176
Moved 882.299 488.147 366  0.296636 -0.00612745
Moved 882.366 424.047 403.572  0.148257 0.108982
Moved 882.422 382.373 425.682  0.0517887 0.176721
Moved 882.481 336.474 454.729  -0.054459 0.265715
Moved 882.539 308.244 477.756  -0.119805 0.336262
Moved 882.595 297.546 487.454  -0.144569 0.365974
Moved 882.652 285.52 490  -0.172407 0.373775
Moved 882.711 250.534 466.467  -0.253394 0.301676
Moved 882.771 220.716 438.173  -0.322416 0.214991
Moved 882.831 197.75 410.125  -0.37558 0.129058
Moved 882.919 187.389 397.389  -0.399563 0.0900391
Moved 882.975 187 393.249  -0.400463 0.0773548
Moved 883.029 187 383.108  -0.400463 0.0462856
Moved 883.086 208.348 374.913  -0.351045 0.0211793
Moved 883.145 223.491 372  -0.315993 0.012255
Moved 883.205 232.511 380.308  -0.295114 0.0377097
Moved 883.263 237 424.647  -0.284722 0.173552
Moved 883.322 237 461.305  -0.284722 0.285861
Moved 883.398 237 474  -0.284722 0.324755
Ended 883.45 238.5 475  -0.28125 0.327819
Began 883.677 489 408  0.298611 0.122549
Stationary 883.745 489 408  0.298611 0.122549
Moved 883.8 454.884 408  0.219639 0.122549
Moved 883.858 394.462 408  0.0797721 0.122549
Moved 883.943 329.687 418.539  -0.0701695 0.154838
Moved 884.01 281.373 421  -0.182008 0.162377
Moved 884.068 273.778 424.222  -0.199588 0.172249
Moved 884.124 272 432.473  -0.203704 0.197527
Moved 884.178 299.469 451.734  -0.140119 0.256539
Moved 884.232 349.49 476.184  -0.0243285 0.331445
Moved 884.287 393.639 483  0.0778679 0.352328
Moved 884.342 420.869 484  0.1409 0.355392
Moved 884.404 442.439 475.781  0.190831 0.33021
Moved 884.457 456.254 464.62  0.222809 0.296016
Moved 884.534 423.319 398.923  0.146573 0.0947394
Moved 884.588 375.898 346.056  0.0367999 -0.0672313
Moved 884.643 336.061 304.061  -0.0554148 -0.195892
Moved 884.699 316.53 283.53  -0.100626 -0.258794
Moved 884.754 304.677 271.677  -0.128063 -0.295109
Moved 884.817 301 270  -0.136574 -0.300245
Moved 884.877 301 286.094  -0.136574 -0.250936
Moved 884.94 344.5 343.5  -0.0358796 -0.0750613
Moved 884.999 378.818 394.345  0.0435597 0.0807136
Moved 885.057 396.944 427.86  0.0855187 0.183395
Moved 885.146 410.849 459.547  0.117706 0.280475
Moved 885.209 413 467  0.122685 0.303309
Moved 885.269 385.668 457.835  0.059417 0.27523
Moved 885.326 346.531 430.025  -0.0311782 0.190027
Moved 885.383 301.249 394.749  -0.135999 0.0819515
Moved 885.452 277.738 379.579  -0.190422 0.0354757
Moved 885.51 267.144 377  -0.214945 0.0275735
Moved 885.567 247.256 414.487  -0.260981 0.142425
Moved 885.628 234.5 476  -0.290509 0.330882
Moved 885.687 234 500.68  -0.291667 0.406496
Ended 885.779 234 504.5  -0.291667 0.418199
Began 885.996 359 473  -0.0023148 0.321691
Stationary 886.051 359 473  -0.0023148 0.321691
Moved 886.108 383.5 473  0.0543982 0.321691
Moved 886.166 432.127 482.792  0.166962 0.351691
Moved 886.225 466.878 487.98  0.247403 0.367585
Moved 886.282 490.559 492  0.30222 0.379902
Moved 886.348 513.42 496  0.355139 0.392157
Moved 886.404 518.5 496  0.366898 0.392157
Moved 886.468 518 496  0.365741 0.392157
Moved 886.532 437.481 471.053  0.179355 0.315728
Moved 886.59 400.486 463.552  0.0937167 0.292746
Moved 886.65 369.108 459  0.0210821 0.278799
Moved 886.711 351.361 459  -0.0199964 0.278799
Moved 886.77 327.356 467.911  -0.0755648 0.3061
Moved 886.829 311.736 474.088  -0.111722 0.325024
Moved 886.888 302.394 478  -0.133348 0.33701
Moved 886.953 297.167 480.833  -0.145446 0.345689
Ended 887.011 295 482  -0.150463 0.349265
Began 887.318 295 405  -0.150463 0.113358
Moved 887.393 282.206 405  -0.180078 0.113358
Moved 887.451 253.5 395.5  -0.246528 0.0842525
Moved 887.519 215.426 393.606  -0.334663 0.0784509
Moved 887.577 197.841 393  -0.375369 0.0765931
Moved 887.634 194 393  -0.384259 0.0765931
Moved 887.691 204.382 411.326  -0.360227 0.132738
Moved 887.748 260.595 440.915  -0.230104 0.223391
Moved 887.809 308.609 459.152  -0.118962 0.279265
Moved 887.87 337.344 468.086  -0.0524452 0.306636
Moved 887.933 345.29 470  -0.0340515 0.3125
Moved 887.996 347 471  -0.0300926 0.315564
Moved 888.052 323.198 473.972  -0.0851895 0.324668
Moved 888.111 287.977 480.114  -0.16672 0.343485
Moved 888.176 252.924 483  -0.247862 0.352328
Moved 888.234 247.5 484  -0.260417 0.355392
Ended 888.321 247 485  -0.261574 0.358456
Began 888.531 472 449  0.259259 0.248162
Stationary 888.587 472 449  0.259259 0.248162
Moved 888.645 456.41 439.803  0.223172 0.219986
Moved 888.703 417.955 425.552  0.134156 0.176325
Moved 888.762 372.227 407.613  0.0283024 0.121364
Moved 888.821 340.776 395.155  -0.0444996 0.0831962
Moved 888.88 328.757 390.378  -0.0723221 0.0685613
Moved 888.94 316.741 385.871  -0.100136 0.0547509
Moved 888.999 309.673 384  -0.116499 0.0490197
Ended 889.056 309 384  -0.118055 0.0490197
Began 889.287 361 282  0.00231485 -0.26348
Stationary 889.348 361 282  0.00231485 -0.26348
Moved 889.405 392.666 327.887  0.0756146 -0.122894
Moved 889.462 428.5 372  0.158565 0.012255
Moved 889.521 474.995 430.103  0.266191 0.190267
Moved 889.592 492.664 457.664  0.307092 0.274705
Moved 889.652 481.694 463.861  0.2817 0.293692
Moved 889.71 443.023 470.995  0.192183 0.31555
Moved 889.769 371.703 475  0.0270894 0.327819
Moved 889.828 322.253 478.678  -0.0873772 0.339088
Moved 889.896 299.502 481  -0.140042 0.346201
Moved 889.952 297 483.383  -0.145833 0.353501
Moved 890.015 296 485  -0.148148 0.358456
Moved 890.071 314.317 485  -0.105747 0.358456
Moved 890.13 338.159 485  -0.0505568 0.358456
Moved 890.189 351.5 471.5  -0.0196759 0.317096
Moved 890.248 360.851 451.916  0.00196934 0.257094
Moved 890.306 373.127 418.493  0.0303862 0.154696
Moved 890.363 394.77 391.525  0.0804868 0.0720733
Ended 890.418 411 383  0.118055 0.0459559
PhraseEnd 891.025
