the five boxing wizards jump quickly
Basic
0.8 0.8
576 435.2
Began 784.372 360 467  0 0.227482
Stationary 784.426 360 467  0 0.227482
Stationary 784.478 360 467  0 0.227482
Stationary 784.536 360 467  0 0.227482
Stationary 784.587 360 467  0 0.227482
Stationary 784.637 360 467  0 0.227482
Moved 784.688 360 451.173  0 0.191115
Moved 784.742 386.274 421.589  0.0456147 0.123136
Moved 784.806 414.145 380.283  0.094001 0.0282241
Moved 784.859 422 368.249  0.107639 0.000573116
Moved 784.912 423 365.64  0.109375 -0.00542304
Moved 784.961 410.999 366  0.0885396 -0.00459559
Moved 785.011 359.638 416.837  -0.000628792 0.112218
Moved 785.067 316.511 450.714  -0.0755023 0.19006
Moved 785.118 270.377 473.734  -0.155595 0.242954
Moved 785.172 248.125 484.437  -0.194227 0.267549
Moved 785.225 233.283 492.859  -0.219995 0.286899
Moved 785.275 228.024 496.976  -0.229126 0.296361
Ended 785.35 228 500  -0.229167 0.303309
Began 785.612 332 315  -0.0486111 -0.121783
Stationary 785.683 332 315  -0.0486111 -0.121783
Stationary 785.734 332 315  -0.0486111 -0.121783
Moved 785.794 343.5 324.5  -0.0286458 -0.099954
Moved 785.856 353.492 332.238  -0.011299 -0.0821745
Moved 785.905 374.171 352.289  0.0246023 -0.0360997
Moved 785.956 421.873 392.543  0.107419 0.0563958
Moved 786.007 492.026 440.351  0.229213 0.166248
Moved 786.057 515.831 456.099  0.27054 0.202432
Moved 786.108 526.297 464.148  0.28871 0.220929
Moved 786.159 530.274 467  0.295614 0.227482
Stationary 786.208 530 467  0.295139 0.227482
Moved 786.256 523.652 461.921  0.284118 0.215812
Moved 786.31 490.402 429.402  0.226393 0.14109
Moved 786.361 429.328 346.533  0.120361 -0.0493274
Moved 786.443 395.287 280.574  0.0612623 -0.200887
Moved 786.496 385.574 256.434  0.0443984 -0.256357
Moved 786.55 377.093 238.28  0.0296761 -0.298069
Moved 786.604 371.957 230.957  0.0207584 -0.314897
Moved 786.656 365.574 228  0.00967756 -0.321691
Moved 786.707 355.905 228  -0.00710938 -0.321691
Moved 786.758 343.04 239.92  -0.0294444 -0.294302
Moved 786.817 315.621 269.406  -0.0770462 -0.226549
Moved 786.883 288.51 326.726  -0.124115 -0.0948397
Moved 786.934 270.296 403.575  -0.155736 0.0817429
Moved 787.013 255.088 465.691  -0.182139 0.224474
Moved 787.067 246.816 489.459  -0.196499 0.279088
Moved 787.118 242 506.54  -0.204861 0.318337
Moved 787.169 240 513.415  -0.208333 0.334134
Ended 787.219 240 517.5  -0.208333 0.34352
Began 787.472 370 294  0.0173611 -0.170037
Stationary 787.533 370 294  0.0173611 -0.170037
Stationary 787.59 370 294  0.0173611 -0.170037
Moved 787.642 382.205 304.984  0.0385498 -0.144797
Moved 787.693 396.296 314.722  0.0630143 -0.122421
Moved 787.746 421.828 333.062  0.10734 -0.08028
Moved 787.798 441.515 353.418  0.141518 -0.0335076
Moved 787.854 473.743 399.239  0.197471 0.0717815
Moved 787.915 509.888 447.536  0.260222 0.182758
Moved 787.968 530.334 472.801  0.295719 0.240811
Moved 788.022 543.994 489.994  0.319434 0.280317
Moved 788.079 547 494.783  0.324653 0.29132
Moved 788.144 529.947 496  0.295046 0.294118
Moved 788.198 492 487.5  0.229167 0.274586
Moved 788.25 446.754 481.019  0.150614 0.259694
Moved 788.305 387.79 457.139  0.0482466 0.204823
Moved 788.359 339.204 406.26  -0.0361036 0.0879136
Moved 788.413 292.817 331.633  -0.116638 -0.083563
Moved 788.464 278.038 301.076  -0.142295 -0.153779
Moved 788.514 264.825 280.825  -0.165234 -0.20031
Moved 788.563 252.751 266.127  -0.186196 -0.234084
Moved 788.615 244.257 256.514  -0.200943 -0.256173
Moved 788.698 238 249  -0.211806 -0.273437
Stationary 788.752 238 249  -0.211806 -0.273437
Moved 788.803 301.127 308.395  -0.10221 -0.136961
Moved 788.857 370.874 368.228  0.0188788 0.000525152
Moved 788.917 441.49 423.617  0.141475 0.127797
Moved 788.97 468.138 441.283  0.18774 0.168389
Moved 789.021 494.627 461.97  0.233727 0.215924
Moved 789.071 506.597 471.597  0.254508 0.238044
Moved 789.134 508 473  0.256945 0.241268
Moved 789.183 492.929 444.012  0.23078 0.174659
Moved 789.264 431.858 297.955  0.124754 -0.160949
Moved 789.314 415.073 239.508  0.0956122 -0.295247
Moved 789.364 409.95 215.801  0.0867192 -0.349722
Moved 789.417 407.809 207.809  0.0830019 -0.368086
Moved 789.47 405.63 206  0.0792189 -0.372243
Moved 789.523 392.5 231  0.0564236 -0.314798
Moved 789.575 366.76 306.199  0.0117363 -0.142005
Moved 789.636 354.483 369.844  -0.00957832 0.00423775
Moved 789.692 350.925 393.374  -0.015755 0.058305
Moved 789.742 350 406.59  -0.0173611 0.0886714
Ended 789.818 350 409.01  -0.0173611 0.0942314
Began 790.286 227 500  -0.230903 0.303309
Stationary 790.348 227 500  -0.230903 0.303309
Stationary 790.399 227 500  -0.230903 0.303309
Moved 790.451 284.357 516.726  -0.131325 0.341742
Moved 790.504 350.229 525.025  -0.0169634 0.360812
Moved 790.555 408.709 527.809  0.0845649 0.367208
Moved 790.607 467.298 528  0.186281 0.367647
Moved 790.658 493.903 528  0.23247 0.367647
Moved 790.71 502.319 518.77  0.247081 0.346438
Moved 790.762 504 514  0.25 0.335478
Moved 790.813 476.815 492.759  0.202803 0.286671
Moved 790.864 435 473  0.130208 0.241268
Moved 790.929 323.41 422.377  -0.0635238 0.124948
Moved 790.989 260.5 372  -0.172743 0.00919125
Moved 791.042 230.089 334.133  -0.225541 -0.0778201
Moved 791.098 207.554 297.107  -0.264664 -0.162898
Moved 791.152 199.109 271.273  -0.279324 -0.222258
Moved 791.205 194.895 252.789  -0.286641 -0.264731
Moved 791.258 194 250  -0.288195 -0.27114
Moved 791.311 190.5 269.5  -0.294271 -0.226333
Moved 791.367 184.862 312.829  -0.304059 -0.126771
Moved 791.421 178.907 363.841  -0.314398 -0.00955708
Moved 791.504 174 401.471  -0.322917 0.0769084
Moved 791.554 174 412  -0.322917 0.101103
Moved 791.606 185.902 426.935  -0.302254 0.13542
Moved 791.66 209.595 445.372  -0.26112 0.177785
Moved 791.716 248.748 472.248  -0.193147 0.239541
Moved 791.769 271.526 488.144  -0.153601 0.276067
Moved 791.826 279.5 494  -0.139757 0.289522
Moved 791.882 279 494  -0.140625 0.289522
Moved 791.933 254.431 427.51  -0.183279 0.136742
Moved 791.983 244.978 382.76  -0.199691 0.0339151
Moved 792.074 242 342.112  -0.204861 -0.0594848
Moved 792.129 242 337.938  -0.204861 -0.0690766
Moved 792.177 240.715 338  -0.207093 -0.0689338
Moved 792.23 227.969 338  -0.22922 -0.0689338
Moved 792.28 198.699 359.575  -0.280036 -0.0193586
Moved 792.33 185.576 363  -0.30282 -0.011489
Moved 792.378 179.752 364  -0.312931 -0.00919111
Ended 792.426 179 364  -0.314236 -0.00919111
Began 792.745 432 308  0.125 -0.137868
Stationary 792.808 432 308  0.125 -0.137868
Moved 792.862 432 333.632  0.125 -0.0789715
Moved 792.915 432 374.886  0.125 0.0158216
Moved 792.971 445.483 413.19  0.148408 0.103836
Moved 793.037 456.344 460.547  0.167263 0.212654
Moved 793.089 459.312 489.186  0.172417 0.27846
Moved 793.139 459 507.534  0.171875 0.32062
Moved 793.189 459 515.5  0.171875 0.338925
Moved 793.243 459 515  0.171875 0.337776
Moved 793.297 445 422.484  0.147569 0.125193
Moved 793.352 444 352.958  0.145833 -0.0345627
Moved 793.406 456.723 283.748  0.167921 -0.193594
Moved 793.46 466.341 246.637  0.184619 -0.278867
Moved 793.514 473.686 227.314  0.197371 -0.323267
Moved 793.588 476 223  0.201389 -0.33318
Moved 793.637 486.545 246.862  0.219696 -0.27835
Moved 793.686 518.504 334.469  0.275181 -0.0770478
Moved 793.734 541.791 399.016  0.31561 0.0712685
Moved 793.786 570.002 463.205  0.364587 0.218761
Moved 793.837 580.675 496.727  0.383117 0.295787
Moved 793.888 583 513.629  0.387153 0.334625
Moved 793.941 584.055 524.11  0.388985 0.358709
Ended 793.992 585.5 526.5  0.391493 0.3642
Began 794.294 143 469  -0.376736 0.232077
Stationary 794.357 143 469  -0.376736 0.232077
Moved 794.408 166.5 469  -0.335938 0.232077
Moved 794.465 223.402 484.867  -0.23715 0.268537
Moved 794.519 269.825 492.137  -0.156554 0.285242
Moved 794.571 348.924 506.49  -0.0192285 0.318223
Moved 794.626 409.066 515.137  0.0851843 0.338092
Moved 794.675 453.517 519.21  0.162355 0.347449
Moved 794.728 488.875 520  0.223742 0.349265
Moved 794.781 501.5 520  0.24566 0.349265
Moved 794.837 510.026 520  0.260461 0.349265
Moved 794.89 496.981 490.246  0.237815 0.280895
Moved 794.943 368.416 346.034  0.014611 -0.0504734
Moved 794.995 329.636 305.637  -0.0527145 -0.143298
Moved 795.049 293.087 261.63  -0.116169 -0.244416
Moved 795.116 281.127 244.255  -0.136932 -0.284341
Moved 795.169 279 240.642  -0.140625 -0.292642
Stationary 795.258 279 241  -0.140625 -0.29182
Moved 795.308 295.307 251.05  -0.112314 -0.268726
Moved 795.357 342.577 274.908  -0.0302484 -0.213907
Moved 795.406 400.538 307.269  0.0703791 -0.139547
Moved 795.459 443.605 334.07  0.145148 -0.0779636
Moved 795.51 481.703 358.222  0.21129 -0.0224686
Moved 795.561 495.5 368.5  0.235243 0.0011489
Moved 795.614 508.139 376.069  0.257185 0.0185414
Moved 795.668 515.212 380.212  0.269465 0.0280606
Moved 795.718 520.983 382.991  0.279484 0.0344472
Moved 795.793 544.733 388  0.320717 0.0459559
Moved 795.842 556.464 388  0.341083 0.0459559
Moved 795.891 564.255 379.217  0.354609 0.0257746
Moved 795.941 566 376.947  0.357639 0.0205583
Moved 795.996 567 375  0.359375 0.0160846
Moved 796.045 549.653 386.565  0.329259 0.0426573
Moved 796.095 518.467 404.833  0.275116 0.0846355
Moved 796.151 485.354 422.176  0.217629 0.124485
Moved 796.202 437.619 457.558  0.134755 0.205785
Moved 796.251 416.078 473.353  0.0973583 0.24208
Moved 796.336 394.791 489.209  0.0604001 0.278514
Ended 796.388 393 493.367  0.0572917 0.288068
PhraseEnd 797.05
