the quick brown fox jumps over the lazy dog
Basic
0.6 0.6
432 326.4
Began 909.571 331 472  -0.0671296 0.318628
Stationary 909.642 331 472  -0.0671296 0.318628
Stationary 909.699 331 472  -0.0671296 0.318628
Stationary 909.762 331 472  -0.0671296 0.318628
Stationary 909.817 331 472  -0.0671296 0.318628
Stationary 909.874 331 472  -0.0671296 0.318628
Moved 909.932 348.803 450.897  -0.0259197 0.253973
Moved 909.992 391.825 401.511  0.0736688 0.102668
Moved 910.051 415.076 365.848  0.127491 -0.00659466
Moved 910.113 422.5 355.5  0.144676 -0.0382966
Moved 910.185 408.408 353  0.112056 -0.0459559
Moved 910.241 366.695 378.537  0.0154973 0.0322819
Moved 910.306 300.168 431.166  -0.138499 0.193522
Moved 910.369 268.946 458.043  -0.210772 0.275867
Moved 910.431 247.929 475.607  -0.259424 0.329677
Moved 910.489 242 482.75  -0.273148 0.351563
Ended 910.544 242 484  -0.273148 0.355392
Began 910.755 149 463  -0.488426 0.291054
Moved 910.824 159.986 463  -0.462994 0.291054
Moved 910.883 220.477 463  -0.32297 0.291054
Moved 910.944 294.698 463  -0.151163 0.291054
Moved 911.016 378.116 463  0.0419342 0.291054
Moved 911.077 414.76 471.952  0.126759 0.31848
Moved 911.134 425.566 473  0.151773 0.321691
Moved 911.192 433.305 473  0.169687 0.321691
Moved 911.249 418.182 444.218  0.13468 0.233512
Moved 911.317 352.004 349.007  -0.0185084 -0.0581895
Moved 911.375 311.862 282.951  -0.111431 -0.260566
Moved 911.432 294.579 247.157  -0.151439 -0.37023
Moved 911.49 293 240  -0.155093 -0.392157
Moved 911.547 293 239  -0.155093 -0.39522
Moved 911.627 380.464 301.583  0.0473711 -0.203482
Moved 911.685 415.807 325.978  0.129183 -0.128746
Moved 911.748 466.384 366.086  0.24626 -0.00586323
Moved 911.81 495.422 392.067  0.313478 0.0737339
Ended 911.875 503 400  0.331019 0.0980393
Began 912.199 410 310  0.115741 -0.177696
Stationary 912.259 410 310  0.115741 -0.177696
Stationary 912.316 410 310  0.115741 -0.177696
Moved 912.382 385.18 339.701  0.058286 -0.0867009
Moved 912.438 370.664 361.17  0.0246847 -0.0209246
Moved 912.499 344.838 408.325  -0.0350979 0.123544
Moved 912.557 319.628 458.743  -0.0934525 0.278012
Moved 912.615 308 491.876  -0.12037 0.379523
Moved 912.675 317.241 507.466  -0.0989788 0.427284
Moved 912.733 357.603 515.3  -0.0055484 0.451287
Moved 912.806 436.533 496.44  0.17716 0.393505
Moved 912.865 479.313 479.843  0.276188 0.342657
Moved 912.922 493.224 472.388  0.308389 0.319816
Moved 912.983 496 466.872  0.314815 0.302915
Moved 913.043 446.857 465  0.201059 0.297181
Moved 913.106 359.859 483.535  -0.000325392 0.353968
Moved 913.165 300.945 497.021  -0.136702 0.395284
Moved 913.226 266.528 502  -0.21637 0.410539
Moved 913.286 255.306 502  -0.242348 0.410539
Moved 913.345 252.64 502  -0.248518 0.410539
Moved 913.447 288.252 437.278  -0.166083 0.21225
Moved 913.51 332.712 382.901  -0.0631674 0.0456524
Moved 913.571 371.475 339.735  0.0265626 -0.0865964
Moved 913.634 390.179 311.553  0.069858 -0.172937
Moved 913.691 399 293.5  0.0902778 -0.228248
Moved 913.748 401 281.23  0.0949074 -0.265838
Moved 913.805 402.911 276.089  0.0993306 -0.281589
Moved 913.862 406.124 272  0.10677 -0.294118
Ended 913.919 407 272  0.108796 -0.294118
Began 914.116 316 410  -0.101852 0.128676
Stationary 914.181 316 410  -0.101852 0.128676
Stationary 914.24 316 410  -0.101852 0.128676
Stationary 914.298 316 410  -0.101852 0.128676
Moved 914.355 333.197 428.358  -0.0620433 0.18492
Moved 914.419 377.56 450.28  0.040647 0.252083
Moved 914.475 431.814 467.144  0.166235 0.30375
Moved 914.534 479.264 479.075  0.276075 0.340305
Moved 914.622 499.5 483  0.322917 0.352328
Moved 914.678 491.135 469.702  0.303552 0.311587
Moved 914.738 429.52 410.52  0.160926 0.13027
Moved 914.8 371.445 352.445  0.0264928 -0.0476566
Moved 914.862 334.942 310.93  -0.0580051 -0.174846
Moved 914.924 314.5 288.5  -0.105324 -0.243566
Moved 914.985 300.526 277.263  -0.137672 -0.277994
Moved 915.045 290.093 269.046  -0.161823 -0.303167
Moved 915.105 275.656 260.104  -0.19524 -0.330563
Moved 915.165 259.236 252.412  -0.23325 -0.35413
Ended 915.253 255 250  -0.243056 -0.36152
Began 915.567 418 368  0.134259 0
Stationary 915.631 418 368  0.134259 0
Moved 915.69 418 392.773  0.134259 0.0758987
Moved 915.752 418 440.926  0.134259 0.223424
Moved 915.813 407.82 479.257  0.110696 0.340861
Moved 915.873 408 495.703  0.111111 0.391247
Moved 915.933 408 498  0.111111 0.398284
Moved 915.993 426.799 442.603  0.154627 0.228564
Moved 916.064 443.271 368.468  0.192757 0.00143294
Moved 916.123 450 297.517  0.208333 -0.215939
Moved 916.182 451 262.364  0.210648 -0.323639
Moved 916.242 451 253.147  0.210648 -0.351878
Moved 916.318 452.428 278.712  0.213955 -0.273554
Moved 916.383 487.97 383.925  0.296227 0.0487904
Moved 916.448 519.505 458.01  0.369225 0.275767
Moved 916.513 525 475.354  0.381944 0.328902
Moved 916.571 517.25 479  0.364004 0.340074
Moved 916.63 441.748 452.539  0.18923 0.259003
Moved 916.692 359.374 420.653  -0.00144973 0.161316
Moved 916.756 294.803 397.841  -0.150919 0.0914243
Moved 916.816 249.582 382.527  -0.255597 0.0445079
Moved 916.873 232.108 376.554  -0.296046 0.0262075
Ended 916.963 227 375  -0.30787 0.0214461
Began 917.305 503 449  0.331019 0.248162
Stationary 917.369 503 449  0.331019 0.248162
Stationary 917.427 503 449  0.331019 0.248162
Moved 917.486 468.029 428.353  0.250068 0.184905
Moved 917.557 430.986 403.845  0.164318 0.109818
Moved 917.616 394.673 371.673  0.0802616 0.0112533
Moved 917.676 358.682 327.023  -0.00305146 -0.125543
Moved 917.733 337.795 287.658  -0.0514007 -0.246145
Moved 917.79 329.761 269.522  -0.0699971 -0.301708
Moved 917.851 327 262.652  -0.0763889 -0.322756
Moved 917.917 323.127 262  -0.0853545 -0.324755
Moved 917.988 299.678 307.258  -0.139635 -0.186097
Moved 918.047 271.569 376.077  -0.204701 0.0247473
Moved 918.106 254.759 415.722  -0.243613 0.146206
Moved 918.167 242.717 440.85  -0.271489 0.223192
Moved 918.23 240 452.5  -0.277778 0.258885
Moved 918.289 239 458.5  -0.280093 0.277267
Moved 918.349 255.501 461  -0.241896 0.284926
Moved 918.407 283.589 461  -0.176876 0.284926
Moved 918.463 294 461  -0.152778 0.284926
Ended 918.519 301 461  -0.136574 0.284926
Began 918.786 349 480  -0.025463 0.343137
Stationary 918.844 349 480  -0.025463 0.343137
Stationary 918.898 349 480  -0.025463 0.343137
Moved 918.955 359.564 447.871  -0.00100836 0.244703
Moved 919.013 373.102 414.829  0.0303297 0.143472
Moved 919.072 385 388  0.0578704 0.0612746
Moved 919.132 389.726 376.548  0.0688096 0.0261903
Moved 919.196 390 371.884  0.0694445 0.0118992
Moved 919.255 358.491 372  -0.00349313 0.012255
Moved 919.313 317.31 403.793  -0.098819 0.109661
Moved 919.39 271.06 443.45  -0.20588 0.231159
Moved 919.456 255.99 461.021  -0.240764 0.284989
Moved 919.52 254 465.231  -0.24537 0.297889
Ended 919.581 254 465  -0.24537 0.297181
Began 919.808 510 379  0.347222 0.0337011
Stationary 919.876 510 379  0.347222 0.0337011
Moved 919.933 460.392 370  0.23239 0.00612745
Moved 919.994 382.526 380.463  0.0521423 0.038184
Moved 920.052 308.061 390.792  -0.120228 0.0698279
Moved 920.11 261.855 397.518  -0.227188 0.0904357
Moved 920.171 226.513 399  -0.308997 0.0949755
Moved 920.23 209.575 390.788  -0.348206 0.0698145
Moved 920.288 204.6 384.2  -0.359722 0.0496337
Moved 920.346 204 350.688  -0.361111 -0.053038
Moved 920.405 214.104 304.061  -0.337721 -0.195892
Moved 920.467 219.229 274.4  -0.32586 -0.286766
Moved 920.529 223.761 259.239  -0.315369 -0.333213
Moved 920.585 233.476 267.952  -0.29288 -0.30652
Moved 920.653 282.935 350.613  -0.17839 -0.0532698
Moved 920.709 300.644 388.835  -0.137399 0.0638325
Moved 920.794 324.533 427.043  -0.0821006 0.180893
Moved 920.852 340.351 449.026  -0.045485 0.248241
Ended 920.908 347 455  -0.0300926 0.266544
Began 921.253 255 357  -0.243056 -0.033701
Stationary 921.32 255 357  -0.243056 -0.033701
Moved 921.38 273.648 373.373  -0.199889 0.0164624
Moved 921.439 306.464 397.684  -0.123925 0.090943
Moved 921.5 353.919 427.951  -0.0140765 0.183674
Moved 921.562 409.5 459  0.114583 0.278799
Moved 921.624 453.646 477.327  0.216774 0.334949
Moved 921.693 482.577 485.192  0.283743 0.359045
Moved 921.756 494.39 486  0.311087 0.36152
Moved 921.822 497 476.127  0.31713 0.33127
Moved 921.883 479.132 444.665  0.275769 0.234881
Moved 921.944 452.053 425.526  0.213085 0.176245
Moved 922.008 402.129 406.377  0.0975218 0.117575
Moved 922.064 364.163 395.189  0.00963569 0.0833007
Moved 922.12 342.303 386.921  -0.0409651 0.0579694
Moved 922.176 326.909 375.212  -0.0766 0.0220946
Ended 922.231 326 374  -0.0787037 0.0183825
PhraseEnd 922.809
