yes you are very smart
Basic
0.8 0.8
575.9999 435.2
Began 706.9902 396 490 0.06250002 0.2803309
Stationary 707.046 396 490 0.06250002 0.2803309
Stationary 707.0949 396 490 0.06250002 0.2803309
Stationary 707.1483 396 490 0.06250002 0.2803309
Stationary 707.1958 396 490 0.06250002 0.2803309
Stationary 707.2424 396 490 0.06250002 0.2803309
Stationary 707.2889 396 490 0.06250002 0.2803309
Stationary 707.3353 396 490 0.06250002 0.2803309
Stationary 707.3807 396 490 0.06250002 0.2803309
Moved 707.4271 371.3642 490 0.01972959 0.2803309
Moved 707.4743 337.5003 490 -0.0390619 0.2803309
Moved 707.5213 294.1862 490 -0.11426 0.2803309
Moved 707.5686 281.0899 490 -0.1369967 0.2803309
Moved 707.6149 272.8963 490 -0.1512218 0.2803309
Moved 707.6609 264.5027 490 -0.1657939 0.2803309
Moved 707.7284 251.3714 469.7429 -0.1885913 0.2337842
Moved 707.7742 234.2752 428.0054 -0.2182723 0.13788
Moved 707.8202 216.14 383.1639 -0.249757 0.03484347
Moved 707.8734 207.0182 359.0364 -0.2655934 -0.02059635
Moved 707.9233 204 346.3369 -0.2708333 -0.04977738
Moved 707.9796 204 342.5 -0.2708333 -0.05859369
Ended 708.0254 204 343 -0.2708333 -0.05744486
Began 708.3092 391 432 0.05381942 0.1470589
Stationary 708.3668 391 432 0.05381942 0.1470589
Stationary 708.4131 391 432 0.05381942 0.1470589
Moved 708.4587 391 444.2996 0.05381942 0.1753208
Moved 708.5071 391 454.3104 0.05381942 0.1983235
Moved 708.5554 400.2277 463.683 0.06983973 0.21986
Moved 708.6035 404.3689 471.7379 0.07702939 0.2383683
Moved 708.6516 408.5 475.5 0.0842014 0.2470129
Moved 708.6987 424.0866 485.0433 0.1112615 0.2689415
Moved 708.7454 451.5 492 0.1588542 0.2849265
Moved 708.7917 484.7111 494 0.2165124 0.2895221
Moved 708.8386 514.0767 494 0.2674943 0.2895221
Moved 708.8862 532 494 0.2986111 0.2895221
Moved 708.9374 544.8156 487 0.3208603 0.2734376
Moved 708.9975 551.014 484.986 0.3316215 0.2688099
Moved 709.0481 553.1554 484 0.3353392 0.2665442
Moved 709.0971 553 477.068 0.3350694 0.2506158
Moved 709.1729 481.3078 466 0.2106039 0.2251838
Moved 709.2222 445.0041 466 0.1475765 0.2251838
Moved 709.2723 429.51 474 0.1206771 0.2435662
Moved 709.3193 423 479.3541 0.109375 0.2558689
Ended 709.3691 423 480.5 0.109375 0.2585019
Began 709.6588 239 325 -0.2100695 -0.09880515
Stationary 709.7062 239 325 -0.2100695 -0.09880515
Stationary 709.7512 239 325 -0.2100695 -0.09880515
Stationary 709.7955 239 325 -0.2100695 -0.09880515
Stationary 709.8408 239 325 -0.2100695 -0.09880515
Stationary 709.8879 239 325 -0.2100695 -0.09880515
Stationary 709.9438 239 325 -0.2100695 -0.09880515
Moved 709.9911 218.4893 325 -0.2456783 -0.09880515
Moved 710.045 195 325 -0.2864583 -0.09880515
Moved 710.0927 185.6711 335.3289 -0.3026544 -0.07507142
Moved 710.1497 183 350.2116 -0.3072917 -0.04087406
Moved 710.1953 195.1309 369.3833 -0.2862311 0.003178611
Moved 710.2413 220 401 -0.2430556 0.07582718
Moved 710.2872 251.4259 424.8726 -0.1884968 0.1306816
Moved 710.3328 280.0893 450.0893 -0.1387339 0.1886244
Moved 710.3817 308.489 476.489 -0.08942883 0.2492853
Moved 710.4285 316 486.1125 -0.0763889 0.2713982
Moved 710.4801 317 487.5 -0.07465278 0.2745864
Moved 710.5296 317 489 -0.07465278 0.2780331
Moved 710.5803 293.0757 493.132 -0.1161881 0.2875277
Moved 710.6575 246.8412 500.0397 -0.1964562 0.3034
Moved 710.7062 235.3026 501 -0.2164885 0.3056066
Moved 710.7518 229.0302 501.9698 -0.2273781 0.307835
Moved 710.7983 228 508.2687 -0.2291667 0.3223085
Ended 710.8472 228 508.2687 -0.2291667 0.3223085
Began 711.1461 342 266 -0.03125001 -0.234375
Stationary 711.1985 342 266 -0.03125001 -0.234375
Stationary 711.2448 342 266 -0.03125001 -0.234375
Stationary 711.2926 342 266 -0.03125001 -0.234375
Stationary 711.3389 342 266 -0.03125001 -0.234375
Moved 711.3873 331.2992 279.2678 -0.04982777 -0.2038884
Moved 711.4384 313.5513 301.8282 -0.08064017 -0.1520491
Moved 711.4874 284.6794 342.9808 -0.1307648 -0.05748883
Moved 711.5368 259.1147 386.7896 -0.175148 0.04317473
Moved 711.5881 245.6576 422.0273 -0.1985112 0.1241436
Moved 711.6449 242 450.5972 -0.2048611 0.1897914
Moved 711.694 242 470.7382 -0.2048611 0.2360713
Moved 711.7433 242 483.5268 -0.2048611 0.2654568
Moved 711.7929 242 489.3882 -0.2048611 0.2789252
Moved 711.8438 242 494.6124 -0.2048611 0.2909291
Moved 711.8914 242 498 -0.2048611 0.2987133
Moved 711.9413 259.3522 504.7841 -0.1747358 0.3143016
Moved 711.9893 284.7603 509.6801 -0.1306245 0.3255517
Moved 712.0355 314.8135 511 -0.07844874 0.3285846
Moved 712.0901 334.878 511 -0.04361455 0.3285846
Moved 712.1655 347.8265 511 -0.02113447 0.3285846
Ended 712.212 352.8336 511 -0.01244173 0.3285846
Began 712.6299 315 388 -0.078125 0.04595592
Moved 712.6895 299.1122 388 -0.105708 0.04595592
Moved 712.7393 270.6288 388 -0.1551584 0.04595592
Moved 712.8017 232.441 388 -0.2214565 0.04595592
Moved 712.8511 214.1498 388 -0.2532122 0.04595592
Moved 712.9004 204.921 388 -0.2692345 0.04595592
Moved 712.9545 195 388 -0.2864583 0.04595592
Moved 713.0026 184.0275 388 -0.3055077 0.04595592
Moved 713.0493 173.0726 388 -0.3245268 0.04595592
Moved 713.0973 167.8127 388 -0.3336585 0.04595592
Moved 713.1516 166 388 -0.3368056 0.04595592
Moved 713.1976 201.1561 355.5834 -0.2757708 -0.02853071
Moved 713.2457 296.2505 318.0123 -0.1106762 -0.1148614
Moved 713.2955 365.9396 287.1094 0.01031175 -0.1858698
Moved 713.3688 438.6984 229.3016 0.1366292 -0.3187003
Moved 713.4233 463.7274 203.2726 0.1800823 -0.3785097
Moved 713.4702 477.5516 187.4484 0.2040827 -0.4148705
Moved 713.5192 481 184.083 0.2100694 -0.4226034
Moved 713.5659 482 184 0.2118056 -0.4227941
Moved 713.6168 452.2314 239.0298 0.160124 -0.296347
Moved 713.6678 415.2516 294.7477 0.09592295 -0.1683188
Moved 713.7184 360.2208 371.3723 0.0003834069 0.007748745
Moved 713.7647 329.6382 412.3741 -0.05271155 0.1019625
Moved 713.8138 302.1074 445.0413 -0.100508 0.1770251
Moved 713.8879 269.8398 478.1602 -0.1565282 0.2531255
Moved 713.9376 250.6887 491.4835 -0.1897766 0.2837396
Moved 713.985 239.0528 499.8944 -0.2099778 0.3030662
Moved 714.0328 235 502.7889 -0.2170139 0.3097172
Moved 714.0845 234 505.9296 -0.21875 0.3169338
Moved 714.1338 234 508.3095 -0.21875 0.3224024
Moved 714.1893 234 510.0853 -0.21875 0.3264829
Moved 714.238 247.8103 511 -0.1947739 0.3285846
Moved 714.2867 272.5 517.5 -0.1519098 0.3435203
Moved 714.3326 297.2342 521 -0.1089684 0.3515625
Moved 714.4113 335.2008 522 -0.04305411 0.3538603
Moved 714.4577 345.8407 522 -0.02458207 0.3538603
Ended 714.5177 356.5 522 -0.006076396 0.3538603
PhraseEnd 715.2582
