question that must be answered
Basic
0.4 0.4
288 115.2
Began 462.9993 241 256 -0.4131945 0.1388889
Stationary 463.0422 241 256 -0.4131945 0.1388889
Stationary 463.0787 241 256 -0.4131945 0.1388889
Moved 463.1251 254.0417 256 -0.3679106 0.1388889
Moved 463.1637 268.4923 256 -0.3177352 0.1388889
Moved 463.204 277.9355 256 -0.2849461 0.1388889
Moved 463.245 282.9241 256 -0.2676246 0.1388889
Moved 463.2846 297.1765 260.353 -0.2181371 0.1766756
Moved 463.3275 320.4454 268.6891 -0.1373424 0.2490372
Moved 463.3681 334.7351 272.21 -0.08772545 0.2796009
Moved 463.4094 361.1801 277.236 0.00409767 0.3232294
Moved 463.4508 378.1291 280.3763 0.06294817 0.3504894
Moved 463.4904 383.6556 280.8278 0.08213759 0.3544084
Moved 463.5289 387.5 281 0.09548604 0.3559028
Moved 463.5688 388.1688 281 0.09780824 0.3559028
Stationary 463.6083 388 281 0.09722218 0.3559028
Moved 463.647 363.0189 281 0.01048237 0.3559028
Moved 463.6873 330.9629 284.8677 -0.1008234 0.3894772
Moved 463.7478 310.1307 285 -0.1731574 0.390625
Moved 463.7877 302.2292 286 -0.2005931 0.3993056
Moved 463.8278 298.8023 286 -0.212492 0.3993056
Moved 463.8703 287.9342 271.2237 -0.2502285 0.271039
Moved 463.914 280.5058 249.0231 -0.2760217 0.07832528
Moved 463.9526 277.0957 240.287 -0.2878623 0.002491209
Moved 463.9942 276 234 -0.2916667 -0.05208307
Moved 464.0317 276 232.6399 -0.2916667 -0.06388983
Moved 464.0707 295.4384 243.5363 -0.2241723 0.03069692
Moved 464.1104 317.5621 258.3748 -0.1473538 0.1595031
Moved 464.1803 354.691 280.8455 -0.01843385 0.3545621
Moved 464.2242 382.6586 293.1882 0.07867575 0.4617032
Moved 464.2621 399.1249 296.8542 0.1358505 0.4935257
Moved 464.3015 421.986 299 0.2152291 0.5121531
Moved 464.3417 445.2482 299 0.2960005 0.5121531
Moved 464.381 457 299 0.3368056 0.5121531
Moved 464.4234 470.278 299 0.3829098 0.5121531
Moved 464.4597 475.3713 299 0.400595 0.5121531
Moved 464.498 479 290.0195 0.4131945 0.4341968
Moved 464.5411 481 288.2619 0.4201388 0.4189404
Moved 464.6049 467 265.5 0.3715278 0.2213542
Moved 464.6438 454.6851 250.6851 0.3287676 0.09275225
Moved 464.6837 442.3877 237.3877 0.2860684 -0.02267626
Moved 464.7207 434.0492 230.0492 0.2571152 -0.08637826
Moved 464.7578 423.6231 220.4154 0.2209137 -0.1700049
Moved 464.8026 416.0663 213.0663 0.1946747 -0.2337994
Moved 464.843 412.5 209.5 0.1822917 -0.2647567
Moved 464.883 408.4528 204.4528 0.168239 -0.3085698
Moved 464.924 408 202.5 0.1666667 -0.3255209
Moved 464.9641 407 203 0.1631944 -0.3211806
Ended 465.0233 407 203 0.1631944 -0.3211806
Began 465.3147 359 282 -0.003472194 0.3645834
Stationary 465.3611 359 282 -0.003472194 0.3645834
Stationary 465.3978 359 282 -0.003472194 0.3645834
Stationary 465.4342 359 282 -0.003472194 0.3645834
Moved 465.472 359 272.3467 -0.003472194 0.2807874
Moved 465.5114 370.7889 266.2111 0.03746137 0.2275274
Moved 465.5508 374.1815 262.8185 0.04924134 0.1980771
Moved 465.5909 382.777 254.223 0.07908688 0.1234637
Moved 465.6299 385.1446 250.8555 0.08730755 0.09423177
Moved 465.669 388.9393 246.0607 0.1004838 0.05261024
Moved 465.7087 390 243.3051 0.1041667 0.0286897
Moved 465.7473 390 238.3351 0.1041667 -0.01445241
Moved 465.7879 375.5495 234.3099 0.05399123 -0.04939318
Moved 465.8251 357.9333 233 -0.007175879 -0.0607639
Moved 465.8803 322.9844 233 -0.1285264 -0.0607639
Moved 465.9195 309.0977 233 -0.176744 -0.0607639
Moved 465.9588 287.5 233 -0.2517361 -0.0607639
Moved 465.9979 275.941 233 -0.2918716 -0.0607639
Moved 466.0368 265.9187 233 -0.3266711 -0.0607639
Moved 466.0741 260.4172 233 -0.3457737 -0.0607639
Moved 466.1122 257 233 -0.3576389 -0.0607639
Moved 466.15 256 233 -0.3611111 -0.0607639
Moved 466.1878 270.6726 247.4017 -0.3101646 0.06425116
Moved 466.2268 285.3382 256.6691 -0.2592423 0.1446973
Moved 466.3054 335.9355 275.5742 -0.08355714 0.3088043
Moved 466.3458 345.715 278 -0.0496006 0.3298611
Moved 466.3838 349.3849 278 -0.03685795 0.3298611
Moved 466.4234 352.5 279 -0.02604165 0.338542
Ended 466.4607 357 280.5 -0.01041666 0.3515625
Began 466.7895 460 198 0.3472223 -0.3645834
Stationary 466.8277 460 198 0.3472223 -0.3645834
Stationary 466.8674 460 198 0.3472223 -0.3645834
Moved 466.9119 442.5071 220.9858 0.2864829 -0.1650535
Moved 466.9516 436.9109 233.1781 0.2670519 -0.05921789
Moved 466.9914 430.8236 245.5292 0.2459154 0.04799631
Moved 467.0313 427.3727 250.2546 0.233933 0.08901597
Moved 467.0722 420.4648 257.5352 0.2099471 0.1522154
Moved 467.1129 406 263 0.1597223 0.1996528
Moved 467.153 390.3199 266.3361 0.1052773 0.2286116
Moved 467.1998 362.7143 267 0.009424686 0.2343753
Moved 467.2382 341.7019 267 -0.06353498 0.2343753
Moved 467.2842 319.6701 254.068 -0.1400345 0.122118
Moved 467.3223 309.1284 250.7821 -0.1766375 0.09359466
Moved 467.3604 299.8817 246.9606 -0.2087443 0.06042163
Moved 467.3985 293.5872 244.1958 -0.2306 0.03642188
Moved 467.4363 285.1382 241 -0.2599367 0.008680556
Moved 467.4743 281.5088 238.7544 -0.2725388 -0.01081255
Moved 467.5124 276.5314 237 -0.2898215 -0.0260414
Moved 467.5499 273.7782 234.7782 -0.2993812 -0.04532788
Moved 467.6106 272 235 -0.3055556 -0.04340278
Stationary 467.6482 272 235 -0.3055556 -0.04340278
Moved 467.6872 287.2584 251.9438 -0.252575 0.1036795
Moved 467.7287 315.7145 269.3572 -0.1537691 0.2548372
Moved 467.7669 328.5372 275.7686 -0.1092459 0.3104915
Moved 467.8055 341.5785 281 -0.06396368 0.3559028
Moved 467.8458 346.9639 283 -0.04526414 0.3732639
Moved 467.8858 351.6194 285 -0.02909914 0.390625
Moved 467.9264 354.3217 286.3217 -0.01971647 0.4020977
Ended 467.968 360 287.5 0 0.4123264
Began 468.1936 374 183 0.04861116 -0.4947917
Stationary 468.2315 374 183 0.04861116 -0.4947917
Stationary 468.2679 374 183 0.04861116 -0.4947917
Stationary 468.3164 374 183 0.04861116 -0.4947917
Moved 468.3542 360.4055 198.5946 0.001407862 -0.3594218
Moved 468.3931 349.9761 209.0239 -0.03480516 -0.2688893
Moved 468.4359 339.4666 217.3556 -0.07129647 -0.1965661
Moved 468.4756 330.2328 225.8254 -0.1033585 -0.1230431
Moved 468.518 314.7613 239.1791 -0.1570789 -0.007126067
Moved 468.5629 301.4184 250.7211 -0.2034084 0.09306484
Moved 468.6008 295.7464 256.2536 -0.2231028 0.14109
Moved 468.6471 290.2307 261.7692 -0.2422544 0.188969
Moved 468.6878 287.3783 265.6218 -0.2521588 0.2224112
Moved 468.7291 286 269.7697 -0.2569445 0.2584174
Moved 468.7673 286 271.2692 -0.2569445 0.2714343
Moved 468.8064 286 275.3575 -0.2569445 0.3069234
Moved 468.8453 286 277.0568 -0.2569445 0.3216736
Moved 468.8847 286 279.3591 -0.2569445 0.3416586
Ended 468.9237 286 281 -0.2569445 0.3559028
Began 469.1784 210 227 -0.5208334 -0.1128472
Stationary 469.2227 210 227 -0.5208334 -0.1128472
Stationary 469.2623 210 227 -0.5208334 -0.1128472
Moved 469.3033 223.1946 227 -0.4750188 -0.1128472
Moved 469.3507 235 227 -0.4340278 -0.1128472
Moved 469.3896 253.6297 215.274 -0.3693412 -0.214635
Moved 469.4323 267.8878 211.7041 -0.3198338 -0.2456241
Moved 469.4736 290.4301 207.714 -0.241562 -0.2802603
Moved 469.5193 310.1156 202.5769 -0.1732098 -0.324853
Moved 469.5603 327.1288 195.7178 -0.114136 -0.3843943
Moved 469.6009 334.1287 191.9572 -0.08983091 -0.4170384
Moved 469.6414 342.7981 189.101 -0.0597287 -0.4418321
Moved 469.6805 352.0039 188 -0.02776422 -0.451389
Moved 469.7201 356.5284 187 -0.012054 -0.4600692
Moved 469.7574 359.5 187 -0.001736134 -0.4600692
Moved 469.7928 361.1563 186 0.00401482 -0.4687501
Stationary 469.8535 361 186 0.003472269 -0.4687501
Moved 469.8913 347.9012 196.8241 -0.0420098 -0.3747906
Moved 469.9305 324.084 210.6663 -0.1247084 -0.2546329
Moved 469.969 308.9354 218.5323 -0.1773078 -0.1863514
Moved 470.0058 293.1173 227.9609 -0.2322315 -0.1045058
Moved 470.0429 285.8217 231.7261 -0.2575635 -0.07182228
Moved 470.0814 279.129 236.871 -0.2808022 -0.02716171
Moved 470.1238 276.6604 239.3396 -0.2893735 -0.005732642
Moved 470.1622 274 242 -0.2986111 0.01736138
Moved 470.2015 274 245.2361 -0.2986111 0.04545239
Moved 470.2656 283.6351 255.6351 -0.2651558 0.1357219
Moved 470.3034 288.1666 259.5833 -0.2494215 0.1699941
Moved 470.3434 292.3727 262 -0.2348169 0.1909725
Moved 470.3959 293 264.5 -0.2326389 0.2126736
Moved 470.4357 294 265.1425 -0.2291667 0.2182505
Moved 470.474 295 265 -0.2256945 0.2170139
Moved 470.517 296 266 -0.2222222 0.2256945
Moved 470.5572 297.1793 267.1793 -0.2181274 0.2359319
Stationary 470.5991 297 267 -0.21875 0.2343753
Moved 470.6361 298 267.9385 -0.2152778 0.2425221
Stationary 470.6957 298 268 -0.2152778 0.2430556
Stationary 470.7321 298 268 -0.2152778 0.2430556
Moved 470.7686 299 269 -0.2118056 0.2517361
Stationary 470.8053 299 269 -0.2118056 0.2517361
Stationary 470.8416 299 269 -0.2118056 0.2517361
Stationary 470.8778 299 269 -0.2118056 0.2517361
Stationary 470.9149 299 269 -0.2118056 0.2517361
Stationary 470.9522 299 269 -0.2118056 0.2517361
Stationary 470.9894 299 269 -0.2118056 0.2517361
Stationary 471.0257 299 269 -0.2118056 0.2517361
Moved 471.0878 279.6206 269 -0.2790952 0.2517361
Moved 471.1295 268 269 -0.3194445 0.2517361
Moved 471.1679 263.7644 269 -0.3341514 0.2517361
Moved 471.2107 263 271.3754 -0.3368056 0.2723562
Moved 471.2529 275.7364 281.3682 -0.2925821 0.3590989
Moved 471.2935 289.9788 287.9947 -0.2431293 0.4166206
Moved 471.3369 307.5413 292 -0.1821484 0.4513892
Moved 471.377 320.8471 292 -0.1359475 0.4513892
Moved 471.426 329.1696 292 -0.1070499 0.4513892
Moved 471.4658 332.225 292 -0.09644099 0.4513892
Moved 471.5263 333 292 -0.09374999 0.4513892
Moved 471.567 333 283.925 -0.09374999 0.3812933
Moved 471.607 320.0576 281 -0.1386891 0.3559028
Moved 471.6448 312.5236 281 -0.1648486 0.3559028
Moved 471.6813 306.1076 281 -0.1871264 0.3559028
Moved 471.718 303.767 281 -0.1952536 0.3559028
Moved 471.7558 299.5465 281 -0.2099078 0.3559028
Moved 471.7957 298.6414 281 -0.2130508 0.3559028
Moved 471.8393 296.9726 281 -0.2188452 0.3559028
Moved 471.8775 297 273.7011 -0.21875 0.2925444
Moved 471.9365 297 254.1097 -0.21875 0.1224801
Moved 471.9756 304.9717 246.8612 -0.1910705 0.05955909
Moved 472.0143 311.4158 245 -0.1686952 0.04340278
Ended 472.055 315 245 -0.15625 0.04340278
PhraseEnd 472.5305
never too rich and never too thin
Basic
0.4 0.4
288 217.6
Began 1078.903 468 177 0.375 -0.8777574
Stationary 1078.979 468 177 0.375 -0.8777574
Stationary 1079.048 468 177 0.375 -0.8777574
Moved 1079.116 468 200.4895 0.375 -0.7698092
Moved 1079.185 444.5 231.5 0.2934029 -0.6272979
Moved 1079.257 413.6674 261.3326 0.1863453 -0.4901994
Moved 1079.328 391.9972 277.6685 0.1111014 -0.4151263
Moved 1079.406 358.1598 306.8402 -0.006389618 -0.2810651
Moved 1079.476 340.5837 326.555 -0.06741755 -0.1904642
Moved 1079.546 327.0629 345.5828 -0.1143648 -0.1030203
Moved 1079.613 317.3153 369.054 -0.1482108 0.004843965
Moved 1079.679 309.6722 394.3111 -0.1747492 0.120915
Moved 1079.763 299.7729 417.4542 -0.2091218 0.2272709
Moved 1079.829 297 423.5 -0.21875 0.2550551
Moved 1079.9 306.812 399.485 -0.1846807 0.1446924
Moved 1079.969 331.1668 333.0413 -0.1001154 -0.1606557
Moved 1080.043 350.8579 287.2842 -0.0317435 -0.3709364
Moved 1080.114 355 280 -0.01736112 -0.4044116
Stationary 1080.181 355 280 -0.01736112 -0.4044116
Moved 1080.249 320.827 345.7371 -0.1360175 -0.1023112
Moved 1080.323 277.8144 432.1341 -0.2853667 0.2947339
Moved 1080.393 264.8714 459.3857 -0.3303075 0.419971
Moved 1080.501 262 468.4822 -0.3402778 0.4617748
Moved 1080.569 276.6983 470 -0.2892419 0.4687501
Moved 1080.638 302.6446 470 -0.1991506 0.4687501
Moved 1080.704 318.7298 457.2701 -0.1432992 0.4102488
Moved 1080.775 330.9615 452.6795 -0.100828 0.3891523
Ended 1080.851 330.9615 452.6795 -0.100828 0.3891523
Began 1081.107 359 418 -0.003472194 0.2297794
Stationary 1081.172 359 418 -0.003472194 0.2297794
Stationary 1081.238 359 418 -0.003472194 0.2297794
Moved 1081.305 375.4624 418 0.05368904 0.2297794
Moved 1081.376 399.0066 428 0.1354395 0.2757353
Moved 1081.449 417.4488 429 0.199475 0.280331
Moved 1081.521 441.2944 431 0.2822724 0.289522
Moved 1081.588 459.6036 432 0.3458458 0.2941177
Moved 1081.657 468.7681 432 0.3776671 0.2941177
Ended 1081.729 475 432 0.3993056 0.2941177
Began 1081.932 300 446 -0.2083334 0.3584559
Stationary 1082.01 300 446 -0.2083334 0.3584559
Moved 1082.078 329.6828 446 -0.1052681 0.3584559
Moved 1082.176 387.2198 446 0.09451301 0.3584559
Moved 1082.251 417.4579 446 0.1995066 0.3584559
Moved 1082.336 434.1451 446 0.2574482 0.3584559
Moved 1082.408 443 431.1714 0.2881944 0.2903097
Moved 1082.485 414.0796 392.5696 0.1877764 0.1129121
Moved 1082.565 368.6506 351.6506 0.03003686 -0.07513496
Moved 1082.63 349.2703 332.2703 -0.03725581 -0.1641989
Moved 1082.697 327.6688 307.6688 -0.1122611 -0.2772573
Moved 1082.763 317.3648 295.3649 -0.1480388 -0.333801
Moved 1082.839 310.7931 287 -0.1708573 -0.3722425
Moved 1082.925 330.0058 299.8621 -0.1041465 -0.3131335
Moved 1082.99 365.1332 332.1332 0.01782373 -0.1648289
Moved 1083.071 390.3852 361.5778 0.1055041 -0.02951356
Moved 1083.14 401.7779 375.778 0.1450622 0.03574428
Ended 1083.214 404.5 378.5 0.1545139 0.04825368
Began 1083.419 220 396 -0.4861112 0.1286765
Stationary 1083.484 220 396 -0.4861112 0.1286765
Moved 1083.563 281 396 -0.2743056 0.1286765
Moved 1083.635 324.9621 367.4303 -0.1216593 -0.002617976
Moved 1083.705 356.9232 345.2461 -0.01068339 -0.1045676
Moved 1083.777 383.3055 322.6945 0.08092181 -0.2082053
Moved 1083.849 407.0832 298.9168 0.1634833 -0.3174778
Moved 1083.918 418.2275 282.545 0.2021788 -0.3927161
Moved 1084 423 277 0.2187499 -0.4181986
Moved 1084.071 408.6035 287.0379 0.1687621 -0.3720685
Moved 1084.143 374.5903 307.8458 0.05066067 -0.2764438
Moved 1084.212 347.7859 330.0176 -0.04240998 -0.1745514
Moved 1084.28 325.2946 353.0582 -0.120505 -0.06866652
Moved 1084.352 317.5 361.5 -0.1475695 -0.02987119
Ended 1084.429 313 369.407 -0.1631945 0.006466193
Began 1084.65 414 282 0.1875 -0.3952206
Stationary 1084.759 414 282 0.1875 -0.3952206
Moved 1084.832 373.0064 331.5911 0.04516111 -0.1673205
Moved 1084.902 351.1978 365.6836 -0.03056325 -0.01064525
Moved 1084.974 323.4678 407.2203 -0.1268479 0.1802407
Moved 1085.047 304.1267 434.3099 -0.1940045 0.3047332
Moved 1085.118 296.2895 445.7105 -0.221217 0.3571257
Moved 1085.188 294 449.4879 -0.2291667 0.3744847
Moved 1085.259 294 432.583 -0.2291667 0.296797
Moved 1085.328 319.5 368 -0.140625 0
Moved 1085.397 333.1507 327.6987 -0.09322688 -0.1852083
Moved 1085.496 347.0269 296.9731 -0.04504554 -0.3264105
Moved 1085.562 349.0851 293.9149 -0.03789902 -0.3404646
Moved 1085.639 338.5357 325.1389 -0.07452883 -0.1969718
Moved 1085.711 314.852 378.296 -0.1567639 0.04731628
Moved 1085.786 297.3957 411.8129 -0.2173761 0.2013463
Moved 1085.856 290.2299 425.5403 -0.2422574 0.2644315
Moved 1085.923 287 432.2692 -0.2534723 0.2953549
Moved 1085.988 287 434 -0.2534723 0.3033089
Moved 1086.05 297.0575 434 -0.2185504 0.3033089
Moved 1086.115 308 434 -0.1805556 0.3033089
Ended 1086.222 318 434 -0.1458333 0.3033089
Began 1086.508 353 428 -0.02430558 0.2757353
Stationary 1086.586 353 428 -0.02430558 0.2757353
Moved 1086.661 375.7739 428 0.05477056 0.2757353
Moved 1086.733 391.2263 428 0.1084246 0.2757353
Moved 1086.803 409.8996 428 0.1732627 0.2757353
Moved 1086.876 432.5 428 0.251736 0.2757353
Moved 1086.945 449.1692 428 0.3096151 0.2757353
Moved 1087.013 462.603 428 0.3562603 0.2757353
Moved 1087.085 467.5 428 0.373264 0.2757353
Ended 1087.157 471.3592 428 0.386664 0.2757353
Began 1087.37 317 433 -0.1493056 0.2987132
Stationary 1087.447 317 433 -0.1493056 0.2987132
Moved 1087.516 330.2914 416.4172 -0.1031549 0.2225054
Moved 1087.588 347 388.5 -0.0451389 0.09420949
Moved 1087.66 359.1673 371.8327 -0.002891198 0.01761352
Moved 1087.752 377.1026 352.8973 0.05938411 -0.06940548
Moved 1087.821 384.1227 349 0.08375958 -0.08731604
Moved 1087.889 412.5414 379.8662 0.1824354 0.05453236
Moved 1087.969 430.4002 412.8004 0.2444451 0.2058841
Moved 1088.04 439.2141 426.4283 0.275049 0.2685124
Moved 1088.112 440 428 0.2777778 0.2757353
Moved 1088.182 423.2548 391.0127 0.2196346 0.1057569
Moved 1088.248 408.3181 340.1133 0.1677713 -0.1281556
Moved 1088.315 404 303.6626 0.1527777 -0.2956681
Moved 1088.381 402 284.1005 0.1458333 -0.3855678
Ended 1088.473 402 280.6909 0.1458333 -0.4012369
PhraseEnd 1089.003
