we run the risk of failure
Basic
0.8 0.8
576 435.2
Began 741.216 204 445  -0.270833 0.17693
Stationary 741.274 204 445  -0.270833 0.17693
Stationary 741.323 204 445  -0.270833 0.17693
Stationary 741.372 204 445  -0.270833 0.17693
Stationary 741.425 204 445  -0.270833 0.17693
Moved 741.475 217.973 453.743  -0.246575 0.19702
Moved 741.523 239.116 457.853  -0.209868 0.206463
Moved 741.572 265.507 463.644  -0.16405 0.21977
Moved 741.622 285.316 467  -0.12966 0.227482
Moved 741.67 294.815 468  -0.113168 0.229779
Moved 741.72 300.064 468  -0.104055 0.229779
Moved 741.771 303.197 468  -0.0986157 0.229779
Ended 741.819 304.5 468  -0.0963541 0.229779
Began 742.77 235 450  -0.217014 0.188419
Stationary 742.831 235 450  -0.217014 0.188419
Stationary 742.879 235 450  -0.217014 0.188419
Stationary 742.928 235 450  -0.217014 0.188419
Moved 742.979 276.366 464.748  -0.145198 0.222307
Moved 743.03 326.432 470  -0.058278 0.234375
Moved 743.08 357.19 470  -0.00487916 0.234375
Moved 743.135 383.962 470  0.0416011 0.234375
Moved 743.183 419.305 470  0.10296 0.234375
Moved 743.245 435.702 459.766  0.131428 0.210859
Moved 743.294 442.739 454.63  0.143645 0.199059
Moved 743.343 447.5 449.5  0.15191 0.18727
Moved 743.39 451.329 426.044  0.158556 0.133373
Moved 743.456 452 366.466  0.159722 -0.00352446
Moved 743.505 436.974 302.771  0.133636 -0.149884
Moved 743.556 432.82 267.383  0.126424 -0.231197
Moved 743.605 433 243.905  0.126736 -0.285143
Moved 743.656 433 227.331  0.126736 -0.323228
Moved 743.707 433 212.264  0.126736 -0.35785
Moved 743.754 433 207.5  0.126736 -0.368796
Moved 743.801 433 207  0.126736 -0.369945
Ended 743.851 433 207  0.126736 -0.369945
Began 744.241 323 460  -0.0642361 0.211397
Stationary 744.294 323 460  -0.0642361 0.211397
Stationary 744.357 323 460  -0.0642361 0.211397
Stationary 744.406 323 460  -0.0642361 0.211397
Moved 744.458 335.127 460  -0.0431816 0.211397
Moved 744.511 349.721 443.423  -0.0178462 0.173308
Moved 744.562 372.773 425.522  0.0221756 0.132175
Moved 744.613 407.64 385.305  0.0827076 0.0397625
Moved 744.662 423.327 362.009  0.109943 -0.0137661
Moved 744.713 428.357 352.286  0.118675 -0.0361064
Moved 744.769 430 346.5  0.121528 -0.0494025
Moved 744.819 430 346  0.121528 -0.0505515
Moved 744.87 386.731 364.594  0.0464075 -0.00782623
Moved 744.92 329.824 405.341  -0.0523896 0.0858022
Moved 744.971 297.25 434.75  -0.108941 0.153378
Moved 745.021 274.787 457.213  -0.147939 0.204993
Moved 745.073 252.971 482.2  -0.185814 0.262409
Moved 745.124 234.68 502.979  -0.217568 0.310154
Moved 745.174 228.225 509.775  -0.228776 0.32577
Moved 745.223 224.361 515  -0.235484 0.337776
Ended 745.304 223 518  -0.237847 0.344669
Began 745.54 265 481  -0.164931 0.259651
Stationary 745.596 265 481  -0.164931 0.259651
Stationary 745.645 265 481  -0.164931 0.259651
Moved 745.698 270.37 481  -0.155608 0.259651
Moved 745.747 297.913 490.768  -0.10779 0.282096
Moved 745.796 354.797 493  -0.00903342 0.287224
Moved 745.845 410.522 496.109  0.0877114 0.294368
Moved 745.893 456.243 503.862  0.167089 0.312184
Moved 745.949 497.311 513.089  0.238387 0.333384
Moved 746.006 513.5 515  0.266493 0.337776
Moved 746.051 514 515  0.267361 0.337776
Moved 746.098 465.5 479.5  0.18316 0.256204
Moved 746.144 384.878 441.308  0.0431904 0.168447
Moved 746.189 311.01 409.505  -0.0850513 0.0953705
Moved 746.236 267 388.5  -0.161458 0.0471048
Moved 746.282 243.036 376.73  -0.203063 0.0200591
Moved 746.34 216.226 360.151  -0.249607 -0.0180357
Moved 746.42 200.059 353  -0.277675 -0.0344669
Moved 746.48 197.708 352  -0.281757 -0.0367647
Moved 746.538 213.979 360.979  -0.253509 -0.0161336
Moved 746.594 261.615 373.911  -0.170808 0.0135824
Moved 746.648 349.226 378  -0.0187047 0.0229779
Moved 746.699 406.5 379  0.0807292 0.0252758
Moved 746.752 456.734 368.181  0.16794 0.00041576
Moved 746.807 479.757 363.049  0.207911 -0.0113771
Moved 746.861 496.312 361  0.236652 -0.0160846
Moved 746.91 505.474 360  0.25256 -0.0183824
Ended 746.985 511.07 360  0.262274 -0.0183824
Began 747.207 540 459  0.3125 0.209099
Stationary 747.256 540 459  0.3125 0.209099
Stationary 747.305 540 459  0.3125 0.209099
Stationary 747.36 540 459  0.3125 0.209099
Moved 747.409 529.5 459  0.294271 0.209099
Moved 747.458 526.198 451  0.288538 0.190717
Moved 747.508 519.142 447.142  0.276288 0.181852
Moved 747.559 490.09 433.14  0.225851 0.149679
Moved 747.607 427.589 407.636  0.117343 0.0910747
Moved 747.657 356.002 390.167  -0.00694037 0.0509353
Moved 747.716 325.728 384.818  -0.0594991 0.0386451
Moved 747.766 304.616 381  -0.0961521 0.0298713
Moved 747.815 298.5 381  -0.106771 0.0298713
Moved 747.863 293.349 380  -0.115713 0.0275736
Moved 747.915 289.668 380  -0.122103 0.0275736
Moved 747.964 288.5 380  -0.124132 0.0275736
Ended 748.013 289 380  -0.123264 0.0275736
Began 748.293 329 338  -0.0538195 -0.0689338
Stationary 748.351 329 338  -0.0538195 -0.0689338
Moved 748.41 302.04 338  -0.100625 -0.0689338
Moved 748.461 275.496 346.417  -0.146709 -0.0495923
Moved 748.512 244.5 353.5  -0.200521 -0.033318
Moved 748.564 207.353 360.729  -0.265012 -0.0167064
Moved 748.612 187.724 366.711  -0.299091 -0.00296277
Moved 748.664 174.733 371.633  -0.321643 0.00834858
Moved 748.717 169 375  -0.331597 0.0160846
Moved 748.767 188.603 387.802  -0.297564 0.0455002
Moved 748.82 247.289 408.403  -0.19568 0.0928371
Moved 748.87 357.493 432.936  -0.004353 0.14921
Moved 748.925 432.915 453.512  0.126589 0.19649
Moved 748.978 489.893 472.757  0.225509 0.24071
Moved 749.03 528.413 490.207  0.292384 0.280805
Moved 749.08 546.63 495.877  0.32401 0.293834
Moved 749.129 553.378 496  0.335725 0.294118
Moved 749.176 563.653 471.215  0.353564 0.237166
Moved 749.251 575.372 380.54  0.373909 0.028814
Moved 749.299 582.891 340.435  0.386964 -0.0633392
Moved 749.354 584 330.554  0.388889 -0.0860436
Moved 749.407 584 329  0.388889 -0.0896139
Moved 749.469 538.352 364.598  0.309639 -0.0078169
Moved 749.519 490.59 423.115  0.226719 0.126643
Moved 749.575 475.053 450.893  0.199745 0.190472
Moved 749.626 461.167 489.582  0.175638 0.27937
Moved 749.674 454.196 508.411  0.163535 0.322635
Moved 749.723 451.121 521.759  0.158196 0.353305
Moved 749.798 445.694 528.306  0.148774 0.36835
Moved 749.85 434 528  0.128472 0.367647
Moved 749.899 372.024 512.506  0.0208753 0.332045
Moved 749.949 322.844 508  -0.0645073 0.321691
Moved 750.001 287.86 508  -0.125244 0.321691
Moved 750.053 257.111 517.178  -0.178628 0.34278
Moved 750.101 246.348 519  -0.197313 0.346967
Moved 750.15 238.66 520  -0.21066 0.349265
Moved 750.199 231.393 521  -0.223275 0.351562
Moved 750.249 230 522.434  -0.225694 0.354857
Ended 750.325 230 522.434  -0.225694 0.354857
PhraseEnd 750.891
