one heck of a question
Basic
0.8 0.8
576 435.2
Began 759.855 554 458  0.336806 0.206801
Stationary 759.917 554 458  0.336806 0.206801
Stationary 759.969 554 458  0.336806 0.206801
Stationary 760.018 554 458  0.336806 0.206801
Stationary 760.068 554 458  0.336806 0.206801
Moved 760.121 554 469.207  0.336806 0.232552
Moved 760.174 563.39 471.39  0.353108 0.23757
Moved 760.228 565.189 474.189  0.356231 0.244
Stationary 760.277 565.189 474.189  0.356231 0.244
Moved 760.327 540.264 450.293  0.312958 0.189093
Moved 760.385 508.389 397.574  0.25762 0.0679554
Moved 760.439 489.379 335.93  0.224616 -0.0736907
Moved 760.489 480.192 295.363  0.208666 -0.166904
Moved 760.54 474.5 264.5  0.198785 -0.237822
Moved 760.614 472 244.779  0.194444 -0.283136
Moved 760.664 469.746 237.746  0.190531 -0.299297
Moved 760.717 468.888 237  0.189042 -0.301011
Moved 760.77 448.178 260.986  0.153087 -0.245896
Moved 760.827 397 318  0.0642361 -0.11489
Moved 760.883 352.21 369.487  -0.0135237 0.00341703
Moved 760.935 321.895 411.579  -0.0661552 0.100136
Moved 760.987 296.348 451.478  -0.110507 0.191815
Moved 761.038 278.66 487.234  -0.141216 0.273975
Moved 761.086 274.5 500  -0.148438 0.303309
Moved 761.165 272 506.177  -0.152778 0.317503
Ended 761.217 272 508.302  -0.152778 0.322384
Began 761.502 434 364  0.128472 -0.00919111
Stationary 761.56 434 364  0.128472 -0.00919111
Moved 761.61 420.346 364  0.104767 -0.00919111
Moved 761.677 399.29 376.026  0.0682112 0.0184425
Moved 761.729 357.027 403.982  -0.00516176 0.0826795
Moved 761.781 320.297 432.99  -0.0689292 0.149334
Moved 761.836 269.95 478.05  -0.156337 0.252872
Moved 761.895 243.783 498.811  -0.201765 0.300577
Moved 761.948 240 501  -0.208333 0.305607
Moved 761.997 238.5 502.5  -0.210938 0.309053
Moved 762.05 238 450.423  -0.211806 0.189391
Moved 762.101 254.481 376.835  -0.183193 0.0203018
Moved 762.15 269.254 318.486  -0.157545 -0.113773
Moved 762.219 283.788 269.636  -0.132312 -0.226021
Moved 762.271 291.446 243.662  -0.119017 -0.285703
Moved 762.325 294 238.768  -0.114583 -0.296949
Moved 762.377 302.259 239  -0.100245 -0.296415
Moved 762.431 334.969 270.245  -0.0434566 -0.224622
Moved 762.481 398.933 319.487  0.0675923 -0.111473
Moved 762.529 446.923 353.046  0.150908 -0.034361
Moved 762.58 471.414 365.249  0.193428 -0.00632209
Moved 762.63 490.068 374.427  0.225812 0.0147679
Moved 762.678 498.083 379.041  0.239727 0.0253707
Ended 762.755 508 382  0.256945 0.0321691
Began 763.21 568 514  0.361111 0.335478
Stationary 763.268 568 514  0.361111 0.335478
Moved 763.322 553.893 514  0.33662 0.335478
Moved 763.376 539.023 501.675  0.310804 0.307156
Moved 763.429 530.523 500  0.296048 0.303309
Moved 763.482 523.351 499  0.283596 0.301011
Moved 763.534 512.873 495.436  0.265404 0.292822
Moved 763.586 428.382 442.988  0.11872 0.172307
Moved 763.638 356.948 393.964  -0.00529882 0.0596598
Moved 763.69 323.264 371.948  -0.0637781 0.00907141
Moved 763.743 299.545 353.545  -0.104956 -0.0332138
Moved 763.793 292.092 348.092  -0.117896 -0.0457447
Moved 763.844 287.997 344.997  -0.125005 -0.052856
Moved 763.912 286 343.5  -0.128472 -0.056296
Ended 763.97 285 344  -0.130208 -0.0551471
Began 764.189 141 338  -0.380208 -0.0689338
Stationary 764.239 141 338  -0.380208 -0.0689338
Ended 764.288 141 338  -0.380208 -0.0689338
Began 764.761 160 505  -0.347222 0.314798
Stationary 764.831 160 505  -0.347222 0.314798
Moved 764.882 174.119 512.603  -0.32271 0.332267
Moved 764.933 207.15 525.806  -0.265365 0.362606
Moved 764.991 263.164 536.961  -0.168117 0.388238
Moved 765.045 329.947 540  -0.052175 0.395221
Moved 765.096 398.29 540.829  0.0664752 0.397126
Moved 765.148 416.744 541  0.0985137 0.397518
Moved 765.197 419.5 541  0.103299 0.397518
Moved 765.251 408.809 523.026  0.0847382 0.356219
Moved 765.305 370.857 496.74  0.0188489 0.295818
Moved 765.361 281.864 468.216  -0.135653 0.230276
Moved 765.428 242.57 467  -0.203872 0.227482
Moved 765.481 229.374 477  -0.226781 0.25046
Moved 765.535 225.559 477  -0.233405 0.25046
Moved 765.586 206.599 416.396  -0.266321 0.111205
Moved 765.638 199.268 361.212  -0.279049 -0.0155986
Moved 765.696 198 327.144  -0.28125 -0.0938788
Moved 765.748 207.429 324  -0.26488 -0.101103
Moved 765.797 248.537 365.2  -0.193512 -0.00643492
Moved 765.847 301.083 446.166  -0.102287 0.179609
Moved 765.898 326 479.5  -0.0590278 0.256204
Moved 765.982 398.079 517.144  0.0661099 0.342702
Moved 766.041 467.949 510.874  0.187411 0.328295
Moved 766.094 507.273 489.727  0.255682 0.279704
Moved 766.148 518.774 467.678  0.275649 0.22904
Moved 766.208 479.852 347.364  0.208076 -0.0474168
Moved 766.261 445.304 273.607  0.148097 -0.216895
Moved 766.314 426.074 219.759  0.114712 -0.340628
Moved 766.367 424 208  0.111111 -0.367647
Ended 766.416 423 208  0.109375 -0.367647
PhraseEnd 767.183
