breathing is difficult
Basic
0.6 0.6
432 172.8
Began 277.4844 353 162 -0.01620372 -0.4513887
Stationary 277.5196 353 162 -0.01620372 -0.4513887
Stationary 277.5446 353 162 -0.01620372 -0.4513887
Stationary 277.5678 353 162 -0.01620372 -0.4513887
Stationary 277.5912 353 162 -0.01620372 -0.4513887
Stationary 277.6146 353 162 -0.01620372 -0.4513887
Stationary 277.6384 353 162 -0.01620372 -0.4513887
Moved 277.664 353 172.8347 -0.01620372 -0.3886878
Moved 277.6893 353 174.2916 -0.01620372 -0.3802568
Moved 277.7179 353 177.8053 -0.01620372 -0.3599231
Moved 277.7422 342.5258 184.4889 -0.04044955 -0.3212447
Moved 277.7659 344.1136 191.4318 -0.03677398 -0.2810662
Moved 277.7917 342.3446 205.2769 -0.04086892 -0.200944
Moved 277.8171 339.5823 223.9237 -0.04726321 -0.09303394
Moved 277.8423 338.6656 230.3411 -0.04938528 -0.05589644
Moved 277.8683 332.5675 251.5138 -0.0635012 0.06663075
Moved 277.8939 325.0328 267.9344 -0.08094256 0.1616573
Moved 277.9183 322.2693 274.8269 -0.08733968 0.2015446
Moved 277.9443 316.2544 284.4913 -0.101263 0.2574726
Moved 277.9842 311.8159 290.7761 -0.1115372 0.2938435
Moved 278.0154 307.3123 294.3439 -0.1219624 0.31449
Moved 278.041 303.7753 298.1124 -0.1301497 0.3362986
Moved 278.0664 299.1618 300.4191 -0.1408291 0.3496476
Moved 278.0907 293.2531 301 -0.1545067 0.3530091
Moved 278.1193 280.4691 302 -0.1840993 0.3587963
Moved 278.1446 264.6982 302 -0.2206061 0.3587963
Moved 278.173 250.756 302 -0.2528797 0.3587963
Moved 278.1985 243.8779 302 -0.2688012 0.3587963
Moved 278.2248 230.1049 293.0419 -0.3006831 0.3069556
Moved 278.2693 218.8732 288.8732 -0.3266825 0.282831
Moved 278.3006 214.4284 287.4284 -0.3369712 0.27447
Moved 278.3273 210.6678 284.6678 -0.3456765 0.2584941
Moved 278.353 208.5706 282.2853 -0.3505311 0.2447065
Moved 278.3778 204.058 277.058 -0.3609768 0.2144563
Moved 278.4033 197.1509 267.3019 -0.3769655 0.157997
Moved 278.4284 193.2218 259.4435 -0.3860607 0.1125207
Moved 278.453 189.9703 252.9406 -0.3935872 0.07488763
Moved 278.4777 188.589 248.767 -0.3967847 0.05073495
Moved 278.5033 189 239.4911 -0.3958333 -0.002945088
Moved 278.5458 205.123 229.9753 -0.3585116 -0.0580129
Moved 278.571 229.0658 229 -0.3030884 -0.06365723
Moved 278.5947 247.3131 229 -0.2608492 -0.06365723
Moved 278.6187 277.105 253.463 -0.1918866 0.07791096
Moved 278.6428 289.744 260.8507 -0.1626295 0.120664
Moved 278.6671 315.8479 279.3859 -0.102204 0.2279276
Moved 278.6909 325.822 286.5871 -0.07911582 0.2696013
Moved 278.7152 341.3935 301.3935 -0.04307057 0.3552866
Moved 278.7408 353 313.5 -0.01620372 0.4253471
Moved 278.7739 358.121 318.121 -0.004349599 0.452089
Moved 278.8176 361.2028 321 0.002784232 0.46875
Moved 278.8421 361.5794 322 0.003656049 0.4745372
Moved 278.8802 363.1766 323 0.007353326 0.4803241
Moved 278.9042 363.7988 323 0.008793573 0.4803241
Moved 278.93 367.1222 323 0.01648655 0.4803241
Moved 278.9543 370.8196 323 0.02504537 0.4803241
Moved 278.9781 378.5 308 0.04282405 0.3935185
Moved 279.0015 383.9592 299.8214 0.05546113 0.3461886
Moved 279.0251 393.5437 282.9126 0.07764747 0.2483368
Moved 279.0487 402.8333 264.0555 0.09915124 0.1392105
Moved 279.0867 410.0685 250.8286 0.1158994 0.06266577
Moved 279.1123 417.5 236 0.1331019 -0.02314815
Moved 279.1354 419.8891 231.4436 0.1386322 -0.04951619
Moved 279.1594 423.6548 223.6906 0.1473489 -0.09438339
Moved 279.183 424 220.9431 0.1481481 -0.1102829
Moved 279.2076 426.5 218.5 0.1539352 -0.1244213
Moved 279.2303 426.8431 219 0.1547295 -0.1215278
Moved 279.254 436.7428 227.1094 0.1776453 -0.07459853
Moved 279.2772 445.9842 240.9796 0.1990375 0.005669064
Moved 279.3048 463.8333 268.1334 0.2403549 0.1628088
Moved 279.3506 478.5 292 0.2743055 0.3009261
Moved 279.3753 482.3141 299.6281 0.2831344 0.3450701
Moved 279.4027 482 302.0874 0.2824074 0.3593021
Stationary 279.4346 482 302.0874 0.2824074 0.3593021
Stationary 279.4588 482 302 0.2824074 0.3587963
Moved 279.484 464.2107 284.1581 0.2412283 0.2555445
Moved 279.5106 442.8796 253.5424 0.1918511 0.07837013
Moved 279.5351 435.0574 240.5862 0.1737441 0.003392255
Moved 279.5606 424.0653 222.5045 0.1482994 -0.101247
Moved 279.5867 414.9631 204.9261 0.1272293 -0.2029737
Moved 279.6262 409.4678 194.7017 0.1145088 -0.2621432
Moved 279.6516 406.46 188.92 0.1075464 -0.2956015
Moved 279.6762 405.2885 186.5769 0.1048344 -0.3091613
Moved 279.7011 404 182.606 0.1018518 -0.3321413
Moved 279.726 402 180.8417 0.09722222 -0.3423514
Moved 279.7488 400.5 179.5 0.09374996 -0.3501157
Moved 279.7743 397.3809 180 0.08652995 -0.3472222
Moved 279.8022 390.9926 180 0.07174204 -0.3472222
Moved 279.826 383.219 190.1715 0.05374759 -0.2883592
Moved 279.8499 371.3285 202.4525 0.02622326 -0.2172887
Moved 279.889 366.3344 211.6625 0.01466294 -0.1639901
Moved 279.9141 362.9244 222.3024 0.006769498 -0.1024169
Moved 279.9388 363 229.2662 0.006944438 -0.06211652
Moved 279.9685 360.788 235.6361 0.001824002 -0.025254
Moved 279.9935 361 239.9574 0.002314846 -0.0002465425
Moved 280.0174 361 242.7279 0.002314846 0.01578649
Ended 280.0402 361 243.3273 0.002314846 0.01925504
Began 280.2674 474 297 0.2638889 0.3298613
Stationary 280.2931 474 297 0.2638889 0.3298613
Stationary 280.3166 474 297 0.2638889 0.3298613
Stationary 280.3445 474 297 0.2638889 0.3298613
Stationary 280.3718 474 297 0.2638889 0.3298613
Moved 280.3952 463.1268 297 0.2387195 0.3298613
Moved 280.4225 454.3355 297 0.2183692 0.3298613
Moved 280.4467 447.9865 288.7946 0.2036725 0.2823764
Moved 280.4718 434.1993 284.2797 0.1717577 0.2562484
Moved 280.4972 418.8456 280.2416 0.1362168 0.2328798
Moved 280.5269 394.473 273.1577 0.07979871 0.1918846
Moved 280.5507 384.054 270.0154 0.05568047 0.1737007
Moved 280.5752 357.1825 262.7275 -0.00652194 0.1315253
Moved 280.5993 342.3948 259.7081 -0.04075279 0.1140519
Moved 280.624 317.3907 252.244 -0.09863262 0.07085677
Moved 280.6491 302.2553 248.0765 -0.1336683 0.0467394
Moved 280.6746 277.2746 242.5686 -0.191494 0.0148646
Moved 280.7005 260.6403 238.5281 -0.2299993 -0.008518078
Moved 280.7245 255.4745 237.1582 -0.2419571 -0.01644558
Moved 280.7502 247.2838 236 -0.260917 -0.02314815
Moved 280.7871 239.0199 234 -0.2800465 -0.03472205
Moved 280.8101 233.4924 233 -0.2928415 -0.04050926
Moved 280.8344 228 233 -0.3055556 -0.04050926
Moved 280.8577 225.8334 233 -0.3105707 -0.04050926
Moved 280.8833 221.6555 233 -0.3202419 -0.04050926
Moved 280.9076 219.2713 233 -0.3257609 -0.04050926
Moved 280.932 217.8882 233 -0.3289626 -0.04050926
Moved 280.958 217 233 -0.3310185 -0.04050926
Ended 280.9831 217 233 -0.3310185 -0.04050926
Began 281.1747 269 265 -0.2106481 0.1446759
Stationary 281.1984 269 265 -0.2106481 0.1446759
Stationary 281.221 269 265 -0.2106481 0.1446759
Stationary 281.2493 269 265 -0.2106481 0.1446759
Stationary 281.2722 269 265 -0.2106481 0.1446759
Stationary 281.2958 269 265 -0.2106481 0.1446759
Stationary 281.3198 269 265 -0.2106481 0.1446759
Stationary 281.3451 269 265 -0.2106481 0.1446759
Stationary 281.3714 269 265 -0.2106481 0.1446759
Stationary 281.4017 269 265 -0.2106481 0.1446759
Stationary 281.4297 269 265 -0.2106481 0.1446759
Moved 281.4543 286.9547 265 -0.1690863 0.1446759
Moved 281.4791 294.1944 265 -0.1523278 0.1446759
Moved 281.5045 318.0138 270.6097 -0.09719025 0.1771394
Moved 281.5313 340.3106 277.6302 -0.04557739 0.2177673
Moved 281.5576 353.95 283.38 -0.01400476 0.2510419
Moved 281.5828 381.1202 294.248 0.04888932 0.3139355
Moved 281.6096 409.1195 305.4478 0.1137025 0.378749
Moved 281.6348 426.4045 311.1348 0.1537142 0.4116601
Moved 281.6599 432.7933 313.8966 0.1685029 0.4276424
Moved 281.6996 445.1459 317 0.197097 0.4456021
Moved 281.7237 446.4978 317 0.2002263 0.4456021
Moved 281.7478 447 318 0.2013889 0.4513889
Stationary 281.7711 447 318 0.2013889 0.4513889
Moved 281.7998 439.5573 309.4941 0.1841605 0.402165
Moved 281.8235 413.351 289.6276 0.1234978 0.2871968
Moved 281.847 392.9297 277.1578 0.0762261 0.2150338
Moved 281.8705 354.7683 256.5431 -0.01211037 0.09573548
Moved 281.8941 341.5629 249.7815 -0.04267846 0.05660605
Moved 281.9179 323.8881 242.3552 -0.08359229 0.01362995
Moved 281.9561 314.2277 238.4092 -0.1059545 -0.009206137
Moved 281.9807 308.955 237 -0.1181597 -0.01736093
Moved 282.0049 303.4145 234.2073 -0.1309849 -0.03352271
Moved 282.0295 301.8282 234 -0.1346568 -0.03472205
Moved 282.054 300 233 -0.1388889 -0.04050926
Stationary 282.0848 300 233 -0.1388889 -0.04050926
Stationary 282.1083 300 233 -0.1388889 -0.04050926
Moved 282.1339 300 243.4689 -0.1388889 0.02007449
Moved 282.1589 329.0345 255.0173 -0.07167931 0.08690587
Moved 282.1838 342.9452 260.5255 -0.03947878 0.1187819
Moved 282.225 382.7654 274.4296 0.05269776 0.1992455
Moved 282.2525 402.6701 281.7158 0.09877343 0.2414108
Moved 282.2777 414.5536 284.8512 0.1262815 0.2595555
Moved 282.3039 435.6739 291.764 0.175171 0.2995602
Moved 282.3295 444.2224 293 0.1949593 0.306713
Moved 282.354 448.5327 294.1776 0.2049369 0.3135275
Moved 282.3792 451.9425 295 0.2128298 0.318287
Moved 282.4095 452.5 295 0.2141203 0.318287
Moved 282.4414 438.3419 284.7565 0.181347 0.2590073
Moved 282.4692 372.2032 240.8423 0.02824823 0.004874336
Moved 282.5123 323.2803 203.4602 -0.0849992 -0.2114572
Moved 282.5389 316.6612 196.6611 -0.1003214 -0.2508036
Moved 282.5655 307.2886 191.1924 -0.1220172 -0.2824515
Moved 282.5911 304.3178 190 -0.1288939 -0.2893519
Stationary 282.6183 304 190 -0.1296296 -0.2893519
Stationary 282.6416 304 190 -0.1296296 -0.2893519
Stationary 282.6646 304 190 -0.1296296 -0.2893519
Moved 282.6883 322.8513 217.6707 -0.08599226 -0.1292206
Moved 282.7122 345.8887 244.6108 -0.03266503 0.0266831
Moved 282.7348 358.961 257.2159 -0.002405097 0.09962895
Moved 282.7728 385.123 280.6077 0.05815516 0.2349983
Moved 282.796 403.7267 293.8439 0.1012193 0.3115965
Moved 282.8239 417.8825 301.4412 0.1339872 0.3555627
Moved 282.8464 425.6414 303.1069 0.1519476 0.365202
Moved 282.8694 437.395 304.879 0.1791552 0.3754574
Moved 282.892 444.3076 305 0.1951563 0.3761576
Moved 282.9149 456.4398 305 0.2232403 0.3761576
Moved 282.9387 462.232 305 0.236648 0.3761576
Moved 282.9716 476.1618 294.3353 0.2688931 0.3144402
Moved 282.9978 489.3846 287.2116 0.2995013 0.2732154
Moved 283.0423 507.7982 279.101 0.3421254 0.2262787
Moved 283.07 518.8947 273.329 0.3678117 0.192876
Moved 283.0935 522.8091 271.7939 0.376873 0.1839924
Moved 283.1194 529.7385 268.6307 0.3929132 0.1656871
Moved 283.1453 531.8129 266.1871 0.397715 0.1515459
Moved 283.171 533.1897 263.6206 0.400902 0.1366933
Moved 283.1964 534 248.2963 0.4027778 0.04801097
Moved 283.2213 534 232.0933 0.4027778 -0.04575641
Moved 283.245 534 228.5499 0.4027778 -0.066262
Moved 283.2694 516.5242 219.5104 0.3623245 -0.118574
Moved 283.3087 489.4745 217 0.2997096 -0.1331017
Moved 283.3349 467.6906 217 0.2492837 -0.1331017
Moved 283.3584 456.5637 217 0.223527 -0.1331017
Moved 283.3814 433.1291 231.6237 0.1692804 -0.04847421
Moved 283.4065 412.4442 239.278 0.1213987 -0.004178507
Moved 283.4504 400.4029 244.7986 0.09352514 0.02776958
Moved 283.4819 388.3805 252.6195 0.06569555 0.07302956
Moved 283.5087 383.2183 255.1879 0.053746 0.08789292
Moved 283.5339 374.9466 260.7023 0.03459851 0.1198048
Moved 283.56 368.7499 264.1251 0.02025435 0.1396126
Moved 283.6019 364.807 267.1931 0.01112729 0.1573674
Moved 283.6279 360.33 270.335 0.0007638335 0.1755499
Moved 283.6534 356.8795 273.1204 -0.007223289 0.1916691
Moved 283.6788 355.5 273 -0.01041666 0.1909722
Moved 283.7061 355 275.9638 -0.01157408 0.2081241
Ended 283.7311 355 278.6597 -0.01157408 0.2237255
PhraseEnd 284.3222
if at first you do not succeed
Basic
0.6 0.6
432 326.4
Began 871.5029 507 402 0.3402778 0.1041667
Stationary 871.5628 507 402 0.3402778 0.1041667
Stationary 871.6206 507 402 0.3402778 0.1041667
Stationary 871.6787 507 402 0.3402778 0.1041667
Stationary 871.7427 507 402 0.3402778 0.1041667
Stationary 871.7978 507 402 0.3402778 0.1041667
Stationary 871.8535 507 402 0.3402778 0.1041667
Stationary 871.9107 507 402 0.3402778 0.1041667
Stationary 871.9753 507 402 0.3402778 0.1041667
Moved 872.0348 507 414.6961 0.3402778 0.1430641
Moved 872.089 507 413.1717 0.3402778 0.1383937
Moved 872.1439 499 414 0.3217593 0.1409314
Moved 872.2006 498 414 0.3194444 0.1409314
Moved 872.2544 488.8089 414 0.2981687 0.1409314
Moved 872.3077 453.02 402.406 0.215324 0.1054106
Moved 872.3624 394.9968 385.1993 0.08101116 0.05269416
Moved 872.4186 361.5769 374.6307 0.003650288 0.02031476
Moved 872.4743 345.8441 369.2814 -0.03276825 0.003925866
Moved 872.5308 330.3322 362.7774 -0.06867542 -0.01600051
Moved 872.6168 318.8266 356.8266 -0.09530888 -0.03423223
Moved 872.6759 317.5 357 -0.09837966 -0.03370098
Ended 872.7285 317 357 -0.09953702 -0.03370098
Began 873.0363 188 340 -0.3981482 -0.08578432
Stationary 873.1021 188 340 -0.3981482 -0.08578432
Moved 873.1566 216.9966 357.998 -0.3310264 -0.03064324
Moved 873.2101 243.1415 372.6523 -0.2705058 0.01425332
Moved 873.265 267.3791 389.1033 -0.2144002 0.06465482
Moved 873.3184 288.5 405 -0.1655093 0.1133579
Moved 873.3724 323.1643 431.9349 -0.08526772 0.195879
Moved 873.4262 347.107 453.2856 -0.02984494 0.2612917
Moved 873.4829 361.6735 466.3367 0.003873706 0.3012768
Moved 873.5417 366.569 470.569 0.01520604 0.3142432
Ended 873.6056 367 471 0.01620372 0.3155637
Began 873.8109 297 319 -0.1458333 -0.1501226
Stationary 873.8655 297 319 -0.1458333 -0.1501226
Moved 873.919 315 335.5 -0.1041667 -0.09957108
Moved 873.9763 335.8995 355.8995 -0.05578816 -0.03707241
Moved 874.0411 363.2216 379.2216 0.007457436 0.03437996
Moved 874.0997 391.0165 405.0165 0.07179737 0.1134083
Moved 874.1548 424.2229 437.2229 0.148664 0.21208
Moved 874.2091 442.2213 457.2213 0.190327 0.2733495
Moved 874.2668 450 468.2616 0.2083333 0.3071741
Moved 874.3269 439.8854 472.4449 0.1849199 0.3199907
Moved 874.3965 383.9862 477.7512 0.05552361 0.3362474
Moved 874.4528 327.6504 488.3856 -0.07488335 0.3688285
Moved 874.5102 309.1486 490 -0.1177115 0.3737745
Moved 874.5697 294.3941 482.7883 -0.1518654 0.3516798
Moved 874.6271 263.1827 449.6677 -0.2241141 0.2502075
Moved 874.6852 230.4756 402.126 -0.299825 0.1045529
Moved 874.7432 215.4458 378.1686 -0.3346163 0.03115392
Moved 874.8012 214 372.1382 -0.3379629 0.01267826
Moved 874.8592 221.4693 372 -0.3206729 0.012255
Moved 874.9179 271.5562 415.3833 -0.2047309 0.1451695
Moved 875.004 326.8943 465.8943 -0.07663359 0.2999212
Moved 875.0634 347.6471 488.647 -0.02859478 0.3696295
Moved 875.1215 354.4776 495.4776 -0.01278326 0.3905564
Ended 875.1821 357.5 497 -0.005787015 0.3952206
Began 875.5081 388 450 0.06481478 0.2512255
Stationary 875.5735 388 450 0.06481478 0.2512255
Stationary 875.6274 388 450 0.06481478 0.2512255
Moved 875.683 411.3426 450 0.1188485 0.2512255
Moved 875.7417 435.1562 450 0.1739728 0.2512255
Moved 875.7969 458.0311 458.1719 0.2269239 0.2762619
Moved 875.8602 490.5 463.5 0.3020833 0.2925858
Moved 875.9159 513.7098 469.8549 0.3558098 0.3120555
Moved 875.9718 518 470 0.3657407 0.3125
Moved 876.0297 511.901 470 0.3516228 0.3125
Moved 876.1077 452.3978 471.178 0.2138838 0.3161093
Moved 876.1642 431.0597 475.3134 0.1644901 0.3287789
Moved 876.2191 421.5169 477 0.1424002 0.3339461
Ended 876.2747 422 478 0.1435185 0.3370098
Began 876.5107 303 358 -0.1319445 -0.03063726
Stationary 876.5797 303 358 -0.1319445 -0.03063726
Stationary 876.6401 303 358 -0.1319445 -0.03063726
Moved 876.6965 318.6581 370.0447 -0.09569889 0.006264332
Moved 876.7558 352.4976 391.0542 -0.01736661 0.07063174
Moved 876.8184 403.0814 420.6008 0.09972551 0.1611544
Moved 876.8766 445.822 439.0583 0.1986621 0.2177031
Moved 876.9365 471.4299 450.972 0.2579396 0.2542034
Moved 876.9943 499.7218 462.6804 0.3234301 0.2900749
Moved 877.053 512.1989 467 0.3523123 0.3033088
Moved 877.1192 517.3825 468 0.3643113 0.3063726
Ended 877.1785 517.3825 468 0.3643113 0.3063726
Began 877.3433 419 268 0.1365741 -0.3063726
Stationary 877.4049 419 268 0.1365741 -0.3063726
Stationary 877.458 419 268 0.1365741 -0.3063726
Moved 877.5118 450.6064 339.334 0.209737 -0.08782462
Moved 877.5666 474.5847 382.9053 0.2652423 0.04566576
Moved 877.6367 509.8421 437.2632 0.3468568 0.2122034
Moved 877.6944 522.6923 455.5385 0.3766026 0.2681938
Moved 877.7544 529 467.4504 0.3912036 0.3046889
Moved 877.8176 530 471.0759 0.3935185 0.3157962
Moved 877.8754 500.3974 471 0.3249939 0.3155637
Moved 877.9327 439.4359 471 0.1838795 0.3155637
Moved 877.9901 394.8716 471 0.08072127 0.3155637
Moved 878.0477 374.4337 471 0.03341128 0.3155637
Moved 878.1051 351.3752 472.325 -0.01996488 0.319623
Moved 878.1694 327.0475 473 -0.07627904 0.3216912
Moved 878.257 318 474.3766 -0.09722222 0.3259089
Ended 878.3117 318 475.5 -0.09722222 0.3293505
Began 878.5162 262 385 -0.2268519 0.05208334
Stationary 878.5725 262 385 -0.2268519 0.05208334
Moved 878.6307 277.6939 396.7704 -0.1905234 0.08814471
Moved 878.6891 340.2401 433.5567 -0.04574055 0.2008478
Moved 878.7479 378.087 456.7247 0.04186809 0.271828
Moved 878.8041 416.3933 476.9289 0.13054 0.3337283
Moved 878.868 440.3415 487.6707 0.1859756 0.3666382
Moved 878.927 447.5 489 0.2025463 0.3707108
Moved 878.9924 423.2245 443.2152 0.1463529 0.2304388
Moved 879.0492 357.0793 336.4655 -0.006760856 -0.09661292
Moved 879.1163 334.4068 294.8136 -0.05924354 -0.224223
Moved 879.1833 320.2406 272.2406 -0.09203564 -0.2933805
Moved 879.2487 316.045 269 -0.1017477 -0.3033088
Moved 879.3098 309.0654 269 -0.1179043 -0.3033088
Moved 879.3682 299.1028 295.7944 -0.1409657 -0.2212181
Moved 879.4263 284.9168 321.6248 -0.1738037 -0.142081
Moved 879.4839 267.0882 356.7795 -0.2150737 -0.03437631
Moved 879.5418 259.5448 387.2761 -0.2325352 0.05905666
Moved 879.5997 259 423.8099 -0.2337963 0.1709863
Moved 879.6599 259 445.658 -0.2337963 0.2379227
Moved 879.7474 259 454.7485 -0.2337963 0.2657737
Moved 879.811 267.5 459 -0.2141203 0.2787991
Moved 879.8652 269.4626 459 -0.2095772 0.2787991
Moved 879.9202 276.6209 415.6538 -0.1930073 0.1459981
Moved 879.9744 279.7653 389.1734 -0.1857284 0.06486954
Moved 880.0283 280.9708 375.0292 -0.1829379 0.02153556
Moved 880.091 282 368.5038 -0.1805555 0.001543644
Ended 880.1483 285 368 -0.1736111 0
PhraseEnd 880.9249
