watch out for low flying objects
Basic
0.6 0.6
432 326.4
Began 891.887 273 443  -0.201389 0.229779
Stationary 891.957 273 443  -0.201389 0.229779
Stationary 892.017 273 443  -0.201389 0.229779
Stationary 892.073 273 443  -0.201389 0.229779
Moved 892.133 260.162 443  -0.231106 0.229779
Moved 892.19 249.143 443  -0.256614 0.229779
Moved 892.246 226.98 429.32  -0.307918 0.187867
Moved 892.303 195.584 403.667  -0.380593 0.109274
Moved 892.367 181.641 390.821  -0.412867 0.0699162
Moved 892.428 177.328 387  -0.422852 0.0582108
Moved 892.485 192.758 398.46  -0.387135 0.0933216
Moved 892.54 224.166 418.777  -0.314431 0.155568
Moved 892.598 284.764 459.375  -0.174157 0.279949
Moved 892.655 343.24 492.107  -0.0387956 0.380229
Moved 892.724 361.178 498  0.00272791 0.398284
Moved 892.783 365 482.442  0.011574 0.350618
Moved 892.84 310.321 370.522  -0.114997 0.00772691
Moved 892.926 281 284  -0.18287 -0.257353
Moved 892.98 279 239.218  -0.1875 -0.394553
Moved 893.033 279 226.908  -0.1875 -0.432268
Moved 893.091 288.498 223  -0.165515 -0.44424
Moved 893.151 337 279.5  -0.0532408 -0.27114
Moved 893.211 382.643 343.484  0.0524139 -0.0751101
Moved 893.269 414.526 386.631  0.126217 0.0570804
Moved 893.33 425.652 399.652  0.151973 0.0969746
Ended 893.39 426 400  0.152778 0.0980393
Began 893.645 549 447  0.4375 0.242034
Stationary 893.705 549 447  0.4375 0.242034
Moved 893.767 537.205 447  0.410197 0.242034
Moved 893.826 485.975 463.39  0.291609 0.29225
Moved 893.887 429.161 471.653  0.160095 0.317565
Moved 893.945 372.797 474  0.0296234 0.324755
Moved 894.004 332.615 474  -0.0633916 0.324755
Moved 894.064 318.053 474  -0.0970983 0.324755
Ended 894.122 312 474  -0.111111 0.324755
Began 894.453 331 353  -0.0671296 -0.0459559
Stationary 894.533 331 353  -0.0671296 -0.0459559
Moved 894.594 361.481 375.321  0.00342935 0.0224294
Moved 894.654 412.817 415.139  0.12226 0.144422
Moved 894.712 461.916 452.572  0.235916 0.259107
Moved 894.778 482.868 467.245  0.284417 0.304061
Moved 894.837 488.824 470.824  0.298205 0.315026
Moved 894.894 491.5 472.5  0.304398 0.320159
Moved 894.952 491 472  0.303241 0.318628
Moved 895.008 476.364 472  0.269361 0.318628
Moved 895.063 417.247 455.027  0.132517 0.266628
Moved 895.127 320.645 450  -0.0911004 0.251225
Moved 895.182 290.18 450  -0.161619 0.251225
Moved 895.254 276 450  -0.194444 0.251225
Ended 895.309 276 457  -0.194444 0.272672
Began 895.538 479 380  0.275463 0.0367648
Stationary 895.599 479 380  0.275463 0.0367648
Moved 895.659 479 396.5  0.275463 0.0873163
Moved 895.718 479 440.786  0.275463 0.222998
Moved 895.778 479 469.623  0.275463 0.311344
Moved 895.843 479 496.37  0.275463 0.39329
Moved 895.902 479 505  0.275463 0.41973
Moved 895.972 452.533 507  0.214197 0.425858
Moved 896.037 388.325 486.098  0.0655667 0.361818
Moved 896.096 340.731 477.526  -0.0446035 0.335557
Moved 896.153 296.37 473.67  -0.147291 0.323744
Moved 896.209 259.581 473  -0.232452 0.321691
Moved 896.268 236.634 470.948  -0.28557 0.315404
Moved 896.327 211.274 470  -0.344274 0.3125
Moved 896.385 202.264 469  -0.36513 0.309436
Moved 896.442 198.5 469  -0.373843 0.309436
Ended 896.499 199 469  -0.372685 0.309436
Began 897.147 326 350  -0.0787037 -0.0551471
Stationary 897.215 326 350  -0.0787037 -0.0551471
Moved 897.277 347.089 350  -0.0298858 -0.0551471
Moved 897.337 411.736 350  0.11976 -0.0551471
Moved 897.397 461.785 350  0.235613 -0.0551471
Moved 897.461 485.426 350  0.290337 -0.0551471
Moved 897.522 492.91 350  0.307662 -0.0551471
Moved 897.58 495 363.711  0.3125 -0.0131389
Moved 897.64 447.615 404.786  0.202813 0.112703
Moved 897.704 405.257 442.619  0.104762 0.228612
Moved 897.77 387.678 463.967  0.0640683 0.294018
Moved 897.836 386 478.828  0.0601852 0.339548
Moved 897.921 444.329 489.791  0.195206 0.373135
Moved 897.997 465.421 480.054  0.24403 0.343302
Moved 898.077 437.034 367.113  0.178319 -0.0027161
Moved 898.131 416.5 299  0.130787 -0.211397
Moved 898.185 410.5 270.5  0.116898 -0.298713
Moved 898.246 408 253.353  0.111111 -0.351246
Moved 898.306 408 244.973  0.111111 -0.376922
Moved 898.374 393.438 273.937  0.0774026 -0.288185
Moved 898.435 360.382 346.339  0.000884632 -0.0663645
Moved 898.496 340.739 388.151  -0.0445846 0.0617383
Moved 898.561 335.138 399.862  -0.0575501 0.0976154
Ended 898.619 335 402  -0.0578704 0.104167
Began 898.83 533 473  0.400463 0.321691
Stationary 898.89 533 473  0.400463 0.321691
Moved 898.949 502.948 446.123  0.330897 0.239347
Moved 899.003 466.808 409.109  0.24724 0.125946
Moved 899.058 432.055 373.055  0.166793 0.0154856
Moved 899.111 403.969 335.953  0.101779 -0.0981836
Moved 899.166 388.66 314.825  0.0663418 -0.162915
Moved 899.22 374.271 287.542  0.0330342 -0.246503
Moved 899.316 368 268.375  0.0185186 -0.305223
Moved 899.371 368 267  0.0185186 -0.309436
Moved 899.426 374.706 278.023  0.034041 -0.275663
Moved 899.484 414.245 333.779  0.125568 -0.104843
Moved 899.542 439.164 374.94  0.183251 0.0212638
Moved 899.602 441 382.663  0.1875 0.0449218
Moved 899.664 408.991 394.31  0.113406 0.0806078
Moved 899.724 338.791 419.284  -0.0490961 0.15712
Moved 899.784 275.962 452.692  -0.194533 0.259474
Moved 899.845 255.234 469.458  -0.242515 0.310839
Moved 899.942 244 481.5  -0.268518 0.347733
Moved 900.001 257.115 416.313  -0.23816 0.148017
Moved 900.062 276.967 334.132  -0.192206 -0.103763
Moved 900.124 294.505 278.317  -0.151609 -0.274763
Moved 900.183 305.476 256.286  -0.126213 -0.34226
Moved 900.244 307 249.062  -0.122685 -0.364393
Moved 900.302 308 249  -0.12037 -0.364583
Moved 900.361 322.698 323.793  -0.086347 -0.13544
Moved 900.42 341.784 389.134  -0.0421676 0.0647501
Moved 900.477 347.882 431.408  -0.0280519 0.194265
Moved 900.566 348 457.948  -0.0277778 0.275575
Moved 900.623 340.995 464.001  -0.0439925 0.29412
Moved 900.679 322.069 453.324  -0.0878032 0.26141
Moved 900.736 293.007 425.675  -0.155076 0.176701
Moved 900.793 269.666 403.132  -0.209108 0.107636
Moved 900.851 259.031 393.031  -0.233724 0.0766891
Moved 900.909 255.814 391  -0.241171 0.0704657
Ended 900.976 255.814 391  -0.241171 0.0704657
PhraseEnd 901.496
