my watch fell in the water
Basic
0.4 0.4
288 217.6
Began 1035.76 442 267  0.284722 -0.464154
Stationary 1035.84 442 267  0.284722 -0.464154
Stationary 1035.9 442 267  0.284722 -0.464154
Stationary 1035.96 442 267  0.284722 -0.464154
Stationary 1036.03 442 267  0.284722 -0.464154
Stationary 1036.09 442 267  0.284722 -0.464154
Moved 1036.15 433.454 287.638  0.255049 -0.369311
Moved 1036.22 419.125 317.75  0.205295 -0.230927
Moved 1036.29 394.457 367.085  0.119643 -0.00420332
Moved 1036.36 383.952 392.192  0.083167 0.111175
Moved 1036.43 375.43 415.281  0.0535753 0.217285
Moved 1036.5 371 430.274  0.0381945 0.286185
Moved 1036.56 370 435  0.0347222 0.307905
Moved 1036.63 370 437  0.0347222 0.317096
Ended 1036.7 370 437  0.0347222 0.317096
Began 1036.89 267 428  -0.322917 0.275735
Stationary 1036.97 267 428  -0.322917 0.275735
Stationary 1037.04 267 428  -0.322917 0.275735
Moved 1037.11 255.429 424.002  -0.363094 0.257362
Moved 1037.18 246.297 411.594  -0.394801 0.200342
Moved 1037.25 235.599 393.398  -0.431949 0.116719
Moved 1037.33 230 374.781  -0.451389 0.0311627
Moved 1037.39 240.036 370  -0.41654 0.00919118
Moved 1037.46 283.28 390.017  -0.26639 0.101181
Moved 1037.52 313.031 408.687  -0.163088 0.186982
Moved 1037.58 331.595 422.947  -0.0986271 0.252512
Moved 1037.65 344.104 432.052  -0.0551942 0.294357
Moved 1037.71 347.147 434  -0.0446277 0.303309
Moved 1037.79 327.561 382.033  -0.112637 0.0644921
Moved 1037.86 306.68 326.04  -0.185139 -0.192832
Moved 1037.93 302 301.671  -0.201389 -0.30482
Moved 1038 311.079 290.307  -0.169864 -0.357046
Moved 1038.07 340.765 298.06  -0.0667863 -0.321416
Moved 1038.14 371.959 324.542  0.0415236 -0.199714
Moved 1038.22 392.729 355.458  0.113642 -0.0576384
Moved 1038.28 398.5 367  0.133681 -0.00459545
Ended 1038.35 401 372  0.142361 0.0183825
Began 1038.74 360 373  0 0.0229779
Stationary 1038.81 360 373  0 0.0229779
Moved 1038.88 349.137 373  -0.0377189 0.0229779
Moved 1038.95 341.113 385.773  -0.0655786 0.0816785
Moved 1039.02 322.744 406.674  -0.12936 0.177731
Moved 1039.09 315.07 421.859  -0.156005 0.247514
Moved 1039.15 312 434  -0.166667 0.303309
Moved 1039.22 319.796 439.417  -0.139598 0.328205
Moved 1039.29 368.02 444  0.0278486 0.349265
Moved 1039.35 425.136 423.932  0.226168 0.25704
Moved 1039.42 456.402 407.159  0.334728 0.179959
Moved 1039.49 480.722 390.278  0.419173 0.102381
Moved 1039.57 491.836 382.582  0.457763 0.0670133
Ended 1039.64 498 379  0.479167 0.0505516
Began 1039.92 454 461  0.326389 0.42739
Stationary 1040.01 454 461  0.326389 0.42739
Stationary 1040.07 454 461  0.326389 0.42739
Moved 1040.13 454 443.89  0.326389 0.348758
Moved 1040.2 445.392 426.784  0.2965 0.270147
Moved 1040.26 440.146 405.73  0.278285 0.173392
Moved 1040.33 426.015 370.373  0.229218 0.0109041
Moved 1040.4 402.326 322.653  0.146967 -0.208398
Moved 1040.47 388.217 293.433  0.0979747 -0.342677
Moved 1040.54 382 274.991  0.0763889 -0.427431
Moved 1040.6 380 268.5  0.0694445 -0.457261
Ended 1040.67 380 266  0.0694445 -0.46875
Began 1040.91 362 445  0.00694439 0.35386
Stationary 1040.98 362 445  0.00694439 0.35386
Stationary 1041.05 362 445  0.00694439 0.35386
Moved 1041.13 372.946 425.108  0.044951 0.262446
Moved 1041.19 381.318 414.682  0.0740215 0.21453
Moved 1041.26 391.719 398.845  0.110134 0.141749
Moved 1041.32 400.488 380.025  0.140582 0.0552617
Moved 1041.39 403.473 367.054  0.150948 -0.00434862
Moved 1041.46 381.217 366  0.0736707 -0.00919118
Moved 1041.53 345.129 391.659  -0.0516342 0.108726
Moved 1041.59 317.799 409.151  -0.146531 0.189111
Moved 1041.66 297.827 426.173  -0.215879 0.267339
Moved 1041.73 291.194 432.806  -0.238911 0.297824
Ended 1041.82 289 437  -0.246528 0.317096
Began 1042.05 287 439  -0.253472 0.326287
Stationary 1042.12 287 439  -0.253472 0.326287
Moved 1042.18 268 414  -0.319445 0.211396
Moved 1042.25 260.86 401.721  -0.344235 0.154966
Moved 1042.32 256 387.777  -0.361111 0.0908892
Moved 1042.39 256 375.347  -0.361111 0.0337627
Moved 1042.46 265.093 367  -0.329538 -0.00459545
Moved 1042.53 294.147 379.227  -0.228658 0.0515928
Moved 1042.6 327.441 403.441  -0.113053 0.162872
Moved 1042.66 339.753 417.753  -0.0703002 0.228647
Moved 1042.73 344.982 429.964  -0.0521454 0.284762
Moved 1042.8 345 435.5  -0.0520834 0.310202
Moved 1042.86 345 439.695  -0.0520834 0.329483
Moved 1042.93 326.454 443.182  -0.116479 0.345506
Moved 1042.99 312.63 443  -0.16448 0.344669
Moved 1043.07 304.735 443  -0.191894 0.344669
Moved 1043.13 299.226 443  -0.211021 0.344669
Moved 1043.2 294.046 443  -0.229006 0.344669
Moved 1043.26 290.762 443  -0.24041 0.344669
Stationary 1043.33 291 443  -0.239583 0.344669
Moved 1043.42 308.054 436  -0.18037 0.3125
Moved 1043.49 317.534 436  -0.147451 0.3125
Ended 1043.56 322 436  -0.131944 0.3125
PhraseEnd 1044.18
