the world is a stage
Basic
0.4 0.4
288 217.6
Began 1119.79 373 428  0.0451389 0.275735
Stationary 1119.88 373 428  0.0451389 0.275735
Stationary 1119.97 373 428  0.0451389 0.275735
Stationary 1120.04 373 428  0.0451389 0.275735
Stationary 1120.11 373 428  0.0451389 0.275735
Moved 1120.19 378.651 422.976  0.0647619 0.252649
Moved 1120.26 400.682 388.864  0.141256 0.0958821
Moved 1120.33 408 360.757  0.166667 -0.0332846
Moved 1120.41 396.517 353  0.126794 -0.0689338
Moved 1120.48 359.866 367.567  -0.000463873 -0.00199094
Moved 1120.55 323.053 391.21  -0.128288 0.106665
Moved 1120.62 302.204 408.864  -0.200682 0.187795
Moved 1120.69 288.332 425.668  -0.248847 0.265018
Moved 1120.76 285 433.007  -0.260417 0.298746
Ended 1120.84 285 434  -0.260417 0.303309
Began 1121.03 256 429  -0.361111 0.280331
Moved 1121.11 287.176 429  -0.25286 0.280331
Moved 1121.18 347.67 429  -0.0428133 0.280331
Moved 1121.25 382.87 429  0.0794111 0.280331
Moved 1121.32 416.655 429  0.196719 0.280331
Moved 1121.39 433.316 429  0.254569 0.280331
Moved 1121.48 446.007 429  0.298635 0.280331
Moved 1121.56 428.676 429  0.238458 0.280331
Moved 1121.63 372.5 437.5  0.0434028 0.319393
Moved 1121.71 338.732 444.054  -0.0738488 0.349512
Moved 1121.78 314 446  -0.159722 0.358456
Moved 1121.85 307 447  -0.184028 0.363052
Moved 1121.92 330.719 439.281  -0.101669 0.327577
Moved 1122 405.461 413.27  0.157849 0.208041
Moved 1122.07 452.469 391.406  0.321074 0.107564
Moved 1122.13 494.42 362.58  0.466737 -0.0249091
Moved 1122.23 506 352  0.506945 -0.0735294
Moved 1122.31 480.638 350  0.418883 -0.0827206
Moved 1122.38 410.627 372.075  0.17579 0.0187248
Moved 1122.44 364.622 379.197  0.0160502 0.0514558
Moved 1122.51 336.5 384.5  -0.0815972 0.0758274
Moved 1122.59 314.352 384  -0.158499 0.0735296
Ended 1122.67 314 384  -0.159722 0.0735296
Began 1122.96 454 451  0.326389 0.381434
Stationary 1123.03 454 451  0.326389 0.381434
Moved 1123.1 411.068 434.743  0.17732 0.306725
Moved 1123.17 373.418 423.119  0.0465889 0.253306
Moved 1123.24 324.719 406.395  -0.122503 0.176446
Moved 1123.32 286.702 389.821  -0.254507 0.100281
Moved 1123.39 266.109 378.054  -0.326011 0.0462061
Moved 1123.47 261 374  -0.34375 0.0275737
Ended 1123.55 261 374  -0.34375 0.0275737
Began 1123.75 265 384  -0.329861 0.0735296
Ended 1123.85 265 384  -0.329861 0.0735296
Began 1124.29 291 365  -0.239583 -0.0137868
Stationary 1124.37 291 365  -0.239583 -0.0137868
Moved 1124.44 327.013 393.013  -0.114538 0.114949
Moved 1124.51 345.5 411.5  -0.0503472 0.199908
Moved 1124.58 356.101 432.303  -0.0135382 0.29551
Moved 1124.66 359 445.661  -0.00347219 0.356898
Moved 1124.73 339 446  -0.0729167 0.358456
Moved 1124.8 304.954 413.954  -0.191131 0.211187
Moved 1124.88 260.525 371.525  -0.345398 0.0162008
Moved 1124.97 250 357.537  -0.381945 -0.0480834
Moved 1125.04 248 352.383  -0.388889 -0.0717686
Moved 1125.12 283.772 346  -0.26468 -0.101103
Moved 1125.21 337.446 358  -0.0783128 -0.0459559
Moved 1125.29 349.378 359  -0.0368828 -0.0413602
Moved 1125.36 352 359  -0.0277778 -0.0413602
Moved 1125.43 353 366.238  -0.0243056 -0.00809684
Moved 1125.5 318.094 404.883  -0.145507 0.169498
Moved 1125.58 293.5 431.5  -0.230903 0.29182
Ended 1125.64 288 440  -0.25 0.330882
PhraseEnd 1126.19
