never too rich and never too thin
Basic
0.4 0.4
288 115.2
Began 491.4877 387 179 0.09375007 -0.5295134
Stationary 491.5402 387 179 0.09375007 -0.5295134
Stationary 491.5787 387 179 0.09375007 -0.5295134
Stationary 491.6165 387 179 0.09375007 -0.5295134
Stationary 491.6635 387 179 0.09375007 -0.5295134
Stationary 491.7032 387 179 0.09375007 -0.5295134
Stationary 491.7466 387 179 0.09375007 -0.5295134
Moved 491.7877 368.0667 195.5466 0.02800927 -0.3858797
Moved 491.8314 347 215.5 -0.0451389 -0.2126736
Moved 491.875 320.8857 241.1144 -0.1358137 0.009673437
Moved 491.9162 297.7274 267.2725 -0.2162241 0.2367407
Moved 491.9572 288.233 276.767 -0.2491911 0.3191585
Moved 491.9977 282.963 282.037 -0.2674896 0.3649044
Moved 492.0533 281 285 -0.2743056 0.390625
Moved 492.0981 281 277.2286 -0.2743056 0.3231653
Moved 492.1388 303.4647 243.1636 -0.1963033 0.02746158
Moved 492.1796 315.8733 222.2112 -0.1532178 -0.1544166
Moved 492.2229 326.1825 203.7263 -0.117422 -0.3148757
Moved 492.2636 328.8519 197.2961 -0.1081531 -0.3706932
Moved 492.3065 331 192.3369 -0.1006945 -0.4137418
Moved 492.3523 332 190.5826 -0.09722225 -0.4289699
Moved 492.3917 332 190 -0.09722225 -0.4340278
Moved 492.4387 320.8418 206.597 -0.1359661 -0.289956
Moved 492.5031 304.3085 238.3829 -0.1933731 -0.01403676
Moved 492.5463 298.9461 254.1617 -0.2119927 0.1229321
Moved 492.5901 295.7989 263.4022 -0.2229204 0.203144
Moved 492.6336 295 266.9623 -0.2256945 0.2340476
Moved 492.6833 295 270.3591 -0.2256945 0.2635336
Moved 492.7257 302.1492 272.8937 -0.2008707 0.2855354
Moved 492.7661 312.4863 274 -0.1649782 0.2951392
Moved 492.8078 324.5752 275 -0.1230027 0.3038195
Ended 492.8492 325 275 -0.1215278 0.3038195
Began 493.1505 355 269 -0.01736112 0.2517361
Stationary 493.1972 355 269 -0.01736112 0.2517361
Stationary 493.2383 355 269 -0.01736112 0.2517361
Stationary 493.2801 355 269 -0.01736112 0.2517361
Moved 493.3291 376.3294 269 0.05669922 0.2517361
Moved 493.3701 384 269 0.08333341 0.2517361
Moved 493.4125 391.3206 269 0.1087521 0.2517361
Moved 493.456 397.9003 269 0.1315983 0.2517361
Moved 493.4964 404.6506 269 0.1550368 0.2517361
Moved 493.5369 416.1691 269 0.1950318 0.2517361
Moved 493.5769 429.3813 269 0.2409071 0.2517361
Moved 493.6174 437.1433 269 0.2678587 0.2517361
Moved 493.6584 447.4825 269 0.3037588 0.2517361
Moved 493.6989 454.7528 269 0.3290029 0.2517361
Moved 493.7539 460.4344 269 0.3487307 0.2517361
Moved 493.7928 464.5 269 0.3628471 0.2517361
Moved 493.8315 466.6081 269 0.3701669 0.2517361
Moved 493.8722 468 269 0.375 0.2517361
Ended 493.9104 468 269 0.375 0.2517361
Began 494.1615 319 275 -0.1423611 0.3038195
Stationary 494.2032 319 275 -0.1423611 0.3038195
Stationary 494.2455 319 275 -0.1423611 0.3038195
Moved 494.2877 325.3208 275 -0.120414 0.3038195
Moved 494.3298 343.6118 275 -0.05690329 0.3038195
Moved 494.3711 360.4323 275 0.001500994 0.3038195
Moved 494.4146 379.6188 275 0.06812081 0.3038195
Moved 494.4581 404.0672 283 0.1530111 0.3732639
Moved 494.5013 420.5 283 0.2100694 0.3732639
Moved 494.5419 431.4612 283 0.2481291 0.3732639
Moved 494.5819 435 283 0.2604167 0.3732639
Moved 494.6209 436 283 0.2638889 0.3732639
Moved 494.6714 409.7392 255.204 0.1727055 0.131979
Moved 494.7096 370.4041 230.2526 0.03612534 -0.08461291
Moved 494.7481 354.1163 220.9236 -0.02042942 -0.1655939
Moved 494.7877 341.2083 213.0695 -0.06524883 -0.2337721
Moved 494.8273 335.2093 208.2094 -0.08607887 -0.2759605
Moved 494.8658 331.8792 205.9396 -0.0976415 -0.2956634
Moved 494.9048 330 203 -0.1041666 -0.3211806
Stationary 494.944 330 203 -0.1041666 -0.3211806
Moved 494.9848 342.8278 203 -0.05962566 -0.3211806
Moved 495.0266 366.0984 216.6995 0.021175 -0.2022616
Moved 495.0954 387.0141 229.0106 0.09379908 -0.09539393
Moved 495.1394 395.1568 234.1567 0.1220721 -0.05072276
Moved 495.1842 399.5 236 0.1371528 -0.03472222
Ended 495.2338 402 238 0.1458333 -0.01736111
Began 495.4886 222 229 -0.4791667 -0.09548585
Stationary 495.5404 222 229 -0.4791667 -0.09548585
Moved 495.5841 243.0412 229 -0.4061068 -0.09548585
Moved 495.6255 265.5 229 -0.328125 -0.09548585
Moved 495.666 278.317 229 -0.2836215 -0.09548585
Moved 495.7086 300.848 229 -0.2053888 -0.09548585
Moved 495.7509 319.279 229 -0.1413924 -0.09548585
Moved 495.7929 345.6715 229 -0.04975185 -0.09548585
Moved 495.8431 370.5437 219.7794 0.03660992 -0.1755256
Moved 495.8863 389.0957 218 0.1010269 -0.1909722
Moved 495.9272 396.2704 215.8647 0.125939 -0.2095072
Moved 495.9681 402.854 214.073 0.1487985 -0.2250608
Moved 496.0207 408.069 212 0.1669064 -0.2430553
Moved 496.0619 410 210.0585 0.1736111 -0.2599089
Moved 496.104 411 207.5 0.1770833 -0.2821181
Moved 496.1438 411 206 0.1770833 -0.2951389
Moved 496.1844 394.4808 205 0.119725 -0.3038192
Moved 496.2237 373.902 205 0.04827097 -0.3038192
Moved 496.2723 354.4325 215.827 -0.01933173 -0.2098349
Moved 496.3127 344.6768 220.6616 -0.05320556 -0.1678676
Moved 496.3515 331.6003 229.9331 -0.09860992 -0.08738624
Moved 496.3938 322 240 -0.1319444 0
Moved 496.4594 316.2097 245.7903 -0.1520495 0.05026314
Ended 496.4987 316 249 -0.1527778 0.07812527
Began 496.742 404 202 0.1527777 -0.3298611
Stationary 496.7839 404 202 0.1527777 -0.3298611
Stationary 496.8226 404 202 0.1527777 -0.3298611
Moved 496.8635 392.3007 202 0.1121551 -0.3298611
Moved 496.9036 377.513 211.7435 0.06080911 -0.2452816
Moved 496.946 359.5 223.5 -0.001736134 -0.1432292
Moved 496.9861 347.255 230.847 -0.04425332 -0.07945247
Moved 497.0294 330.7173 241.1885 -0.1016761 0.01031664
Moved 497.0732 313.1492 253.6382 -0.1626765 0.1183873
Moved 497.1154 300.9944 264.0057 -0.2048807 0.2083826
Moved 497.1697 292.7021 271.1489 -0.2336732 0.27039
Moved 497.2117 289.0203 275.9797 -0.2464573 0.3123241
Moved 497.2519 286 280.1124 -0.2569445 0.3481979
Moved 497.299 284 282.2495 -0.2638889 0.3667495
Stationary 497.3408 284 282 -0.2638889 0.3645834
Moved 497.3817 296.1082 269.7135 -0.2218467 0.25793
Moved 497.4235 315.7209 245.5349 -0.1537467 0.04804612
Moved 497.4669 334.4428 220.1144 -0.08874021 -0.1726182
Moved 497.5109 342.7401 209.26 -0.05993039 -0.26684
Moved 497.5593 350.7761 196.2239 -0.03202759 -0.3800011
Moved 497.6236 354 189.7031 -0.02083331 -0.4366049
Moved 497.6671 354 186.9653 -0.02083331 -0.4603704
Stationary 497.7054 354 186.9653 -0.02083331 -0.4603704
Stationary 497.7435 354 187 -0.02083331 -0.4600692
Moved 497.7824 341.7154 200.2114 -0.06348811 -0.345387
Moved 497.8262 322.7257 221.8428 -0.1294245 -0.1576148
Moved 497.8702 308.2403 241.7596 -0.1797212 0.01527468
Moved 497.9128 302.7811 250.3284 -0.1986768 0.08965599
Moved 497.9534 296.7462 259.5076 -0.2196313 0.1693373
Moved 497.9953 294.6005 265.3995 -0.2270817 0.2204824
Moved 498.0569 295 268.1255 -0.2256945 0.2441454
Moved 498.0955 295 269.0028 -0.2256945 0.2517605
Moved 498.1341 310.6276 271 -0.1714321 0.2690972
Moved 498.1733 322.9011 271 -0.1288156 0.2690972
Moved 498.2145 335.2259 271 -0.08602136 0.2690972
Ended 498.2588 341 271 -0.06597222 0.2690972
Began 498.5804 326 266 -0.1180556 0.2256945
Stationary 498.6275 326 266 -0.1180556 0.2256945
Stationary 498.67 326 266 -0.1180556 0.2256945
Stationary 498.7128 326 266 -0.1180556 0.2256945
Stationary 498.7525 326 266 -0.1180556 0.2256945
Moved 498.7916 346 266 -0.04861109 0.2256945
Moved 498.8347 355.6965 266 -0.01494281 0.2256945
Moved 498.8751 371.2398 266 0.03902704 0.2256945
Moved 498.9169 391.3644 266 0.1089041 0.2256945
Moved 498.9603 405.2466 266 0.1571061 0.2256945
Moved 499.0018 412.5067 266 0.1823151 0.2256945
Moved 499.0439 420.4799 266 0.2099998 0.2256945
Moved 499.0868 424.7822 266 0.2249381 0.2256945
Moved 499.1285 427.5 266 0.234375 0.2256945
Moved 499.1686 429.3055 266 0.2406441 0.2256945
Moved 499.2086 431.1568 266 0.2470723 0.2256945
Moved 499.2813 434.5 266 0.2586806 0.2256945
Moved 499.3246 436.4337 266 0.2653949 0.2256945
Moved 499.3704 439.9423 266 0.2775773 0.2256945
Moved 499.4152 442.7449 266 0.2873089 0.2256945
Moved 499.4558 445.5 266 0.296875 0.2256945
Moved 499.4963 448.6465 266 0.3078002 0.2256945
Moved 499.5392 454.9832 276.4413 0.3298029 0.3163311
Moved 499.5837 462.6334 274 0.3563659 0.2951392
Moved 499.6257 466.3459 275 0.3692568 0.3038195
Ended 499.6693 467 275 0.3715278 0.3038195
Began 499.889 337 274 -0.07986113 0.2951392
Stationary 499.9295 337 274 -0.07986113 0.2951392
Stationary 499.9665 337 274 -0.07986113 0.2951392
Moved 500.0036 349.0404 265.5717 -0.03805429 0.2219767
Moved 500.0424 360.1548 258.4226 0.0005374849 0.1599185
Moved 500.0813 373.934 248.0439 0.04838199 0.06982592
Moved 500.1242 378.8706 243.1294 0.06552294 0.02716489
Moved 500.1666 386.6032 234.7936 0.0923723 -0.04519437
Moved 500.209 391.5 230.5 0.109375 -0.08246528
Moved 500.2515 396.5 226.5 0.1267362 -0.1171872
Moved 500.2974 407.7845 226 0.1659186 -0.1215281
Moved 500.3364 421.8066 242.8065 0.2146062 0.02436214
Moved 500.3757 441.8872 265.4788 0.2843307 0.2211698
Moved 500.423 450.4312 275.8624 0.3139971 0.3113053
Moved 500.4679 452.5 278.5 0.3211805 0.3342014
Moved 500.5092 452 279 0.3194444 0.338542
Stationary 500.5512 452 279 0.3194444 0.338542
Moved 500.5915 435.1265 259.2108 0.2608559 0.1667606
Moved 500.6373 422.7314 237.5524 0.2178176 -0.02124654
Moved 500.6774 417.6933 224.08 0.2003241 -0.1381946
Moved 500.7402 410.9289 200.7865 0.1768364 -0.3403947
Moved 500.7784 408.7936 189.5873 0.1694223 -0.4376102
Moved 500.8276 409 182.9816 0.1701389 -0.4949515
Moved 500.8753 409 178.8447 0.1701389 -0.5308618
Ended 500.9161 409 178 0.1701389 -0.5381945
PhraseEnd 501.4715
