time to go shopping
Basic
0.8 0.8
576 435.2
Began 725.363 286 450  -0.128472 0.188419
Stationary 725.415 286 450  -0.128472 0.188419
Stationary 725.461 286 450  -0.128472 0.188419
Stationary 725.509 286 450  -0.128472 0.188419
Stationary 725.563 286 450  -0.128472 0.188419
Moved 725.621 318.839 461.839  -0.0714593 0.215624
Moved 725.672 361.979 466.614  0.00343591 0.226594
Moved 725.722 408.355 470.335  0.083949 0.235145
Moved 725.772 470.682 472  0.192156 0.238971
Moved 725.822 491.238 472  0.227844 0.238971
Moved 725.875 499.875 472  0.242838 0.238971
Moved 725.928 505.386 458.841  0.252407 0.208734
Moved 725.99 496.408 400.9  0.23682 0.0755975
Moved 726.04 493 335.863  0.230903 -0.0738436
Moved 726.09 493 277.836  0.230903 -0.207178
Moved 726.141 493 232.65  0.230903 -0.311006
Moved 726.191 493 222.169  0.230903 -0.335089
Moved 726.244 493 216.957  0.230903 -0.347067
Moved 726.295 493 216  0.230903 -0.349265
Moved 726.348 479.678 231.256  0.207775 -0.314209
Moved 726.394 441 273.5  0.140625 -0.217142
Moved 726.441 398.539 323.405  0.0669078 -0.10247
Moved 726.514 335.641 409.958  -0.04229 0.0964118
Moved 726.558 307.764 455.433  -0.0906882 0.200904
Moved 726.617 293.47 481.059  -0.115503 0.259787
Moved 726.665 277.307 507.04  -0.143565 0.319485
Moved 726.714 272.519 512.481  -0.151877 0.331987
Moved 726.762 269.5 515.5  -0.157118 0.338925
Moved 726.81 267.959 517.041  -0.159793 0.342465
Moved 726.859 268 518  -0.159722 0.344669
Ended 726.906 268 519.5  -0.159722 0.348116
Began 727.19 416 444  0.0972222 0.174632
Stationary 727.247 416 444  0.0972222 0.174632
Stationary 727.319 416 444  0.0972222 0.174632
Moved 727.374 432.304 454.076  0.125528 0.197785
Moved 727.426 453.614 460.923  0.162525 0.213518
Moved 727.475 471.147 463  0.192964 0.21829
Moved 727.523 495.351 464  0.234985 0.220588
Moved 727.571 532.639 465.377  0.29972 0.223752
Moved 727.625 559 466.5  0.345486 0.226333
Moved 727.678 581.202 469  0.384032 0.232077
Moved 727.727 588.754 470  0.397142 0.234375
Moved 727.778 591.694 470  0.402247 0.234375
Ended 727.84 594.457 470  0.407043 0.234375
Began 728.159 365 320  0.00868052 -0.110294
Stationary 728.218 365 320  0.00868052 -0.110294
Moved 728.275 379.5 330.5  0.0338542 -0.0861673
Moved 728.327 406.277 347.222  0.0803427 -0.0477438
Moved 728.385 434.416 372.062  0.129195 0.00933437
Moved 728.435 472.57 413.57  0.195433 0.104709
Moved 728.485 509.5 452.5  0.259549 0.194164
Moved 728.534 532.926 475.925  0.300218 0.247991
Moved 728.585 547.409 490.409  0.325364 0.281272
Moved 728.632 561.371 504.371  0.349602 0.313352
Moved 728.695 569.207 512  0.363207 0.330882
Ended 728.745 572.5 514.5  0.368924 0.336627
Began 728.985 243 357  -0.203125 -0.0252757
Stationary 729.03 243 357  -0.203125 -0.0252757
Stationary 729.076 243 357  -0.203125 -0.0252757
Moved 729.123 269.519 357  -0.157086 -0.0252757
Moved 729.17 320.247 364  -0.0690149 -0.00919111
Moved 729.217 348.88 364  -0.0193058 -0.00919111
Moved 729.264 372.589 364  0.0218555 -0.00919111
Moved 729.311 408.595 371.038  0.0843664 0.00698076
Moved 729.359 450.444 397.296  0.15702 0.0673158
Moved 729.413 495.155 427.616  0.234644 0.136986
Moved 729.46 532.229 453.16  0.299008 0.19568
Moved 729.511 561 471  0.348958 0.236673
Moved 729.559 574.5 475.5  0.372396 0.247013
Moved 729.611 583 479  0.387153 0.255055
Moved 729.66 584.646 480  0.39001 0.257353
Moved 729.723 574.221 485.593  0.371912 0.270205
Moved 729.775 555.657 497.672  0.339682 0.297959
Moved 729.823 536.254 505.149  0.305996 0.315141
Moved 729.875 513.525 509  0.266537 0.323989
Moved 729.954 492.064 494.596  0.229278 0.290892
Moved 730.003 475.582 451.39  0.200662 0.191613
Moved 730.052 462.334 399.116  0.177664 0.0714989
Moved 730.103 449.929 347.716  0.156127 -0.0466078
Moved 730.159 436.92 300.681  0.133542 -0.154685
Moved 730.209 430.318 275.271  0.12208 -0.213071
Moved 730.26 427 258.31  0.116319 -0.252045
Moved 730.31 425 246.072  0.112847 -0.280166
Moved 730.369 423 232.733  0.109375 -0.310815
Moved 730.418 422 230  0.107639 -0.317095
Moved 730.499 409.474 259.461  0.0858916 -0.249401
Moved 730.549 388.946 327.193  0.0502539 -0.093765
Moved 730.595 378.849 371.059  0.0327234 0.00702935
Moved 730.644 374 392.132  0.0243056 0.0554496
Ended 730.694 373 396.5  0.0225695 0.0654872
PhraseEnd 731.342
