a problem with the engine
Basic
0.4 0.4
288 115.2
Began 510.6126 262 230 -0.3402778 -0.0868053
Stationary 510.6656 262 230 -0.3402778 -0.0868053
Ended 510.7072 262 230 -0.3402778 -0.0868053
Began 511.2293 486 284 0.4375001 0.3819447
Stationary 511.2917 486 284 0.4375001 0.3819447
Moved 511.3344 460.5 284 0.3489584 0.3819447
Moved 511.3816 443.727 293 0.2907187 0.4600695
Moved 511.4234 430.7028 293 0.2454959 0.4600695
Moved 511.4655 407.4156 293 0.1646374 0.4600695
Moved 511.5084 381.691 293 0.07531584 0.4600695
Moved 511.5519 366.4043 293 0.0222373 0.4600695
Moved 511.5933 356.2029 293 -0.01318425 0.4600695
Moved 511.6353 335.1859 293 -0.08616001 0.4600695
Moved 511.6771 317.381 293 -0.1479826 0.4600695
Moved 511.7283 304.9348 282.3116 -0.1911987 0.3672881
Moved 511.7771 298.1663 281 -0.2147005 0.3559028
Moved 511.8201 298 278.3387 -0.2152778 0.3328014
Moved 511.8604 321.6499 274.1929 -0.13316 0.2968134
Moved 511.9028 351.4621 273 -0.02964564 0.2864584
Moved 511.945 373.4029 273 0.04653767 0.2864584
Moved 511.9881 399.5 273 0.1371528 0.2864584
Moved 512.0315 415 273 0.1909722 0.2864584
Moved 512.0732 422.986 273 0.2187014 0.2864584
Moved 512.1123 424 273 0.2222222 0.2864584
Moved 512.1754 424 265.1386 0.2222222 0.2182174
Moved 512.2153 393.7823 241.9873 0.1172996 0.01725117
Moved 512.256 369 225 0.03124997 -0.1302083
Moved 512.2978 358.3949 218.5461 -0.005573184 -0.1862314
Moved 512.3409 346.1143 210.4095 -0.04821427 -0.2568616
Moved 512.3847 343 202.8191 -0.05902775 -0.322751
Moved 512.4291 343 198.8698 -0.05902775 -0.3570334
Moved 512.4732 370.7505 199 0.03732815 -0.3559026
Moved 512.5176 412.511 222.7555 0.1823299 -0.1496916
Moved 512.5625 431.9792 232.3264 0.2499277 -0.06661072
Moved 512.629 440.5535 237.5535 0.2796997 -0.021237
Moved 512.6736 445 239.6879 0.295139 -0.002709495
Moved 512.7177 447 241.5 0.3020833 0.0130211
Moved 512.7584 448.5 241 0.3072916 0.008680556
Moved 512.8186 448 242.7773 0.3055556 0.02410889
Moved 512.8613 405.841 246 0.15917 0.05208334
Moved 512.9067 361.6076 248.6993 0.005581975 0.07551512
Moved 512.9487 325 252.5 -0.1215278 0.108507
Moved 513.0013 300.3987 258.6503 -0.2069491 0.1618952
Moved 513.0472 286.6318 264.7894 -0.2547508 0.215186
Moved 513.1124 273.0647 269.9677 -0.3018586 0.2601359
Moved 513.1542 267.8922 272.1078 -0.3198188 0.2787135
Moved 513.1945 265 273.9543 -0.3298611 0.2947421
Moved 513.2357 264 275 -0.3333333 0.3038195
Moved 513.2787 283.9552 275 -0.2640445 0.3038195
Moved 513.3214 316.6732 263.3307 -0.1504403 0.2025241
Moved 513.3639 350.4056 248.7972 -0.03331386 0.07636495
Moved 513.4064 366.7904 239.8838 0.02357781 -0.001008511
Moved 513.4493 383.7171 229.9697 0.08235113 -0.08706835
Moved 513.4929 397.9311 223.5172 0.1317053 -0.1430795
Moved 513.5602 408.312 217.344 0.16775 -0.1966667
Moved 513.6042 416.5858 214 0.1964787 -0.2256942
Moved 513.6496 425.3886 211 0.2270438 -0.2517361
Ended 513.6923 428 210 0.2361111 -0.2604167
Began 513.9528 263 263 -0.3368056 0.1996528
Stationary 514.0012 263 263 -0.3368056 0.1996528
Stationary 514.0438 263 263 -0.3368056 0.1996528
Moved 514.0853 294.4213 267.4213 -0.2277038 0.2380326
Moved 514.1263 312.3275 274.3325 -0.1655297 0.2980254
Moved 514.1703 333.2627 277.4526 -0.09283774 0.3251095
Moved 514.2162 351.6736 279 -0.02891094 0.338542
Moved 514.2594 376.1243 281 0.05598724 0.3559028
Moved 514.3054 393.7502 282 0.1171884 0.3645834
Moved 514.349 411.363 282 0.1783437 0.3645834
Moved 514.3935 419.9372 282 0.2081154 0.3645834
Moved 514.4343 421.9131 282 0.2149759 0.3645834
Moved 514.4897 424.0136 282 0.2222696 0.3645834
Moved 514.5379 424 272.6519 0.2222222 0.2834368
Moved 514.5998 379.3279 267 0.06711067 0.2343753
Moved 514.6423 356.2665 267 -0.01296341 0.2343753
Moved 514.6844 349.2988 267 -0.03715709 0.2343753
Moved 514.7285 341.0027 276.4986 -0.06596267 0.3168284
Moved 514.7691 337.7744 279.2256 -0.07717215 0.3404999
Moved 514.8105 337 280 -0.07986113 0.3472225
Stationary 514.8536 337 280 -0.07986113 0.3472225
Moved 514.9003 356.4244 262.9317 -0.01241535 0.1990602
Moved 514.9699 376.745 243.3824 0.0581424 0.02936178
Moved 515.0132 384.6976 237.3024 0.08575574 -0.02341694
Moved 515.059 390.6819 233.1591 0.1065344 -0.05938292
Ended 515.102 396 232 0.125 -0.06944445
Began 515.3847 347 311 -0.0451389 0.6163195
Stationary 515.4478 347 311 -0.0451389 0.6163195
Stationary 515.4903 347 311 -0.0451389 0.6163195
Moved 515.5316 357.5 297.5 -0.008680523 0.499132
Moved 515.5737 359.6247 292.6877 -0.001303107 0.4573587
Moved 515.6196 364.0992 285.8017 0.01423314 0.3975842
Moved 515.6667 372.5505 278.4495 0.04357815 0.333763
Moved 515.7117 380.8398 270.1603 0.0723602 0.2618083
Moved 515.7556 388.2017 257.3948 0.09792268 0.1509969
Moved 515.8019 392 249.3142 0.1111111 0.08085252
Moved 515.8651 394 243.4592 0.1180555 0.03002829
Moved 515.9167 383.8012 237 0.08264319 -0.0260414
Moved 515.9634 365.6814 236 0.0197269 -0.03472222
Moved 516.0109 344.0069 244.9972 -0.05553164 0.04337814
Moved 516.0559 329.5916 252.2723 -0.1055848 0.1065307
Moved 516.1011 315.1012 262.9241 -0.1558987 0.1989942
Moved 516.1448 305.7903 269.4731 -0.188228 0.2558428
Moved 516.1858 296.5 277.5 -0.2204861 0.3255209
Moved 516.2291 289.2965 281.7035 -0.2454983 0.3620095
Ended 516.273 288 286 -0.25 0.3993056
Began 516.4954 294 293 -0.2291667 0.4600695
Stationary 516.5363 294 293 -0.2291667 0.4600695
Stationary 516.5762 294 293 -0.2291667 0.4600695
Stationary 516.6192 294 293 -0.2291667 0.4600695
Moved 516.6597 307.6207 284.9195 -0.1818725 0.3899262
Moved 516.7009 321.0605 277.6263 -0.1352067 0.3266176
Moved 516.7419 329.4156 272.7922 -0.1061957 0.2846543
Moved 516.7838 347.2251 260.265 -0.04435733 0.1759113
Moved 516.8304 365.5229 244.8579 0.0191766 0.04216936
Moved 516.8793 377.6807 232.3193 0.0613913 -0.06667218
Moved 516.9318 388.4915 219.7627 0.09892896 -0.1756711
Moved 516.9833 394.564 210.3079 0.120014 -0.2577446
Moved 517.0262 399 202.6025 0.1354167 -0.3246308
Moved 517.0685 401.4476 199.5524 0.1439153 -0.3511077
Moved 517.1102 402 194.7607 0.1458333 -0.3927019
Stationary 517.1516 402 195 0.1458333 -0.390625
Moved 517.1918 387.8209 195 0.09660035 -0.390625
Moved 517.2324 368.1873 212.8595 0.02842814 -0.2355947
Moved 517.2729 359.9158 219.0842 -0.0002923608 -0.1815603
Moved 517.3136 357.6196 222.7607 -0.008265302 -0.1496463
Moved 517.3848 371.2015 234.801 0.03889397 -0.04512999
Moved 517.429 388.2655 244.7593 0.09814412 0.04131344
Moved 517.478 403.1577 252.3859 0.1498531 0.1075162
Moved 517.5222 415.5 258.5 0.1927084 0.1605903
Moved 517.5667 422.6701 263.3351 0.2176047 0.2025615
Moved 517.6105 428.4773 267.4772 0.2377683 0.2385177
Moved 517.6517 429.5 268.5 0.2413194 0.2473959
Moved 517.692 430 269 0.2430555 0.2517361
Moved 517.7374 414.1744 240.5139 0.1881054 0.004461077
Moved 517.7847 400.0322 217.0536 0.1390006 -0.1991873
Moved 517.8511 392.5 201.5 0.1128472 -0.3342012
Moved 517.8926 389.6968 197.3936 0.1031138 -0.3698477
Moved 517.9373 386.5589 196 0.09221852 -0.3819445
Moved 517.9819 383.5 195 0.08159727 -0.390625
Moved 518.03 374.7078 195 0.05106867 -0.390625
Moved 518.0746 355.5779 215.2814 -0.01535445 -0.2145712
Moved 518.1224 333.4543 232.1593 -0.0921727 -0.06806136
Moved 518.1652 313.5 244.5 -0.1614583 0.0390625
Moved 518.2128 302 252 -0.2013889 0.1041667
Moved 518.2565 293.5715 256.4285 -0.2306544 0.1426082
Moved 518.3259 287.0644 260.9356 -0.2532487 0.1817327
Ended 518.3668 287 262.0099 -0.2534723 0.1910586
PhraseEnd 518.9205
my favorite place to visit
Basic
0.4 0.4
288 217.6
Began 1126.995 494 259 0.4652777 -0.500919
Stationary 1127.072 494 259 0.4652777 -0.500919
Moved 1127.151 486.1122 276.5514 0.4378894 -0.4202602
Moved 1127.226 473.9705 305.7159 0.3957308 -0.2862322
Moved 1127.301 452.947 354.755 0.3227326 -0.06086841
Moved 1127.372 432.3173 394.9263 0.2511017 0.1237425
Moved 1127.445 410.0974 439.7078 0.1739493 0.3295397
Moved 1127.53 390.2241 469.1638 0.1049449 0.4649073
Moved 1127.596 385.3878 474.6122 0.088152 0.489946
Ended 1127.673 384 477.1371 0.08333341 0.5015491
Began 1127.899 374 388 0.04861116 0.09191184
Moved 1127.971 345.6452 388 -0.04984297 0.09191184
Moved 1128.042 290.1006 388 -0.2427061 0.09191184
Moved 1128.155 242.1652 388 -0.4091488 0.09191184
Moved 1128.231 235.5 388 -0.4322917 0.09191184
Moved 1128.301 232.7731 388 -0.4417599 0.09191184
Stationary 1128.378 233 388 -0.4409722 0.09191184
Stationary 1128.45 233 388 -0.4409722 0.09191184
Moved 1128.522 287.4408 336.9079 -0.2519417 -0.1428865
Moved 1128.599 316.7251 311.2749 -0.15026 -0.2606851
Moved 1128.67 325.5 306 -0.1197917 -0.2849265
Moved 1128.74 348.6048 329.6047 -0.03956676 -0.1764488
Moved 1128.808 400 389.5 0.138889 0.09880515
Moved 1128.915 443.5801 428.7201 0.2902088 0.2790446
Moved 1128.989 454.7458 440.7458 0.3289786 0.33431
Moved 1129.057 460.9306 445.9306 0.3504534 0.358137
Moved 1129.127 465 450 0.3645833 0.3768383
Moved 1129.202 454.2355 450 0.3272067 0.3768383
Moved 1129.271 396.0352 450 0.1251222 0.3768383
Moved 1129.349 349.764 453 -0.0355415 0.390625
Moved 1129.422 328.0766 454 -0.1108451 0.3952207
Moved 1129.492 325 456.1066 -0.1215278 0.4049015
Moved 1129.563 354.2472 456 -0.01997501 0.4044117
Moved 1129.668 435.437 433.6519 0.2619341 0.3017089
Moved 1129.735 454 430.5 0.326389 0.2872243
Moved 1129.801 458.5 429 0.3420138 0.280331
Moved 1129.868 411.4796 427 0.1787485 0.2711398
Moved 1129.941 362.8979 434 0.01006231 0.3033089
Moved 1130.018 309.7892 440 -0.1743432 0.3308824
Moved 1130.092 288.9159 441 -0.2468198 0.3354779
Moved 1130.168 273.8473 441 -0.2991413 0.3354779
Ended 1130.249 271 441 -0.3090279 0.3354779
Began 1130.637 503 434 0.4965279 0.3033089
Stationary 1130.718 503 434 0.4965279 0.3033089
Stationary 1130.784 503 434 0.4965279 0.3033089
Moved 1130.858 484.3126 394.6252 0.431641 0.1223587
Moved 1130.936 469.0851 355.7128 0.3787677 -0.05646678
Moved 1131.008 455.8853 342.9541 0.332935 -0.1151007
Moved 1131.081 397.8936 340 0.131575 -0.1286765
Moved 1131.153 342.9564 354.2319 -0.05917922 -0.06327223
Moved 1131.228 294.3329 359 -0.2280108 -0.04136016
Moved 1131.31 252.2532 359 -0.374121 -0.04136016
Moved 1131.391 236.5616 359 -0.4286054 -0.04136016
Moved 1131.464 231.6912 359 -0.4455166 -0.04136016
Moved 1131.535 243.7752 339.1124 -0.4035582 -0.1327557
Moved 1131.628 280.6905 298.6476 -0.2753803 -0.3187149
Moved 1131.701 299.9332 285.0334 -0.2085653 -0.3812804
Moved 1131.77 309.6819 284 -0.1747157 -0.3860293
Moved 1131.84 311 316.0808 -0.1701389 -0.2385992
Moved 1131.911 295.9354 357.726 -0.2224465 -0.04721488
Moved 1131.982 283.9536 392.1858 -0.2640502 0.1111479
Moved 1132.052 278 412.8894 -0.2847222 0.2062932
Moved 1132.12 278 428.6755 -0.2847222 0.2788394
Ended 1132.186 278 428.6755 -0.2847222 0.2788394
Began 1132.459 340 424 -0.06944448 0.257353
Stationary 1132.527 340 424 -0.06944448 0.257353
Stationary 1132.597 340 424 -0.06944448 0.257353
Stationary 1132.666 340 424 -0.06944448 0.257353
Moved 1132.74 358.9336 430.845 -0.003702939 0.2888095
Moved 1132.813 384.0007 434.1429 0.08333565 0.3039658
Moved 1132.888 426.1682 436 0.2297506 0.3125
Moved 1132.96 456.8366 436 0.3362383 0.3125
Moved 1133.033 473.3458 436 0.3935619 0.3125
Ended 1133.103 475 436 0.3993056 0.3125
Began 1133.407 321 336 -0.1354167 -0.1470588
Stationary 1133.482 321 336 -0.1354167 -0.1470588
Stationary 1133.55 321 336 -0.1354167 -0.1470588
Moved 1133.619 337.3323 355.3323 -0.07870719 -0.05821537
Moved 1133.689 350.4642 373.4642 -0.03311038 0.02511137
Moved 1133.758 378.6862 413.6078 0.06488279 0.2095946
Moved 1133.836 396.593 436.7965 0.1270589 0.3161604
Moved 1133.912 404.3737 446.3737 0.1540752 0.3601732
Moved 1133.981 406 448.5 0.1597223 0.3699448
Moved 1134.053 406 448 0.1597223 0.3676471
Moved 1134.121 364.1291 425.7383 0.014337 0.2653416
Moved 1134.19 313 396 -0.1631945 0.1286765
Moved 1134.259 288.5059 378.2047 -0.2482433 0.0468968
Moved 1134.331 267 361 -0.3229167 -0.03216912
Moved 1134.41 261.5 357 -0.3420139 -0.05055147
Moved 1134.483 301.8832 379.7545 -0.2017944 0.05401864
Moved 1134.59 393.4111 425.7056 0.1160109 0.265191
Moved 1134.665 422.6061 438 0.2173823 0.3216912
Moved 1134.736 428.5 441.5 0.2378473 0.3377759
Moved 1134.81 429 442.5 0.2395834 0.3423713
Moved 1134.884 389.6585 446.4774 0.1029809 0.3606496
Moved 1134.958 354.9271 446 -0.01761437 0.3584559
Moved 1135.031 340.4406 447 -0.06791458 0.3630516
Ended 1135.109 339 448 -0.07291667 0.3676471
PhraseEnd 1135.791
