the quick brown fox jumps over the lazy dog
Basic
0.4 0.4
288 217.6
Began 1055.89 375 444  0.0520833 0.349265
Stationary 1055.97 375 444  0.0520833 0.349265
Stationary 1056.03 375 444  0.0520833 0.349265
Stationary 1056.1 375 444  0.0520833 0.349265
Moved 1056.17 394.853 422.147  0.121018 0.248837
Moved 1056.24 422.815 392.913  0.218108 0.114491
Moved 1056.31 431 368.551  0.246528 0.00253229
Moved 1056.38 432 349.314  0.25 -0.0858733
Moved 1056.45 412.183 338.061  0.181189 -0.137588
Moved 1056.52 371.109 339.891  0.0385736 -0.129178
Moved 1056.59 326.257 362.371  -0.117161 -0.0258676
Moved 1056.66 303.096 378.904  -0.197582 0.050109
Moved 1056.74 283.964 400.036  -0.264014 0.147225
Moved 1056.81 279 408.812  -0.28125 0.187555
Moved 1056.87 275.87 414.13  -0.292117 0.211993
Moved 1056.94 276 417.198  -0.291667 0.226092
Ended 1057.01 276 418  -0.291667 0.229779
Began 1057.31 218 410  -0.493056 0.193015
Stationary 1057.4 218 410  -0.493056 0.193015
Moved 1057.47 284.889 423.984  -0.260803 0.25728
Moved 1057.53 322.941 425  -0.128677 0.261949
Moved 1057.61 354.288 425  -0.0198319 0.261949
Moved 1057.68 367.697 415.536  0.0267245 0.218454
Moved 1057.74 374.115 402.655  0.0490104 0.15926
Moved 1057.81 374 393.68  0.0486112 0.118014
Moved 1057.88 374 389.5  0.0486112 0.0988051
Moved 1057.95 374 369.221  0.0486112 0.00561308
Moved 1058.02 341.971 316.964  -0.0626009 -0.234542
Moved 1058.09 328 289  -0.111111 -0.363051
Moved 1058.15 323.308 273.616  -0.127403 -0.433752
Moved 1058.22 323 268  -0.128472 -0.459559
Moved 1058.3 362.021 292.638  0.00701562 -0.346333
Moved 1058.36 400.033 327.033  0.139004 -0.188268
Moved 1058.43 427.214 358.057  0.233383 -0.0456932
Moved 1058.5 446.231 383.641  0.299413 0.0718796
Moved 1058.56 454.711 401.422  0.328857 0.153592
Ended 1058.64 458 406  0.340278 0.174632
Began 1059.18 382 275  0.0763889 -0.42739
Stationary 1059.26 382 275  0.0763889 -0.42739
Stationary 1059.32 382 275  0.0763889 -0.42739
Moved 1059.39 362.841 304.739  0.00986427 -0.290723
Moved 1059.46 337.711 346.663  -0.0773932 -0.0980569
Moved 1059.53 321.943 384.172  -0.132144 0.0743207
Moved 1059.6 319 406.5  -0.142361 0.17693
Moved 1059.68 339.874 429.437  -0.0698818 0.282339
Moved 1059.75 386.74 438.774  0.0928469 0.325248
Moved 1059.82 450.026 442  0.312589 0.340074
Moved 1059.89 463.593 443  0.359697 0.344669
Moved 1059.95 464 444.316  0.361111 0.350716
Moved 1060.04 354.11 455.21  -0.0204524 0.400782
Moved 1060.11 312.299 459  -0.165628 0.418199
Moved 1060.17 288.522 459  -0.248187 0.418199
Moved 1060.24 284.595 459  -0.261824 0.418199
Moved 1060.31 284 440.625  -0.263889 0.333755
Moved 1060.38 313.959 391.572  -0.159864 0.108326
Moved 1060.45 341.795 350.688  -0.0632136 -0.07956
Moved 1060.51 366.138 315.293  0.0213122 -0.242219
Moved 1060.58 378.455 295.818  0.064079 -0.331719
Moved 1060.65 387.495 283.505  0.0954682 -0.388303
Ended 1060.77 396 277  0.125 -0.418199
Began 1060.97 330 374  -0.104167 0.0275737
Stationary 1061.05 330 374  -0.104167 0.0275737
Moved 1061.15 348.982 390.321  -0.0382574 0.102579
Moved 1061.22 376.331 403.532  0.0567034 0.163292
Moved 1061.29 405.73 411.577  0.158785 0.20026
Moved 1061.36 446.198 424.733  0.299299 0.26072
Moved 1061.43 465.788 429  0.367318 0.280331
Moved 1061.49 472 430  0.388889 0.284927
Moved 1061.57 456.935 410.577  0.336578 0.195666
Moved 1061.64 388.5 355  0.0989583 -0.0597425
Moved 1061.71 341.406 323.661  -0.064563 -0.203766
Moved 1061.79 313.938 305.625  -0.159939 -0.28665
Moved 1061.87 300.906 296.453  -0.205189 -0.328802
Moved 1061.93 295.274 292.274  -0.224743 -0.348006
Moved 1062.01 288.5 286.5  -0.248264 -0.37454
Moved 1062.08 282.824 283  -0.267973 -0.390625
Moved 1062.15 281 282  -0.274306 -0.395221
Ended 1062.21 281 281  -0.274306 -0.399816
Began 1062.47 427 359  0.232639 -0.0413602
Stationary 1062.55 427 359  0.232639 -0.0413602
Moved 1062.63 427 365.129  0.232639 -0.0131948
Moved 1062.69 435.641 397.172  0.262643 0.134063
Moved 1062.77 436 429.591  0.263889 0.283049
Moved 1062.84 436 440.393  0.263889 0.332687
Moved 1062.91 424.709 448.291  0.224683 0.368986
Moved 1062.98 419.55 448  0.206772 0.367647
Moved 1063.05 407.954 394.445  0.166506 0.121529
Moved 1063.12 407 335  0.163194 -0.151654
Moved 1063.18 417.475 298.576  0.199565 -0.319043
Moved 1063.25 430.286 278.714  0.244048 -0.410321
Moved 1063.34 452.158 291.547  0.319992 -0.351346
Moved 1063.4 476.623 348.87  0.404942 -0.0879125
Moved 1063.47 480 385.393  0.416667 0.0799297
Moved 1063.53 468.033 410.479  0.375115 0.195217
Moved 1063.6 445.008 435.195  0.295165 0.308803
Moved 1063.67 404.597 440  0.154852 0.330882
Moved 1063.74 360.259 424.63  0.00090003 0.260246
Moved 1063.81 314.416 399.708  -0.158278 0.145717
Moved 1063.88 293.239 385.493  -0.231808 0.0803897
Moved 1063.94 281.459 374.459  -0.27271 0.0296848
Ended 1064.04 272 361  -0.305556 -0.0321691
Began 1064.26 439 432  0.274305 0.294118
Stationary 1064.33 439 432  0.274305 0.294118
Moved 1064.39 407.841 402.841  0.166115 0.160115
Moved 1064.46 377.315 372.052  0.0601205 0.0186202
Moved 1064.53 352.132 340.843  -0.0273193 -0.124804
Moved 1064.6 340.212 321.318  -0.0687085 -0.214531
Moved 1064.67 333.606 311.606  -0.0916476 -0.259166
Moved 1064.74 330 305.078  -0.104167 -0.289164
Moved 1064.81 325.599 303  -0.119449 -0.298713
Moved 1064.89 296.085 325.596  -0.221927 -0.194872
Moved 1064.97 261.432 379.243  -0.342249 0.0516699
Moved 1065.04 251.61 399.169  -0.376353 0.143242
Moved 1065.11 251 407.932  -0.378472 0.183512
Moved 1065.18 265.137 417.534  -0.329384 0.22764
Moved 1065.25 285.107 423  -0.260046 0.252757
Moved 1065.32 299.474 425.237  -0.210158 0.263039
Moved 1065.39 313.673 425  -0.160859 0.261949
Ended 1065.46 322 425  -0.131944 0.261949
Began 1065.83 332 427  -0.0972222 0.27114
Stationary 1065.91 332 427  -0.0972222 0.27114
Stationary 1065.98 332 427  -0.0972222 0.27114
Moved 1066.04 357.448 399.552  -0.00885993 0.144998
Moved 1066.12 368.998 385.003  0.0312445 0.0781399
Moved 1066.18 385.813 360.582  0.0896302 -0.0340898
Moved 1066.26 394.126 347.747  0.118494 -0.0930725
Moved 1066.32 396 344  0.125 -0.110294
Moved 1066.39 361.646 364.774  0.00571564 -0.0148268
Moved 1066.46 317.674 397.605  -0.146964 0.136051
Moved 1066.52 298.19 417.81  -0.21462 0.228908
Moved 1066.59 289.553 428.895  -0.24461 0.279849
Moved 1066.65 286.545 433.455  -0.255051 0.300802
Ended 1066.72 287 433  -0.253472 0.298713
Began 1066.95 495 363  0.46875 -0.0229779
Moved 1067.04 471.804 363  0.388209 -0.0229779
Moved 1067.11 395.709 363  0.123991 -0.0229779
Moved 1067.17 347.5 363  -0.0434028 -0.0229779
Moved 1067.24 307.498 373.929  -0.182298 0.0272465
Moved 1067.3 282.716 376.071  -0.268346 0.0370906
Moved 1067.37 264.012 376  -0.333292 0.0367646
Moved 1067.43 257.814 376  -0.354814 0.0367646
Moved 1067.5 251.337 352.684  -0.377303 -0.0703859
Moved 1067.57 251 309.903  -0.378472 -0.26699
Moved 1067.63 264 293  -0.333333 -0.344669
Moved 1067.72 279.599 297.148  -0.27917 -0.325608
Moved 1067.79 301.354 345.708  -0.203633 -0.102446
Moved 1067.87 318 386  -0.145833 0.0827206
Moved 1067.94 335.549 421.098  -0.0848995 0.244016
Moved 1068.01 344.736 435.736  -0.0530011 0.311285
Ended 1068.08 348.5 440.5  -0.0399306 0.33318
Began 1068.45 308 362  -0.180556 -0.0275734
Stationary 1068.52 308 362  -0.180556 -0.0275734
Moved 1068.61 328.346 378.077  -0.10991 0.0463083
Moved 1068.68 359.5 398  -0.00173613 0.137868
Moved 1068.75 402.397 418.799  0.14721 0.233451
Moved 1068.82 433.996 429.599  0.256931 0.283085
Moved 1068.88 455.354 437.118  0.331092 0.317639
Moved 1068.95 462.285 438  0.355157 0.321691
Moved 1069.03 451.033 427.23  0.316088 0.272196
Moved 1069.1 405.634 393.167  0.158453 0.115659
Moved 1069.16 366.29 366.632  0.021839 -0.00628808
Moved 1069.23 354.17 360  -0.0202424 -0.0367647
Ended 1069.31 349 357  -0.0381944 -0.0505515
PhraseEnd 1069.89
