he is just like everyone else
Basic
0.6 0.6
432 326.4
Began 931.162 363 314  0.00694444 -0.165441
Stationary 931.236 363 314  0.00694444 -0.165441
Stationary 931.296 363 314  0.00694444 -0.165441
Stationary 931.359 363 314  0.00694444 -0.165441
Moved 931.419 363 330.619  0.00694444 -0.114526
Moved 931.481 342.134 353.866  -0.0413565 -0.0433025
Moved 931.547 308.809 386.592  -0.118498 0.0569624
Moved 931.608 261.578 425.281  -0.227829 0.175495
Moved 931.67 247.326 440.511  -0.260819 0.222153
Moved 931.733 242 449.297  -0.273148 0.249072
Moved 931.793 241 452.041  -0.275463 0.25748
Ended 931.852 241 452  -0.275463 0.257353
Began 932.061 473 451  0.261574 0.254289
Stationary 932.123 473 451  0.261574 0.254289
Moved 932.18 437 438.5  0.178241 0.215993
Moved 932.257 356.851 411.789  -0.00729044 0.134157
Moved 932.319 304.437 391.664  -0.128617 0.0725001
Moved 932.38 268.245 378.041  -0.212396 0.0307624
Moved 932.443 250.693 370.847  -0.253025 0.00872107
Moved 932.505 239.7 366.35  -0.278472 -0.00505457
Ended 932.567 237 365  -0.284722 -0.00919118
Began 932.841 433 354  0.168981 -0.0428921
Stationary 932.899 433 354  0.168981 -0.0428921
Moved 932.958 433 397.318  0.168981 0.0898223
Moved 933.024 433 439.624  0.168981 0.219437
Moved 933.09 433 461.89  0.168981 0.287654
Moved 933.156 424.598 471.2  0.149533 0.316177
Moved 933.221 358.253 456.47  -0.00404358 0.271047
Moved 933.284 283.08 417.617  -0.178057 0.152012
Moved 933.346 234.383 385.647  -0.290781 0.054066
Moved 933.408 213.5 370  -0.33912 0.00612745
Moved 933.477 207.5 367  -0.353009 -0.00306363
Moved 933.538 208 367  -0.351852 -0.00306363
Moved 933.597 254.409 424.409  -0.244425 0.17282
Moved 933.658 305.445 474.156  -0.126284 0.325233
Moved 933.719 336.453 499.453  -0.0545075 0.402735
Moved 933.78 344.36 503  -0.0362038 0.413603
Ended 933.86 346.053 504  -0.0322853 0.416667
Began 934.133 503 365  0.331019 -0.00919118
Stationary 934.196 503 365  0.331019 -0.00919118
Moved 934.254 486.222 395.946  0.29218 0.0856178
Moved 934.314 473.78 450.979  0.26338 0.254225
Moved 934.374 470.6 473.201  0.256018 0.322306
Moved 934.434 468.074 476.926  0.250172 0.333719
Moved 934.505 466 460.057  0.24537 0.282036
Moved 934.567 466 408.152  0.24537 0.123016
Moved 934.627 473.833 373.835  0.263502 0.0178776
Moved 934.687 474 361.65  0.263889 -0.019454
Moved 934.755 459.346 358  0.229968 -0.0306373
Moved 934.814 391.071 412.343  0.0719239 0.135855
Moved 934.873 342.485 448.636  -0.0405444 0.247048
Moved 934.931 293.718 479.969  -0.15343 0.343043
Moved 934.99 256.213 497.947  -0.240247 0.398121
Moved 935.051 240.736 505.132  -0.276074 0.420135
Moved 935.109 237 508.311  -0.284722 0.429873
Ended 935.175 237 509.001  -0.284722 0.431989
Began 935.604 256 485  -0.240741 0.358456
Stationary 935.671 256 485  -0.240741 0.358456
Stationary 935.729 256 485  -0.240741 0.358456
Stationary 935.792 256 485  -0.240741 0.358456
Moved 935.852 277.626 485  -0.19068 0.358456
Moved 935.914 298.364 485  -0.142675 0.358456
Moved 935.976 315.027 476.986  -0.104103 0.333904
Moved 936.056 323.908 465.183  -0.0835457 0.297744
Moved 936.124 327.499 450.003  -0.0752346 0.251234
Moved 936.189 329.675 422.276  -0.0701971 0.166287
Moved 936.262 337.574 363.257  -0.0519115 -0.0145296
Moved 936.323 345.809 316.34  -0.0328506 -0.158272
Moved 936.383 350.333 282.334  -0.0223769 -0.262457
Moved 936.443 350 273.843  -0.0231482 -0.288471
Moved 936.507 350 270  -0.0231482 -0.300245
Moved 936.568 306.01 312.433  -0.124978 -0.170243
Moved 936.628 278.887 354.874  -0.187762 -0.0402146
Moved 936.687 256.5 423  -0.239583 0.168505
Moved 936.781 250 473.347  -0.25463 0.322753
Moved 936.843 260.997 490.998  -0.229175 0.376831
Moved 936.911 313.887 501  -0.106744 0.407475
Moved 936.972 359.893 481.665  -0.000246912 0.348238
Moved 937.035 404.435 464.087  0.102858 0.294384
Moved 937.099 448 449.5  0.203704 0.249694
Moved 937.166 473.935 435.043  0.263738 0.205402
Moved 937.238 467.5 380  0.248843 0.0367648
Moved 937.303 436.563 315.039  0.177229 -0.162259
Moved 937.373 415.697 273.046  0.128929 -0.290912
Moved 937.469 407.375 262  0.109664 -0.324755
Moved 937.538 384.5 291  0.0567129 -0.235907
Moved 937.599 352.654 351.968  -0.0170053 -0.049117
Moved 937.66 320.783 402.704  -0.0907802 0.106323
Moved 937.722 294.039 441.745  -0.152688 0.225936
Moved 937.783 277.6 467.5  -0.190741 0.304841
Moved 937.842 269.256 483.976  -0.210056 0.35532
Moved 937.901 265 494.236  -0.219907 0.386753
Ended 937.959 265 495  -0.219907 0.389093
Began 938.246 275 513  -0.196759 0.44424
Stationary 938.324 275 513  -0.196759 0.44424
Moved 938.385 308.144 495.775  -0.120036 0.391466
Moved 938.467 370.912 458.938  0.0252586 0.278609
Moved 938.531 420.66 434.373  0.140417 0.203349
Moved 938.595 462.158 412.211  0.236476 0.13545
Moved 938.658 506.359 383.585  0.338794 0.0477472
Moved 938.722 523.35 367.65  0.378125 -0.00107279
Moved 938.786 530.189 360.811  0.393957 -0.0220261
Moved 938.85 531 358  0.395833 -0.0306373
Moved 938.912 455.883 356  0.221951 -0.0367647
Moved 938.972 364.664 365  0.010796 -0.00919118
Moved 939.034 299.833 366  -0.139275 -0.00612745
Moved 939.124 243.711 366  -0.269187 -0.00612745
Moved 939.187 232.264 366.736  -0.295685 -0.00387304
Moved 939.248 228.5 369.5  -0.304398 0.00459559
Moved 939.316 228 380.324  -0.305556 0.0377586
Moved 939.38 244.259 434.833  -0.267918 0.204759
Moved 939.443 252.493 458.478  -0.24886 0.2772
Moved 939.508 255.788 465.788  -0.241231 0.299597
Ended 939.567 258 467  -0.236111 0.303309
PhraseEnd 940.16
