all work and no play
Basic
0.4 0.4
288 217.6
Began 1045.05 251 298  -0.378472 -0.321691
Stationary 1045.13 251 298  -0.378472 -0.321691
Stationary 1045.22 251 298  -0.378472 -0.321691
Moved 1045.33 273.416 313.805  -0.300637 -0.249056
Moved 1045.47 298.924 325  -0.212068 -0.19761
Moved 1045.56 304.359 327  -0.193198 -0.188419
Moved 1045.63 306.123 328.123  -0.187074 -0.183259
Moved 1045.69 310.724 329.908  -0.171099 -0.175056
Moved 1045.76 342.877 343.329  -0.0594556 -0.113379
Moved 1045.82 376.135 353.627  0.0560226 -0.0660527
Moved 1045.89 405.729 355  0.15878 -0.0597425
Moved 1045.95 426.479 355  0.230829 -0.0597425
Moved 1046.02 453.6 355  0.325 -0.0597425
Moved 1046.09 479.121 345.626  0.413615 -0.10282
Moved 1046.15 486.015 344  0.437552 -0.110294
Ended 1046.21 492 343  0.458333 -0.11489
Backspace 1046.83
Began 1047.64 240 337  -0.416667 -0.142463
Stationary 1047.71 240 337  -0.416667 -0.142463
Stationary 1047.77 240 337  -0.416667 -0.142463
Stationary 1047.84 240 337  -0.416667 -0.142463
Stationary 1047.9 240 337  -0.416667 -0.142463
Stationary 1047.96 240 337  -0.416667 -0.142463
Stationary 1048.02 240 337  -0.416667 -0.142463
Stationary 1048.09 240 337  -0.416667 -0.142463
Moved 1048.15 260.102 353.413  -0.346868 -0.0670345
Moved 1048.22 312.19 369.657  -0.166009 0.00761439
Moved 1048.29 363.15 375.192  0.0109385 0.0330503
Moved 1048.37 393.106 375  0.114952 0.0321691
Moved 1048.43 414.137 375  0.187975 0.0321691
Moved 1048.51 439.435 365.141  0.275817 -0.0131378
Moved 1048.58 466.839 360.54  0.370969 -0.0342819
Ended 1048.73 487.5 358  0.442708 -0.0459559
Began 1049.12 256 439  -0.361111 0.326287
Stationary 1049.2 256 439  -0.361111 0.326287
Stationary 1049.27 256 439  -0.361111 0.326287
Stationary 1049.34 256 439  -0.361111 0.326287
Moved 1049.41 264.3 452.83  -0.332292 0.389844
Moved 1049.48 303.894 457.988  -0.194813 0.413549
Moved 1049.55 371.747 459  0.0407887 0.418199
Moved 1049.62 415.545 447.844  0.192864 0.366932
Moved 1049.69 450.888 441.028  0.315584 0.335606
Moved 1049.76 464.157 436.842  0.361658 0.316372
Moved 1049.82 466 433.5  0.368056 0.301011
Moved 1049.89 406.908 427  0.162874 0.27114
Moved 1049.97 355.134 434.811  -0.0168955 0.307036
Moved 1050.04 321.5 439.5  -0.133681 0.328585
Moved 1050.11 309.272 439  -0.17614 0.326287
Moved 1050.17 305.5 439  -0.189236 0.326287
Moved 1050.24 334.822 426.089  -0.0874248 0.266954
Moved 1050.31 381.546 403.141  0.0748107 0.161495
Moved 1050.38 423.274 381.794  0.219702 0.0633933
Moved 1050.45 442.949 370.526  0.288018 0.0116059
Moved 1050.52 450.816 365  0.315334 -0.0137868
Ended 1050.62 454.5 364  0.328125 -0.0183822
Began 1050.8 247 427  -0.392361 0.27114
Stationary 1050.88 247 427  -0.392361 0.27114
Moved 1050.95 281.199 403.041  -0.273615 0.161034
Moved 1051.02 314.414 380.235  -0.158286 0.0562247
Moved 1051.09 345.126 357.583  -0.051647 -0.0478728
Moved 1051.18 379.235 326.765  0.0667872 -0.189498
Moved 1051.24 400.486 301.686  0.140575 -0.304752
Moved 1051.31 412.984 284.032  0.183972 -0.385883
Moved 1051.4 422.955 272.045  0.218593 -0.440968
Moved 1051.46 435.926 268.537  0.263633 -0.457092
Moved 1051.53 439 268  0.274305 -0.459559
Moved 1051.6 409.5 299.5  0.171875 -0.314798
Moved 1051.67 364.204 325.478  0.0145976 -0.195416
Moved 1051.75 330.115 340.442  -0.103767 -0.126643
Moved 1051.83 309 349  -0.177083 -0.087316
Moved 1051.94 302 354  -0.201389 -0.0643381
Ended 1052.02 302 354  -0.201389 -0.0643381
Began 1052.27 424 275  0.222222 -0.42739
Stationary 1052.35 424 275  0.222222 -0.42739
Moved 1052.43 434.941 302.853  0.260213 -0.299387
Moved 1052.51 449.342 335.356  0.310217 -0.150018
Moved 1052.57 461.19 361.474  0.351352 -0.0299926
Moved 1052.64 473.315 394.603  0.393456 0.122258
Moved 1052.71 479 432.5  0.413195 0.296415
Moved 1052.78 479 450.16  0.413195 0.377574
Moved 1052.86 479 458.231  0.413195 0.414663
Ended 1052.93 479 459  0.413195 0.418199
Began 1053.11 486 425  0.4375 0.261949
Stationary 1053.17 486 425  0.4375 0.261949
Stationary 1053.24 486 425  0.4375 0.261949
Stationary 1053.31 486 425  0.4375 0.261949
Stationary 1053.37 486 425  0.4375 0.261949
Moved 1053.45 486 410.194  0.4375 0.193908
Moved 1053.52 466.466 370.862  0.369672 0.0131535
Moved 1053.59 459.94 356.94  0.347013 -0.0508276
Moved 1053.66 441.036 353  0.281375 -0.0689338
Moved 1053.73 373.183 353  0.0457743 -0.0689338
Moved 1053.81 291.781 353  -0.236873 -0.0689338
Moved 1053.88 254.058 353  -0.367856 -0.0689338
Moved 1053.94 242.189 353  -0.409067 -0.0689338
Moved 1054 238.5 353  -0.421875 -0.0689338
Moved 1054.07 237 362.495  -0.427083 -0.0252987
Moved 1054.13 269.986 393.988  -0.312549 0.119428
Moved 1054.2 317.278 433.118  -0.148342 0.299255
Moved 1054.27 345.208 453.472  -0.0513622 0.392793
Moved 1054.34 358.259 461  -0.00604659 0.42739
Moved 1054.4 364.873 464.437  0.0169209 0.443183
Moved 1054.52 375.166 468  0.0526607 0.459559
Ended 1054.58 378 468  0.0624999 0.459559
PhraseEnd 1055.15
