time to go shopping
Basic
0.8 0.8
575.9999 230.4
Began 154.9785 286 342 -0.1284722 0.4427085
Stationary 155.0012 286 342 -0.1284722 0.4427085
Stationary 155.0182 286 342 -0.1284722 0.4427085
Stationary 155.032 286 342 -0.1284722 0.4427085
Stationary 155.0474 286 342 -0.1284722 0.4427085
Stationary 155.0625 286 342 -0.1284722 0.4427085
Stationary 155.0831 286 342 -0.1284722 0.4427085
Stationary 155.0979 286 342 -0.1284722 0.4427085
Stationary 155.1136 286 342 -0.1284722 0.4427085
Stationary 155.1287 286 342 -0.1284722 0.4427085
Stationary 155.1442 286 342 -0.1284722 0.4427085
Stationary 155.1604 286 342 -0.1284722 0.4427085
Moved 155.1759 299.6983 342 -0.1046905 0.4427085
Moved 155.1925 305.0626 342 -0.0953775 0.4427085
Moved 155.2097 310.6611 342 -0.08565788 0.4427085
Moved 155.2262 317.0983 342 -0.0744822 0.4427085
Moved 155.2433 323.9972 342 -0.06250493 0.4427085
Moved 155.2606 333.7079 349.7847 -0.04564609 0.476496
Moved 155.2856 350.5 350 -0.01649305 0.4774306
Moved 155.3032 359.8499 350 -0.0002606586 0.4774306
Moved 155.3201 369.5411 350 0.01656443 0.4774306
Moved 155.3406 376.3211 350 0.02833531 0.4774306
Moved 155.3577 388.7185 350 0.04985847 0.4774306
Moved 155.3742 414.8154 340.4185 0.09516568 0.4358442
Moved 155.3924 425.8102 339.0271 0.1142538 0.4298053
Moved 155.41 437.9475 336.345 0.1353256 0.4181641
Moved 155.4261 447.0358 335.2806 0.1511038 0.4135442
Moved 155.4446 454.7004 334.1857 0.1644104 0.4087921
Moved 155.4694 475 331.5 0.1996528 0.3971354
Moved 155.4855 481.6343 331.0914 0.2111706 0.3953621
Moved 155.5014 485.8751 329.7083 0.2185331 0.3893591
Moved 155.5172 489.3491 329.3254 0.2245644 0.3876972
Moved 155.5329 491.0615 327.9385 0.2275373 0.3816774
Moved 155.549 492.4416 326.5584 0.2299332 0.3756877
Moved 155.5649 493.4125 325.5875 0.2316189 0.3714738
Moved 155.5855 493 321.2054 0.2309028 0.3524542
Moved 155.6071 493 295.0892 0.2309028 0.2391025
Moved 155.6227 493 282.3281 0.2309028 0.1837156
Moved 155.6472 481.2648 269.7979 0.2105292 0.1293312
Moved 155.6644 481.4941 258.647 0.2109273 0.08093344
Moved 155.6822 475.1354 231.9655 0.1998879 -0.03487216
Moved 155.6991 471.015 218.0602 0.1927345 -0.09522478
Moved 155.7156 467.9046 203.5232 0.1873344 -0.1583195
Moved 155.7324 465.1459 194.0107 0.182545 -0.1996062
Moved 155.752 464.1966 185.9829 0.1808969 -0.2344492
Moved 155.7682 464 177.8627 0.1805556 -0.2696933
Moved 155.7849 462.5 171.5 0.1779514 -0.2973089
Moved 155.8028 463 166.9637 0.1788195 -0.3169976
Moved 155.8285 463 156.5488 0.1788195 -0.3622012
Moved 155.8453 463 152.5015 0.1788195 -0.379768
Moved 155.8615 463 148.6156 0.1788195 -0.3966337
Moved 155.8783 463 146 0.1788195 -0.4079863
Moved 155.8943 463 145.1125 0.1788195 -0.4118378
Moved 155.9102 463 144.0361 0.1788195 -0.4165097
Moved 155.9267 463 142.6711 0.1788195 -0.4224342
Moved 155.9437 463 142 0.1788195 -0.4253473
Stationary 155.9603 463 142 0.1788195 -0.4253473
Moved 155.976 460.2951 142 0.1741235 -0.4253473
Moved 155.9998 456.3247 142 0.1672304 -0.4253473
Moved 156.0166 449.5 142 0.1553819 -0.4253473
Moved 156.0329 431.8005 157.9055 0.1246537 -0.3563128
Moved 156.051 410.2875 174.5699 0.08730472 -0.2839846
Moved 156.0691 376.8919 204.2974 0.02932616 -0.1549592
Moved 156.0863 365.4755 214.334 0.009506048 -0.1113975
Moved 156.1039 354.9805 221.8711 -0.00871446 -0.07868436
Moved 156.1211 345.3174 229.728 -0.02549071 -0.04458322
Moved 156.1385 338.7806 234.1462 -0.03683921 -0.02540695
Moved 156.1614 319.3409 246.2338 -0.07058882 0.02705627
Moved 156.1866 312.0774 251.738 -0.08319892 0.05094648
Moved 156.2035 306.7319 255.134 -0.0924793 0.06568605
Moved 156.2214 296.6759 260.662 -0.1099377 0.08967903
Moved 156.2381 293.5 264.5 -0.1154514 0.1063368
Moved 156.2538 287.8737 267.3447 -0.1252192 0.1186839
Moved 156.2706 282.3347 271.4989 -0.1348355 0.136714
Moved 156.2876 275.5 275.5 -0.1467014 0.1540799
Moved 156.3047 270.2162 278.8559 -0.1558747 0.1686454
Moved 156.3216 263.5124 282.8926 -0.1675133 0.1861657
Moved 156.3371 258.3282 286.3359 -0.1765136 0.201111
Moved 156.3642 246.7733 295.2267 -0.1965742 0.2396996
Moved 156.3823 239.7211 299.3674 -0.2088176 0.2576709
Moved 156.3991 236.4952 301.6699 -0.214418 0.2676642
Moved 156.4158 231.1271 304.4365 -0.2237376 0.2796722
Moved 156.4332 228.7938 306.6031 -0.2277886 0.2890763
Moved 156.4504 226.0251 307.9875 -0.2325954 0.2950846
Moved 156.4693 221 311.5 -0.2413195 0.31033
Moved 156.4868 219.3508 311.8246 -0.2441826 0.3117386
Moved 156.5049 217.7982 313.2018 -0.2468781 0.3177162
Moved 156.521 216.4125 314 -0.2492838 0.3211807
Moved 156.5463 215 316.3475 -0.2517361 0.3313693
Moved 156.5628 214 316 -0.2534722 0.3298611
Moved 156.5791 214 317.1004 -0.2534722 0.3346373
Stationary 156.5971 214 317 -0.2534722 0.3342015
Ended 156.6194 214 320 -0.2534722 0.3472222
Began 156.87 317 365 -0.07465278 0.5425348
Stationary 156.8859 317 365 -0.07465278 0.5425348
Stationary 156.9032 317 365 -0.07465278 0.5425348
Stationary 156.9188 317 365 -0.07465278 0.5425348
Stationary 156.934 317 365 -0.07465278 0.5425348
Stationary 156.9494 317 365 -0.07465278 0.5425348
Moved 156.965 332.3741 365 -0.0479617 0.5425348
Moved 156.9813 341.9258 354.7991 -0.03137887 0.49826
Moved 156.9975 351.5219 355.7198 -0.014719 0.5022561
Moved 157.0138 368.4086 355.2592 0.01459822 0.5002569
Moved 157.0337 381.1471 355 0.03671363 0.4991321
Moved 157.0548 407.9576 355 0.08325965 0.4991321
Moved 157.0712 420.5103 355 0.1050525 0.4991321
Moved 157.0878 431.654 355 0.1243994 0.4991321
Moved 157.1038 439.5211 355 0.1380574 0.4991321
Moved 157.1202 452.0797 355 0.1598605 0.4991321
Moved 157.136 461.5 355 0.1762153 0.4991321
Moved 157.152 473.1385 355 0.1964209 0.4991321
Moved 157.1678 482.8977 355 0.213364 0.4991321
Moved 157.1848 491.1872 362 0.2277555 0.5295141
Moved 157.2098 506.9926 362 0.2551954 0.5295141
Moved 157.2272 512.909 362 0.265467 0.5295141
Moved 157.2431 522.0415 362 0.2813221 0.5295141
Moved 157.2601 531.3433 362 0.2974709 0.5295141
Moved 157.2753 537.8746 362 0.30881 0.5295141
Moved 157.2935 545.7501 355.2916 0.3224827 0.5003974
Moved 157.3233 559.0502 351.2374 0.3455732 0.4828014
Moved 157.3399 564.3629 350.1274 0.3547967 0.4779837
Moved 157.3553 571.1038 347.5585 0.3664998 0.4668338
Moved 157.3718 576 345 0.375 0.4557292
Moved 157.396 582.7244 341.6378 0.3866744 0.4411362
Moved 157.4129 585.4841 341.258 0.3914654 0.4394879
Moved 157.4316 588.2643 339.8679 0.3962922 0.4334544
Moved 157.4488 589.5 338.5 0.3984375 0.4275173
Moved 157.4697 591.9453 338 0.4026827 0.4253473
Moved 157.4867 593.325 336.675 0.4050781 0.4195965
Moved 157.5046 595.4207 337 0.4087165 0.4210071
Ended 157.522 597 337 0.4114583 0.4210071
Began 157.8926 339 294 -0.03645834 0.234375
Stationary 157.9176 339 294 -0.03645834 0.234375
Stationary 157.9361 339 294 -0.03645834 0.234375
Stationary 157.9548 339 294 -0.03645834 0.234375
Stationary 157.9747 339 294 -0.03645834 0.234375
Stationary 157.9909 339 294 -0.03645834 0.234375
Moved 158.006 346.8544 294 -0.02282221 0.234375
Moved 158.0243 363.4281 294 0.005951599 0.234375
Moved 158.0441 377.2134 299.7707 0.02988436 0.2594214
Moved 158.0611 389.9626 304.2139 0.05201847 0.2787064
Moved 158.0785 404 308.5 0.07638887 0.297309
Moved 158.0964 416.2342 310.8298 0.09762876 0.3074213
Moved 158.1138 427.3639 313.591 0.1169512 0.3194054
Moved 158.1317 443.8922 317.473 0.1456462 0.3362546
Moved 158.1479 454.9147 320.2287 0.1647825 0.3482149
Moved 158.1641 466.4962 322.9991 0.1848893 0.3602394
Moved 158.18 475.3969 324.8794 0.2003418 0.3684002
Moved 158.1975 484.8676 327.5336 0.216784 0.37992
Moved 158.2213 491.3492 328.6699 0.2280367 0.3848518
Moved 158.2384 498.2748 330.055 0.2400605 0.3908637
Moved 158.2569 511.8359 332.4727 0.263604 0.4013571
Moved 158.2744 519.1381 333.8563 0.2762814 0.4073626
Moved 158.2928 526.1996 335.2399 0.288541 0.4133678
Moved 158.3089 533.1118 336.6224 0.3005414 0.419368
Moved 158.326 539.0399 337 0.3108332 0.4210071
Moved 158.343 544.5873 338.3969 0.3204642 0.4270697
Moved 158.3603 549 339.5 0.328125 0.4318577
Moved 158.3775 553.5535 339.8512 0.3360304 0.433382
Moved 158.4023 560.867 341 0.3487274 0.4383681
Moved 158.4201 564.012 342.006 0.3541874 0.4427345
Moved 158.4376 565.7735 342 0.3572457 0.4427085
Moved 158.4538 567.7723 342 0.3607158 0.4427085
Moved 158.4746 571.3016 342 0.3668431 0.4427085
Moved 158.4912 572.5886 342 0.3690774 0.4427085
Moved 158.5084 573.972 342.972 0.3714792 0.4469272
Moved 158.5251 576.708 343 0.3762292 0.4470487
Ended 158.5422 576.708 343 0.3762292 0.4470487
Began 158.8766 246 292 -0.1979167 0.2256946
Stationary 158.9009 246 292 -0.1979167 0.2256946
Stationary 158.9168 246 292 -0.1979167 0.2256946
Stationary 158.9305 246 292 -0.1979167 0.2256946
Stationary 158.9462 246 292 -0.1979167 0.2256946
Moved 158.962 252.5752 292 -0.1865014 0.2256946
Moved 158.9782 263.3331 292 -0.1678245 0.2256946
Moved 158.9939 275.8148 292 -0.1461549 0.2256946
Moved 159.0108 310.8866 281.1855 -0.08526639 0.1787567
Moved 159.0295 327.2078 278.4654 -0.05693097 0.1669505
Moved 159.046 343.7629 275.6519 -0.02818946 0.154739
Moved 159.0628 360.7257 272.879 0.001259893 0.1427041
Moved 159.0804 375.8911 270.1107 0.02758861 0.1306889
Moved 159.0971 391.0025 268.3329 0.05382375 0.1229729
Moved 159.1126 401.2379 266.1694 0.07159353 0.1135824
Moved 159.1301 413.4135 264.7318 0.09273172 0.1073431
Moved 159.149 421.3163 264.3367 0.106452 0.1056282
Moved 159.1681 440.0299 264 0.1389408 0.1041668
Moved 159.1898 451.296 263 0.1584999 0.0998264
Moved 159.2147 470.5 263 0.1918403 0.0998264
Moved 159.2314 476.9843 263 0.2030978 0.0998264
Moved 159.2478 483.8478 263 0.2150135 0.0998264
Moved 159.2637 490.7034 263 0.2269156 0.0998264
Moved 159.2818 500.0843 263 0.2432019 0.0998264
Moved 159.298 507.5628 270.7879 0.2561854 0.1336281
Moved 159.3152 517.4843 272.9955 0.2734102 0.1432097
Moved 159.3313 527.1692 275.7626 0.2902243 0.1552199
Moved 159.3476 532.8032 276.9606 0.3000056 0.1604196
Moved 159.3654 541.0126 278.3354 0.314258 0.1663866
Moved 159.3893 551.3945 283.1972 0.332282 0.187488
Moved 159.4076 553.9388 284.4694 0.3366993 0.1930097
Moved 159.4237 558.6006 285.7338 0.3447928 0.1984973
Moved 159.4402 562.7614 287.2538 0.3520163 0.2050947
Moved 159.4595 568.3442 289.6721 0.3617088 0.2155908
Moved 159.4744 571.0914 292.0914 0.3664782 0.2260914
Moved 159.4921 575.299 293.433 0.373783 0.2319141
Moved 159.5098 577.6265 295.6265 0.3778239 0.2414347
Moved 159.5269 580.3751 297.1876 0.3825957 0.2482099
Moved 159.5439 583 300 0.3871528 0.2604167
Moved 159.5707 587.076 302.038 0.3942292 0.2692624
Moved 159.5921 588.4337 303.4337 0.3965862 0.2753197
Moved 159.6098 590.8029 304.8029 0.4006994 0.2812624
Moved 159.6282 593.5446 307.5446 0.4054594 0.2931622
Moved 159.6448 594.9361 308 0.4078752 0.2951389
Moved 159.6622 595 309.3046 0.4079861 0.3008014
Stationary 159.6792 595 309.3046 0.4079861 0.3008014
Moved 159.6978 595 309.7287 0.4079861 0.3026421
Moved 159.7268 580.1592 313.9681 0.3822209 0.3210423
Moved 159.7504 564.3462 317.7756 0.3547677 0.337568
Moved 159.7768 531.8659 320 0.2983783 0.3472222
Moved 159.7937 518.7299 320 0.2755728 0.3472222
Moved 159.8102 511.7071 320 0.2633803 0.3472222
Moved 159.8273 498.6904 320 0.240782 0.3472222
Moved 159.8427 495.5756 320 0.2353743 0.3472222
Moved 159.8583 491.2062 315.8144 0.2277885 0.3290557
Moved 159.8746 486.1057 307.1586 0.2189335 0.291487
Moved 159.8922 476.5056 292.0802 0.2022666 0.2260426
Moved 159.909 471.5 278 0.1935764 0.1649306
Moved 159.9263 465.7745 261.3237 0.1836364 0.09255066
Moved 159.9542 460 238.5 0.1736111 -0.00651055
Moved 159.9747 459.0431 226.3019 0.1719499 -0.05945365
Moved 159.993 456.3342 212.6713 0.1672469 -0.1186142
Moved 160.0107 454.2807 202.2456 0.1636818 -0.1638646
Moved 160.0278 449.7798 186.3394 0.1558677 -0.2329023
Moved 160.0453 447 178 0.1510417 -0.2690972
Moved 160.0616 445.0762 171.3049 0.1477018 -0.2981557
Moved 160.0787 442.3897 164.4742 0.1430377 -0.3278027
Moved 160.0953 440.31 160.9299 0.139427 -0.3431861
Moved 160.1114 438.9313 156.7939 0.1370335 -0.3611374
Moved 160.1363 436.5 152 0.1328125 -0.3819445
Moved 160.1525 436 151.077 0.1319444 -0.3859503
Moved 160.1694 434.6978 149.6979 0.1296838 -0.3919362
Moved 160.1857 432.3144 149 0.1255458 -0.3949652
Moved 160.2015 428.7965 149 0.1194384 -0.3949652
Moved 160.2174 423.2108 149 0.1097409 -0.3949652
Moved 160.2342 416.8369 149 0.09867512 -0.3949652
Moved 160.2513 409.9478 158.6836 0.08671492 -0.3529359
Moved 160.2678 404.9881 160.6072 0.07810436 -0.3445868
Moved 160.2889 396.674 165.6608 0.06367013 -0.3226527
Moved 160.3175 381.8032 179.1968 0.03785275 -0.2639029
Moved 160.3393 367.216 195.176 0.0125277 -0.1945485
Moved 160.3551 360.5 203 0.0008680672 -0.1605903
Moved 160.371 357.8868 206.1133 -0.003668778 -0.1470778
Moved 160.3883 355.0428 210.9143 -0.008606166 -0.1262399
Moved 160.4044 353.6294 213.7412 -0.01106001 -0.1139703
Moved 160.4216 351.2516 216.4968 -0.01518823 -0.1020104
Moved 160.4385 349.8657 219.2687 -0.01759432 -0.08997957
Ended 160.4553 350 221 -0.01736112 -0.08246528
PhraseEnd 161.0672
