you must be getting old
Basic
0.8 0.8
576 435.2
Began 732.192 434 441  0.128472 0.167739
Stationary 732.251 434 441  0.128472 0.167739
Stationary 732.299 434 441  0.128472 0.167739
Stationary 732.348 434 441  0.128472 0.167739
Moved 732.398 434 451.78  0.128472 0.19251
Moved 732.446 434 456.973  0.128472 0.204442
Moved 732.494 434 460.056  0.128472 0.211526
Moved 732.542 434 463.94  0.128472 0.22045
Moved 732.592 441.467 471.134  0.141436 0.23698
Moved 732.642 479.573 481.643  0.207592 0.261129
Moved 732.693 533.042 491.898  0.300419 0.284692
Moved 732.744 549.16 495  0.328403 0.29182
Moved 732.793 554.395 496  0.337491 0.294118
Moved 732.846 557.269 496  0.342482 0.294118
Moved 732.913 558 496  0.34375 0.294118
Stationary 732.961 558 496  0.34375 0.294118
Moved 733.009 542.754 485.918  0.317281 0.270951
Moved 733.058 513.607 485  0.266679 0.268842
Moved 733.105 488.959 485  0.223888 0.268842
Moved 733.158 466 495  0.184028 0.29182
Moved 733.206 458.335 498  0.17072 0.298713
Moved 733.255 453.5 499  0.162326 0.301011
Moved 733.302 454 502.31  0.163194 0.308616
Ended 733.351 454 504  0.163194 0.3125
Began 733.656 498 272  0.239583 -0.220588
Stationary 733.703 498 272  0.239583 -0.220588
Stationary 733.752 498 272  0.239583 -0.220588
Stationary 733.8 498 272  0.239583 -0.220588
Moved 733.862 486.981 301.094  0.220453 -0.153736
Moved 733.916 479.179 325.925  0.206908 -0.0966794
Moved 733.967 469.066 357.769  0.189351 -0.0235076
Moved 734.017 458.677 404.455  0.171314 0.0837669
Moved 734.066 452.696 436.822  0.160931 0.158139
Moved 734.114 449.56 463.2  0.155486 0.21875
Moved 734.171 446.374 483.626  0.149955 0.265685
Moved 734.223 445 489.765  0.147569 0.279791
Moved 734.274 442.389 491  0.143036 0.282629
Moved 734.328 425.051 492  0.112935 0.284927
Moved 734.377 367.645 453.43  0.0132719 0.1963
Moved 734.427 322.04 418.232  -0.0659023 0.115423
Moved 734.476 282.239 387.742  -0.135002 0.0453629
Moved 734.528 261.129 370.503  -0.17165 0.00575262
Moved 734.577 249.5 364  -0.19184 -0.00919111
Moved 734.631 239.615 360  -0.209001 -0.0183824
Moved 734.709 234.908 359  -0.217173 -0.0206801
Moved 734.757 234 359  -0.21875 -0.0206801
Moved 734.804 234 389.376  -0.21875 0.049117
Moved 734.857 266.656 443.651  -0.162056 0.173832
Moved 734.927 305.591 490.659  -0.0944605 0.281845
Moved 734.975 320.111 504.111  -0.0692527 0.312754
Moved 735.019 330.538 512.538  -0.0511488 0.332119
Moved 735.067 337.936 517.968  -0.0383063 0.344595
Moved 735.112 342.109 522.109  -0.0310616 0.35411
Moved 735.155 344.958 523  -0.026114 0.356158
Moved 735.231 349.839 524  -0.0176412 0.358456
Ended 735.276 350 524  -0.0173611 0.358456
Began 735.664 374 243  0.0243056 -0.287224
Stationary 735.721 374 243  0.0243056 -0.287224
Stationary 735.77 374 243  0.0243056 -0.287224
Stationary 735.818 374 243  0.0243056 -0.287224
Moved 735.868 374 263.38  0.0243056 -0.240397
Moved 735.918 349.061 301.888  -0.0189914 -0.151911
Moved 735.98 313 367  -0.0815972 -0.00229772
Moved 736.053 270.865 437.269  -0.154747 0.159166
Moved 736.101 257.532 458.624  -0.177896 0.208235
Moved 736.149 253.019 466.962  -0.185731 0.227394
Moved 736.197 252 471.12  -0.1875 0.236949
Moved 736.245 251 473  -0.189236 0.241268
Moved 736.291 251 474.359  -0.189236 0.244391
Moved 736.344 251 475  -0.189236 0.245864
Ended 736.391 251 476  -0.189236 0.248162
Began 736.65 393 361  0.0572917 -0.0160846
Stationary 736.707 393 361  0.0572917 -0.0160846
Moved 736.756 380.524 372.301  0.0356323 0.00988287
Moved 736.807 362.329 396.338  0.00404403 0.0651156
Moved 736.857 342.767 420.85  -0.0299187 0.121438
Moved 736.906 310.273 458.688  -0.0863323 0.208383
Moved 736.955 281.326 493.77  -0.136587 0.288995
Moved 737.009 262.179 518.702  -0.169828 0.346281
Moved 737.059 252.561 533.878  -0.186526 0.381153
Moved 737.108 253 536  -0.185764 0.386029
Moved 737.155 253 539.381  -0.185764 0.393798
Moved 737.206 270.5 539  -0.155382 0.392923
Moved 737.256 297.591 528.039  -0.108349 0.367736
Moved 737.302 332.5 519  -0.0477431 0.346967
Moved 737.35 385.644 507.29  0.0445206 0.320061
Moved 737.4 429.474 504  0.120614 0.3125
Moved 737.447 458.93 504  0.171754 0.3125
Moved 737.493 475.332 503  0.200229 0.310202
Moved 737.567 481 475  0.210069 0.245864
Moved 737.617 459.5 424.5  0.172743 0.129825
Moved 737.667 438.762 374.876  0.13674 0.0158006
Moved 737.72 415.509 305.696  0.0963696 -0.143161
Moved 737.771 408.027 271.192  0.0833809 -0.222445
Moved 737.821 404.185 248.742  0.076711 -0.27403
Moved 737.871 402.042 238.042  0.0729904 -0.298616
Moved 737.922 401 232.88  0.0711805 -0.310478
Stationary 737.971 401 233  0.0711805 -0.310202
Moved 738.034 390.19 273.845  0.0524127 -0.21635
Moved 738.115 366.917 365.333  0.0120081 -0.0061275
Moved 738.162 359.853 392.734  -0.000254959 0.0568343
Moved 738.209 354.672 406.656  -0.0092499 0.0888233
Moved 738.255 353 412  -0.0121528 0.101103
Ended 738.302 352 416  -0.0138889 0.110294
Began 738.585 507 464  0.255208 0.220588
Stationary 738.648 507 464  0.255208 0.220588
Stationary 738.714 507 464  0.255208 0.220588
Stationary 738.761 507 464  0.255208 0.220588
Moved 738.809 507 445.654  0.255208 0.178433
Moved 738.859 519.559 403.486  0.277012 0.0815389
Moved 738.908 530.818 368.136  0.29656 0.000312679
Moved 738.958 541.416 339.752  0.314959 -0.0649093
Moved 739.006 549.682 317.977  0.329309 -0.114943
Moved 739.064 552 311.5  0.333333 -0.129825
Moved 739.114 553 310.689  0.335069 -0.131689
Moved 739.176 520.793 325.044  0.279155 -0.0987047
Moved 739.227 431.451 356.987  0.124047 -0.0253065
Moved 739.277 377.725 365.379  0.0307719 -0.00602196
Moved 739.333 315.412 370  -0.0774098 0.00459559
Moved 739.386 284.5 370  -0.131076 0.00459559
Moved 739.436 263.195 370  -0.168064 0.00459559
Moved 739.487 245.329 370  -0.199082 0.00459559
Moved 739.535 235.982 370  -0.215308 0.00459559
Moved 739.583 233 363  -0.220486 -0.011489
Ended 739.631 232 363  -0.222222 -0.011489
PhraseEnd 740.326
