are you talking to me
Basic
0.6 0.6
432 326.4
Began 923.609 191 391  -0.391204 0.0704657
Stationary 923.674 191 391  -0.391204 0.0704657
Stationary 923.753 191 391  -0.391204 0.0704657
Stationary 923.815 191 391  -0.391204 0.0704657
Stationary 923.874 191 391  -0.391204 0.0704657
Stationary 923.932 191 391  -0.391204 0.0704657
Stationary 923.991 191 391  -0.391204 0.0704657
Moved 924.05 228.934 416.956  -0.303393 0.149988
Moved 924.109 266.573 443.233  -0.216267 0.230493
Moved 924.167 293.899 462.933  -0.153011 0.290848
Moved 924.253 305.88 469.88  -0.125277 0.312134
Moved 924.311 308.311 471  -0.11965 0.315564
Moved 924.374 308 472  -0.12037 0.318628
Moved 924.434 285.915 474  -0.171492 0.324755
Moved 924.499 270.429 475  -0.207341 0.327819
Ended 924.558 268.5 475  -0.211806 0.327819
Began 924.964 385 435  0.0578704 0.20527
Stationary 925.029 385 435  0.0578704 0.20527
Moved 925.087 399.23 435  0.0908098 0.20527
Moved 925.148 409.653 435  0.114938 0.20527
Moved 925.209 416.814 435  0.131514 0.20527
Moved 925.274 431.288 443.322  0.165018 0.230766
Moved 925.337 466.5 453  0.246528 0.260417
Moved 925.399 501.182 460.036  0.326809 0.281974
Moved 925.461 519.424 464.212  0.369038 0.294768
Moved 925.522 525.359 464  0.382776 0.294118
Moved 925.584 526.056 465.056  0.384389 0.297353
Moved 925.656 497.5 479.5  0.318287 0.341605
Moved 925.714 454.584 486  0.218945 0.36152
Moved 925.772 427.362 487  0.155931 0.364583
Moved 925.839 418 487  0.134259 0.364583
Ended 925.897 418 487  0.134259 0.364583
Began 926.161 375 477  0.0347222 0.333946
Stationary 926.23 375 477  0.0347222 0.333946
Moved 926.294 334.16 450.791  -0.0598142 0.25365
Moved 926.354 291.185 414.016  -0.159293 0.14098
Moved 926.415 254.702 380.702  -0.243747 0.0389138
Moved 926.479 230.179 356.179  -0.300511 -0.0362157
Moved 926.543 226 350.5  -0.310185 -0.0536152
Moved 926.606 261 350  -0.229167 -0.0551471
Moved 926.667 366.921 355.025  0.0160216 -0.039752
Moved 926.73 442.196 358.938  0.190268 -0.027763
Moved 926.796 489.505 364.418  0.29978 -0.0109757
Moved 926.866 506.983 366  0.340239 -0.00612745
Moved 926.943 509 368.886  0.344907 0.00271358
Moved 927.008 494.623 375.126  0.311626 0.0218317
Moved 927.066 468.5 381.5  0.251157 0.0413603
Moved 927.124 461.538 382  0.235042 0.0428922
Moved 927.182 460 382.971  0.231482 0.0458673
Moved 927.239 473.207 389.311  0.262054 0.0652915
Moved 927.296 483.478 416.346  0.285829 0.148119
Moved 927.354 487 458.935  0.293981 0.278601
Moved 927.412 487 478.781  0.293981 0.339404
Moved 927.47 472.652 483  0.260767 0.352328
Moved 927.562 428.909 427.668  0.159513 0.182805
Moved 927.621 404.018 352.08  0.101893 -0.0487736
Moved 927.679 398.022 312.158  0.0880151 -0.171086
Moved 927.739 397 286.868  0.0856481 -0.248565
Moved 927.802 396 274  0.0833334 -0.28799
Moved 927.863 395 268.5  0.0810185 -0.304841
Moved 927.934 391.693 278.457  0.0733631 -0.274334
Moved 927.992 370.5 320  0.0243056 -0.147059
Moved 928.051 352.98 364.05  -0.0162505 -0.0121002
Moved 928.109 346.828 380.344  -0.0304907 0.0378184
Ended 928.199 346 385  -0.0324074 0.0520833
Began 928.467 382 518  0.0509259 0.459559
Stationary 928.536 382 518  0.0509259 0.459559
Stationary 928.597 382 518  0.0509259 0.459559
Moved 928.657 425.772 518  0.152249 0.459559
Moved 928.716 464.669 518  0.242288 0.459559
Moved 928.776 503.328 518  0.331778 0.459559
Moved 928.835 522.017 503.656  0.375039 0.415612
Moved 928.895 533.187 497.813  0.400895 0.397713
Moved 928.969 538.754 495  0.413782 0.389093
Ended 929.035 542.418 493.861  0.422264 0.385603
Began 929.267 439 270  0.18287 -0.300245
Moved 929.338 429.507 284.767  0.160896 -0.255004
Moved 929.4 382.089 343.911  0.0511324 -0.0738029
Moved 929.462 340.709 384.291  -0.044655 0.0499111
Moved 929.525 301.782 418.218  -0.134764 0.153855
Moved 929.59 268.461 445.654  -0.211895 0.237911
Moved 929.649 252.904 459.048  -0.247908 0.278947
Moved 929.708 249 463.5  -0.256945 0.292586
Ended 929.768 249 464  -0.256945 0.294118
PhraseEnd 930.329
