question that must be answered
Basic
0.4 0.4
288 217.6
Began 1101.89 224 471  -0.472222 0.473346
Stationary 1101.97 224 471  -0.472222 0.473346
Stationary 1102.04 224 471  -0.472222 0.473346
Stationary 1102.11 224 471  -0.472222 0.473346
Stationary 1102.19 224 471  -0.472222 0.473346
Moved 1102.25 248.75 471  -0.386284 0.473346
Moved 1102.32 273.527 471  -0.300252 0.473346
Moved 1102.39 321.681 455.52  -0.133052 0.402205
Moved 1102.46 358.5 448  -0.00520833 0.367647
Moved 1102.53 390.733 447  0.106714 0.363052
Moved 1102.61 392 444.077  0.111111 0.349617
Moved 1102.67 364.795 433.118  0.0166491 0.299256
Moved 1102.74 342.058 426  -0.0622982 0.266544
Moved 1102.83 312.5 422  -0.164931 0.248162
Moved 1102.9 303 421  -0.197917 0.243566
Moved 1102.98 295.994 421  -0.222243 0.243566
Moved 1103.05 290.387 416.161  -0.241712 0.221327
Moved 1103.13 279.504 385.015  -0.279501 0.078192
Moved 1103.2 277 370.313  -0.288194 0.0106283
Moved 1103.28 291.97 368  -0.236214 0
Moved 1103.35 337.649 409.649  -0.0776063 0.191404
Moved 1103.42 363.818 434.113  0.0132565 0.30383
Moved 1103.49 393.386 450.462  0.115923 0.378961
Moved 1103.59 439.585 449.774  0.276336 0.375798
Moved 1103.67 457.268 434.732  0.337735 0.306675
Moved 1103.73 462 420.972  0.354167 0.243436
Moved 1103.81 450.947 379.403  0.315788 0.0524044
Moved 1103.89 431.694 331.388  0.248938 -0.168253
Moved 1103.96 415.498 301.995  0.1927 -0.30333
Moved 1104.03 408.15 286.301  0.167188 -0.375457
Ended 1104.1 407 284  0.163194 -0.386029
Began 1104.4 340 441  -0.0694445 0.335478
Stationary 1104.48 340 441  -0.0694445 0.335478
Moved 1104.56 368.169 403.039  0.0283632 0.161026
Moved 1104.63 386.636 378.046  0.092486 0.0461677
Moved 1104.7 397.892 359.215  0.131571 -0.0403723
Moved 1104.77 399 351.91  0.135417 -0.0739429
Moved 1104.84 360.557 344  0.00193253 -0.110294
Moved 1104.91 307.889 354.519  -0.180941 -0.0619553
Moved 1104.98 281.68 359  -0.271945 -0.0413602
Moved 1105.06 269.5 364.5  -0.314236 -0.0160846
Moved 1105.12 281.973 381.076  -0.270928 0.0600926
Moved 1105.19 318.763 408.402  -0.143184 0.185672
Moved 1105.26 346.49 425.745  -0.0469087 0.265373
Ended 1105.34 360 433  0 0.298713
Began 1105.6 435 305  0.260417 -0.289522
Stationary 1105.68 435 305  0.260417 -0.289522
Moved 1105.75 412.524 350.109  0.182377 -0.0822177
Moved 1105.82 395.895 406.474  0.124634 0.17681
Moved 1105.88 389.762 433.954  0.103338 0.303097
Moved 1105.96 383.158 448.685  0.0804083 0.370794
Moved 1106.04 368.098 452  0.028118 0.38603
Moved 1106.14 308.08 404.733  -0.180279 0.168811
Moved 1106.22 281.869 377.868  -0.27129 0.0453518
Moved 1106.29 275 369.909  -0.295139 0.008771
Stationary 1106.37 275 370  -0.295139 0.00919118
Moved 1106.44 303.146 402.309  -0.197411 0.157671
Moved 1106.51 345.232 443.232  -0.0512768 0.345737
Moved 1106.58 355.552 450.276  -0.0154438 0.378107
Ended 1106.65 358.034 452  -0.00682548 0.38603
Began 1106.86 379 302  0.0659722 -0.303309
Stationary 1106.92 379 302  0.0659722 -0.303309
Moved 1106.99 362.02 335.96  0.00701368 -0.147242
Moved 1107.06 336.524 372.266  -0.0815123 0.0196036
Moved 1107.15 303.658 414.177  -0.195632 0.212212
Moved 1107.22 282.931 440.092  -0.2676 0.331304
Moved 1107.3 273.092 452.908  -0.301762 0.3902
Ended 1107.38 273 454.278  -0.302083 0.3965
Began 1107.6 226 400  -0.465278 0.147059
Moved 1107.68 243.137 400  -0.405772 0.147059
Moved 1107.75 285.756 375.622  -0.257792 0.0350279
Moved 1107.82 341 351.5  -0.0659722 -0.0758271
Moved 1107.88 367.704 338.099  0.02675 -0.137414
Moved 1107.95 383.983 330.509  0.0832738 -0.172295
Moved 1108.03 389.009 328  0.100726 -0.183824
Moved 1108.1 392 325.434  0.111111 -0.195615
Moved 1108.16 392 325  0.111111 -0.19761
Moved 1108.23 351.478 347.761  -0.0295885 -0.0930113
Moved 1108.3 308.147 368.49  -0.180044 0.00225221
Moved 1108.38 281.469 382.765  -0.272676 0.0678553
Moved 1108.46 276 395.863  -0.291667 0.128045
Moved 1108.53 276 418.495  -0.291667 0.232056
Moved 1108.6 276 441.548  -0.291667 0.337995
Moved 1108.67 276 448.953  -0.291667 0.372028
Moved 1108.77 308.47 456  -0.178923 0.404412
Moved 1108.84 324.598 456  -0.122925 0.404412
Moved 1108.9 330 447  -0.104167 0.363052
Moved 1108.98 319.375 443  -0.14106 0.344669
Moved 1109.05 293.704 440  -0.230196 0.330882
Moved 1109.12 284.988 440  -0.260458 0.330882
Moved 1109.2 284 435.981  -0.263889 0.312415
Moved 1109.27 292.068 402.525  -0.235875 0.158662
Moved 1109.34 298.644 359.78  -0.213042 -0.0377763
Ended 1109.41 302.162 344.676  -0.200827 -0.107187
PhraseEnd 1110.11
