he is just like everyone else
Basic
0.4 0.4
288 115.2
Began 473.1471 398 249 0.1319444 0.07812527
Stationary 473.1933 398 249 0.1319444 0.07812527
Stationary 473.2295 398 249 0.1319444 0.07812527
Stationary 473.2701 398 249 0.1319444 0.07812527
Stationary 473.31 398 249 0.1319444 0.07812527
Moved 473.3521 388.7664 249 0.09988338 0.07812527
Moved 473.3904 385.7724 242 0.08948743 0.01736138
Moved 473.4284 383.0118 241 0.07990196 0.008680556
Moved 473.4724 373.6039 240 0.04723564 0
Moved 473.5143 355.4171 246.5133 -0.0159128 0.05653912
Moved 473.5516 336.8542 254.0729 -0.08036717 0.1221604
Moved 473.5883 318.5278 262.8241 -0.1440008 0.1981259
Moved 473.6248 310.1174 265.2942 -0.1732035 0.2195676
Moved 473.6617 304.8957 268.0522 -0.1913345 0.2435086
Moved 473.6978 300.8043 270 -0.2055406 0.2604167
Moved 473.7359 299.5 271.5 -0.2100694 0.2734378
Moved 473.7747 297 273.7828 -0.21875 0.2932541
Ended 473.8379 297 279 -0.21875 0.338542
Began 474.0822 441 283 0.2812501 0.3732639
Stationary 474.1313 441 283 0.2812501 0.3732639
Stationary 474.1669 441 283 0.2812501 0.3732639
Stationary 474.204 441 283 0.2812501 0.3732639
Moved 474.2416 425.8563 283 0.2286679 0.3732639
Moved 474.2805 413.4315 274.8105 0.1855259 0.3021747
Moved 474.319 402.0767 271.2692 0.1460996 0.2714337
Moved 474.3589 380.5 265 0.07118061 0.2170139
Moved 474.3976 355.5 259 -0.01562499 0.1649308
Moved 474.4357 323.1911 249.4832 -0.1278086 0.08231905
Moved 474.472 306.5169 243.8068 -0.1857051 0.03304482
Moved 474.5199 291.5634 239.7817 -0.237627 -0.001894898
Moved 474.5617 281.9063 239 -0.2711585 -0.008680291
Moved 474.6011 277.4231 239 -0.2867255 -0.008680291
Moved 474.6397 270.2127 239 -0.3117614 -0.008680291
Moved 474.677 266.7635 238 -0.3237377 -0.01736111
Moved 474.7154 264 238 -0.3333333 -0.01736111
Ended 474.7832 264 238 -0.3333333 -0.01736111
Began 475.0535 400 239 0.138889 -0.008680291
Stationary 475.1014 400 239 0.138889 -0.008680291
Stationary 475.1376 400 239 0.138889 -0.008680291
Stationary 475.1723 400 239 0.138889 -0.008680291
Stationary 475.2086 400 239 0.138889 -0.008680291
Stationary 475.2441 400 239 0.138889 -0.008680291
Stationary 475.2865 400 239 0.138889 -0.008680291
Stationary 475.3272 400 239 0.138889 -0.008680291
Moved 475.3636 394.1791 244.1741 0.1186775 0.03623353
Moved 475.4016 387.8992 251.1008 0.09687215 0.09636164
Moved 475.4404 378.5658 263.6513 0.06446451 0.2053065
Moved 475.4781 373.0398 268.9801 0.04527703 0.2515637
Moved 475.5169 368.1665 274.8335 0.02835587 0.3023741
Moved 475.5638 365.5 277.5 0.01909718 0.3255209
Moved 475.6207 359.7576 279 -0.0008417666 0.338542
Moved 475.6602 349.3363 279 -0.03702663 0.338542
Moved 475.6983 317.3599 254.5022 -0.1480559 0.1258871
Moved 475.7386 302 245 -0.2013889 0.04340278
Moved 475.7785 290.7862 239.3931 -0.2403256 -0.005268256
Moved 475.8179 286.6424 239 -0.254714 -0.008680291
Moved 475.8578 284.8563 239 -0.2609157 -0.008680291
Stationary 475.8988 285 239 -0.2604167 -0.008680291
Moved 475.9428 285 253.9042 -0.2604167 0.1206962
Moved 475.9822 305.9958 266.3305 -0.1875146 0.2285632
Moved 476.0452 339.6089 286.8044 -0.07080235 0.4062886
Moved 476.0856 348.3878 290 -0.04032031 0.4340278
Moved 476.1264 355.7813 293 -0.01464814 0.4600695
Moved 476.1645 359.141 294 -0.002982765 0.4687501
Moved 476.2015 361.5 295 0.005208403 0.4774306
Ended 476.2411 364 295 0.01388892 0.4774306
Began 476.5212 513 237 0.5312499 -0.0260414
Stationary 476.5722 513 237 0.5312499 -0.0260414
Stationary 476.6113 513 237 0.5312499 -0.0260414
Moved 476.6493 500 237 0.4861111 -0.0260414
Moved 476.6865 487.895 250.4033 0.4440798 0.09030687
Moved 476.7235 482.0938 255.9063 0.4239367 0.1380751
Moved 476.7613 475.7756 262.4489 0.4019985 0.1948685
Moved 476.8043 470.5706 267.4294 0.3839256 0.2381028
Moved 476.8505 461.7911 270.5522 0.3534413 0.2652107
Moved 476.8878 453.0274 272 0.3230119 0.2777781
Moved 476.9248 443.7457 273.7515 0.2907835 0.2929815
Moved 476.9631 433.196 275 0.2541529 0.3038195
Moved 476.9994 429.7169 275 0.2420727 0.3038195
Moved 477.0354 423.5 275 0.2204861 0.3038195
Moved 477.0714 420.7274 275 0.2108592 0.3038195
Moved 477.1078 417.216 268.7284 0.1986668 0.2493784
Moved 477.1443 414 252.4391 0.1875 0.1079782
Moved 477.1824 414 244.7609 0.1875 0.04132695
Moved 477.2444 414 236.2196 0.1875 -0.03281594
Moved 477.2835 413.0735 233 0.1842831 -0.0607639
Moved 477.3245 407.2428 232 0.1640375 -0.06944445
Moved 477.3634 388.5 232 0.09895831 -0.06944445
Moved 477.402 371.3339 240.9438 0.03935367 0.008193123
Moved 477.4425 345.9116 248.8353 -0.04891821 0.07669555
Moved 477.4825 327.117 255.4415 -0.1141771 0.1340411
Moved 477.5234 319.0803 258.9465 -0.1420824 0.1644659
Moved 477.569 311.1461 262.8539 -0.1696316 0.1983849
Moved 477.6182 303.1004 266.9498 -0.197568 0.233939
Moved 477.6829 296.6033 272.3967 -0.2201276 0.2812219
Moved 477.726 292.3309 274.6691 -0.2349622 0.3009471
Ended 477.7688 292 277.4416 -0.2361111 0.3250141
Began 478.0613 272 278 -0.3055556 0.3298611
Stationary 478.1023 272 278 -0.3055556 0.3298611
Stationary 478.1412 272 278 -0.3055556 0.3298611
Stationary 478.1832 272 278 -0.3055556 0.3298611
Stationary 478.2286 272 278 -0.3055556 0.3298611
Moved 478.2738 286.1327 261.8674 -0.2564839 0.1898209
Moved 478.3186 292.7021 250.9469 -0.2336733 0.09502517
Moved 478.3606 302.4812 239.5188 -0.199718 -0.004176829
Moved 478.3994 309.5239 229.2141 -0.1752643 -0.09362751
Moved 478.4396 319.225 218.6625 -0.1415797 -0.1852213
Moved 478.4808 326.4973 210.5027 -0.1163288 -0.2560529
Moved 478.521 327.7631 207.2369 -0.1119337 -0.2844013
Moved 478.5587 329 202.3489 -0.1076389 -0.326833
Moved 478.5954 330 199.4237 -0.1041666 -0.3522245
Moved 478.637 330 198 -0.1041666 -0.3645834
Moved 478.6968 315.5193 203.0911 -0.1544467 -0.3203901
Moved 478.7429 302.6862 217.8562 -0.1990061 -0.1922202
Moved 478.784 297.0552 230.3619 -0.2185583 -0.08366373
Moved 478.8259 296 245.3978 -0.2222222 0.04685641
Moved 478.8658 296 254.6021 -0.2222222 0.1267539
Moved 478.904 296 260.141 -0.2222222 0.174835
Moved 478.9463 306.271 268.5677 -0.186559 0.247984
Moved 478.9873 320.5345 275.2673 -0.1370329 0.3061396
Moved 479.0269 333.4683 277.8937 -0.09212398 0.3289382
Moved 479.0666 358.1732 282.0289 -0.006342977 0.3648342
Moved 479.13 388.0793 282 0.09749771 0.3645834
Moved 479.1684 401.9399 282 0.1456247 0.3645834
Moved 479.2082 420.1578 282 0.2088813 0.3645834
Moved 479.2461 433.5 282 0.2552083 0.3645834
Moved 479.2838 450.0347 275 0.3126206 0.3038195
Moved 479.3218 455.8574 274 0.3328383 0.2951392
Moved 479.36 460.2486 273 0.3480855 0.2864584
Moved 479.3976 461 270.9882 0.3506945 0.268995
Moved 479.4355 461 266.278 0.3506945 0.2281078
Moved 479.4725 457.0251 258.7286 0.3368928 0.162575
Moved 479.5313 431.6276 233.5344 0.2487068 -0.05612453
Moved 479.5737 416.1599 220.1599 0.1949999 -0.172223
Moved 479.6149 409.8861 214.5907 0.1732157 -0.2205669
Moved 479.657 401.3202 208.1602 0.1434729 -0.2763876
Moved 479.7056 392.6934 203.3467 0.1135187 -0.3181712
Moved 479.7434 385.2013 201 0.08750454 -0.338542
Moved 479.7835 380 201 0.06944448 -0.338542
Moved 479.8264 372.3064 201 0.04273042 -0.338542
Moved 479.8672 363.5322 201 0.0122644 -0.338542
Moved 479.9057 359.0988 210.9012 -0.003129318 -0.2525931
Moved 479.9703 335.2029 227.7971 -0.08610123 -0.1059275
Moved 480.0119 320.5 235 -0.1371527 -0.04340278
Moved 480.0528 308.5425 244.0931 -0.1786719 0.03553073
Moved 480.0974 298.5 254.5 -0.2135417 0.1258683
Moved 480.137 295.0345 257.9655 -0.2255747 0.1559507
Moved 480.179 290.8799 264.2403 -0.2400005 0.2104193
Moved 480.2193 287.7337 267 -0.2509247 0.2343753
Moved 480.2589 287 269 -0.2534723 0.2517361
Moved 480.3001 287 273.7171 -0.2534723 0.2926835
Ended 480.3404 287 275 -0.2534723 0.3038195
Began 480.5296 305 276 -0.1909722 0.3124998
Stationary 480.5982 305 276 -0.1909722 0.3124998
Stationary 480.6393 305 276 -0.1909722 0.3124998
Stationary 480.6774 305 276 -0.1909722 0.3124998
Moved 480.7225 317.5435 266.7283 -0.1474185 0.2320165
Moved 480.7643 329.2261 262.9246 -0.1068538 0.1989985
Moved 480.8081 342.9439 256.5281 -0.05922265 0.1434732
Moved 480.8491 359.4969 251.6257 -0.001746714 0.1009181
Moved 480.8925 369.9841 247.4064 0.03466696 0.06429169
Moved 480.9335 389.6752 241.0649 0.1030389 0.009244549
Moved 480.9743 411.3559 236.9288 0.1783189 -0.02665944
Moved 481.0249 425.7565 234.0812 0.2283213 -0.05137841
Moved 481.0674 433.0595 232.9404 0.253679 -0.061281
Moved 481.1065 438 233 0.2708334 -0.0607639
Moved 481.1464 447.2787 232 0.3030512 -0.06944445
Moved 481.1898 454.7816 232 0.3291029 -0.06944445
Moved 481.2318 457.1353 232 0.3372754 -0.06944445
Moved 481.2719 460.1616 232 0.3477834 -0.06944445
Stationary 481.3159 460 232 0.3472223 -0.06944445
Moved 481.3549 460 240.8988 0.3472223 0.007802381
Moved 481.3955 435.6936 244.0438 0.2628252 0.03510264
Moved 481.4596 389.5273 248 0.1025254 0.06944445
Moved 481.4984 362.2253 248 0.007726849 0.06944445
Moved 481.5409 334.6027 248 -0.088185 0.06944445
Moved 481.5783 324.1998 248 -0.1243062 0.06944445
Moved 481.6159 312.9229 248 -0.1634621 0.06944445
Moved 481.655 300.3393 248 -0.2071553 0.06944445
Moved 481.6933 294.593 248 -0.2271078 0.06944445
Moved 481.7391 284.1935 248 -0.2632172 0.06944445
Moved 481.7795 277 248 -0.2881944 0.06944445
Moved 481.8201 272.7139 248 -0.3030767 0.06944445
Moved 481.8806 272 250.5543 -0.3055556 0.09161738
Moved 481.9209 272 256.528 -0.3055556 0.1434724
Moved 481.9601 281.6329 267.7523 -0.2721079 0.2409053
Moved 481.9981 285.2643 276.3964 -0.259499 0.3159412
Moved 482.035 289.9057 284.8114 -0.243383 0.3889879
Moved 482.0727 291 287 -0.2395833 0.4079864
Moved 482.1097 295 290.5 -0.2256945 0.4383681
Ended 482.1464 295 290.5 -0.2256945 0.4383681
PhraseEnd 482.643
