do not say anything
Basic
0.8 0.8
576 435.2
Began 751.553 320 288  -0.0694445 -0.183824
Stationary 751.608 320 288  -0.0694445 -0.183824
Stationary 751.658 320 288  -0.0694445 -0.183824
Stationary 751.708 320 288  -0.0694445 -0.183824
Stationary 751.757 320 288  -0.0694445 -0.183824
Moved 751.807 320 298.693  -0.0694445 -0.159253
Moved 751.858 320 304.218  -0.0694445 -0.146559
Moved 751.917 328 311.796  -0.0555556 -0.129146
Moved 751.968 328 322.23  -0.0555556 -0.10517
Moved 752.029 321 345.817  -0.0677083 -0.0509708
Moved 752.08 320 372.36  -0.0694445 0.0100191
Moved 752.131 349.532 410.608  -0.0181737 0.0979042
Moved 752.181 398.204 447.218  0.0663266 0.182027
Moved 752.232 439.407 472.271  0.137859 0.239594
Moved 752.281 477.465 493.814  0.203932 0.289094
Moved 752.331 512.423 512.369  0.264624 0.331731
Moved 752.389 526.5 519.5  0.289062 0.348116
Moved 752.44 533.039 522  0.300416 0.35386
Ended 752.492 535.718 523.359  0.305066 0.356983
Began 752.857 404 276  0.0763889 -0.211397
Stationary 752.916 404 276  0.0763889 -0.211397
Moved 752.966 422.635 311.543  0.108741 -0.129726
Moved 753.019 442.203 342.884  0.142714 -0.0577106
Moved 753.07 472.838 387.574  0.1959 0.0449758
Moved 753.122 499.362 427.14  0.241948 0.135893
Moved 753.172 523.897 463.529  0.284544 0.219507
Moved 753.223 540.956 494.912  0.31416 0.291618
Moved 753.273 543 501.627  0.317708 0.307047
Moved 753.325 543 505.34  0.317708 0.315579
Moved 753.38 527.111 508.978  0.290123 0.323938
Moved 753.439 488.762 509  0.223545 0.323989
Moved 753.491 456.45 498.717  0.167448 0.30036
Moved 753.546 422.555 497  0.108603 0.296415
Moved 753.597 403.337 497  0.0752383 0.296415
Moved 753.649 390.597 497  0.0531194 0.296415
Moved 753.7 384.022 497  0.0417049 0.296415
Ended 753.75 384 504  0.0416667 0.3125
Began 754.521 253 388  -0.185764 0.0459559
Stationary 754.592 253 388  -0.185764 0.0459559
Moved 754.645 235.409 388  -0.216304 0.0459559
Moved 754.698 218.641 388  -0.245414 0.0459559
Moved 754.751 194.681 388  -0.287012 0.0459559
Moved 754.805 177.117 397.628  -0.317505 0.0680783
Moved 754.858 165.751 400  -0.337237 0.0735294
Moved 754.909 160.086 401  -0.347073 0.0758272
Moved 754.961 155.588 401  -0.354882 0.0758272
Moved 755.013 156 403.246  -0.354167 0.0809886
Moved 755.07 221.692 438.846  -0.240118 0.16279
Moved 755.121 286.297 470.319  -0.127956 0.235108
Moved 755.171 326.171 491.085  -0.0587318 0.282825
Moved 755.22 338 496  -0.0381944 0.294118
Moved 755.27 343.979 499  -0.0278143 0.301011
Moved 755.322 347.102 500  -0.0223916 0.303309
Moved 755.372 349.911 501  -0.0175147 0.305607
Moved 755.453 355.801 502  -0.00729036 0.307905
Moved 755.507 358.5 502  -0.00260416 0.307905
Moved 755.56 364.131 504.131  0.00717245 0.312802
Moved 755.616 368.641 504  0.0150011 0.3125
Ended 755.665 368.641 504  0.0150011 0.3125
Began 755.889 175 413  -0.321181 0.103401
Stationary 755.95 175 413  -0.321181 0.103401
Moved 756.001 186.35 413  -0.301475 0.103401
Moved 756.053 224.28 386.146  -0.235624 0.0416968
Moved 756.109 256.823 364.883  -0.179126 -0.00716308
Moved 756.175 292.474 339.518  -0.117232 -0.0654449
Moved 756.226 338.061 313.962  -0.0380882 -0.124169
Moved 756.278 362.898 295.734  0.0050319 -0.166051
Moved 756.331 388.339 273.995  0.0492006 -0.216003
Moved 756.382 396.268 263.598  0.062965 -0.239894
Moved 756.432 404.545 255.455  0.0773352 -0.258606
Moved 756.481 410.188 247.812  0.0871317 -0.276167
Moved 756.534 420.63 238.369  0.105261 -0.297864
Moved 756.598 427.655 233.172  0.117457 -0.309806
Moved 756.682 432 303.531  0.125 -0.148137
Moved 756.745 414.476 384.141  0.0945772 0.0370891
Moved 756.804 406.21 436.742  0.0802252 0.157954
Moved 756.855 399.188 479.833  0.0680341 0.256969
Moved 756.906 391.27 501.919  0.0542886 0.307719
Moved 756.96 385.082 511.918  0.043546 0.330693
Moved 757.011 380.945 515.055  0.0363621 0.337903
Moved 757.083 364.982 515  0.00864975 0.337776
Moved 757.135 351.596 515  -0.0145903 0.337776
Moved 757.183 346.379 515  -0.0236468 0.337776
Moved 757.256 355.5 491.5  -0.00781249 0.283778
Moved 757.314 387.424 443.206  0.0476118 0.172808
Moved 757.369 404.64 415.899  0.0775006 0.110063
Moved 757.42 412.022 403.956  0.0903164 0.0826185
Moved 757.469 415.169 403  0.0957791 0.0804228
Moved 757.521 427.716 416.431  0.117562 0.111285
Moved 757.577 468.858 470.341  0.18899 0.235158
Moved 757.627 494.776 502.029  0.233986 0.307972
Moved 757.686 517.529 524.529  0.273489 0.359673
Moved 757.741 525 530.5  0.286458 0.373392
Moved 757.819 509.521 481.432  0.259584 0.260643
Moved 757.87 472.628 374.699  0.195535 0.0153919
Moved 757.923 452.401 307.737  0.160418 -0.138472
Moved 757.974 442.925 261.552  0.143968 -0.244595
Moved 758.027 442 248.598  0.142361 -0.274361
Moved 758.085 442 241.713  0.142361 -0.290183
Moved 758.136 440.738 241  0.14017 -0.29182
Moved 758.188 422.972 267.639  0.109327 -0.230609
Moved 758.237 399.79 307.421  0.0690794 -0.139199
Moved 758.286 383.926 345.173  0.0415381 -0.0524524
Moved 758.361 378 371.195  0.03125 0.00734077
Moved 758.415 377 374.736  0.0295139 0.0154786
Ended 758.463 377 375  0.0295139 0.0160846
PhraseEnd 759.34
