question that must be answered
Basic
0.4 0.4
288 115.2
Began 462.9993 241 256 -0.4131945 0.1388889
Stationary 463.0422 241 256 -0.4131945 0.1388889
Stationary 463.0787 241 256 -0.4131945 0.1388889
Moved 463.1251 254.0417 256 -0.3679106 0.1388889
Moved 463.1637 268.4923 256 -0.3177352 0.1388889
Moved 463.204 277.9355 256 -0.2849461 0.1388889
Moved 463.245 282.9241 256 -0.2676246 0.1388889
Moved 463.2846 297.1765 260.353 -0.2181371 0.1766756
Moved 463.3275 320.4454 268.6891 -0.1373424 0.2490372
Moved 463.3681 334.7351 272.21 -0.08772545 0.2796009
Moved 463.4094 361.1801 277.236 0.00409767 0.3232294
Moved 463.4508 378.1291 280.3763 0.06294817 0.3504894
Moved 463.4904 383.6556 280.8278 0.08213759 0.3544084
Moved 463.5289 387.5 281 0.09548604 0.3559028
Moved 463.5688 388.1688 281 0.09780824 0.3559028
Stationary 463.6083 388 281 0.09722218 0.3559028
Moved 463.647 363.0189 281 0.01048237 0.3559028
Moved 463.6873 330.9629 284.8677 -0.1008234 0.3894772
Moved 463.7478 310.1307 285 -0.1731574 0.390625
Moved 463.7877 302.2292 286 -0.2005931 0.3993056
Moved 463.8278 298.8023 286 -0.212492 0.3993056
Moved 463.8703 287.9342 271.2237 -0.2502285 0.271039
Moved 463.914 280.5058 249.0231 -0.2760217 0.07832528
Moved 463.9526 277.0957 240.287 -0.2878623 0.002491209
Moved 463.9942 276 234 -0.2916667 -0.05208307
Moved 464.0317 276 232.6399 -0.2916667 -0.06388983
Moved 464.0707 295.4384 243.5363 -0.2241723 0.03069692
Moved 464.1104 317.5621 258.3748 -0.1473538 0.1595031
Moved 464.1803 354.691 280.8455 -0.01843385 0.3545621
Moved 464.2242 382.6586 293.1882 0.07867575 0.4617032
Moved 464.2621 399.1249 296.8542 0.1358505 0.4935257
Moved 464.3015 421.986 299 0.2152291 0.5121531
Moved 464.3417 445.2482 299 0.2960005 0.5121531
Moved 464.381 457 299 0.3368056 0.5121531
Moved 464.4234 470.278 299 0.3829098 0.5121531
Moved 464.4597 475.3713 299 0.400595 0.5121531
Moved 464.498 479 290.0195 0.4131945 0.4341968
Moved 464.5411 481 288.2619 0.4201388 0.4189404
Moved 464.6049 467 265.5 0.3715278 0.2213542
Moved 464.6438 454.6851 250.6851 0.3287676 0.09275225
Moved 464.6837 442.3877 237.3877 0.2860684 -0.02267626
Moved 464.7207 434.0492 230.0492 0.2571152 -0.08637826
Moved 464.7578 423.6231 220.4154 0.2209137 -0.1700049
Moved 464.8026 416.0663 213.0663 0.1946747 -0.2337994
Moved 464.843 412.5 209.5 0.1822917 -0.2647567
Moved 464.883 408.4528 204.4528 0.168239 -0.3085698
Moved 464.924 408 202.5 0.1666667 -0.3255209
Moved 464.9641 407 203 0.1631944 -0.3211806
Ended 465.0233 407 203 0.1631944 -0.3211806
Began 465.3147 359 282 -0.003472194 0.3645834
Stationary 465.3611 359 282 -0.003472194 0.3645834
Stationary 465.3978 359 282 -0.003472194 0.3645834
Stationary 465.4342 359 282 -0.003472194 0.3645834
Moved 465.472 359 272.3467 -0.003472194 0.2807874
Moved 465.5114 370.7889 266.2111 0.03746137 0.2275274
Moved 465.5508 374.1815 262.8185 0.04924134 0.1980771
Moved 465.5909 382.777 254.223 0.07908688 0.1234637
Moved 465.6299 385.1446 250.8555 0.08730755 0.09423177
Moved 465.669 388.9393 246.0607 0.1004838 0.05261024
Moved 465.7087 390 243.3051 0.1041667 0.0286897
Moved 465.7473 390 238.3351 0.1041667 -0.01445241
Moved 465.7879 375.5495 234.3099 0.05399123 -0.04939318
Moved 465.8251 357.9333 233 -0.007175879 -0.0607639
Moved 465.8803 322.9844 233 -0.1285264 -0.0607639
Moved 465.9195 309.0977 233 -0.176744 -0.0607639
Moved 465.9588 287.5 233 -0.2517361 -0.0607639
Moved 465.9979 275.941 233 -0.2918716 -0.0607639
Moved 466.0368 265.9187 233 -0.3266711 -0.0607639
Moved 466.0741 260.4172 233 -0.3457737 -0.0607639
Moved 466.1122 257 233 -0.3576389 -0.0607639
Moved 466.15 256 233 -0.3611111 -0.0607639
Moved 466.1878 270.6726 247.4017 -0.3101646 0.06425116
Moved 466.2268 285.3382 256.6691 -0.2592423 0.1446973
Moved 466.3054 335.9355 275.5742 -0.08355714 0.3088043
Moved 466.3458 345.715 278 -0.0496006 0.3298611
Moved 466.3838 349.3849 278 -0.03685795 0.3298611
Moved 466.4234 352.5 279 -0.02604165 0.338542
Ended 466.4607 357 280.5 -0.01041666 0.3515625
Began 466.7895 460 198 0.3472223 -0.3645834
Stationary 466.8277 460 198 0.3472223 -0.3645834
Stationary 466.8674 460 198 0.3472223 -0.3645834
Moved 466.9119 442.5071 220.9858 0.2864829 -0.1650535
Moved 466.9516 436.9109 233.1781 0.2670519 -0.05921789
Moved 466.9914 430.8236 245.5292 0.2459154 0.04799631
Moved 467.0313 427.3727 250.2546 0.233933 0.08901597
Moved 467.0722 420.4648 257.5352 0.2099471 0.1522154
Moved 467.1129 406 263 0.1597223 0.1996528
Moved 467.153 390.3199 266.3361 0.1052773 0.2286116
Moved 467.1998 362.7143 267 0.009424686 0.2343753
Moved 467.2382 341.7019 267 -0.06353498 0.2343753
Moved 467.2842 319.6701 254.068 -0.1400345 0.122118
Moved 467.3223 309.1284 250.7821 -0.1766375 0.09359466
Moved 467.3604 299.8817 246.9606 -0.2087443 0.06042163
Moved 467.3985 293.5872 244.1958 -0.2306 0.03642188
Moved 467.4363 285.1382 241 -0.2599367 0.008680556
Moved 467.4743 281.5088 238.7544 -0.2725388 -0.01081255
Moved 467.5124 276.5314 237 -0.2898215 -0.0260414
Moved 467.5499 273.7782 234.7782 -0.2993812 -0.04532788
Moved 467.6106 272 235 -0.3055556 -0.04340278
Stationary 467.6482 272 235 -0.3055556 -0.04340278
Moved 467.6872 287.2584 251.9438 -0.252575 0.1036795
Moved 467.7287 315.7145 269.3572 -0.1537691 0.2548372
Moved 467.7669 328.5372 275.7686 -0.1092459 0.3104915
Moved 467.8055 341.5785 281 -0.06396368 0.3559028
Moved 467.8458 346.9639 283 -0.04526414 0.3732639
Moved 467.8858 351.6194 285 -0.02909914 0.390625
Moved 467.9264 354.3217 286.3217 -0.01971647 0.4020977
Ended 467.968 360 287.5 0 0.4123264
Began 468.1936 374 183 0.04861116 -0.4947917
Stationary 468.2315 374 183 0.04861116 -0.4947917
Stationary 468.2679 374 183 0.04861116 -0.4947917
Stationary 468.3164 374 183 0.04861116 -0.4947917
Moved 468.3542 360.4055 198.5946 0.001407862 -0.3594218
Moved 468.3931 349.9761 209.0239 -0.03480516 -0.2688893
Moved 468.4359 339.4666 217.3556 -0.07129647 -0.1965661
Moved 468.4756 330.2328 225.8254 -0.1033585 -0.1230431
Moved 468.518 314.7613 239.1791 -0.1570789 -0.007126067
Moved 468.5629 301.4184 250.7211 -0.2034084 0.09306484
Moved 468.6008 295.7464 256.2536 -0.2231028 0.14109
Moved 468.6471 290.2307 261.7692 -0.2422544 0.188969
Moved 468.6878 287.3783 265.6218 -0.2521588 0.2224112
Moved 468.7291 286 269.7697 -0.2569445 0.2584174
Moved 468.7673 286 271.2692 -0.2569445 0.2714343
Moved 468.8064 286 275.3575 -0.2569445 0.3069234
Moved 468.8453 286 277.0568 -0.2569445 0.3216736
Moved 468.8847 286 279.3591 -0.2569445 0.3416586
Ended 468.9237 286 281 -0.2569445 0.3559028
Began 469.1784 210 227 -0.5208334 -0.1128472
Stationary 469.2227 210 227 -0.5208334 -0.1128472
Stationary 469.2623 210 227 -0.5208334 -0.1128472
Moved 469.3033 223.1946 227 -0.4750188 -0.1128472
Moved 469.3507 235 227 -0.4340278 -0.1128472
Moved 469.3896 253.6297 215.274 -0.3693412 -0.214635
Moved 469.4323 267.8878 211.7041 -0.3198338 -0.2456241
Moved 469.4736 290.4301 207.714 -0.241562 -0.2802603
Moved 469.5193 310.1156 202.5769 -0.1732098 -0.324853
Moved 469.5603 327.1288 195.7178 -0.114136 -0.3843943
Moved 469.6009 334.1287 191.9572 -0.08983091 -0.4170384
Moved 469.6414 342.7981 189.101 -0.0597287 -0.4418321
Moved 469.6805 352.0039 188 -0.02776422 -0.451389
Moved 469.7201 356.5284 187 -0.012054 -0.4600692
Moved 469.7574 359.5 187 -0.001736134 -0.4600692
Moved 469.7928 361.1563 186 0.00401482 -0.4687501
Stationary 469.8535 361 186 0.003472269 -0.4687501
Moved 469.8913 347.9012 196.8241 -0.0420098 -0.3747906
Moved 469.9305 324.084 210.6663 -0.1247084 -0.2546329
Moved 469.969 308.9354 218.5323 -0.1773078 -0.1863514
Moved 470.0058 293.1173 227.9609 -0.2322315 -0.1045058
Moved 470.0429 285.8217 231.7261 -0.2575635 -0.07182228
Moved 470.0814 279.129 236.871 -0.2808022 -0.02716171
Moved 470.1238 276.6604 239.3396 -0.2893735 -0.005732642
Moved 470.1622 274 242 -0.2986111 0.01736138
Moved 470.2015 274 245.2361 -0.2986111 0.04545239
Moved 470.2656 283.6351 255.6351 -0.2651558 0.1357219
Moved 470.3034 288.1666 259.5833 -0.2494215 0.1699941
Moved 470.3434 292.3727 262 -0.2348169 0.1909725
Moved 470.3959 293 264.5 -0.2326389 0.2126736
Moved 470.4357 294 265.1425 -0.2291667 0.2182505
Moved 470.474 295 265 -0.2256945 0.2170139
Moved 470.517 296 266 -0.2222222 0.2256945
Moved 470.5572 297.1793 267.1793 -0.2181274 0.2359319
Stationary 470.5991 297 267 -0.21875 0.2343753
Moved 470.6361 298 267.9385 -0.2152778 0.2425221
Stationary 470.6957 298 268 -0.2152778 0.2430556
Stationary 470.7321 298 268 -0.2152778 0.2430556
Moved 470.7686 299 269 -0.2118056 0.2517361
Stationary 470.8053 299 269 -0.2118056 0.2517361
Stationary 470.8416 299 269 -0.2118056 0.2517361
Stationary 470.8778 299 269 -0.2118056 0.2517361
Stationary 470.9149 299 269 -0.2118056 0.2517361
Stationary 470.9522 299 269 -0.2118056 0.2517361
Stationary 470.9894 299 269 -0.2118056 0.2517361
Stationary 471.0257 299 269 -0.2118056 0.2517361
Moved 471.0878 279.6206 269 -0.2790952 0.2517361
Moved 471.1295 268 269 -0.3194445 0.2517361
Moved 471.1679 263.7644 269 -0.3341514 0.2517361
Moved 471.2107 263 271.3754 -0.3368056 0.2723562
Moved 471.2529 275.7364 281.3682 -0.2925821 0.3590989
Moved 471.2935 289.9788 287.9947 -0.2431293 0.4166206
Moved 471.3369 307.5413 292 -0.1821484 0.4513892
Moved 471.377 320.8471 292 -0.1359475 0.4513892
Moved 471.426 329.1696 292 -0.1070499 0.4513892
Moved 471.4658 332.225 292 -0.09644099 0.4513892
Moved 471.5263 333 292 -0.09374999 0.4513892
Moved 471.567 333 283.925 -0.09374999 0.3812933
Moved 471.607 320.0576 281 -0.1386891 0.3559028
Moved 471.6448 312.5236 281 -0.1648486 0.3559028
Moved 471.6813 306.1076 281 -0.1871264 0.3559028
Moved 471.718 303.767 281 -0.1952536 0.3559028
Moved 471.7558 299.5465 281 -0.2099078 0.3559028
Moved 471.7957 298.6414 281 -0.2130508 0.3559028
Moved 471.8393 296.9726 281 -0.2188452 0.3559028
Moved 471.8775 297 273.7011 -0.21875 0.2925444
Moved 471.9365 297 254.1097 -0.21875 0.1224801
Moved 471.9756 304.9717 246.8612 -0.1910705 0.05955909
Moved 472.0143 311.4158 245 -0.1686952 0.04340278
Ended 472.055 315 245 -0.15625 0.04340278
PhraseEnd 472.5305
