the quick brown fox jumps over the lazy dog
Basic
0.8 0.8
575.9999 230.4
Began 92.59782 334 310 -0.0451389 0.3038195
Stationary 92.66285 334 310 -0.0451389 0.3038195
Stationary 92.67637 334 310 -0.0451389 0.3038195
Stationary 92.68787 334 310 -0.0451389 0.3038195
Stationary 92.69975 334 310 -0.0451389 0.3038195
Stationary 92.70985 334 310 -0.0451389 0.3038195
Stationary 92.72294 334 310 -0.0451389 0.3038195
Stationary 92.73832 334 310 -0.0451389 0.3038195
Stationary 92.75321 334 310 -0.0451389 0.3038195
Stationary 92.7689 334 310 -0.0451389 0.3038195
Moved 92.7891 334 299.9734 -0.0451389 0.2603015
Moved 92.80305 334 297.0958 -0.0451389 0.2478118
Moved 92.81754 334 294.3245 -0.0451389 0.2357835
Moved 92.83475 346 292 -0.02430554 0.2256946
Moved 92.8577 349.3001 285.6999 -0.01857624 0.1983502
Moved 92.87101 353.5 281.5 -0.01128472 0.1801215
Stationary 92.88355 353.5 281.5 -0.01128472 0.1801215
Moved 92.89616 355.8417 279.1583 -0.007219315 0.169958
Moved 92.90965 358.6097 276.3903 -0.00241369 0.1579441
Moved 92.92536 362.3942 273.6058 0.004156679 0.1458584
Moved 92.94056 367.3125 269.7656 0.01269534 0.1291911
Moved 92.95679 370.3853 266.6147 0.01803011 0.1155151
Moved 92.97144 377.2301 262.3274 0.02991334 0.09690709
Moved 92.9976 387.2962 255.3519 0.04738919 0.06663177
Moved 93.01197 392.1241 251.5839 0.0557711 0.05027718
Moved 93.02839 396.2674 248.8218 0.06296419 0.03828897
Moved 93.04081 400.4201 246.0532 0.07017382 0.0262728
Stationary 93.0525 400.4201 246.0532 0.07017382 0.0262728
Moved 93.06351 402.9438 244.7041 0.07455513 0.02041711
Moved 93.07859 405.8311 243.0845 0.07956788 0.01338747
Moved 93.09791 407.3065 241.6935 0.08212932 0.007350313
Moved 93.11115 408.6872 241.3129 0.0845264 0.005698337
Moved 93.12519 410.0729 239.9271 0.08693212 -0.0003161695
Moved 93.14561 411 239 0.08854166 -0.004340146
Stationary 93.15757 411 239 0.08854166 -0.004340146
Moved 93.17005 411 237.7823 0.08854166 -0.009625091
Stationary 93.18601 411 237.7823 0.08854166 -0.009625091
Stationary 93.20319 411 237.7823 0.08854166 -0.009625091
Moved 93.2169 411 237 0.08854166 -0.0130207
Moved 93.23252 399.8004 235.6001 0.06909795 -0.0190968
Moved 93.24845 390.4437 236 0.0528536 -0.01736111
Moved 93.26481 378.4236 236 0.03198535 -0.01736111
Moved 93.2833 360.5 246.5 0.0008680672 0.02821194
Moved 93.30723 327.7848 258.0922 -0.05592912 0.07852542
Moved 93.31916 315.4405 264.9775 -0.0773602 0.1084093
Stationary 93.32984 315.4405 264.9775 -0.0773602 0.1084093
Moved 93.34141 302.8859 271.9523 -0.09915643 0.1386819
Moved 93.35639 292.7477 278.8945 -0.1167574 0.1688128
Moved 93.37186 285.0526 283.8196 -0.1301171 0.1901892
Moved 93.38828 278.2243 287.8879 -0.1419718 0.2078467
Moved 93.40324 271.4156 291.9506 -0.1537923 0.2254802
Moved 93.41953 266.6939 296.0449 -0.1619897 0.2432503
Moved 93.43342 261.0638 298.4681 -0.1717642 0.2537678
Moved 93.4549 252.514 303.4954 -0.1866077 0.2755875
Stationary 93.46787 252.514 303.4954 -0.1866077 0.2755875
Moved 93.48051 249.2482 306.7518 -0.1922774 0.2897213
Moved 93.49641 246.4748 308.2626 -0.1970924 0.2962788
Moved 93.51054 243.7026 309.6487 -0.2019052 0.3022945
Moved 93.5265 241.3994 310.8003 -0.2059038 0.307293
Moved 93.54173 239.8706 312.1295 -0.208558 0.3130619
Moved 93.56199 236.1029 313.8971 -0.2150991 0.3207339
Stationary 93.57346 236.1029 313.8971 -0.2150991 0.3207339
Moved 93.58652 234.7153 314 -0.2175081 0.3211807
Moved 93.60658 235 315.5 -0.2170139 0.327691
Ended 93.61942 235 316.0273 -0.2170139 0.3299798
Began 93.99946 121 288 -0.4149306 0.2083334
Stationary 94.0185 121 288 -0.4149306 0.2083334
Stationary 94.03291 121 288 -0.4149306 0.2083334
Stationary 94.04939 121 288 -0.4149306 0.2083334
Stationary 94.06947 121 288 -0.4149306 0.2083334
Stationary 94.08491 121 288 -0.4149306 0.2083334
Stationary 94.10038 121 288 -0.4149306 0.2083334
Stationary 94.11201 121 288 -0.4149306 0.2083334
Moved 94.12678 131.4628 288 -0.3967659 0.2083334
Moved 94.14335 142.781 288 -0.3771164 0.2083334
Moved 94.15858 154.5587 288 -0.356669 0.2083334
Moved 94.17384 164.042 288 -0.3402049 0.2083334
Moved 94.18885 180.8994 294.5996 -0.3109385 0.2369776
Moved 94.20463 198.7165 299.6269 -0.2800061 0.2587973
Moved 94.22364 216.9363 302.7872 -0.2483745 0.2725142
Moved 94.23615 234.9453 305.4932 -0.2171089 0.2842585
Moved 94.24961 254.6857 309.1371 -0.1828373 0.3000746
Moved 94.2663 272.5896 311.8599 -0.1517541 0.3118921
Moved 94.2873 305.416 317.4026 -0.0947639 0.335949
Stationary 94.29972 305.416 317.4026 -0.0947639 0.335949
Moved 94.31333 316.5 318.5 -0.07552084 0.3407118
Moved 94.32838 327.7452 319.9636 -0.05599786 0.3470642
Moved 94.34415 341.4732 320 -0.03216464 0.3472222
Moved 94.3592 349.7022 321.3002 -0.01787812 0.3528658
Moved 94.37705 362.2392 321.7799 0.003887415 0.3549475
Moved 94.39146 370.9719 322 0.01904845 0.3559029
Moved 94.40644 380.5 322 0.03559031 0.3559029
Moved 94.42081 389.5837 322 0.05136058 0.3559029
Moved 94.43507 397.8647 322 0.06573744 0.3559029
Moved 94.45115 406.92 322 0.08145839 0.3559029
Moved 94.46644 413.1959 322 0.09235404 0.3559029
Moved 94.48737 426.5 322 0.1154514 0.3559029
Moved 94.50382 431.7642 322 0.1245905 0.3559029
Stationary 94.51548 431.7642 322 0.1245905 0.3559029
Moved 94.53107 438.6269 322 0.136505 0.3559029
Moved 94.54313 446.9961 322.7137 0.151035 0.3590007
Moved 94.55848 455.5954 323 0.1659642 0.3602431
Moved 94.57368 465.4088 323 0.1830014 0.3602431
Moved 94.58958 469.7547 324 0.1905463 0.3645835
Moved 94.60712 475.7442 324 0.2009448 0.3645835
Moved 94.6204 481.2943 325.3235 0.2105803 0.3703281
Moved 94.63526 485.4133 325 0.2177315 0.3689236
Moved 94.65467 489.2632 325 0.2244154 0.3689236
Moved 94.66734 491.944 325 0.2290694 0.3689236
Moved 94.68467 493.8579 325 0.2323922 0.3689236
Moved 94.69706 494.5 325 0.2335069 0.3689236
Moved 94.71192 495.1136 325 0.2345722 0.3689236
Stationary 94.72773 495 325 0.234375 0.3689236
Stationary 94.74302 495 325 0.234375 0.3689236
Moved 94.7584 485.2779 325 0.2174963 0.3689236
Moved 94.77518 459.4311 306.9061 0.1726234 0.2903912
Moved 94.79014 432.2621 290.7573 0.1254551 0.2203006
Moved 94.80552 403 276.5 0.07465281 0.1584203
Moved 94.8213 382.6146 265.8295 0.03926143 0.1121071
Moved 94.83973 362.4961 254.7286 0.004333407 0.06392638
Moved 94.85319 350.3347 247.9637 -0.01677994 0.03456487
Moved 94.8675 335.8636 239.2424 -0.04190348 -0.003287925
Moved 94.88322 319.7976 229.7153 -0.06979582 -0.04463819
Moved 94.90034 307.909 221.6061 -0.09043571 -0.07983473
Moved 94.91621 296.353 214.2206 -0.1104983 -0.1118899
Moved 94.92942 289.0413 209.0295 -0.1231922 -0.1344204
Moved 94.9509 275.0279 198.7709 -0.1475211 -0.1789459
Stationary 94.96275 275.0279 198.7709 -0.1475211 -0.1789459
Moved 94.97532 270.6528 195.7686 -0.1551167 -0.1919768
Moved 94.99381 266.5707 191.5707 -0.1622037 -0.2101967
Moved 95.00822 264.2618 190.131 -0.1662121 -0.2164453
Moved 95.02152 262.7373 190 -0.1688588 -0.2170139
Moved 95.03696 261.5 188.5 -0.171007 -0.2235245
Moved 95.05192 262 189 -0.1701389 -0.2213541
Stationary 95.06751 262 189 -0.1701389 -0.2213541
Stationary 95.08247 262 189 -0.1701389 -0.2213541
Stationary 95.09785 262 189 -0.1701389 -0.2213541
Stationary 95.11411 262 189 -0.1701389 -0.2213541
Moved 95.12925 278.5944 189 -0.1413291 -0.2213541
Moved 95.15098 303.4242 202.1543 -0.09822183 -0.1642609
Stationary 95.16309 303.4242 202.1543 -0.09822183 -0.1642609
Moved 95.17554 324.7644 210.7058 -0.06117292 -0.1271449
Moved 95.19172 341.5498 217.1249 -0.03203165 -0.09928439
Moved 95.20798 365.7534 228.8767 0.009988473 -0.04827804
Moved 95.22294 387.2788 238.3427 0.04735902 -0.007193222
Moved 95.23817 410.7547 249.8773 0.08811578 0.04287031
Moved 95.25315 427.2031 258.1016 0.116672 0.07856595
Moved 95.2685 439.5 262 0.1380208 0.09548625
Moved 95.28376 450.1243 268.2966 0.1564658 0.1228153
Moved 95.3047 467.5 275.5 0.186632 0.1540799
Stationary 95.31635 467.5 275.5 0.186632 0.1540799
Moved 95.3292 474.7073 276.9268 0.1991446 0.1602727
Moved 95.35606 484.0801 280.6934 0.2154169 0.1766205
Moved 95.37254 488.2384 282.0795 0.2226361 0.1826366
Moved 95.38587 491.3311 283.1104 0.2280055 0.1871109
Moved 95.39854 494 284.5 0.2326389 0.1931425
Stationary 95.40983 494 284.5 0.2326389 0.1931425
Moved 95.42146 495.8381 284.9191 0.23583 0.1949612
Moved 95.43806 497.3102 285 0.2383858 0.1953125
Moved 95.4567 498.6842 285.6841 0.2407711 0.1982819
Moved 95.47395 500.0685 286 0.2431744 0.1996528
Moved 95.51765 502.5 286 0.2473959 0.1996528
Moved 95.53175 505.5362 287 0.2526671 0.2039932
Ended 95.55466 505.5362 287 0.2526671 0.2039932
Began 95.97114 420 172 0.1041666 -0.2951388
Stationary 95.99345 420 172 0.1041666 -0.2951388
Stationary 96.0095 420 172 0.1041666 -0.2951388
Stationary 96.02314 420 172 0.1041666 -0.2951388
Stationary 96.03779 420 172 0.1041666 -0.2951388
Stationary 96.05329 420 172 0.1041666 -0.2951388
Stationary 96.06959 420 172 0.1041666 -0.2951388
Stationary 96.08509 420 172 0.1041666 -0.2951388
Stationary 96.09965 420 172 0.1041666 -0.2951388
Stationary 96.1146 420 172 0.1041666 -0.2951388
Stationary 96.1334 420 172 0.1041666 -0.2951388
Moved 96.14594 420 180.8125 0.1041666 -0.2568901
Moved 96.16303 420 183.717 0.1041666 -0.2442836
Moved 96.17966 410.528 189.9438 0.08772232 -0.2172576
Moved 96.19401 406.6469 196.5885 0.08098431 -0.1884179
Moved 96.20902 403.576 201.7065 0.0756529 -0.1662043
Moved 96.22456 395.5745 212.5674 0.06176122 -0.1190652
Moved 96.23948 388.2637 222.6307 0.04906901 -0.07538743
Moved 96.25968 371.6725 245.4912 0.02026476 0.02383352
Stationary 96.27164 371.6725 245.4912 0.02026476 0.02383352
Moved 96.28461 362.2266 259.1049 0.003865585 0.08292066
Moved 96.3014 349.6357 274.3341 -0.01799349 0.1490196
Moved 96.31718 340.5 282.5 -0.03385417 0.1844618
Moved 96.33137 333.5924 289.4076 -0.04584651 0.2144427
Moved 96.34696 325.2552 295.1631 -0.06032075 0.2394235
Moved 96.36295 321.3071 299.0197 -0.06717511 0.2561617
Moved 96.38044 315.801 303.1492 -0.07673435 0.2740852
Moved 96.40723 306.7327 309.4505 -0.09247802 0.3014345
Moved 96.42423 301.202 312.399 -0.1020798 0.3142319
Moved 96.43955 298.3743 314.4171 -0.106989 0.322991
Moved 96.45972 290.9043 319.0957 -0.1199579 0.3432974
Moved 96.47752 289.5731 319 -0.1222689 0.342882
Stationary 96.48923 289.5731 319 -0.1222689 0.342882
Moved 96.5019 289 320.8572 -0.1232639 0.3509429
Moved 96.51722 287.7585 321 -0.1254194 0.3515625
Moved 96.5308 287 321.6268 -0.1267361 0.354283
Moved 96.54786 287 322.5 -0.1267361 0.3580729
Moved 96.56318 287 322 -0.1267361 0.3559029
Moved 96.58225 287 323.4376 -0.1267361 0.3621425
Moved 96.59473 315.3701 327.474 -0.07748242 0.3796614
Moved 96.60896 342.3074 331.6461 -0.03071633 0.3977696
Moved 96.62498 372.9764 336.7964 0.02252855 0.4201237
Moved 96.64024 399.6446 339.9626 0.06882735 0.4338654
Moved 96.65623 424.7025 344.1171 0.1123306 0.451897
Moved 96.67097 439.6544 344.3534 0.138289 0.4529229
Moved 96.68732 466.4952 345 0.1848875 0.4557292
Moved 96.70387 483.7343 345 0.2148165 0.4557292
Moved 96.71851 495.4092 345 0.2350854 0.4557292
Moved 96.73566 506.9152 345 0.2550611 0.4557292
Moved 96.74885 519.3918 345 0.2767219 0.4557292
Moved 96.77064 536.0479 338.0881 0.3056388 0.4257295
Moved 96.78443 543.0491 334.5804 0.3177935 0.4105052
Stationary 96.79691 543.0491 334.5804 0.3177935 0.4105052
Moved 96.81028 549.3516 333.4121 0.3287354 0.4054345
Moved 96.82581 554.8815 331.0592 0.338336 0.3952223
Moved 96.84037 559.0728 329.6424 0.3456124 0.389073
Moved 96.85654 561.7256 328.2744 0.350218 0.3831356
Moved 96.87162 564.2214 326.8893 0.354551 0.3771237
Moved 96.89017 565.5 325.5 0.3567708 0.3710938
Moved 96.90385 566.3716 326 0.3582841 0.3732638
Moved 96.91663 566 324.1009 0.3576389 0.3650213
Moved 96.93247 566 322.7173 0.3576389 0.3590164
Moved 96.94801 559.3287 318.3315 0.3460568 0.3399804
Moved 96.96342 543.4365 310.7182 0.3184661 0.3069367
Moved 96.97886 529.6936 306.7081 0.294607 0.2895316
Moved 96.99381 509.772 303.3696 0.2600208 0.2750416
Moved 97.01231 491.4843 302.0873 0.2282714 0.2694763
Moved 97.02583 467.0328 302 0.1858209 0.2690972
Moved 97.047 429.5325 309.2727 0.1207161 0.3006628
Moved 97.06254 413.0241 310.4147 0.0920558 0.3056191
Stationary 97.07539 413.0241 310.4147 0.0920558 0.3056191
Moved 97.09272 379.6202 314.3966 0.03406286 0.322902
Moved 97.11008 361 315.5 0.001736134 0.327691
Moved 97.12302 344.6671 317.2592 -0.02661959 0.3353265
Stationary 97.13517 344.6671 317.2592 -0.02661959 0.3353265
Moved 97.14823 325.9294 319.0059 -0.05915027 0.3429074
Moved 97.16456 310.6316 320.3972 -0.0857091 0.348946
Moved 97.17966 297.9434 321.7841 -0.1077372 0.3549656
Moved 97.20185 278.5 322 -0.1414931 0.3559029
Moved 97.2187 272.3666 322.9267 -0.1521413 0.3599251
Moved 97.23209 264.9232 323 -0.1650638 0.3602431
Stationary 97.2457 264.9232 323 -0.1650638 0.3602431
Moved 97.25715 252.2808 324.4133 -0.1870125 0.3663771
Moved 97.27216 241.8947 325 -0.205044 0.3689236
Moved 97.28815 230.6149 326.1732 -0.2246269 0.3740155
Moved 97.30839 212.4207 326 -0.256214 0.3732638
Stationary 97.32032 212.4207 326 -0.256214 0.3732638
Moved 97.33356 205.4528 326 -0.2683111 0.3732638
Moved 97.35468 195.162 326 -0.2861771 0.3732638
Stationary 97.36707 195.162 326 -0.2861771 0.3732638
Moved 97.38532 176.7918 326 -0.3180698 0.3732638
Stationary 97.39851 176.7918 326 -0.3180698 0.3732638
Moved 97.41151 167.5895 326 -0.334046 0.3732638
Moved 97.43833 155.2475 326 -0.3554732 0.3732638
Moved 97.45466 150.7849 326 -0.3632206 0.3732638
Moved 97.46729 148.8494 326 -0.3665809 0.3732638
Moved 97.48081 146.0265 326 -0.3714818 0.3732638
Moved 97.49403 144.1283 326 -0.3747773 0.3732638
Moved 97.51008 143.5 326 -0.3758681 0.3732638
Stationary 97.52174 143.5 326 -0.3758681 0.3732638
Stationary 97.53324 143.5 326 -0.3758681 0.3732638
Moved 97.54853 144 326 -0.375 0.3732638
Stationary 97.5651 144 326 -0.375 0.3732638
Moved 97.58006 155.1526 326 -0.3556379 0.3732638
Moved 97.59571 178.996 319.2016 -0.314243 0.343757
Moved 97.61219 201.9522 313.012 -0.2743886 0.3168922
Moved 97.62693 240.5071 304.0648 -0.207453 0.2780589
Moved 97.64161 277.0114 293.9968 -0.1440775 0.2343612
Moved 97.66676 334.3052 277.3856 -0.04460902 0.1622637
Moved 97.68015 353.0006 270.2305 -0.01215179 0.1312089
Moved 97.69285 367.033 264.1287 0.01221009 0.1047254
Stationary 97.70411 367.033 264.1287 0.01221009 0.1047254
Moved 97.71876 382.2316 254.0936 0.03859647 0.0611704
Moved 97.73408 394.6132 247.215 0.06009229 0.03131509
Moved 97.74982 405.7507 240.2808 0.07942833 0.001218584
Moved 97.76469 417.0852 233.3677 0.09910628 -0.02878613
Moved 97.78107 426.7918 227.5476 0.1159579 -0.05404685
Moved 97.79624 435 220.5 0.1302084 -0.08463542
Moved 97.81513 441.121 215.5658 0.1408351 -0.1060512
Moved 97.82777 447.893 210.0856 0.152592 -0.1298369
Moved 97.84266 453.404 205.947 0.1621597 -0.1477993
Moved 97.85767 458.2287 201.7712 0.170536 -0.1659233
Moved 97.87342 462.3703 198.7532 0.1777263 -0.1790227
Moved 97.88981 466.5 194.5 0.1848959 -0.1974826
Moved 97.90382 467.7829 193.1085 0.1871231 -0.2035221
Moved 97.92442 470.2603 189.7397 0.1914241 -0.2181435
Stationary 97.93717 470.2603 189.7397 0.1914241 -0.2181435
Moved 97.94999 472 188.2758 0.1944444 -0.2244976
Moved 97.97053 473.1071 186.8929 0.1963665 -0.2304994
Moved 97.98258 474.5 187 0.1987847 -0.2300346
Ended 97.99729 477 186 0.203125 -0.234375
Began 98.391 399 257 0.06770834 0.07378473
Stationary 98.41456 399 257 0.06770834 0.07378473
Stationary 98.42695 399 257 0.06770834 0.07378473
Stationary 98.44212 399 257 0.06770834 0.07378473
Stationary 98.4647 399 257 0.06770834 0.07378473
Stationary 98.49622 399 257 0.06770834 0.07378473
Stationary 98.50666 399 257 0.06770834 0.07378473
Stationary 98.51972 399 257 0.06770834 0.07378473
Stationary 98.53693 399 257 0.06770834 0.07378473
Stationary 98.55131 399 257 0.06770834 0.07378473
Stationary 98.57041 399 257 0.06770834 0.07378473
Stationary 98.58277 399 257 0.06770834 0.07378473
Stationary 98.59965 399 257 0.06770834 0.07378473
Stationary 98.61338 399 257 0.06770834 0.07378473
Stationary 98.62833 399 257 0.06770834 0.07378473
Stationary 98.64368 399 257 0.06770834 0.07378473
Stationary 98.6594 399 257 0.06770834 0.07378473
Stationary 98.67548 399 257 0.06770834 0.07378473
Stationary 98.69016 399 257 0.06770834 0.07378473
Stationary 98.70521 399 257 0.06770834 0.07378473
Moved 98.7291 410.5 257 0.0876736 0.07378473
Moved 98.74632 412.3671 257 0.09091505 0.07378473
Moved 98.76762 414.0721 257 0.09387515 0.07378473
Moved 98.78681 418.3539 257 0.1013089 0.07378473
Moved 98.80457 427.8897 265.5569 0.117864 0.1109243
Moved 98.82023 432.4524 265.6131 0.1257854 0.111168
Moved 98.85734 446.3939 270.1313 0.1499894 0.1307783
Moved 98.87012 460.8525 275.941 0.1750912 0.1559941
Moved 98.883 473.8022 279.6407 0.1975733 0.1720517
Moved 98.89555 485.1148 283.793 0.2172132 0.1900739
Stationary 98.90754 485.1148 283.793 0.2172132 0.1900739
Moved 98.92109 495.5362 286.2961 0.2353059 0.2009379
Moved 98.94221 521.5867 295.6679 0.2805324 0.2416143
Stationary 98.95454 521.5867 295.6679 0.2805324 0.2416143
Moved 98.9669 530.5 297 0.2960069 0.247396
Moved 98.98377 540.0471 300.7277 0.3125817 0.2635753
Moved 99.00013 549.7005 302.2429 0.3293411 0.2701517
Moved 99.01475 556.1172 304.2469 0.3404813 0.2788495
Moved 99.0283 562.0127 306.0032 0.3507165 0.2864723
Moved 99.04423 567.5433 307.3858 0.3603183 0.292473
Moved 99.06046 571.5311 308.7655 0.3672414 0.2984614
Moved 99.0868 577.2711 311.1356 0.3772068 0.3087482
Moved 99.10368 578.55 311 0.3794271 0.3081597
Moved 99.11588 579.9287 311 0.3818207 0.3081597
Moved 99.12772 580 312.3076 0.3819445 0.3138349
Stationary 99.13868 580 312.3076 0.3819445 0.3138349
Stationary 99.15067 580 312.3076 0.3819445 0.3138349
Moved 99.16685 571.3706 312 0.3669629 0.3125001
Moved 99.18278 552.8433 312 0.3347974 0.3125001
Moved 99.19785 521.2504 299.8277 0.2799487 0.2596689
Moved 99.21464 484.6201 289.7228 0.2163543 0.2158107
Moved 99.22953 455.9612 283.7922 0.1665993 0.1900705
Moved 99.24958 438.8038 277.9509 0.1368121 0.1647177
Moved 99.2624 424.3568 272.7427 0.1117306 0.1421126
Moved 99.27598 406.1363 268.6469 0.08009769 0.1243353
Moved 99.2913 391.1319 262.6559 0.05404845 0.0983331
Moved 99.31214 359.2948 248.8406 -0.001224317 0.03837056
Stationary 99.32432 359.2948 248.8406 -0.001224317 0.03837056
Moved 99.33756 334.9201 239.2201 -0.04354149 -0.003385014
Moved 99.35279 317.871 231.9414 -0.07314064 -0.03497641
Moved 99.37092 298.4255 223.611 -0.1069001 -0.07113299
Moved 99.38428 285.4475 216.335 -0.1294313 -0.1027128
Moved 99.40598 264.2916 206.375 -0.1661604 -0.1459417
Stationary 99.41874 264.2916 206.375 -0.1661604 -0.1459417
Moved 99.42994 257.7326 202.8663 -0.1775476 -0.1611704
Moved 99.4455 251.9887 200.9972 -0.1875196 -0.169283
Moved 99.46076 246.5181 196.8885 -0.1970172 -0.1871157
Moved 99.47633 241.7333 194.4889 -0.2053242 -0.1975307
Moved 99.50034 233.841 188.8411 -0.219026 -0.222044
Moved 99.51478 231.0712 187.0356 -0.2238348 -0.22988
Moved 99.5405 226.952 185.6506 -0.2309861 -0.2358914
Moved 99.55308 222.7577 182.0682 -0.2382679 -0.2514398
Moved 99.57252 216.1127 176.1128 -0.2498043 -0.2772881
Moved 99.58509 210.3799 171.7849 -0.2597572 -0.2960723
Moved 99.6016 206.5459 169.3639 -0.2664134 -0.3065802
Moved 99.61454 203.5723 166.5723 -0.2715759 -0.3186968
Moved 99.62937 201.3931 165.3932 -0.2753591 -0.3238143
Moved 99.64536 200.0065 165 -0.2777665 -0.3255209
Moved 99.66196 198.9792 163.9792 -0.27955 -0.3299509
Stationary 99.67655 199 164 -0.2795139 -0.3298611
Stationary 99.69096 199 164 -0.2795139 -0.3298611
Stationary 99.70808 199 164 -0.2795139 -0.3298611
Ended 99.72669 199 164 -0.2795139 -0.3298611
Began 99.95631 465 232 0.1822916 -0.03472222
Stationary 99.97446 465 232 0.1822916 -0.03472222
Stationary 99.9864 465 232 0.1822916 -0.03472222
Stationary 99.99924 465 232 0.1822916 -0.03472222
Stationary 100.0136 465 232 0.1822916 -0.03472222
Stationary 100.0302 465 232 0.1822916 -0.03472222
Stationary 100.0462 465 232 0.1822916 -0.03472222
Stationary 100.0615 465 232 0.1822916 -0.03472222
Stationary 100.0764 465 232 0.1822916 -0.03472222
Stationary 100.0922 465 232 0.1822916 -0.03472222
Stationary 100.1084 465 232 0.1822916 -0.03472222
Stationary 100.1244 465 232 0.1822916 -0.03472222
Stationary 100.1395 465 232 0.1822916 -0.03472222
Stationary 100.1538 465 232 0.1822916 -0.03472222
Stationary 100.1694 465 232 0.1822916 -0.03472222
Moved 100.1933 465 254.2565 0.1822916 0.06187705
Stationary 100.2049 465 254.2565 0.1822916 0.06187705
Moved 100.2172 465 265.0539 0.1822916 0.1087409
Moved 100.2317 457.2523 276.9614 0.1688408 0.1604226
Moved 100.2477 456.5252 286.3232 0.1675785 0.2010559
Moved 100.264 455.126 294.1182 0.1651493 0.2348883
Moved 100.2787 452.4887 301.2783 0.1605706 0.2659647
Moved 100.2992 445.618 317.764 0.1486424 0.3375176
Stationary 100.3123 445.618 317.764 0.1486424 0.3375176
Moved 100.3252 440.5148 326.8491 0.1397827 0.3769493
Moved 100.3454 433.2112 337.7888 0.1271027 0.4244307
Stationary 100.3567 433.2112 337.7888 0.1271027 0.4244307
Moved 100.3704 430.4424 340.5576 0.1222959 0.4364479
Moved 100.3901 429.3354 341.6647 0.1203739 0.4412528
Moved 100.4032 427.9446 342 0.1179593 0.4427085
Moved 100.4175 426.5685 342 0.1155704 0.4427085
Moved 100.4326 425.6291 342 0.1139394 0.4427085
Moved 100.4485 424.5 342 0.1119792 0.4427085
Moved 100.4636 425 334.0585 0.1128472 0.4082402
Moved 100.4789 425 322.1368 0.1128472 0.3564967
Moved 100.4977 425 310.7302 0.1128472 0.3069887
Moved 100.5104 436.3731 296.7836 0.1325922 0.2464569
Moved 100.5278 442.0616 275.0029 0.1424681 0.1519226
Moved 100.5455 446.5232 257.9073 0.1502138 0.07772288
Moved 100.5582 453.1275 232.7156 0.1616796 -0.03161643
Moved 100.5759 457.8169 210.7324 0.169821 -0.1270294
Moved 100.5891 460.9644 195.196 0.1752853 -0.1944616
Moved 100.6021 465.1555 182.5333 0.1825617 -0.2494214
Moved 100.6206 468.2755 170.932 0.1879783 -0.2997742
Moved 100.6336 472.4277 159.8594 0.195187 -0.3478323
Moved 100.6533 476.5 152 0.202257 -0.3819445
Moved 100.6653 478.1936 146.6128 0.2051973 -0.4053265
Moved 100.6792 479.9771 142.0687 0.2082936 -0.425049
Moved 100.6943 481.3611 139.2778 0.2106964 -0.4371623
Moved 100.7096 482.7438 137.2562 0.2130968 -0.4459364
Moved 100.7261 483.5 136.5 0.2144098 -0.4492186
Moved 100.7402 484.255 135.745 0.2157204 -0.4524956
Stationary 100.7596 484.255 135.745 0.2157204 -0.4524956
Moved 100.7721 486.9332 136 0.2203702 -0.4513888
Moved 100.7869 498.8617 155.7695 0.2410794 -0.3655837
Moved 100.8064 513.4185 175.2711 0.2663515 -0.2809414
Moved 100.8191 526.8472 193.1013 0.2896653 -0.2035533
Moved 100.8336 539.2665 212.6368 0.3112266 -0.1187637
Moved 100.8489 547.1409 226.5682 0.3248975 -0.05829759
Moved 100.8639 556.7342 237.9819 0.3415524 -0.00875897
Moved 100.8794 562.5 246.5 0.3515625 0.02821194
Moved 100.8948 571.9406 259.7637 0.3679524 0.0857801
Moved 100.911 579.4454 271.7126 0.3809817 0.1376417
Moved 100.9258 583.3954 279.7908 0.3878393 0.1727033
Moved 100.9458 586.7099 284.4198 0.3935936 0.1927941
Moved 100.9628 590.617 292.8511 0.4003768 0.2293884
Stationary 100.9744 590.617 292.8511 0.4003768 0.2293884
Moved 100.987 591.9986 294.9986 0.4027753 0.2387092
Moved 101.004 593.0493 297.0985 0.4045994 0.2478234
Moved 101.0193 593 299.8587 0.404514 0.2598034
Moved 101.0344 593 303.4396 0.404514 0.2753457
Moved 101.0502 593 307.5758 0.404514 0.2932978
Moved 101.0662 579.5 310 0.3810764 0.3038195
Moved 101.0815 567.2599 311.974 0.3598263 0.3123872
Moved 101.0962 550.8308 313.3474 0.3313035 0.3183481
Moved 101.1168 500.1801 306.0601 0.2433682 0.286719
Moved 101.1327 467.2991 298.1954 0.1862831 0.2525842
Stationary 101.1445 467.2991 298.1954 0.1862831 0.2525842
Moved 101.1619 435 290 0.1302084 0.2170139
Moved 101.1748 404.7979 279.5244 0.07777415 0.1715471
Moved 101.187 382.0468 272.4521 0.03827565 0.1408511
Moved 101.203 362.7785 266.4933 0.004823878 0.1149884
Moved 101.219 341.8894 261.7779 -0.03144197 0.09452211
Moved 101.2347 326.2521 257.5339 -0.05859002 0.07610189
Moved 101.2524 304 252 -0.09722222 0.05208334
Moved 101.2718 265.5712 244.4286 -0.163939 0.01922131
Stationary 101.2846 265.5712 244.4286 -0.163939 0.01922131
Moved 101.3017 232.4914 238.9153 -0.221369 -0.004707973
Stationary 101.3148 232.4914 238.9153 -0.221369 -0.004707973
Moved 101.3275 220.2297 237.5811 -0.2426568 -0.01049876
Moved 101.344 210.5 235 -0.2595486 -0.02170139
Moved 101.3585 201.2902 233.3225 -0.2755378 -0.02898203
Moved 101.3733 192.6228 231.7705 -0.2905854 -0.03571815
Moved 101.3891 185.9737 231 -0.302129 -0.0390625
Moved 101.4051 180.0685 231 -0.3123812 -0.0390625
Moved 101.4269 173.5118 231 -0.3237642 -0.0390625
Moved 101.4414 170.7532 231 -0.3285535 -0.0390625
Moved 101.4555 169.8579 229.8579 -0.3301079 -0.04401949
Stationary 101.4678 169.8579 229.8579 -0.3301079 -0.04401949
Moved 101.4862 166.0224 230 -0.3367667 -0.04340265
Stationary 101.4993 166.0224 230 -0.3367667 -0.04340265
Moved 101.5124 164.6456 230 -0.339157 -0.04340265
Moved 101.528 164.2637 230 -0.3398199 -0.04340265
Stationary 101.544 164 230 -0.3402778 -0.04340265
Stationary 101.5666 164 230 -0.3402778 -0.04340265
Ended 101.5851 164 242 -0.3402778 0.008680689
Began 101.8612 569 286 0.3628472 0.1996528
Stationary 101.8837 569 286 0.3628472 0.1996528
Stationary 101.8984 569 286 0.3628472 0.1996528
Stationary 101.9125 569 286 0.3628472 0.1996528
Stationary 101.9329 569 286 0.3628472 0.1996528
Stationary 101.9448 569 286 0.3628472 0.1996528
Stationary 101.9586 569 286 0.3628472 0.1996528
Stationary 101.9735 569 286 0.3628472 0.1996528
Stationary 101.9894 569 286 0.3628472 0.1996528
Stationary 102.0051 569 286 0.3628472 0.1996528
Stationary 102.0215 569 286 0.3628472 0.1996528
Moved 102.0384 560.6003 286 0.3482645 0.1996528
Moved 102.0522 557.3652 286 0.342648 0.1996528
Moved 102.068 555.5899 286 0.3395658 0.1996528
Moved 102.0826 552.8294 286 0.3347733 0.1996528
Moved 102.1039 544 286 0.3194445 0.1996528
Stationary 102.1177 544 286 0.3194445 0.1996528
Moved 102.129 534.5526 286 0.3030426 0.1996528
Moved 102.1541 504.6432 271.9108 0.2511167 0.1385017
Moved 102.1674 486.8764 265.5678 0.2202715 0.1109714
Moved 102.1814 464.4137 257.1552 0.1812738 0.07445813
Moved 102.1994 446.5 251 0.1501736 0.04774293
Moved 102.2128 423.7357 239.7594 0.1106524 -0.001044273
Moved 102.2277 404.06 230.03 0.0764931 -0.04327245
Moved 102.2421 392.3604 225.3441 0.05618118 -0.06361061
Stationary 102.255 392.3604 225.3441 0.05618118 -0.06361061
Moved 102.2729 367.4475 211.7797 0.01292974 -0.122484
Stationary 102.2856 367.4475 211.7797 0.01292974 -0.122484
Moved 102.2989 357.2287 205.8777 -0.004811287 -0.1481003
Moved 102.3133 348.7487 200.1658 -0.01953352 -0.1728915
Moved 102.331 341.3606 194.829 -0.03236004 -0.1960547
Moved 102.3508 329.7886 187.8591 -0.05245033 -0.226306
Moved 102.3656 324.1661 185.083 -0.0622116 -0.238355
Stationary 102.3784 324.1661 185.083 -0.0622116 -0.238355
Moved 102.3911 321.4619 185 -0.06690641 -0.2387153
Moved 102.4068 318.5449 183.7725 -0.07197067 -0.244043
Moved 102.4269 314.4827 184 -0.07902317 -0.2430554
Stationary 102.4414 314.4827 184 -0.07902317 -0.2430554
Moved 102.4534 311.8692 184 -0.08356046 -0.2430554
Moved 102.4685 309.1168 184 -0.08833886 -0.2430554
Moved 102.4842 306.3429 184 -0.09315476 -0.2430554
Moved 102.5057 298.2144 196.7856 -0.1072668 -0.1875622
Moved 102.5202 294.0511 200.949 -0.1144947 -0.1694922
Stationary 102.5339 294.0511 200.949 -0.1144947 -0.1694922
Moved 102.5458 287.1263 206.4989 -0.1265168 -0.145404
Moved 102.5617 283.808 210.192 -0.1322778 -0.1293748
Moved 102.5812 267.0115 226.9885 -0.1614384 -0.05647342
Moved 102.6029 259.79 234.21 -0.1739758 -0.02513038
Moved 102.6183 253.3389 240.6611 -0.1851756 0.0028695
Moved 102.6308 243.8807 248.8165 -0.201596 0.03826619
Moved 102.6439 235.884 258.116 -0.2154791 0.07862833
Moved 102.6613 229.0972 264.0857 -0.2272618 0.1045386
Moved 102.674 222.2298 271.9243 -0.2391844 0.1385601
Stationary 102.686 222.2298 271.9243 -0.2391844 0.1385601
Moved 102.6997 215.886 277.114 -0.2501979 0.1610849
Moved 102.7141 212.1948 281.7079 -0.2566063 0.1810238
Moved 102.7354 206.3481 287.3038 -0.2667568 0.2053115
Moved 102.75 204.9735 289.0266 -0.2691433 0.212789
Stationary 102.7629 204.9735 289.0266 -0.2691433 0.212789
Moved 102.7757 203.5853 290.4147 -0.2715534 0.218814
Moved 102.7924 204 292.6727 -0.2708333 0.228614
Moved 102.8126 203 295.2267 -0.2725694 0.2396996
Stationary 102.8267 203 295.2267 -0.2725694 0.2396996
Moved 102.8389 203 297.6074 -0.2725694 0.250032
Moved 102.8536 203 299.9885 -0.2725694 0.2603668
Moved 102.87 216.8218 301.3822 -0.2485733 0.2664158
Moved 102.8892 231.2311 304 -0.2235572 0.2777779
Moved 102.9042 243.1564 305.2396 -0.2028535 0.2831581
Stationary 102.9171 243.1564 305.2396 -0.2028535 0.2831581
Moved 102.9306 252.4014 305 -0.1868032 0.2821182
Moved 102.9464 262.0972 305 -0.1699701 0.2821182
Moved 102.9688 276.8546 305 -0.1443497 0.2821182
Moved 102.9828 282.6099 305 -0.1343578 0.2821182
Stationary 102.9954 282.6099 305 -0.1343578 0.2821182
Moved 103.0098 286.5 305 -0.1276042 0.2821182
Moved 103.0248 287.9029 305 -0.1251686 0.2821182
Moved 103.0437 293.731 305 -0.1150503 0.2821182
Stationary 103.0566 293.731 305 -0.1150503 0.2821182
Moved 103.0715 296.4938 305 -0.1102538 0.2821182
Moved 103.0849 301.524 305 -0.1015209 0.2821182
Ended 103.1006 310 305 -0.08680557 0.2821182
Began 103.5753 383 311 0.03993057 0.3081597
Stationary 103.5932 383 311 0.03993057 0.3081597
Stationary 103.6087 383 311 0.03993057 0.3081597
Stationary 103.6249 383 311 0.03993057 0.3081597
Stationary 103.6458 383 311 0.03993057 0.3081597
Stationary 103.657 383 311 0.03993057 0.3081597
Stationary 103.6694 383 311 0.03993057 0.3081597
Stationary 103.6845 383 311 0.03993057 0.3081597
Stationary 103.6996 383 311 0.03993057 0.3081597
Stationary 103.7169 383 311 0.03993057 0.3081597
Stationary 103.7322 383 311 0.03993057 0.3081597
Stationary 103.7478 383 311 0.03993057 0.3081597
Moved 103.7619 394.9418 297.864 0.06066285 0.2511459
Moved 103.7781 397.3258 294.6742 0.06480172 0.2373012
Moved 103.7995 408 285 0.08333334 0.1953125
Moved 103.8137 411.3528 282.2354 0.08915417 0.1833136
Stationary 103.8263 411.3528 282.2354 0.08915417 0.1833136
Moved 103.8398 415.9203 278.0797 0.09708382 0.1652767
Moved 103.8562 420.1061 275.2626 0.1043508 0.1530498
Moved 103.8704 424.2493 271.5005 0.1115439 0.1367209
Moved 103.8911 432.5 264.5 0.125868 0.1063368
Stationary 103.9031 432.5 264.5 0.125868 0.1063368
Moved 103.9162 435.8101 260.2849 0.1316148 0.08804189
Moved 103.9352 437.9934 258.0065 0.1354053 0.07815335
Moved 103.948 440.7523 253.8716 0.1401949 0.06020653
Moved 103.963 442.7571 252.2429 0.1436755 0.05313781
Moved 103.9781 444.1429 249.7142 0.1460814 0.04216247
Moved 103.9949 445.5 248.5 0.1484375 0.03689237
Moved 104.0119 446 246.0972 0.1493056 0.02646354
Stationary 104.0256 446 246 0.1493056 0.02604167
Moved 104.0453 438.6375 244 0.1365234 0.01736111
Stationary 104.0581 438.6375 244 0.1365234 0.01736111
Moved 104.0746 423.7357 244 0.1106522 0.01736111
Moved 104.0884 407.0526 244 0.08168847 0.01736111
Moved 104.1025 388.4472 254.5547 0.04938752 0.06317139
Moved 104.1187 370.492 258.8095 0.01821533 0.0816385
Moved 104.133 349.1516 264.6262 -0.01883395 0.1068848
Moved 104.1495 331.67 268.055 -0.04918412 0.1217665
Moved 104.1632 316.1918 271.1616 -0.07605587 0.1352501
Moved 104.1811 299.5249 273.9125 -0.1049915 0.14719
Moved 104.2015 276.4666 278.2191 -0.1450232 0.1658815
Moved 104.2184 267.4044 279 -0.1607562 0.169271
Moved 104.2366 260.0779 279.9844 -0.1734758 0.1735436
Moved 104.2496 253.1575 281.3685 -0.1854904 0.1795508
Moved 104.2765 244.5036 282 -0.2005146 0.1822917
Stationary 104.2889 244.5036 282 -0.2005146 0.1822917
Moved 104.3092 237.4189 284.5812 -0.2128145 0.1934948
Stationary 104.3212 237.4189 284.5812 -0.2128145 0.1934948
Moved 104.3331 235.0897 285.9551 -0.2168581 0.1994581
Moved 104.349 232.3513 287.3243 -0.2216123 0.2054008
Moved 104.3719 229.9409 290.0591 -0.225797 0.2172705
Moved 104.3844 230 291.0558 -0.2256944 0.2215964
Stationary 104.397 230 291.0558 -0.2256944 0.2215964
Moved 104.4112 228.5 294 -0.2282986 0.234375
Moved 104.4262 229 294.8707 -0.2274306 0.2381541
Moved 104.4426 229 296.2664 -0.2274306 0.2442118
Moved 104.4584 229 297.644 -0.2274306 0.2501912
Moved 104.4714 229 299.0257 -0.2274306 0.2561879
Ended 104.4878 229 301.8422 -0.2274306 0.2684122
Began 104.7557 529 224 0.2934028 -0.06944432
Stationary 104.768 529 224 0.2934028 -0.06944432
Stationary 104.7854 529 224 0.2934028 -0.06944432
Stationary 104.7976 529 224 0.2934028 -0.06944432
Stationary 104.8098 529 224 0.2934028 -0.06944432
Stationary 104.8266 529 224 0.2934028 -0.06944432
Stationary 104.8424 529 224 0.2934028 -0.06944432
Moved 104.8592 517.785 230.0388 0.2739322 -0.04323417
Moved 104.8739 507.2521 234.7491 0.255646 -0.02279017
Moved 104.8939 480.4171 241.3787 0.2090575 0.00598391
Moved 104.9084 466.2158 242 0.1844025 0.008680689
Moved 104.9277 449.5149 242 0.1554077 0.008680689
Moved 104.9436 434.9182 242 0.1300662 0.008680689
Moved 104.9587 419.5206 242 0.1033343 0.008680689
Moved 104.9726 399.8904 242.6073 0.06925426 0.01131654
Moved 104.9889 383.0241 243.7317 0.03997244 0.01619657
Moved 105.0083 359.6046 244 -0.0006865337 0.01736111
Moved 105.0225 333.2501 244 -0.04644081 0.01736111
Moved 105.0531 294.5879 244 -0.1135628 0.01736111
Moved 105.0681 279 244 -0.140625 0.01736111
Moved 105.0829 262.1154 244 -0.1699385 0.01736111
Moved 105.1111 235.082 235.1431 -0.2168715 -0.02108058
Moved 105.1292 219.4942 235.2771 -0.2439337 -0.0204987
Moved 105.1465 209.1705 233.8815 -0.2618568 -0.02655612
Moved 105.1616 199.6074 234 -0.2784593 -0.02604154
Moved 105.1733 191.7325 233 -0.2921312 -0.03038195
Moved 105.1919 182.3283 231.7612 -0.3084578 -0.03575842
Moved 105.2044 172.7135 231.3877 -0.3251501 -0.03737967
Moved 105.2161 163.3251 230.2583 -0.3414495 -0.04228168
Stationary 105.2275 163.3251 230.2583 -0.3414495 -0.04228168
Moved 105.241 151.6223 228.958 -0.3617669 -0.04792519
Moved 105.257 144.9503 227.5901 -0.3733502 -0.05386234
Moved 105.2727 138.7993 228 -0.384029 -0.05208334
Moved 105.2879 134.4304 228 -0.3916138 -0.05208334
Moved 105.3086 128.1333 228 -0.4025464 -0.05208334
Stationary 105.3203 128.1333 228 -0.4025464 -0.05208334
Moved 105.3373 126.6982 228 -0.4050379 -0.05208334
Moved 105.3498 125.6973 228 -0.4067755 -0.05208334
Moved 105.3646 124.2406 228 -0.4093045 -0.05208334
Moved 105.3804 123.5 228 -0.4105903 -0.05208334
Stationary 105.3995 123.5 228 -0.4105903 -0.05208334
Moved 105.4123 124 228 -0.4097222 -0.05208334
Stationary 105.4308 124 228 -0.4097222 -0.05208334
Moved 105.4417 137.7377 213.2318 -0.3858721 -0.1161814
Moved 105.4573 147.1313 202.0763 -0.3695638 -0.1645994
Moved 105.4727 157.8977 188.8779 -0.3508721 -0.2218839
Moved 105.493 169 175 -0.3315972 -0.282118
Moved 105.5068 176.2515 164.9979 -0.3190078 -0.3255299
Moved 105.5198 183.2388 156.5134 -0.306877 -0.3623548
Moved 105.5346 187.8769 151.4974 -0.2988248 -0.3841257
Moved 105.5556 192.3712 145.2576 -0.2910222 -0.4112084
Stationary 105.5678 192.3712 145.2576 -0.2910222 -0.4112084
Moved 105.5808 194.597 144.7015 -0.287158 -0.4136217
Moved 105.5972 197.5794 144 -0.2819802 -0.4166666
Moved 105.612 200.3392 144 -0.2771888 -0.4166666
Moved 105.628 206 144 -0.2673611 -0.4166666
Moved 105.6479 223.3502 158.6787 -0.2372393 -0.352957
Stationary 105.6613 223.3502 158.6787 -0.2372393 -0.352957
Moved 105.6765 233.5794 168.1846 -0.2194802 -0.3116987
Moved 105.6893 241.8064 176.6359 -0.2051972 -0.275018
Moved 105.7067 259.1296 190.6732 -0.1751222 -0.214092
Moved 105.7231 269.8978 199.8093 -0.1564275 -0.1744386
Moved 105.7376 283.197 210.3575 -0.1333386 -0.1286564
Moved 105.7652 310.1877 231.8126 -0.08647968 -0.0355355
Moved 105.7828 321.5247 239.3279 -0.06679747 -0.002917052
Moved 105.7984 331.1157 246.2255 -0.05014632 0.02702038
Moved 105.8215 355.9238 262.3723 -0.007076674 0.0971018
Moved 105.8359 370.0075 273.406 0.01737423 0.1449912
Moved 105.849 384.8354 284.4683 0.04311696 0.1930049
Stationary 105.8622 384.8354 284.4683 0.04311696 0.1930049
Moved 105.8745 396.4832 292.302 0.06333895 0.2270054
Moved 105.8894 408.9985 300.6657 0.08506694 0.2633061
Moved 105.9062 415.1782 305.3425 0.09579547 0.2836047
Moved 105.9208 419.7727 307.8864 0.1037721 0.2946457
Moved 105.9397 423.9302 310.6202 0.11099 0.3065113
Moved 105.9525 425.3932 311.6966 0.1135299 0.3111832
Moved 105.9721 428.4553 313 0.1188459 0.3168403
Stationary 105.9849 428.4553 313 0.1188459 0.3168403
Moved 105.9976 429.8513 314 0.1212697 0.3211807
Moved 106.0131 434.9856 315.2464 0.1301833 0.3265903
Ended 106.0294 434.9856 315.2464 0.1301833 0.3265903
Began 106.3534 279 252 -0.140625 0.05208334
Stationary 106.3876 279 252 -0.140625 0.05208334
Stationary 106.401 279 252 -0.140625 0.05208334
Stationary 106.4157 279 252 -0.140625 0.05208334
Stationary 106.4289 279 252 -0.140625 0.05208334
Moved 106.4457 288.4096 252 -0.1242889 0.05208334
Moved 106.465 292.5 252 -0.1171875 0.05208334
Moved 106.48 305.5345 262.4553 -0.09455808 0.09746208
Stationary 106.4941 305.5345 262.4553 -0.09455808 0.09746208
Moved 106.5108 321.546 265.182 -0.06676038 0.1092969
Stationary 106.5238 321.546 265.182 -0.06676038 0.1092969
Moved 106.537 328.3464 266.4693 -0.0549541 0.1148843
Moved 106.5535 335.1991 270.0663 -0.04305717 0.1304963
Moved 106.569 343.5121 272.8373 -0.02862491 0.1425232
Moved 106.5839 351.8315 276.9158 -0.0141814 0.1602247
Moved 106.5989 364.865 281.746 0.008446127 0.1811893
Moved 106.6143 374.4396 286.2198 0.02506882 0.2006071
Moved 106.6332 384.1638 288.9039 0.04195102 0.2122567
Moved 106.6455 393.708 292.5155 0.05852088 0.2279319
Moved 106.6665 414.6791 299.8038 0.09492904 0.259565
Moved 106.6803 425.1999 302.3 0.1131943 0.2703994
Stationary 106.6932 425.1999 302.3 0.1131943 0.2703994
Moved 106.7062 436.226 305.0565 0.1323368 0.2823634
Moved 106.7221 445.8788 307.8225 0.1490952 0.2943686
Moved 106.7428 465.2748 311.3643 0.1827689 0.3097407
Moved 106.7634 474.5 311 0.1987847 0.3081597
Moved 106.777 481.6773 312 0.2112454 0.3125001
Moved 106.8065 496.2025 312 0.2364626 0.3125001
Moved 106.8218 502.2937 312 0.2470377 0.3125001
Moved 106.8402 506.6472 312 0.2545958 0.3125001
Moved 106.854 510.2184 312 0.2607957 0.3125001
Moved 106.8708 511.9959 312 0.2638818 0.3125001
Moved 106.8835 514.0721 312 0.2674863 0.3125001
Moved 106.901 515.436 312 0.2698542 0.3125001
Stationary 106.914 515.436 312 0.2698542 0.3125001
Stationary 106.9247 515.436 312 0.2698542 0.3125001
Moved 106.9382 516 312 0.2708333 0.3125001
Moved 106.9538 517 312 0.2725694 0.3125001
Stationary 106.9688 517 312 0.2725694 0.3125001
Moved 106.9873 517 303.7403 0.2725694 0.2766508
Moved 107.0003 517 300.5 0.2725694 0.2625868
Moved 107.0185 510.0497 295.1387 0.2605028 0.2393172
Moved 107.0317 499.8841 289.3624 0.2428544 0.2142464
Moved 107.0478 484.5 281 0.2161458 0.1779514
Moved 107.0616 469.835 276.3036 0.1906857 0.1575678
Moved 107.0763 453.1709 270.7236 0.1617551 0.1333492
Moved 107.0915 435.5703 265.1901 0.1311985 0.1093322
Moved 107.109 418.8808 260.7202 0.1022235 0.0899315
Moved 107.1224 408.6998 257.6099 0.0845483 0.0764321
Moved 107.1503 382.4558 251.0651 0.03898583 0.04802545
Moved 107.1647 370.1587 248.3687 0.01763657 0.03632228
Moved 107.1781 361.0847 247.2979 0.00188306 0.03167484
Moved 107.1908 353.532 244.8127 -0.01122918 0.02088865
Stationary 107.2039 353.532 244.8127 -0.01122918 0.02088865
Moved 107.2181 346.5752 245 -0.02330702 0.02170139
Moved 107.2321 341.5 243.5 -0.03211804 0.01519097
Moved 107.2516 337.2601 244 -0.03947907 0.01736111
Moved 107.2676 330.6318 244 -0.05098649 0.01736111
Stationary 107.2807 330.6318 244 -0.05098649 0.01736111
Moved 107.2993 328.7756 244 -0.05420908 0.01736111
Moved 107.3121 329 251.6162 -0.05381946 0.05041759
Stationary 107.3241 329 251.6162 -0.05381946 0.05041759
Ended 107.3381 329 257.5 -0.05381946 0.07595487
PhraseEnd 108.2577
