the power of denial
Basic
0.6 0.6
432 326.4
Began 964.363 340 414  -0.0462963 0.140931
Stationary 964.429 340 414  -0.0462963 0.140931
Stationary 964.49 340 414  -0.0462963 0.140931
Stationary 964.552 340 414  -0.0462963 0.140931
Moved 964.613 323.185 414  -0.0852195 0.140931
Moved 964.677 316.581 422.419  -0.100506 0.166724
Moved 964.74 316 424  -0.101852 0.171569
Moved 964.808 334.389 425  -0.0592848 0.174632
Moved 964.872 371.776 400.589  0.0272595 0.0998423
Moved 964.938 395.828 383.379  0.0829361 0.0471162
Moved 965.002 410.558 364.662  0.117033 -0.0102255
Moved 965.063 414 354.993  0.125 -0.0398502
Moved 965.127 401.871 354  0.0969243 -0.0428921
Moved 965.188 356.175 386.097  -0.00885442 0.055444
Moved 965.252 312.639 420.907  -0.109631 0.162093
Moved 965.342 284.532 453.467  -0.174693 0.261849
Moved 965.4 274.441 467.559  -0.198053 0.305021
Moved 965.46 272.885 471.115  -0.201655 0.315916
Ended 965.523 273 472  -0.201389 0.318628
Began 965.793 560 376  0.462963 0.0245097
Stationary 965.864 560 376  0.462963 0.0245097
Moved 965.924 531.285 380.345  0.396492 0.0378206
Moved 965.99 494.476 395.075  0.311288 0.0829497
Moved 966.054 451.556 408.916  0.211936 0.125357
Moved 966.116 407.342 419.664  0.109588 0.158286
Moved 966.177 377.878 430.061  0.0413849 0.190137
Moved 966.244 346.5 439  -0.03125 0.217525
Moved 966.32 299.469 450.152  -0.140117 0.25169
Moved 966.384 258.465 457.634  -0.235036 0.274614
Moved 966.45 243.747 460  -0.269103 0.281863
Moved 966.51 224.27 463.288  -0.314189 0.291937
Moved 966.569 205.388 465  -0.357897 0.297181
Moved 966.632 197.961 467  -0.37509 0.303309
Moved 966.717 196 471.5  -0.37963 0.317096
Moved 966.779 228.591 481.118  -0.304188 0.346563
Moved 966.839 256.045 484  -0.240636 0.355392
Moved 966.904 275.592 484  -0.19539 0.355392
Moved 966.966 285.999 484  -0.171299 0.355392
Moved 967.029 295 484  -0.150463 0.355392
Ended 967.09 297 484  -0.145833 0.355392
Began 967.349 483 407  0.284722 0.119485
Stationary 967.412 483 407  0.284722 0.119485
Moved 967.471 469.5 407  0.253472 0.119485
Moved 967.534 456.259 407  0.222821 0.119485
Moved 967.595 420.995 388.623  0.141191 0.0631832
Moved 967.658 364.556 360.94  0.010546 -0.0216313
Moved 967.74 313.774 338.387  -0.107004 -0.0907257
Moved 967.803 304.863 337  -0.127631 -0.0949754
Moved 967.867 304 337  -0.12963 -0.0949754
Ended 967.926 304 337  -0.12963 -0.0949754
Began 968.218 283 338  -0.178241 -0.0919118
Stationary 968.288 283 338  -0.178241 -0.0919118
Moved 968.371 253.708 373.584  -0.246046 0.0171075
Moved 968.432 251 417.292  -0.252315 0.151017
Moved 968.494 266.484 442.979  -0.216472 0.229714
Moved 968.555 282.379 457.586  -0.179678 0.274467
Moved 968.615 316.829 465  -0.0999337 0.297181
Moved 968.676 347.316 444.684  -0.0293615 0.234939
Moved 968.739 372.907 377.463  0.0298783 0.0289916
Moved 968.798 386.356 302.746  0.0610091 -0.199921
Moved 968.861 395.291 255.772  0.0816926 -0.343836
Moved 968.923 399.852 244.148  0.0922495 -0.379448
Moved 969.007 421.672 277.078  0.142759 -0.278559
Moved 969.071 445.782 360.839  0.19857 -0.0219407
Moved 969.136 454 444.162  0.217593 0.233338
Moved 969.197 441.795 477.257  0.189339 0.334733
Moved 969.26 398.969 493.253  0.0902063 0.38374
Moved 969.323 317.928 475.901  -0.0973886 0.330579
Moved 969.399 229.953 432.687  -0.301035 0.198185
Moved 969.466 199.595 412.595  -0.371308 0.136627
Moved 969.53 188.991 401.991  -0.395854 0.10414
Moved 969.597 187 386  -0.400463 0.0551471
Moved 969.693 285.806 344.213  -0.171745 -0.0728773
Moved 969.753 358.099 344  -0.00440116 -0.0735294
Moved 969.823 422.5 362  0.144676 -0.0183823
Moved 969.886 464.631 368  0.242202 0
Moved 969.947 482.833 370  0.284335 0.00612745
Ended 970.011 494.161 370  0.310559 0.00612745
PhraseEnd 970.867
