the quick brown fox jumps over the lazy dog
Basic
0.8 0.8
576 435.2
Began 767.994 343 500  -0.0295139 0.303309
Stationary 768.052 343 500  -0.0295139 0.303309
Stationary 768.106 343 500  -0.0295139 0.303309
Stationary 768.164 343 500  -0.0295139 0.303309
Stationary 768.215 343 500  -0.0295139 0.303309
Stationary 768.266 343 500  -0.0295139 0.303309
Moved 768.319 357 476.5  -0.00520833 0.249311
Moved 768.371 386.01 424.98  0.0451564 0.130928
Moved 768.425 415.396 363.209  0.0961732 -0.0110098
Moved 768.477 424.349 344.976  0.111718 -0.0529045
Moved 768.53 427 337.801  0.116319 -0.0693911
Moved 768.58 427 337  0.116319 -0.0712316
Moved 768.628 378.142 364.287  0.0314958 -0.00853258
Moved 768.677 328.124 402.769  -0.0553408 0.0798916
Moved 768.729 281.548 449.945  -0.136201 0.188293
Moved 768.779 259.097 474.537  -0.175179 0.244801
Moved 768.829 249.101 485.899  -0.192534 0.270908
Ended 768.91 245 492.5  -0.199653 0.286075
Began 769.117 137 438  -0.387153 0.160846
Moved 769.169 152.517 438  -0.360213 0.160846
Moved 769.228 238.5 438  -0.210938 0.160846
Moved 769.277 320.702 438  -0.0682265 0.160846
Moved 769.331 422.681 457.129  0.108821 0.204801
Moved 769.391 459.962 464  0.173544 0.220588
Moved 769.442 462.085 464  0.17723 0.220588
Moved 769.495 387.551 387.472  0.0478309 0.0447427
Moved 769.547 321.654 326.875  -0.0665736 -0.0944973
Moved 769.599 287.262 282.638  -0.126282 -0.196143
Moved 769.659 265.67 241.339  -0.163768 -0.29104
Moved 769.709 262 224.086  -0.170139 -0.330685
Moved 769.759 262 218.587  -0.170139 -0.34332
Moved 769.808 308.518 234.203  -0.0893779 -0.307437
Moved 769.859 381.795 285.45  0.0378386 -0.189683
Moved 769.909 428.253 336.566  0.118495 -0.0722287
Moved 769.959 449.739 359.739  0.155798 -0.0189814
Moved 770.008 462.655 373.483  0.178221 0.0125988
Moved 770.057 470.629 380.629  0.192064 0.0290183
Moved 770.105 475.769 386  0.200987 0.0413603
Ended 770.18 481.002 387  0.210074 0.0436581
Began 770.574 390 246  0.0520834 -0.280331
Stationary 770.632 390 246  0.0520834 -0.280331
Stationary 770.682 390 246  0.0520834 -0.280331
Stationary 770.734 390 246  0.0520834 -0.280331
Moved 770.787 377.112 264.777  0.0297079 -0.237186
Moved 770.838 361.117 290.324  0.00193946 -0.178483
Moved 770.896 333.846 336.077  -0.0454061 -0.0733523
Moved 770.952 314.779 378.553  -0.0785094 0.0242498
Moved 771.011 293.334 427.441  -0.115739 0.136584
Moved 771.064 288 454.196  -0.125 0.198061
Moved 771.115 288 466.604  -0.125 0.226572
Moved 771.169 293.692 476.135  -0.115118 0.248471
Moved 771.222 327.799 492.675  -0.0559047 0.286477
Moved 771.283 408.676 502.421  0.0845068 0.308871
Moved 771.332 474.423 503  0.19865 0.310202
Moved 771.382 520 503  0.277778 0.310202
Moved 771.432 555.621 503  0.339619 0.310202
Moved 771.485 563 503  0.352431 0.310202
Moved 771.565 555.628 488.206  0.339632 0.276209
Moved 771.614 484.5 475.5  0.216146 0.247013
Moved 771.668 344.459 475  -0.0269803 0.245864
Moved 771.72 285.199 485.134  -0.129863 0.269149
Moved 771.775 230.864 489.305  -0.224194 0.278734
Moved 771.828 212.239 491  -0.256529 0.282629
Moved 771.879 206.5 491  -0.266493 0.282629
Moved 771.935 205.985 491  -0.267387 0.282629
Moved 771.99 243.245 466.639  -0.2027 0.226653
Moved 772.041 301.085 418.118  -0.102283 0.115162
Moved 772.116 391.596 340.723  0.0548539 -0.0626761
Moved 772.182 431.883 297.94  0.124797 -0.160983
Moved 772.231 456.086 268.552  0.166816 -0.228511
Moved 772.28 462.495 259.011  0.177942 -0.250434
Moved 772.34 465.345 254.655  0.182891 -0.260444
Moved 772.387 467.871 254  0.187276 -0.261948
Ended 772.437 468.5 254  0.188368 -0.261948
Began 772.881 342 364  -0.03125 -0.00919111
Stationary 772.947 342 364  -0.03125 -0.00919111
Stationary 772.996 342 364  -0.03125 -0.00919111
Stationary 773.049 342 364  -0.03125 -0.00919111
Stationary 773.099 342 364  -0.03125 -0.00919111
Moved 773.149 369.17 386.24  0.0159192 0.0419111
Moved 773.202 430.355 417.765  0.122144 0.114351
Moved 773.251 481.601 440.167  0.211112 0.165825
Moved 773.303 523.119 456.294  0.283192 0.202882
Moved 773.364 556.021 471.009  0.340315 0.236693
Moved 773.418 566.5 476  0.358507 0.248162
Moved 773.469 567 477  0.359375 0.25046
Moved 773.524 450.224 399.283  0.156638 0.0718827
Moved 773.579 387.088 348.573  0.0470275 -0.0446388
Moved 773.633 327.33 287.163  -0.0567184 -0.185746
Moved 773.693 290.317 242.037  -0.120977 -0.289437
Moved 773.742 280.5 229.5  -0.138021 -0.318244
Moved 773.796 276 224.364  -0.145833 -0.330046
Moved 773.948 266 219.204  -0.163194 -0.341902
Moved 774.012 262 219  -0.170139 -0.342371
Moved 774.07 259.88 218  -0.173819 -0.344669
Ended 774.124 260 218  -0.173611 -0.344669
Began 774.635 509 358  0.258681 -0.0229779
Stationary 774.693 509 358  0.258681 -0.0229779
Stationary 774.746 509 358  0.258681 -0.0229779
Moved 774.798 509 396.31  0.258681 0.0650514
Moved 774.85 509 444.786  0.258681 0.176438
Moved 774.9 498.205 478.077  0.239939 0.252935
Moved 774.949 486.857 495.143  0.220238 0.292149
Moved 775 468.122 510.439  0.187712 0.327295
Moved 775.05 455.279 514  0.165414 0.335478
Moved 775.099 444.493 514  0.14669 0.335478
Moved 775.149 427.927 450.205  0.117929 0.18889
Moved 775.202 426 330.334  0.114583 -0.08655
Moved 775.254 441.407 267.967  0.141331 -0.229855
Moved 775.303 451.538 235.924  0.15892 -0.303484
Moved 775.361 462.023 222.989  0.177123 -0.333206
Moved 775.418 471.614 220  0.193774 -0.340074
Moved 775.468 493.632 259.639  0.231999 -0.24899
Moved 775.545 546.318 413.217  0.323469 0.1039
Moved 775.595 561.217 458.653  0.349336 0.208301
Moved 775.644 572.589 506.297  0.369077 0.317778
Moved 775.693 574 524.324  0.371528 0.359202
Moved 775.743 569.934 530.581  0.364469 0.373577
Moved 775.794 546.269 532  0.323385 0.376838
Moved 775.844 450.157 489.506  0.156523 0.279197
Moved 775.898 401.724 468.257  0.0724369 0.23037
Moved 775.952 325.145 435.902  -0.0605115 0.156025
Moved 776.004 281.392 420.918  -0.136473 0.121593
Moved 776.083 232.263 405.066  -0.221765 0.0851696
Moved 776.135 219.906 402  -0.243219 0.078125
Moved 776.186 218 401  -0.246528 0.0758272
Ended 776.237 218 401  -0.246528 0.0758272
Began 776.618 546 475  0.322917 0.245864
Stationary 776.677 546 475  0.322917 0.245864
Stationary 776.727 546 475  0.322917 0.245864
Moved 776.782 520.879 457.727  0.279303 0.206175
Moved 776.837 498 444  0.239583 0.174632
Moved 776.891 456.682 413.146  0.167851 0.103736
Moved 776.944 416.988 371.358  0.0989373 0.00771677
Moved 777.002 380.522 311.14  0.0356292 -0.130652
Moved 777.052 367.282 278.565  0.0126429 -0.205504
Moved 777.101 361.959 258.793  0.00340052 -0.250934
Moved 777.152 356.439 241.878  -0.0061826 -0.289803
Moved 777.204 354.677 237.677  -0.00924144 -0.299456
Moved 777.259 353.719 234.719  -0.0109042 -0.306252
Moved 777.312 354 233.5  -0.0104167 -0.309053
Moved 777.365 353 232.74  -0.0121528 -0.3108
Moved 777.418 352 233  -0.0138889 -0.310202
Moved 777.503 313.301 279.587  -0.0810752 -0.203156
Moved 777.553 279.872 347.196  -0.139111 -0.047803
Moved 777.602 263.015 402.269  -0.168377 0.0787442
Moved 777.652 251.075 443.163  -0.189106 0.172709
Moved 777.707 239.737 476.157  -0.20879 0.248523
Moved 777.762 233.261 492.218  -0.220034 0.285428
Moved 777.817 228.052 502.895  -0.229076 0.309962
Moved 777.87 226.5 506.5  -0.231771 0.318245
Moved 777.922 227 509.359  -0.230903 0.324814
Moved 777.977 227 512.422  -0.230903 0.331852
Moved 778.063 253.375 515  -0.185112 0.337776
Moved 778.109 264.953 515  -0.165013 0.337776
Moved 778.155 273.618 515  -0.149968 0.337776
Moved 778.201 278.448 515  -0.141583 0.337776
Moved 778.247 280 506.348  -0.138889 0.317894
Moved 778.298 282.358 508  -0.134795 0.321691
Ended 778.353 287 507  -0.126736 0.319393
Began 778.645 365 486  0.00868052 0.27114
Stationary 778.717 365 486  0.00868052 0.27114
Moved 778.768 371.739 480.01  0.0203805 0.257375
Moved 778.824 388.644 462.356  0.0497301 0.216809
Moved 778.876 407.194 440.741  0.0819337 0.167145
Moved 778.928 421.679 417.643  0.107081 0.114069
Moved 778.979 434 396.5  0.128472 0.0654872
Moved 779.029 436 385.5  0.131944 0.0402114
Moved 779.082 436 377.571  0.131944 0.0219919
Moved 779.132 436 372.5  0.131944 0.0103401
Moved 779.182 375.642 395.228  0.0271561 0.0625641
Moved 779.235 323.565 432.771  -0.0632556 0.148829
Moved 779.291 270.724 475.457  -0.154992 0.246913
Moved 779.342 251.163 488.502  -0.188953 0.27689
Moved 779.394 235.577 499.423  -0.216012 0.301983
Moved 779.448 231.5 502  -0.22309 0.307905
Ended 779.5 232 504.216  -0.222222 0.312996
Began 779.784 555 335  0.338542 -0.0758272
Stationary 779.848 555 335  0.338542 -0.0758272
Stationary 779.897 555 335  0.338542 -0.0758272
Stationary 779.946 555 335  0.338542 -0.0758272
Moved 779.999 526.469 335  0.289009 -0.0758272
Moved 780.055 453.377 347.793  0.162112 -0.0464303
Moved 780.108 344.42 359.137  -0.0270482 -0.0203644
Moved 780.16 267.278 361.915  -0.160975 -0.0139825
Moved 780.214 212.506 366.437  -0.256066 -0.00359199
Moved 780.268 188.826 369.235  -0.297178 0.00283767
Moved 780.323 166.077 371.731  -0.336671 0.00857227
Moved 780.376 157.274 372  -0.351955 0.00919125
Moved 780.429 153.5 372  -0.358507 0.00919125
Moved 780.48 153 372  -0.359375 0.00919125
Moved 780.537 176.222 322.945  -0.319059 -0.103527
Moved 780.597 190.699 270.808  -0.293926 -0.223326
Moved 780.652 194 249.262  -0.288195 -0.272836
Moved 780.732 198 232.874  -0.28125 -0.310492
Moved 780.785 200 229.289  -0.277778 -0.31873
Moved 780.837 202.53 225.47  -0.273385 -0.327505
Moved 780.887 209.092 224  -0.261993 -0.330882
Moved 780.94 226.067 245.401  -0.232522 -0.281707
Moved 780.992 261.76 311.52  -0.170555 -0.129778
Moved 781.045 299.784 385.567  -0.104542 0.0403663
Moved 781.098 327.831 427.747  -0.0558485 0.137286
Moved 781.15 354.32 469.15  -0.00986103 0.232422
Moved 781.203 366.889 488.518  0.0119597 0.276926
Moved 781.28 376.5 506  0.0286458 0.317096
Moved 781.336 383.757 515.757  0.0412444 0.339515
Moved 781.389 386 519  0.0451389 0.346967
Ended 781.44 388.5 520  0.0494792 0.349265
Began 781.766 259 356  -0.175347 -0.0275735
Stationary 781.83 259 356  -0.175347 -0.0275735
Stationary 781.881 259 356  -0.175347 -0.0275735
Moved 781.933 273.637 370.637  -0.149936 0.00605934
Moved 781.985 296.01 390.009  -0.111093 0.0505711
Moved 782.039 344.082 422.041  -0.0276348 0.124175
Moved 782.092 384.833 445.417  0.0431132 0.177887
Moved 782.145 424.179 463.442  0.111422 0.219307
Moved 782.202 475.732 481.352  0.200923 0.260459
Moved 782.261 505.544 489.909  0.25268 0.280121
Moved 782.311 522.14 494.047  0.281493 0.289629
Moved 782.364 531.252 495  0.297312 0.29182
Moved 782.415 532 495  0.298611 0.29182
Moved 782.469 505.774 473.038  0.25308 0.241356
Moved 782.524 459.896 448.798  0.173431 0.185658
Moved 782.577 392.179 410.786  0.0558665 0.0983136
Moved 782.631 357.761 387.829  -0.00388756 0.0455632
Moved 782.697 339.683 373.683  -0.0352728 0.0130581
Moved 782.754 332.286 370  -0.0481152 0.00459559
Ended 782.845 332 370  -0.0486111 0.00459559
PhraseEnd 783.677
