the world is a stage
Basic
0.8 0.8
575.9999 230.4
Began 191.7924 333 341 -0.046875 0.4383681
Stationary 191.8205 333 341 -0.046875 0.4383681
Stationary 191.8398 333 341 -0.046875 0.4383681
Stationary 191.8567 333 341 -0.046875 0.4383681
Stationary 191.8744 333 341 -0.046875 0.4383681
Stationary 191.893 333 341 -0.046875 0.4383681
Stationary 191.9107 333 341 -0.046875 0.4383681
Stationary 191.9288 333 341 -0.046875 0.4383681
Stationary 191.9465 333 341 -0.046875 0.4383681
Stationary 191.9683 333 341 -0.046875 0.4383681
Stationary 191.9859 333 341 -0.046875 0.4383681
Stationary 192.0046 333 341 -0.046875 0.4383681
Stationary 192.0262 333 341 -0.046875 0.4383681
Moved 192.0556 345.4126 325.4499 -0.02532542 0.3708763
Moved 192.076 349.5 321.5 -0.01822915 0.3537328
Moved 192.0961 361.1709 311.8291 0.002032816 0.3117584
Moved 192.116 369.3928 304.6072 0.01630694 0.2804134
Moved 192.136 375.9115 298.907 0.02762422 0.255673
Moved 192.1552 390.5 287 0.05295143 0.2039932
Moved 192.1737 399.4963 280.3358 0.06857 0.1750687
Moved 192.193 406.532 274.7744 0.08078472 0.1509305
Moved 192.2134 412.7615 270.9289 0.09159982 0.13424
Moved 192.2321 426.293 260.1656 0.115092 0.08752453
Moved 192.2605 429.5674 257.8245 0.1207767 0.07736313
Moved 192.2803 436.5784 248.4216 0.1329486 0.03655222
Moved 192.2984 438.3261 245.6738 0.1359829 0.02462612
Moved 192.3172 440.0416 241.8751 0.1389612 0.008138551
Moved 192.3365 440 240.5741 0.1388889 0.002491872
Moved 192.3582 440 239.1124 0.1388889 -0.003852315
Moved 192.3767 428.8415 239 0.1195166 -0.004340146
Moved 192.3948 415.8707 243.9034 0.09699777 0.01694203
Moved 192.4136 400.0071 251.9971 0.06945677 0.05207075
Moved 192.4321 386.1747 260.2952 0.04544221 0.0880868
Moved 192.4704 352 277 -0.01388889 0.1605903
Moved 192.4892 342.5834 282.4073 -0.03023714 0.1840597
Moved 192.5096 319.4956 294.0733 -0.07032015 0.2346932
Moved 192.5336 308.0871 299.6956 -0.09012662 0.2590953
Moved 192.5524 297.0195 304.3677 -0.1093412 0.2793736
Moved 192.5715 279.6559 311.7814 -0.1394864 0.3115512
Moved 192.5902 272.3752 314.8392 -0.1521265 0.3248232
Moved 192.6087 261.4532 317.6367 -0.1710882 0.336965
Moved 192.6265 250.1235 320.6967 -0.1907579 0.3502459
Moved 192.6454 239.3476 323.1631 -0.209466 0.3609509
Moved 192.685 217.065 328.2338 -0.248151 0.3829591
Moved 192.7045 210.5 329.5 -0.2595486 0.388455
Moved 192.7269 197.5933 332.1017 -0.281956 0.3997469
Moved 192.7469 193.5716 332 -0.2889383 0.3993056
Moved 192.7664 189.4876 333 -0.2960285 0.4036459
Moved 192.7862 187.7844 334.2156 -0.2989854 0.4089218
Moved 192.8055 184.0169 334.9831 -0.3055262 0.412253
Moved 192.8245 182.9758 335 -0.3073337 0.4123264
Stationary 192.843 182.9758 335 -0.3073337 0.4123264
Ended 192.8617 183 341 -0.3072917 0.4383681
Began 193.1303 167 307 -0.3350694 0.2907986
Stationary 193.1587 167 307 -0.3350694 0.2907986
Stationary 193.1776 167 307 -0.3350694 0.2907986
Stationary 193.1969 167 307 -0.3350694 0.2907986
Stationary 193.2162 167 307 -0.3350694 0.2907986
Moved 193.2354 195.826 307 -0.2850243 0.2907986
Moved 193.2557 212.7289 307 -0.2556791 0.2907986
Moved 193.2752 226.6727 307 -0.2314711 0.2907986
Moved 193.3016 261.6942 307 -0.1706697 0.2907986
Moved 193.3228 280.1237 300 -0.1386742 0.2604167
Moved 193.3418 318.5 300 -0.0720486 0.2604167
Moved 193.3618 331.6338 299 -0.04924696 0.2560765
Moved 193.3816 349.4501 299 -0.01831573 0.2560765
Moved 193.4011 367.377 299 0.0128074 0.2560765
Moved 193.4271 402.066 299 0.07303127 0.2560765
Moved 193.446 418.3515 306.4835 0.1013047 0.2885571
Moved 193.4701 439.3389 309.9265 0.1377411 0.3035007
Moved 193.4899 452.8413 312.5682 0.1611829 0.3149663
Moved 193.511 476.346 317.0989 0.2019896 0.3346307
Moved 193.5305 483.2034 317 0.2138948 0.3342015
Moved 193.5491 489.3123 318.8281 0.2245006 0.3421357
Moved 193.5675 492.3994 319 0.2298601 0.342882
Moved 193.5853 495 319 0.234375 0.342882
Moved 193.6041 496 319 0.2361111 0.342882
Moved 193.6322 497.4438 319 0.2386178 0.342882
Stationary 193.6516 497 319 0.2378472 0.342882
Stationary 193.669 497 319 0.2378472 0.342882
Moved 193.6859 484.1021 319 0.2154552 0.342882
Moved 193.7048 473.6719 310.7375 0.1973471 0.3070206
Moved 193.7291 421.5891 305.1889 0.1069256 0.282938
Moved 193.7479 396.4943 305 0.0633581 0.2821182
Moved 193.7662 377.5 305 0.03038198 0.2821182
Moved 193.7848 358.6629 305 -0.002321415 0.2821182
Moved 193.8038 328 315.5 -0.05555556 0.327691
Moved 193.8321 308.7309 316.2115 -0.08900881 0.3307789
Moved 193.8522 274.5 319.5 -0.1484375 0.3450521
Moved 193.8704 264.7751 320.8893 -0.165321 0.351082
Moved 193.8885 257.6694 321 -0.1776572 0.3515625
Moved 193.9064 252.4215 321 -0.1867682 0.3515625
Moved 193.9242 248.9495 322.0253 -0.192796 0.3560125
Moved 193.9434 244.5261 322 -0.2004756 0.3559029
Moved 193.9604 243.1431 323 -0.2028765 0.3602431
Stationary 193.9784 243 323 -0.203125 0.3602431
Moved 193.9966 243 324 -0.203125 0.3645835
Moved 194.0284 259.7373 324 -0.1740672 0.3645835
Moved 194.0519 295.4922 315.7539 -0.1119927 0.328793
Moved 194.0717 318.2891 309.1777 -0.07241476 0.3002506
Moved 194.0941 338.7608 305.2479 -0.03687359 0.283194
Moved 194.1188 377 296.5 0.02951391 0.2452258
Moved 194.1372 390.3993 295.0155 0.05277664 0.2387825
Moved 194.1596 424.6657 288.889 0.1122668 0.2121922
Moved 194.1796 441.4801 286.0867 0.1414585 0.200029
Moved 194.1994 451.1161 282.2526 0.1581877 0.183388
Moved 194.2171 464.6451 279.471 0.1816754 0.1713153
Moved 194.2444 481.2332 273.9067 0.2104744 0.1471647
Moved 194.2621 489.1652 272.1339 0.2242452 0.1394701
Moved 194.2796 495.1284 270.3743 0.234598 0.131833
Moved 194.2963 500.6171 268.1915 0.244127 0.1223588
Moved 194.314 510.0328 263.6448 0.2604737 0.102625
Moved 194.3314 513.121 260.879 0.265835 0.09062079
Moved 194.349 515.8848 259.5576 0.2706334 0.0848855
Moved 194.3671 517.8327 257.3346 0.2740152 0.0752371
Moved 194.3848 519.2128 257 0.2764112 0.07378473
Moved 194.4069 521 253.3579 0.2795139 0.05797718
Moved 194.4371 522 251.5641 0.2812501 0.05019148
Moved 194.4558 523.5 250.5 0.2838542 0.04557292
Moved 194.4753 524.098 251 0.2848924 0.04774293
Moved 194.494 524 250 0.2847222 0.04340278
Moved 194.5142 524 249 0.2847222 0.03906263
Moved 194.5334 524 247.6008 0.2847222 0.03298972
Moved 194.5537 524 246.2357 0.2847222 0.02706488
Moved 194.5738 518.7662 241.9532 0.2756358 0.008477636
Moved 194.5927 504.6145 237.2457 0.2510668 -0.01195444
Moved 194.6135 482.9016 231.7255 0.2133709 -0.03591379
Moved 194.6441 423.4322 229 0.1101252 -0.04774293
Moved 194.6756 373.067 232.702 0.02268575 -0.03167523
Moved 194.6948 355.0337 236.9138 -0.008622073 -0.01339489
Moved 194.7155 319.7805 243.3126 -0.06982551 0.01437757
Moved 194.7338 307.9529 245.6094 -0.09035953 0.02434625
Moved 194.7538 292.6952 248.2175 -0.1168486 0.03566636
Moved 194.7734 276 251 -0.1458333 0.04774293
Moved 194.7955 256.4548 253 -0.179766 0.05642362
Moved 194.8182 249.0485 254 -0.1926242 0.06076403
Moved 194.8381 237.3783 255 -0.2128849 0.06510431
Moved 194.871 231.2987 255.8506 -0.2234398 0.06879608
Moved 194.8912 228.5473 256 -0.2282164 0.06944445
Moved 194.9108 227.3878 256.6122 -0.2302295 0.07210136
Moved 194.9301 226 258.3772 -0.2326389 0.07976215
Moved 194.949 226 260.5289 -0.2326389 0.0891014
Ended 194.9679 226 266 -0.2326389 0.1128472
Began 195.2281 475 340 0.1996528 0.4340278
Stationary 195.2599 475 340 0.1996528 0.4340278
Stationary 195.2785 475 340 0.1996528 0.4340278
Stationary 195.2973 475 340 0.1996528 0.4340278
Stationary 195.316 475 340 0.1996528 0.4340278
Stationary 195.3351 475 340 0.1996528 0.4340278
Stationary 195.3537 475 340 0.1996528 0.4340278
Moved 195.3729 464.6947 340 0.1817616 0.4340278
Moved 195.3925 456.678 331.8926 0.1678438 0.3988396
Moved 195.4165 452.5091 330.5031 0.1606061 0.3928084
Moved 195.4364 439.6776 326.7355 0.1383291 0.3764564
Moved 195.4565 432 324 0.125 0.3645835
Moved 195.4801 420.8104 321.9368 0.1055735 0.3556284
Moved 195.5014 399.7556 317.0731 0.06902024 0.3345185
Moved 195.5207 388.3931 313.4644 0.04929364 0.3188557
Moved 195.5395 374.7469 308.0988 0.02560221 0.2955675
Moved 195.5588 356.4483 301.9458 -0.006166101 0.268862
Moved 195.5885 316.9288 287.6849 -0.07477646 0.2069659
Moved 195.6079 271.808 276.452 -0.1531111 0.1582119
Moved 195.6275 255.2112 272.3028 -0.1819251 0.140203
Moved 195.6481 241.2624 268.775 -0.2061417 0.1248912
Moved 195.6678 217.6397 261.8799 -0.2471534 0.09496477
Moved 195.6867 210.5 260 -0.2595486 0.08680556
Moved 195.7081 202.267 258.362 -0.273842 0.07969632
Moved 195.7282 192.6843 256.8121 -0.2904786 0.07296894
Moved 195.747 170.4426 252.0632 -0.3290928 0.05235779
Moved 195.7657 160.7278 250.6754 -0.3459587 0.0463344
Moved 195.802 150.7889 248.9297 -0.3632137 0.03875733
Moved 195.8228 144.0608 247.5304 -0.3748945 0.03268401
Moved 195.8406 143.1595 248 -0.3764593 0.03472222
Moved 195.8585 141.777 248 -0.3788594 0.03472222
Moved 195.8765 141 248 -0.3802084 0.03472222
Stationary 195.897 141 248 -0.3802084 0.03472222
Ended 195.9154 141 262.9777 -0.3802084 0.0997297
Began 196.226 148 260 -0.3680556 0.08680556
Stationary 196.2549 148 260 -0.3680556 0.08680556
Stationary 196.2731 148 260 -0.3680556 0.08680556
Ended 196.2946 148 260 -0.3680556 0.08680556
Began 196.7817 231 237 -0.2239584 -0.0130207
Stationary 196.8116 231 237 -0.2239584 -0.0130207
Stationary 196.8325 231 237 -0.2239584 -0.0130207
Stationary 196.8544 231 237 -0.2239584 -0.0130207
Stationary 196.8734 231 237 -0.2239584 -0.0130207
Stationary 196.8915 231 237 -0.2239584 -0.0130207
Moved 196.9104 248.8521 237 -0.1929651 -0.0130207
Moved 196.9293 259.2084 237 -0.1749853 -0.0130207
Moved 196.9494 280.4232 247.8352 -0.1381541 0.03400697
Moved 196.9692 291.7369 252.0264 -0.1185123 0.05219778
Moved 196.9892 302.5166 256.1722 -0.09979752 0.07019216
Moved 197.014 321.1198 263.4799 -0.06750029 0.1019094
Moved 197.0345 332 269 -0.04861113 0.1258681
Moved 197.0545 345.7212 278.3769 -0.02478965 0.1665664
Moved 197.0736 350.1826 281.455 -0.01704417 0.1799262
Moved 197.0936 354.3324 284.2216 -0.009839572 0.1919341
Moved 197.1133 356.9661 288.4492 -0.005267151 0.210283
Moved 197.1434 357 290.926 -0.005208328 0.221033
Stationary 197.1615 357 291 -0.005208328 0.2213542
Moved 197.1796 357 292 -0.005208328 0.2256946
Moved 197.1978 344.7352 292.4529 -0.02650138 0.2276604
Moved 197.2175 337.8271 293 -0.03849458 0.2300348
Moved 197.2396 320.6103 293 -0.06838497 0.2300348
Moved 197.2597 307.3701 293 -0.09137139 0.2300348
Moved 197.2783 294.8868 293 -0.1130438 0.2300348
Moved 197.2963 285.3827 293 -0.129544 0.2300348
Moved 197.3147 273.7133 293 -0.1498033 0.2300348
Moved 197.3447 252.5 280.5 -0.1866319 0.1757813
Moved 197.3645 229.2377 270.1296 -0.227018 0.130771
Moved 197.3848 219.5214 265.9377 -0.2438864 0.112577
Moved 197.4042 208.558 259.779 -0.2629202 0.08584633
Moved 197.4227 198.0976 252.3231 -0.2810806 0.05348577
Moved 197.4477 185.5495 242.5494 -0.3028656 0.01106527
Moved 197.4685 180.008 239.504 -0.3124861 -0.002152788
Moved 197.4873 175.6636 234.6636 -0.3200285 -0.02316144
Moved 197.5062 173.9575 232.9575 -0.3229904 -0.03056619
Stationary 197.5249 174 233 -0.3229167 -0.03038195
Moved 197.5534 174 226.4128 -0.3229167 -0.05897192
Moved 197.5713 190.5 221 -0.2942708 -0.08246528
Moved 197.5889 204.8924 215.2948 -0.2692841 -0.1072274
Moved 197.6063 224.675 209.8313 -0.2349393 -0.1309404
Moved 197.6244 273.3093 203.1942 -0.1505048 -0.1597475
Moved 197.642 294.8665 203 -0.1130789 -0.1605903
Moved 197.6595 315.5722 203 -0.07713166 -0.1605903
Moved 197.6768 333.3621 203 -0.04624643 -0.1605903
Moved 197.6961 350.1804 212.4386 -0.01704793 -0.1196242
Moved 197.7149 359.0659 212.6132 -0.001621768 -0.1188665
Moved 197.7461 375.8082 214 0.02744481 -0.1128471
Moved 197.7663 383.8495 215 0.04140548 -0.108507
Moved 197.7857 386.6199 216.3099 0.04621506 -0.1028215
Moved 197.8046 387.6846 216 0.04806348 -0.1041667
Moved 197.8251 388 217 0.04861109 -0.09982626
Moved 197.8472 388 219.9482 0.04861109 -0.0870302
Moved 197.8661 381.0732 222.5975 0.03658533 -0.07553154
Moved 197.8871 359.4183 236.101 -0.001009926 -0.01692282
Moved 197.9056 347.9394 242.0303 -0.02093859 0.008811952
Moved 197.9244 332.933 248.8486 -0.04699134 0.03840566
Moved 197.9536 312.4185 257.2908 -0.08260678 0.07504676
Moved 197.973 298.908 262.8368 -0.1060626 0.09911802
Moved 197.9921 286.2447 267.1888 -0.1280474 0.1180071
Moved 198.0136 265.5399 273.7029 -0.1639933 0.14628
Moved 198.0328 256.5703 277.4766 -0.1795654 0.1626588
Moved 198.0522 250.8513 279.6595 -0.1894943 0.1721333
Moved 198.0729 238 286.5 -0.2118056 0.2018231
Moved 198.0915 232.2272 289.7728 -0.2218278 0.2160279
Moved 198.1106 229.3847 292.6153 -0.2267627 0.2283649
Moved 198.129 229 298.4944 -0.2274306 0.2538819
Ended 198.158 229 302.5 -0.2274306 0.2712674
PhraseEnd 198.8791
