the quick brown fox jumps over the lazy dog
Basic
0.6 0.6
432 172.8
Began 321.3949 300 306 -0.1388889 0.3819445
Stationary 321.4221 300 306 -0.1388889 0.3819445
Stationary 321.4486 300 306 -0.1388889 0.3819445
Stationary 321.4752 300 306 -0.1388889 0.3819445
Stationary 321.5021 300 306 -0.1388889 0.3819445
Stationary 321.5289 300 306 -0.1388889 0.3819445
Stationary 321.5552 300 306 -0.1388889 0.3819445
Stationary 321.584 300 306 -0.1388889 0.3819445
Stationary 321.6107 300 306 -0.1388889 0.3819445
Stationary 321.6385 300 306 -0.1388889 0.3819445
Moved 321.6724 307.443 306 -0.1216597 0.3819445
Moved 321.7018 314.7861 301.2371 -0.1046619 0.3543815
Moved 321.7357 325.4189 292.2905 -0.08004889 0.3026072
Moved 321.7657 340.4379 283.7811 -0.04528259 0.2533627
Moved 321.799 362 274.5 0.004629592 0.199653
Moved 321.8389 387.8635 263.5682 0.06449888 0.1363903
Moved 321.8666 396.4063 258.7291 0.08427381 0.1083862
Moved 321.9256 402.2842 253.7158 0.09788006 0.07937396
Moved 321.9554 403 250.9595 0.09953707 0.06342305
Moved 321.9832 403 248.6106 0.09953707 0.04983002
Moved 322.0097 389.2152 249 0.06762773 0.05208351
Moved 322.0357 369.7883 256.1852 0.02265811 0.0936646
Moved 322.072 346.7198 267.1401 -0.03074114 0.1570608
Moved 322.0988 324.8427 276.9588 -0.08138254 0.213882
Moved 322.1277 314.7076 281.4528 -0.1048436 0.2398892
Moved 322.1555 299.1624 289.1026 -0.1408278 0.2841586
Moved 322.1833 285.4453 293.2773 -0.1725803 0.3083182
Moved 322.2286 265.3851 299.8074 -0.2190159 0.346108
Moved 322.2569 256.6778 302.6611 -0.2391718 0.362622
Moved 322.2856 252.5747 304.4254 -0.2486698 0.3728319
Moved 322.322 251 304.8969 -0.2523148 0.3755605
Ended 322.3553 251 306.2456 -0.2523148 0.383366
Began 322.5821 155 301 -0.474537 0.3530091
Stationary 322.6218 155 301 -0.474537 0.3530091
Moved 322.656 171.0439 301 -0.4373984 0.3530091
Moved 322.6848 200.1724 301 -0.3699712 0.3530091
Moved 322.7145 231.1379 301 -0.2982918 0.3530091
Moved 322.7425 251.0282 301 -0.2522496 0.3530091
Moved 322.7721 280.5276 301 -0.1839638 0.3530091
Moved 322.8008 312 301 -0.1111111 0.3530091
Moved 322.8298 334.9013 301 -0.05809873 0.3530091
Moved 322.868 366.8777 301 0.0159206 0.3530091
Moved 322.8969 373.5578 301 0.03138383 0.3530091
Moved 322.9327 393.2484 301 0.07696391 0.3530091
Moved 322.9646 409.48 301 0.1145372 0.3530091
Moved 322.9927 419.5802 301 0.1379172 0.3530091
Moved 323.0221 429.4802 301 0.1608337 0.3530091
Moved 323.0536 438.1413 301 0.1808827 0.3530091
Moved 323.0823 444.5844 301 0.1957973 0.3530091
Moved 323.1114 446.1681 301 0.1994631 0.3530091
Moved 323.1396 448.5 301 0.2048611 0.3530091
Moved 323.1665 448 301 0.2037037 0.3530091
Moved 323.1964 436.4306 282.4307 0.1769228 0.2455478
Moved 323.2407 391.1878 249.8217 0.07219404 0.05683846
Moved 323.268 356.2679 227.7428 -0.008639246 -0.07093289
Moved 323.2946 334.5634 216.2395 -0.0588809 -0.1375029
Moved 323.3209 308.3416 201.7452 -0.1195797 -0.2213817
Moved 323.3476 292.6155 192.8077 -0.1559827 -0.2731034
Moved 323.3737 288.1008 190.0671 -0.1664333 -0.2889633
Moved 323.4008 284.6713 189 -0.1743721 -0.2951387
Moved 323.4284 284 189 -0.1759259 -0.2951387
Stationary 323.4556 284 189 -0.1759259 -0.2951387
Moved 323.4836 308.73 199.5137 -0.1186805 -0.2342959
Moved 323.5276 348.0535 214.0687 -0.02765387 -0.1500652
Moved 323.5553 382.0649 225.7195 0.05107621 -0.08264188
Moved 323.5827 410.6942 237.6777 0.1173477 -0.01343904
Moved 323.6107 442.3367 251.7346 0.1905942 0.06790885
Moved 323.6377 461.0146 259.5073 0.2338302 0.1128896
Moved 323.6642 466.8323 261.2081 0.2472971 0.1227321
Moved 323.6912 473.9026 263.9513 0.2636634 0.1386072
Moved 323.7181 477.7235 265 0.2725081 0.1446759
Moved 323.7446 482.5216 267.1739 0.2836148 0.1572563
Ended 323.7702 482.5216 267.1739 0.2836148 0.1572563
Began 324.1487 350 195 -0.02314816 -0.2604167
Stationary 324.1851 350 195 -0.02314816 -0.2604167
Stationary 324.2102 350 195 -0.02314816 -0.2604167
Stationary 324.237 350 195 -0.02314816 -0.2604167
Stationary 324.2625 350 195 -0.02314816 -0.2604167
Stationary 324.2887 350 195 -0.02314816 -0.2604167
Stationary 324.3142 350 195 -0.02314816 -0.2604167
Stationary 324.3413 350 195 -0.02314816 -0.2604167
Stationary 324.3673 350 195 -0.02314816 -0.2604167
Stationary 324.3991 350 195 -0.02314816 -0.2604167
Moved 324.4273 350 204.7699 -0.02314816 -0.2038779
Moved 324.457 339.6638 211.4482 -0.0470745 -0.1652301
Moved 324.486 330.3761 223.9358 -0.06857375 -0.09296418
Moved 324.5155 317.7769 244.1404 -0.09773855 0.02396054
Moved 324.5439 311.9482 254.1036 -0.1112311 0.0816181
Moved 324.5724 305.1011 271.2473 -0.1270808 0.1808296
Moved 324.6 303 281.6458 -0.1319445 0.2410059
Moved 324.6444 303 294.9476 -0.1319445 0.317984
Moved 324.6729 331.2599 306.2542 -0.06652812 0.3834156
Moved 324.6988 345.4484 310.395 -0.03368432 0.4073786
Moved 324.7246 375.4956 315.6814 0.03586948 0.4379711
Moved 324.7509 415.1201 316 0.1275927 0.4398148
Moved 324.7765 442.0522 316 0.1899357 0.4398148
Moved 324.8027 452.006 316 0.2129767 0.4398148
Moved 324.8288 471.8651 316 0.2589471 0.4398148
Moved 324.8546 485.4937 316 0.2904947 0.4398148
Moved 324.881 492.3623 316 0.3063942 0.4398148
Moved 324.9372 504.591 306.409 0.3347014 0.3843113
Moved 324.9633 506 304.9216 0.337963 0.3757035
Moved 324.9891 507 303.5469 0.3402778 0.3677485
Moved 325.0164 507 296.1502 0.3402778 0.3249434
Moved 325.0436 463.3845 282.1012 0.239316 0.2436412
Moved 325.0713 423.3127 278.684 0.1465572 0.2238657
Moved 325.0977 391.5265 279 0.07297803 0.2256946
Moved 325.1246 357 289.5 -0.006944438 0.2864584
Moved 325.1512 325.5381 292.3147 -0.07977287 0.3027469
Moved 325.1769 302.9573 294.8043 -0.1320434 0.3171545
Moved 325.2194 273.6411 296 -0.1999048 0.3240741
Moved 325.2467 254.6135 296 -0.2439503 0.3240741
Moved 325.2737 239.0639 297 -0.2799448 0.3298613
Moved 325.3065 231.0253 297 -0.2985525 0.3298613
Moved 325.3361 222.6597 298 -0.3179174 0.3356482
Moved 325.3642 218.0858 299 -0.3285051 0.3414354
Moved 325.3937 216 299.6744 -0.3333333 0.3453384
Moved 325.4231 214.5 300 -0.3368055 0.3472222
Moved 325.4517 215 300 -0.3356481 0.3472222
Moved 325.4786 226.198 300 -0.3097268 0.3472222
Moved 325.522 274.7274 266.8484 -0.1973903 0.1553726
Moved 325.5535 302.5707 249.0005 -0.1329382 0.05208616
Moved 325.5797 330.8835 231.6196 -0.06739939 -0.04849734
Moved 325.6126 355.1464 218.4268 -0.01123518 -0.1248452
Moved 325.643 376.0941 209.3883 0.03725479 -0.177151
Moved 325.6745 394.5238 201.8254 0.07991622 -0.2209174
Moved 325.7034 406.0488 197.6504 0.1065945 -0.2450788
Moved 325.7317 413.2223 193.8889 0.1231997 -0.2668464
Moved 325.7591 415.984 192.5081 0.1295926 -0.2748376
Moved 325.786 419.9018 191 0.1386617 -0.2835648
Moved 325.8311 424.0359 189 0.1482313 -0.2951387
Ended 325.8589 426 188 0.1527777 -0.3009259
Began 326.1046 322 263 -0.08796295 0.1331019
Stationary 326.1415 322 263 -0.08796295 0.1331019
Stationary 326.1684 322 263 -0.08796295 0.1331019
Stationary 326.1964 322 263 -0.08796295 0.1331019
Stationary 326.2252 322 263 -0.08796295 0.1331019
Moved 326.2545 333.2159 263 -0.06200015 0.1331019
Moved 326.2833 335.9482 263 -0.05567535 0.1331019
Moved 326.3129 345.6096 263 -0.03331105 0.1331019
Moved 326.341 360.433 263 0.001002252 0.1331019
Moved 326.3698 380.4812 263 0.04741013 0.1331019
Moved 326.3995 398.8625 272.8624 0.08995941 0.1901763
Moved 326.4293 422.418 275.3545 0.144486 0.2045979
Moved 326.4584 437.0994 278.6199 0.1784708 0.2234948
Moved 326.4971 455.636 283.7531 0.2213795 0.2532011
Moved 326.5247 475.9821 291.4209 0.2684772 0.2975746
Moved 326.552 488.6296 295.9074 0.2977538 0.3235383
Moved 326.5804 493.6351 298.3175 0.3093404 0.3374854
Moved 326.6104 496.0663 298 0.3149683 0.3356482
Stationary 326.636 496.0663 298 0.3149683 0.3356482
Stationary 326.6663 496.0663 298 0.3149683 0.3356482
Moved 326.6946 475.7705 283.7422 0.2679873 0.2531377
Moved 326.7224 434.2187 259.7617 0.1718024 0.1143614
Moved 326.751 388.3902 237.8815 0.06571809 -0.01226001
Moved 326.7967 345.1358 222.0408 -0.03440792 -0.1039305
Moved 326.8262 321.5072 214.5024 -0.08910362 -0.1475552
Moved 326.856 305.5 210.5 -0.1261574 -0.1707176
Moved 326.8842 296.5994 207.2397 -0.1467606 -0.1895846
Moved 326.9118 286.5 206 -0.1701389 -0.1967593
Moved 326.9407 277.703 204 -0.1905023 -0.2083332
Moved 326.9702 269.4232 202.1411 -0.2096686 -0.2190908
Moved 327.0127 263.0102 201 -0.2245135 -0.2256946
Moved 327.0429 260.572 201 -0.2301574 -0.2256946
Moved 327.0711 258.5 201 -0.2349537 -0.2256946
Moved 327.1158 256 201 -0.2407407 -0.2256946
Moved 327.1425 254.5 201 -0.244213 -0.2256946
Moved 327.1695 252.5 201 -0.2488426 -0.2256946
Moved 327.1965 251 199.1481 -0.2523148 -0.2364116
Moved 327.2238 249 198.4006 -0.2569445 -0.2407371
Moved 327.2507 248.0324 197.0323 -0.2591843 -0.2486552
Moved 327.2769 246.9833 197 -0.2616127 -0.2488424
Moved 327.3038 245 194.8629 -0.2662037 -0.2612102
Stationary 327.3305 245 194.8629 -0.2662037 -0.2612102
Moved 327.3572 243.7357 195 -0.2691303 -0.2604167
Ended 327.3994 243.7357 195 -0.2691303 -0.2604167
Began 327.6391 432 225 0.1666667 -0.08680556
Stationary 327.6725 432 225 0.1666667 -0.08680556
Stationary 327.7048 432 225 0.1666667 -0.08680556
Stationary 327.7355 432 225 0.1666667 -0.08680556
Stationary 327.7699 432 225 0.1666667 -0.08680556
Stationary 327.8007 432 225 0.1666667 -0.08680556
Moved 327.8348 423.6563 239.3591 0.1473526 -0.003708733
Moved 327.8673 418.1523 266.0865 0.1346117 0.1509638
Moved 327.8991 415.1243 292.8815 0.1276025 0.3060274
Moved 327.9317 414 312.0275 0.125 0.4168258
Moved 327.9634 414 315.7693 0.125 0.43848
Moved 327.9933 414 317.5 0.125 0.4484955
Moved 328.0282 414 317 0.125 0.4456021
Moved 328.0635 424.125 294.3333 0.1484376 0.3144287
Moved 328.0924 433.8716 268.321 0.1709991 0.163895
Moved 328.1203 439.8437 243.7032 0.1848235 0.02143065
Moved 328.1677 447.1146 209.599 0.201654 -0.1759315
Moved 328.1979 449.8098 193.9507 0.2078932 -0.2664891
Moved 328.2287 451 185.2996 0.2106482 -0.3165533
Moved 328.26 452.9928 179.0144 0.2152611 -0.3529261
Moved 328.2903 454.7608 178 0.2193537 -0.3587963
Moved 328.3197 457.5 178 0.2256945 -0.3587963
Moved 328.3479 467.9493 187.8987 0.2498827 -0.3015123
Moved 328.3757 476.2036 197.5708 0.2689897 -0.2455394
Moved 328.4043 492.7705 221.1558 0.3073391 -0.1090521
Moved 328.4328 503.6702 238.4503 0.3325699 -0.008967895
Moved 328.4782 515.4005 254.1007 0.3597232 0.0816015
Moved 328.5088 519.4634 260.9268 0.3691282 0.1211039
Moved 328.5377 520 264.2236 0.3703704 0.1401831
Moved 328.5728 520 265.5 0.3703704 0.1475695
Moved 328.601 499.4619 266 0.3228285 0.150463
Moved 328.631 448.0997 243.7788 0.2039346 0.02186811
Moved 328.6581 408.5087 232.4023 0.1122886 -0.04396792
Moved 328.6845 395.3397 229.085 0.08180479 -0.06316556
Moved 328.7122 359.1066 224.2589 -0.002068083 -0.09109409
Moved 328.7387 324 223 -0.08333336 -0.09837963
Moved 328.7812 281.5 223 -0.181713 -0.09837963
Moved 328.8075 273.1612 223 -0.2010158 -0.09837963
Moved 328.8337 253.957 221.5653 -0.2454699 -0.1066821
Moved 328.8618 242.2013 222 -0.2726822 -0.1041665
Moved 328.8896 235.0887 222 -0.2891466 -0.1041665
Moved 328.9185 231.5721 222 -0.2972867 -0.1041665
Moved 328.9475 229.5 222 -0.3020833 -0.1041665
Moved 328.9769 228.7135 231.0052 -0.3039039 -0.05205296
Moved 329.0052 229 240.6218 -0.3032407 0.003598708
Ended 329.0644 229 240.6218 -0.3032407 0.003598708
Began 329.2755 461 275 0.2337964 0.2025463
Stationary 329.3203 461 275 0.2337964 0.2025463
Stationary 329.3559 461 275 0.2337964 0.2025463
Stationary 329.3849 461 275 0.2337964 0.2025463
Moved 329.4307 427.7758 254.1099 0.1568884 0.08165448
Moved 329.4619 402.5 239.5 0.09837966 -0.002893519
Moved 329.4914 381.852 224.4657 0.05058328 -0.08989759
Moved 329.5257 365.4633 213.2195 0.01264662 -0.1549799
Moved 329.5553 350.5 201 -0.02199074 -0.2256946
Moved 329.5849 338.9251 189.9252 -0.04878442 -0.2897851
Moved 329.6146 330.6872 183.4581 -0.06785372 -0.3272097
Moved 329.6439 323.0852 176.0852 -0.08545091 -0.3698771
Moved 329.674 317.5547 173.7773 -0.09825304 -0.383233
Moved 329.7034 316.0072 174 -0.1018352 -0.3819443
Moved 329.7451 312.2719 174 -0.1104818 -0.3819443
Moved 329.7744 301.0704 210.7888 -0.1364112 -0.1690462
Moved 329.8042 295.0658 235.7367 -0.1503106 -0.02467191
Moved 329.8329 290.5423 253.1018 -0.1607816 0.07582083
Moved 329.8636 283.3005 270.399 -0.1775451 0.1759201
Moved 329.8936 272.271 286.6613 -0.2030765 0.2700306
Moved 329.9253 265.6193 296.071 -0.2184737 0.3244849
Moved 329.9552 260.0744 300.4628 -0.2313092 0.3499003
Moved 329.9859 257.1315 303.8685 -0.2381216 0.3696096
Moved 330.0162 255 306.6252 -0.2430556 0.385563
Moved 330.0631 253 309.7564 -0.2476852 0.4036829
Moved 330.0926 253 311.0906 -0.2476852 0.411404
Moved 330.1281 265 312.5 -0.2199074 0.4195602
Moved 330.158 275.945 312 -0.1945718 0.4166669
Moved 330.1863 284.4759 312 -0.1748243 0.4166669
Moved 330.2195 290.7406 312 -0.1603227 0.4166669
Moved 330.2492 296.3429 312 -0.1473544 0.4166669
Ended 330.2811 312.8818 312 -0.1090699 0.4166669
Began 330.4895 344 314 -0.03703703 0.4282409
Stationary 330.5207 344 314 -0.03703703 0.4282409
Stationary 330.5497 344 314 -0.03703703 0.4282409
Moved 330.5781 344 294.8101 -0.03703703 0.3171882
Moved 330.607 352.6441 288.2373 -0.01702761 0.2791511
Moved 330.6376 364.2255 272.2908 0.009781221 0.1868683
Moved 330.668 374.9734 258.5332 0.0346607 0.1072525
Moved 330.6971 383.7711 245.9719 0.05502562 0.03455975
Moved 330.7263 388.6985 239.9044 0.06643187 -0.0005531312
Moved 330.756 391.4626 235.5375 0.07283002 -0.02582479
Moved 330.791 393 230.5486 0.07638891 -0.05469552
Moved 330.8213 393 227.0305 0.07638891 -0.07505488
Moved 330.8506 393 226 0.07638891 -0.0810187
Moved 330.8807 360.3352 225 0.0007759531 -0.08680556
Moved 330.9114 331.7633 244.5759 -0.0653627 0.02648106
Moved 330.9417 310 253.5 -0.1157407 0.07812501
Moved 330.9721 292.2501 262.3749 -0.1568284 0.1294848
Moved 331.0045 272.7015 272.6493 -0.2020799 0.1889428
Moved 331.0345 257.4566 279.2717 -0.237369 0.2272666
Moved 331.0645 248.8636 284.0909 -0.2572602 0.2551559
Moved 331.1164 237.4525 291 -0.2836749 0.2951389
Moved 331.1526 234.6835 294.3165 -0.2900846 0.3143318
Ended 331.1851 235 299 -0.2893518 0.3414354
Began 331.3997 516 216 0.3611111 -0.1388889
Stationary 331.4337 516 216 0.3611111 -0.1388889
Stationary 331.4625 516 216 0.3611111 -0.1388889
Moved 331.4911 500.5195 216 0.3252767 -0.1388889
Moved 331.5198 481.9173 216 0.2822161 -0.1388889
Moved 331.5492 447.5359 216 0.2026295 -0.1388889
Moved 331.5787 420.0643 216 0.1390378 -0.1388889
Moved 331.6103 388.1381 216 0.06513446 -0.1388889
Moved 331.6377 377.0902 216 0.03956069 -0.1388889
Moved 331.6663 350.0839 225.8702 -0.02295405 -0.08176927
Moved 331.6952 325.3177 226 -0.08028314 -0.0810187
Moved 331.7237 301.2096 226 -0.1360889 -0.0810187
Moved 331.7523 275.4514 227.3226 -0.1957143 -0.07336441
Moved 331.7858 247.4642 228 -0.2604996 -0.06944445
Moved 331.8158 224.4534 228 -0.3137654 -0.06944445
Moved 331.8585 193.0533 229.7947 -0.3864508 -0.0590584
Moved 331.8886 171.5791 231 -0.4361596 -0.05208334
Moved 331.9176 158.0357 231 -0.4675099 -0.05208334
Moved 331.9494 150.0028 231 -0.4861046 -0.05208334
Moved 331.9792 147.6331 232.3669 -0.4915901 -0.04417278
Moved 332.0074 147 232 -0.4930556 -0.0462963
Stationary 332.0378 147 232 -0.4930556 -0.0462963
Stationary 332.0685 147 232 -0.4930556 -0.0462963
Moved 332.0977 166.2454 209.0564 -0.448506 -0.1790718
Moved 332.1265 176.5 192.5 -0.4247685 -0.2748841
Moved 332.1819 190.1742 177.9128 -0.3931152 -0.3593005
Moved 332.2162 194.7245 177 -0.3825822 -0.3645834
Moved 332.2442 210.5134 177 -0.3460338 -0.3645834
Moved 332.272 225.9381 190.9587 -0.3103284 -0.2838036
Moved 332.3018 242.2345 204.4867 -0.2726053 -0.2055168
Moved 332.3308 249.1466 211.1466 -0.2566051 -0.1669755
Moved 332.3666 276.7791 237.7791 -0.192641 -0.0128527
Moved 332.3964 288.1537 249.1537 -0.166311 0.05297255
Moved 332.424 293.3366 254.3367 -0.1543133 0.08296684
Moved 332.4523 305.1289 264.6074 -0.1270165 0.1424043
Moved 332.4986 329.2981 283.6385 -0.07106915 0.2525377
Moved 332.5269 340.6732 291.2549 -0.0447379 0.2966143
Moved 332.5569 347.7149 297.715 -0.02843768 0.3339987
Moved 332.5862 353.2834 301.6417 -0.01554772 0.3567226
Moved 332.619 357.4012 304.4011 -0.006015847 0.3726919
Moved 332.6482 361.1597 306 0.002684395 0.3819445
Ended 332.6783 364 307 0.009259283 0.3877315
Began 333.0148 193 231 -0.3865741 -0.05208334
Stationary 333.0524 193 231 -0.3865741 -0.05208334
Stationary 333.0825 193 231 -0.3865741 -0.05208334
Moved 333.111 210.9991 231 -0.3449096 -0.05208334
Moved 333.1393 222.4353 231 -0.3184368 -0.05208334
Moved 333.1675 237.0308 235.7026 -0.2846509 -0.024869
Moved 333.1963 256.365 241.4807 -0.2398959 0.008569118
Moved 333.2359 276.8725 248.4681 -0.1924248 0.04900544
Moved 333.2654 297.8432 256.053 -0.1438815 0.09289918
Moved 333.2947 321.5509 264.3316 -0.08900256 0.1408077
Moved 333.325 351.1208 275.8483 -0.02055357 0.2074556
Moved 333.3553 373.7878 284.1704 0.0319162 0.255616
Moved 333.3951 405.1739 294.5435 0.1045691 0.315645
Moved 333.4271 425.1607 301.0536 0.150835 0.3533194
Moved 333.4595 440.4383 306.5753 0.1861997 0.3852738
Moved 333.4892 453.8336 309.7667 0.2172075 0.4037426
Moved 333.5192 464.5755 311.5251 0.2420729 0.4139189
Moved 333.5478 467.8163 312 0.2495749 0.4166669
Moved 333.5752 473.6742 313 0.2631346 0.4224537
Moved 333.6035 477.1137 313 0.2710966 0.4224537
Moved 333.635 479.8769 313 0.2774929 0.4224537
Moved 333.6706 481.3222 313 0.2808384 0.4224537
Moved 333.7214 482 299.5909 0.2824074 0.3448547
Moved 333.7511 482 290.72 0.2824074 0.2935185
Moved 333.7856 472.7276 280.7015 0.2609434 0.235541
Moved 333.827 465.5444 268.3925 0.2443158 0.1643086
Moved 333.8575 449.6816 261.1704 0.2075964 0.1225141
Moved 333.8884 425.2441 255.6488 0.1510281 0.09056021
Moved 333.919 404.3961 253.566 0.1027687 0.07850736
Moved 333.9502 391.5637 253.141 0.07306416 0.07604741
Moved 333.9818 382.15 252 0.05127311 0.06944445
Moved 334.0119 375.2354 251 0.03526708 0.06365723
Moved 334.057 367.7713 250 0.01798908 0.05787037
Moved 334.0918 365 249 0.01157403 0.05208351
Ended 334.121 365 249 0.01157403 0.05208351
PhraseEnd 335.0804
