the facts get in the way
Basic
0.4 0.4
288 217.6
Began 1111.04 377 437  0.0590278 0.317096
Stationary 1111.11 377 437  0.0590278 0.317096
Stationary 1111.18 377 437  0.0590278 0.317096
Moved 1111.25 377 426.716  0.0590278 0.269833
Moved 1111.32 393.689 413.466  0.116976 0.208944
Moved 1111.4 409.249 398.751  0.171005 0.141318
Moved 1111.47 420.938 390.062  0.21159 0.101389
Moved 1111.54 427.5 383.5  0.234375 0.0712316
Moved 1111.62 430.081 375.838  0.243336 0.0360221
Moved 1111.69 430 368  0.243056 -1.54271e-006
Moved 1111.76 409.043 361.809  0.170288 -0.0284532
Moved 1111.83 379.647 361  0.0682195 -0.0321691
Moved 1111.9 356.16 369.47  -0.0133339 0.00675692
Moved 1111.96 329.322 384.678  -0.106521 0.0766458
Moved 1112.03 310.699 403.401  -0.171184 0.16269
Moved 1112.12 297.476 424.049  -0.217099 0.257578
Moved 1112.19 291.224 435.552  -0.238806 0.310441
Moved 1112.26 284.855 448.291  -0.260922 0.368984
Ended 1112.33 284 453  -0.263889 0.390625
Began 1112.63 343 347  -0.0590277 -0.0965072
Stationary 1112.69 343 347  -0.0590277 -0.0965072
Moved 1112.77 294.657 347  -0.226886 -0.0965072
Moved 1112.85 250.424 356  -0.38047 -0.0551471
Moved 1112.92 229.262 357  -0.453951 -0.0505515
Moved 1112.99 218.669 357  -0.490731 -0.0505515
Moved 1113.06 218 357  -0.493056 -0.0505515
Moved 1113.12 245.5 319.5  -0.39757 -0.222886
Moved 1113.19 277.045 295.97  -0.288037 -0.331022
Moved 1113.26 306.706 281.431  -0.185049 -0.397834
Moved 1113.33 323.955 288.911  -0.125155 -0.363462
Moved 1113.4 343.551 327.309  -0.057113 -0.187
Moved 1113.48 348 372.205  -0.0416667 0.0193231
Moved 1113.55 349 412.5  -0.0381944 0.204504
Moved 1113.62 351 442.389  -0.03125 0.341861
Moved 1113.69 351 452.5  -0.03125 0.388327
Moved 1113.77 351 454  -0.03125 0.395221
Moved 1113.85 319.466 430.159  -0.140745 0.285655
Moved 1113.92 297.416 390.832  -0.217306 0.104926
Moved 1113.98 285.253 361.133  -0.259538 -0.0315583
Moved 1114.05 281 343.854  -0.274306 -0.110963
Moved 1114.12 278.908 333.908  -0.28157 -0.156673
Ended 1114.22 279 331  -0.28125 -0.170037
Began 1114.7 372 378  0.0416666 0.0459559
Stationary 1114.77 372 378  0.0416666 0.0459559
Moved 1114.84 361.334 378  0.00463098 0.0459559
Moved 1114.91 332.435 387.191  -0.0957115 0.0881933
Moved 1114.97 305.511 399.991  -0.189199 0.14702
Moved 1115.04 292.058 415.884  -0.235909 0.220053
Moved 1115.11 286.666 424.668  -0.254631 0.26042
Moved 1115.18 286 432.811  -0.256945 0.297844
Moved 1115.25 296.566 440.321  -0.220256 0.332357
Moved 1115.32 323.55 444  -0.126562 0.349265
Moved 1115.39 338.274 444  -0.0754392 0.349265
Moved 1115.46 349.29 444  -0.0371865 0.349265
Ended 1115.53 355.099 444  -0.0170176 0.349265
Began 1115.85 420 441  0.208333 0.335478
Stationary 1115.92 420 441  0.208333 0.335478
Moved 1115.99 420 420.7  0.208333 0.242186
Moved 1116.06 399.265 371.427  0.136336 0.0157482
Moved 1116.13 390.049 332.148  0.104338 -0.16476
Moved 1116.21 387 313.737  0.0937501 -0.249369
Moved 1116.28 385 292.972  0.0868055 -0.3448
Ended 1116.35 385 290.5  0.0868055 -0.356158
Began 1116.6 331 441  -0.100695 0.335478
Stationary 1116.68 331 441  -0.100695 0.335478
Moved 1116.75 350.331 404.338  -0.0335736 0.166996
Moved 1116.83 368.949 373.076  0.0310741 0.0233272
Moved 1116.9 379.48 355.561  0.0676377 -0.0571645
Moved 1116.97 390.055 340.891  0.104356 -0.124582
Moved 1117.05 392 337  0.111111 -0.142463
Moved 1117.12 346 373.143  -0.0486116 0.0236349
Moved 1117.19 316.761 398.699  -0.150135 0.14108
Moved 1117.26 293.346 419.654  -0.231436 0.237379
Moved 1117.34 284.504 428.496  -0.262138 0.278014
Ended 1117.4 284 429  -0.263889 0.280331
Began 1117.61 294 436  -0.229167 0.3125
Moved 1117.69 283.338 420.336  -0.266188 0.240515
Moved 1117.76 269.263 393.394  -0.315059 0.116703
Moved 1117.84 262.547 382.547  -0.338378 0.0668526
Moved 1117.92 262 380  -0.340278 0.0551472
Moved 1117.99 294.258 401.505  -0.228271 0.153977
Moved 1118.08 342.401 428.956  -0.0611094 0.280128
Moved 1118.15 372.03 443.343  0.0417718 0.346247
Moved 1118.22 381 446.5  0.0729166 0.360754
Ended 1118.29 381 446.5  0.0729166 0.360754
PhraseEnd 1118.79
