are you talking to me
Basic
0.6 0.6
432 172.8
Began 361.838 202 213 -0.3657407 -0.15625
Stationary 361.88 202 213 -0.3657407 -0.15625
Stationary 361.9096 202 213 -0.3657407 -0.15625
Stationary 361.9391 202 213 -0.3657407 -0.15625
Stationary 361.9713 202 213 -0.3657407 -0.15625
Stationary 362.0038 202 213 -0.3657407 -0.15625
Moved 362.0373 219.128 223.6768 -0.3260926 -0.09446304
Moved 362.0726 229.2049 229.47 -0.3027665 -0.0609375
Moved 362.1052 243.4612 238.6407 -0.2697658 -0.007866047
Moved 362.1379 259.9928 246.4965 -0.2314981 0.03759544
Moved 362.171 275.6356 254.7814 -0.1952879 0.08554035
Moved 362.2039 293.6904 264.9523 -0.1534944 0.1444001
Moved 362.2467 307.5 273.5 -0.1215278 0.1938657
Moved 362.2787 315.7928 281.5286 -0.1023314 0.2403274
Moved 362.3146 320 287.1154 -0.09259259 0.2726585
Moved 362.3457 321.3581 288.3581 -0.08944879 0.2798499
Moved 362.3775 321 288.6367 -0.09027779 0.2814623
Stationary 362.4083 321 289 -0.09027779 0.283565
Moved 362.4397 306.6969 289 -0.1233867 0.283565
Moved 362.4723 293.0461 289.5908 -0.1549858 0.2869836
Moved 362.5059 282.9892 291.3369 -0.1782658 0.2970887
Moved 362.5388 274.5495 293 -0.197802 0.306713
Moved 362.5905 263.5559 296.222 -0.2232501 0.3253591
Moved 362.6221 261.0143 297 -0.2291336 0.3298613
Ended 362.6542 259.684 299.316 -0.232213 0.3432641
Began 362.9722 333 264 -0.06249999 0.1388891
Stationary 363.0066 333 264 -0.06249999 0.1388891
Stationary 363.0367 333 264 -0.06249999 0.1388891
Stationary 363.0671 333 264 -0.06249999 0.1388891
Stationary 363.0956 333 264 -0.06249999 0.1388891
Moved 363.1249 348.5353 264 -0.02653862 0.1388891
Moved 363.1573 374.2795 264 0.03305436 0.1388891
Moved 363.1876 390.1751 272 0.06984989 0.1851854
Moved 363.2189 404 274.5 0.1018518 0.199653
Moved 363.2527 418.6158 276 0.1356847 0.2083332
Moved 363.2825 432.1534 278.0307 0.1670218 0.2200851
Moved 363.3133 444.5 279.5 0.1956019 0.2285882
Moved 363.3502 465.6267 283.2324 0.2445062 0.2501873
Moved 363.3804 481.9918 286.998 0.2823884 0.2719791
Moved 363.4119 493.0245 289 0.3079272 0.283565
Moved 363.4491 499.3645 291.1215 0.322603 0.2958421
Moved 363.4798 503.8341 292 0.3329493 0.3009261
Moved 363.509 505.6767 292 0.3372146 0.3009261
Moved 363.5395 507 293 0.3402778 0.306713
Moved 363.586 507 294.2662 0.3402778 0.3140409
Moved 363.6158 491.7995 296.0286 0.3050914 0.3242399
Moved 363.6454 472.4956 298.7863 0.2604064 0.3401986
Moved 363.6739 458.2037 300.1592 0.2273234 0.3481436
Moved 363.703 445.0506 301 0.1968764 0.3530091
Moved 363.7322 438.2578 302.7422 0.1811522 0.3630917
Moved 363.7614 435.5027 304.4973 0.1747747 0.3732482
Ended 363.7908 436 307 0.1759259 0.3877315
Began 364.0736 312 284 -0.1111111 0.2546298
Stationary 364.1162 312 284 -0.1111111 0.2546298
Stationary 364.1447 312 284 -0.1111111 0.2546298
Stationary 364.1731 312 284 -0.1111111 0.2546298
Stationary 364.2013 312 284 -0.1111111 0.2546298
Moved 364.2305 295.6381 272.819 -0.148986 0.189925
Moved 364.2611 278.4489 265.9067 -0.1887757 0.1499229
Moved 364.3059 256.5 259 -0.2395834 0.1099539
Moved 364.3367 241.5121 255.0853 -0.2742776 0.08729935
Moved 364.3689 228.6771 250.6709 -0.3039882 0.06175289
Moved 364.408 218.2175 248 -0.3282002 0.0462963
Moved 364.4406 213.5654 245.7827 -0.3389689 0.03346479
Moved 364.4784 211.5 246 -0.34375 0.03472222
Moved 364.5076 211 245 -0.3449074 0.02893519
Moved 364.5373 211 243.5293 -0.3449074 0.020424
Moved 364.5685 240.8805 240.1018 -0.2757396 0.0005893355
Moved 364.6189 294.4967 239 -0.151628 -0.00578686
Moved 364.6506 350.9262 239 -0.02100413 -0.00578686
Moved 364.6844 377.5049 239 0.04052073 -0.00578686
Moved 364.7166 397.7815 236.2053 0.08745711 -0.02195994
Moved 364.7487 419.1599 232.6686 0.1369442 -0.0424272
Moved 364.7805 432.051 230.3898 0.1667846 -0.05561458
Moved 364.8115 444.4751 228 0.1955442 -0.06944445
Moved 364.851 469.5 225 0.2534722 -0.08680556
Moved 364.8813 484.6605 225 0.288566 -0.08680556
Moved 364.9121 497.7232 225 0.3188037 -0.08680556
Moved 364.9612 510.4503 225 0.3482646 -0.08680556
Moved 364.9925 516 225 0.3611111 -0.08680556
Moved 365.0226 519.0213 225 0.3681049 -0.08680556
Moved 365.0531 520.3984 225 0.3712926 -0.08680556
Moved 365.0836 521.0538 225 0.3728097 -0.08680556
Stationary 365.1176 521 225 0.3726852 -0.08680556
Moved 365.1491 502.925 225 0.3308449 -0.08680556
Moved 365.1815 486.5966 235.3649 0.2930476 -0.02682368
Moved 365.2136 476.2692 235.2437 0.2691416 -0.02752516
Moved 365.2459 470.5574 237.7213 0.2559199 -0.01318667
Moved 365.2978 468 243.2501 0.25 0.01880858
Moved 365.3309 468 248.015 0.25 0.04638337
Moved 365.3616 468 255.3721 0.25 0.08895892
Moved 365.3939 468 266.8832 0.25 0.1555743
Moved 365.4303 468 275.9491 0.25 0.2080388
Moved 365.4618 468 280 0.25 0.2314817
Moved 365.4913 468 280.5 0.25 0.234375
Moved 365.5219 468 280 0.25 0.2314817
Moved 365.5532 449.1671 247.3842 0.2064054 0.04273238
Moved 365.5841 429.2147 210.5275 0.1602191 -0.1705586
Moved 365.644 406.3352 161.3408 0.1072575 -0.4552034
Moved 365.6756 403.5799 155.1598 0.1008795 -0.4909733
Moved 365.7085 403 153.1539 0.09953707 -0.5025813
Stationary 365.7396 403 153 0.09953707 -0.5034722
Stationary 365.7725 403 153 0.09953707 -0.5034722
Moved 365.8042 402 153 0.09722222 -0.5034722
Moved 365.8367 399.0164 178.8855 0.09031564 -0.3536719
Moved 365.8701 394.4937 202.5314 0.07984658 -0.2168323
Moved 365.9019 386.5 228.5 0.06134262 -0.06655093
Moved 365.9347 382.085 241.7875 0.0511227 0.01034419
Moved 365.9875 375.8963 255.2074 0.03679702 0.08800577
Moved 366.0188 373 262.4856 0.0300926 0.130125
Moved 366.0488 371.7937 263.2063 0.02730012 0.1342957
Ended 366.079 372 268 0.02777775 0.162037
Began 366.3017 338 334 -0.05092591 0.5439817
Stationary 366.3444 338 334 -0.05092591 0.5439817
Stationary 366.3801 338 334 -0.05092591 0.5439817
Stationary 366.4166 338 334 -0.05092591 0.5439817
Stationary 366.4619 338 334 -0.05092591 0.5439817
Moved 366.4967 357.8678 334 -0.004935662 0.5439817
Moved 366.5281 374.0753 334 0.03258178 0.5439817
Moved 366.5634 394.1191 334 0.07897934 0.5439817
Moved 366.5957 413.3793 334 0.1235633 0.5439817
Moved 366.629 431.8235 334 0.1662581 0.5439817
Moved 366.6609 446.9876 334 0.2013602 0.5439817
Moved 366.694 463.4517 334 0.2394715 0.5439817
Moved 366.7276 486.3435 334 0.2924619 0.5439817
Moved 366.7709 494.1609 334 0.3105576 0.5439817
Moved 366.804 507.2997 327 0.3409714 0.5034722
Moved 366.835 511.8441 326 0.3514909 0.497685
Moved 366.8665 512.5 324.5 0.3530093 0.4890048
Moved 366.8987 514.1996 322.8004 0.3569435 0.4791691
Moved 366.9306 515 319.6402 0.3587963 0.4608808
Moved 366.9633 516.0598 317.9402 0.3612495 0.4510428
Ended 366.995 519 318 0.3680556 0.4513889
Began 367.2559 430 207 0.162037 -0.1909722
Stationary 367.3022 430 207 0.162037 -0.1909722
Stationary 367.3325 430 207 0.162037 -0.1909722
Stationary 367.3619 430 207 0.162037 -0.1909722
Stationary 367.3924 430 207 0.162037 -0.1909722
Moved 367.4246 418.088 207 0.1344629 -0.1909722
Moved 367.4571 414.5445 215.5941 0.1262605 -0.1412378
Moved 367.4995 408.8456 221.2316 0.1130686 -0.1086134
Moved 367.5304 401.467 226.6886 0.09598852 -0.0770334
Moved 367.5609 394.1664 234.2224 0.07908881 -0.03343512
Moved 367.5916 385.9106 242.0894 0.05997827 0.01209118
Moved 367.6293 374.937 253.063 0.03457646 0.07559583
Moved 367.6623 362.7039 266.2961 0.006258885 0.1521768
Moved 367.6935 350.6704 277.3295 -0.0215962 0.2160274
Moved 367.7267 342.5833 281.8055 -0.04031638 0.2419302
Moved 367.7602 331.3702 288.8766 -0.06627266 0.2828506
Moved 367.793 326.7356 290.6322 -0.07700096 0.2930104
Moved 367.8426 318.3726 293.3137 -0.09635975 0.3085285
Moved 367.8736 309.4491 295.1837 -0.117016 0.3193499
Moved 367.903 298.2073 296.9482 -0.1430387 0.3295613
Moved 367.9319 289.8541 298.7153 -0.1623747 0.3397876
Moved 367.9609 282.5843 299 -0.1792029 0.3414354
Moved 367.9904 275.2141 300 -0.1962638 0.3472222
Moved 368.0209 269.7124 300 -0.2089991 0.3472222
Moved 368.0522 265.6111 301 -0.2184927 0.3530091
Moved 368.0861 263.1367 301.8633 -0.2242207 0.3580055
Moved 368.1175 260.38 302.62 -0.2306018 0.3623844
Moved 368.1658 257.6414 304.3586 -0.2369412 0.3724459
Moved 368.197 258 313.2972 -0.2361111 0.4241737
Ended 368.2302 258 313.2972 -0.2361111 0.4241737
PhraseEnd 368.9258
the five boxing wizards jump quickly
Basic
0.6 0.6
432 326.4
Began 949.6586 380 369 0.04629632 0.003063726
Stationary 949.7318 380 369 0.04629632 0.003063726
Stationary 949.797 380 369 0.04629632 0.003063726
Stationary 949.8566 380 369 0.04629632 0.003063726
Moved 949.9164 370.2247 378 0.02366841 0.03063726
Moved 949.9802 369.5 378 0.02199074 0.03063726
Moved 950.0406 370 378 0.02314816 0.03063726
Stationary 950.0977 370 378 0.02314816 0.03063726
Stationary 950.1553 370 378 0.02314816 0.03063726
Stationary 950.2122 370 378 0.02314816 0.03063726
Ended 950.2704 378.1874 378 0.04210055 0.03063726
Backspace 951.1229
Began 951.8474 336 423 -0.05555556 0.1685049
Stationary 951.9155 336 423 -0.05555556 0.1685049
Stationary 951.9736 336 423 -0.05555556 0.1685049
Stationary 952.0387 336 423 -0.05555556 0.1685049
Stationary 952.1031 336 423 -0.05555556 0.1685049
Moved 952.1652 366.9017 408.0562 0.01597613 0.1227211
Moved 952.2287 410.3477 370.4598 0.1165456 0.007536084
Moved 952.2953 430.7011 350.2989 0.16366 -0.05423135
Moved 952.3831 435.3596 344.6404 0.1744435 -0.07156747
Moved 952.4495 414.2308 353.4615 0.1255342 -0.04454201
Moved 952.5143 368.3737 385.251 0.01938363 0.05285249
Moved 952.5892 320.4163 424.6531 -0.09162898 0.1735695
Moved 952.6542 286.758 454.2421 -0.1695417 0.264222
Moved 952.7167 264.9653 474.3565 -0.2199878 0.3258471
Moved 952.7833 254.7441 483.2559 -0.2436479 0.3531125
Moved 952.8502 252 486.5 -0.25 0.3630515
Ended 952.911 252 487 -0.25 0.3645834
Began 953.1224 351 331 -0.02083332 -0.1133578
Stationary 953.1903 351 331 -0.02083332 -0.1133578
Stationary 953.2527 351 331 -0.02083332 -0.1133578
Moved 953.3224 415.8393 376.0729 0.1292575 0.02473317
Moved 953.3807 476.1249 408.7045 0.2688076 0.1247073
Moved 953.4388 510.0637 426.7507 0.3473696 0.179996
Moved 953.4957 525.6732 435 0.3835026 0.2052697
Moved 953.5786 513.243 428.0842 0.3547293 0.1840815
Moved 953.6411 457.5052 373.2063 0.2257066 0.01595067
Moved 953.7034 413.6703 315.7838 0.1242367 -0.1599762
Moved 953.7649 386.7005 270.0507 0.06180664 -0.3000896
Moved 953.827 373.9331 246.8997 0.03225267 -0.3710182
Moved 953.8953 363.8951 237.4476 0.009016494 -0.3999766
Moved 953.9759 351.756 236 -0.01908337 -0.4044118
Moved 954.0381 331.456 262.4519 -0.06607403 -0.3233704
Moved 954.0995 313.3205 316.3976 -0.1080544 -0.1580956
Moved 954.1639 297.4366 380.5355 -0.1448228 0.03840521
Moved 954.2283 289.2051 417.5897 -0.163877 0.1519293
Moved 954.2914 283.9411 442.2945 -0.1760623 0.2276179
Moved 954.3511 279.4223 459.1554 -0.1865224 0.2792751
Moved 954.4108 278 466.7844 -0.1898148 0.3026482
Ended 954.4698 278 469.3616 -0.1898148 0.310544
Began 954.7901 392 270 0.07407407 -0.3002451
Stationary 954.8488 392 270 0.07407407 -0.3002451
Moved 954.9167 392 282.7912 0.07407407 -0.2610563
Moved 954.981 417.8625 310.8625 0.1339411 -0.1750535
Moved 955.0426 442.4854 344.5766 0.1909384 -0.07176287
Moved 955.1022 473.2649 390.1082 0.2621872 0.06773332
Moved 955.1647 500.228 435.4559 0.3246017 0.2066665
Moved 955.2288 508.9294 456.7882 0.344744 0.2720228
Moved 955.294 510 464.0892 0.3472221 0.2943911
Moved 955.3638 453.1295 449.9433 0.2155776 0.2510519
Moved 955.4239 368.783 394.1861 0.02033095 0.08022706
Moved 955.4876 333.6458 355.6458 -0.0610052 -0.03785003
Moved 955.5502 308.3397 323.4529 -0.1195841 -0.1364802
Moved 955.6127 296.7574 308.6765 -0.146395 -0.1817511
Moved 955.6745 286.8129 296.8129 -0.1694146 -0.2180976
Moved 955.7352 281.2064 291.2064 -0.1823925 -0.2352744
Moved 955.7962 279 286.5 -0.1875 -0.2496935
Moved 955.8581 278 286 -0.1898148 -0.2512255
Moved 955.9641 339.1264 344.6053 -0.0483186 -0.07167499
Moved 956.033 398.9169 397.6252 0.09008546 0.09076367
Moved 956.0946 435.4385 427.4385 0.1746262 0.1821034
Moved 956.1577 459.9733 447.9733 0.2314196 0.2450161
Moved 956.2188 470.2202 455 0.2551393 0.2665441
Moved 956.2845 471.5 456 0.2581018 0.2696078
Moved 956.3561 429.0559 381.7878 0.1598516 0.04224207
Moved 956.4194 405.9202 325.4007 0.1062967 -0.1305126
Moved 956.4858 394.6051 283.4203 0.08010437 -0.2591289
Moved 956.5501 392 269.3969 0.07407407 -0.3020928
Moved 956.6426 389.5125 265 0.06831606 -0.3155637
Moved 956.7003 374.7941 297.4632 0.03424565 -0.2161054
Moved 956.757 362.1462 338.342 0.004968048 -0.09086385
Moved 956.8159 352.5745 370.702 -0.01718869 0.008278267
Moved 956.883 350 382.0098 -0.02314816 0.04292217
Ended 956.9423 350 383.374 -0.02314816 0.0471016
Began 957.1794 209 489 -0.349537 0.3707108
Moved 957.2553 224.4331 489 -0.3138122 0.3707108
Moved 957.3188 273.03 489 -0.2013195 0.3707108
Moved 957.3821 319.3055 489 -0.09420027 0.3707108
Moved 957.4526 369.2891 489 0.02150257 0.3707108
Moved 957.5139 417.5857 489 0.1333001 0.3707108
Moved 957.5743 442.5539 489 0.1910971 0.3707108
Moved 957.6375 450 489 0.2083333 0.3707108
Moved 957.7089 437.4703 473.0391 0.1793295 0.3218108
Moved 957.7781 340.5105 400.3829 -0.04511466 0.09921233
Moved 957.8469 284.3092 350.7706 -0.1752101 -0.05278625
Moved 957.9156 248.0627 315.0752 -0.2591141 -0.1621471
Moved 957.9871 233.0131 299.0131 -0.2939512 -0.2113568
Moved 958.0588 225.9401 292 -0.3103237 -0.232843
Moved 958.1396 223 291 -0.3171296 -0.2359069
Moved 958.197 217.9212 301.2363 -0.328886 -0.2045458
Moved 958.2552 204.1271 328.7458 -0.360817 -0.1202639
Moved 958.317 194.1875 351.4376 -0.3838253 -0.05074258
Moved 958.3848 193 360.996 -0.3865741 -0.02145833
Moved 958.4487 218.5 380 -0.3275463 0.0367648
Moved 958.5153 263.289 403.1734 -0.2238681 0.1077617
Moved 958.5775 293.5797 426.3165 -0.1537506 0.1786656
Moved 958.6389 314.3209 446.5472 -0.1057387 0.2406472
Moved 958.7017 319.5 452.5 -0.09375001 0.2588848
Moved 958.7978 319 442.7006 -0.09490739 0.2288621
Moved 958.8613 289.1922 382.0286 -0.1639069 0.04297986
Moved 958.9225 279.3526 347.4105 -0.1866837 -0.0630805
Moved 958.9843 274.8287 331.6575 -0.1971557 -0.1113434
Moved 959.0546 274 330 -0.199074 -0.1164215
Moved 959.1168 268.5494 330 -0.2116911 -0.1164215
Moved 959.1841 242.9984 340.8007 -0.2708369 -0.08333123
Moved 959.2446 228.0999 344 -0.3053243 -0.07352941
Ended 959.306 227 345 -0.3078704 -0.07046569
Began 959.5305 463 323 0.2384259 -0.1378676
Stationary 959.6031 463 323 0.2384259 -0.1378676
Moved 959.6797 456 379.3972 0.2222222 0.03491794
Moved 959.7388 456 418.5789 0.2222222 0.1549599
Moved 959.8041 466 451.6057 0.2453704 0.256145
Moved 959.8706 466 457.3888 0.2453704 0.2738628
Stationary 959.9319 466 457 0.2453704 0.2726716
Moved 959.9951 439.9098 420.3654 0.1849763 0.1604331
Moved 960.0707 429 312.0795 0.1597223 -0.1713249
Moved 960.1409 437.22 252.9001 0.1787499 -0.3526343
Moved 960.2027 442 242.2719 0.1898148 -0.3851965
Moved 960.2632 456.7554 260.5598 0.2239708 -0.3291673
Moved 960.3414 491.5352 342.1128 0.3044797 -0.07931121
Moved 960.4019 510.1086 399.2173 0.3474737 0.09564129
Moved 960.4611 517.735 425.0728 0.3651274 0.1748553
Moved 960.5223 525.6726 449.0089 0.3835014 0.2481891
Ended 960.5833 533.2642 461.2642 0.4010745 0.2857358
Began 960.899 157 429 -0.4699074 0.1868873
Moved 960.9662 168.7659 429 -0.4426716 0.1868873
Moved 961.0271 230.34 437 -0.3001389 0.2113971
Moved 961.0911 298.0508 438 -0.143401 0.2144608
Moved 961.163 354.4553 438 -0.01283497 0.2144608
Moved 961.2253 390.1449 439.1636 0.06977985 0.2180257
Moved 961.2917 431.5086 446.3584 0.1655292 0.2400687
Moved 961.3666 453 449 0.2152778 0.2481618
Moved 961.4266 454 430.4803 0.2175926 0.1914227
Moved 961.4924 396.478 379.478 0.08443981 0.03516534
Moved 961.5587 342 321 -0.04166668 -0.1439951
Moved 961.6281 316.6056 288.2112 -0.10045 -0.244451
Moved 961.6899 309.7896 276.7896 -0.1162279 -0.2794437
Moved 961.7522 309 273.97 -0.1180555 -0.2880822
Moved 961.8132 315.7313 274 -0.1024738 -0.2879901
Moved 961.873 352.041 294.5948 -0.0184236 -0.2248932
Moved 961.9377 398.5 321.5 0.08912037 -0.1424631
Moved 962.0004 448.1226 357.8981 0.2039875 -0.03094954
Moved 962.0634 469.2669 370.8446 0.2529326 0.008715088
Moved 962.1667 487 376 0.2939814 0.02450971
Moved 962.227 501.7985 376 0.3282373 0.02450971
Moved 962.2911 518.2896 366.9035 0.366411 -0.003359365
Moved 962.3533 526.0266 363 0.3843208 -0.01531863
Moved 962.4163 526 362 0.3842592 -0.01838226
Moved 962.4778 484.8979 388.1559 0.2891155 0.06175214
Moved 962.542 434.8854 420.4097 0.1733459 0.1605691
Moved 962.609 398.9583 452.0417 0.09018123 0.2574809
Moved 962.673 388.3791 466.6209 0.06569236 0.3021474
Ended 962.7398 386 473.1432 0.06018519 0.3221299
PhraseEnd 963.4377
