the five boxing wizards jump quickly
Basic
0.8 0.8
575.9999 230.4
Began 117.2139 341 326 -0.03298611 0.3732638
Stationary 117.2367 341 326 -0.03298611 0.3732638
Stationary 117.2521 341 326 -0.03298611 0.3732638
Stationary 117.2679 341 326 -0.03298611 0.3732638
Stationary 117.28 341 326 -0.03298611 0.3732638
Stationary 117.2953 341 326 -0.03298611 0.3732638
Stationary 117.3095 341 326 -0.03298611 0.3732638
Stationary 117.3266 341 326 -0.03298611 0.3732638
Stationary 117.3415 341 326 -0.03298611 0.3732638
Stationary 117.3587 341 326 -0.03298611 0.3732638
Stationary 117.3737 341 326 -0.03298611 0.3732638
Stationary 117.3907 341 326 -0.03298611 0.3732638
Stationary 117.4033 341 326 -0.03298611 0.3732638
Stationary 117.4201 341 326 -0.03298611 0.3732638
Stationary 117.4885 341 326 -0.03298611 0.3732638
Stationary 117.5064 341 326 -0.03298611 0.3732638
Moved 117.5196 354.3278 311.4606 -0.009847545 0.3101589
Moved 117.5339 358.5494 306.8591 -0.002518445 0.290187
Moved 117.5533 365.8753 298.1497 0.01020014 0.2523856
Moved 117.5672 372.0861 291.9139 0.02098277 0.225321
Moved 117.5877 381.9208 280.6619 0.03805697 0.1764841
Moved 117.6072 390.8022 271.3973 0.0534761 0.1362732
Moved 117.621 401.4522 260.5479 0.07196561 0.08918352
Moved 117.6347 409 253 0.08506946 0.05642362
Moved 117.6478 417.7512 243.2986 0.1002625 0.01431677
Moved 117.6662 423.3364 237.6636 0.1099591 -0.01014074
Moved 117.6814 426.5 233 0.1154514 -0.03038195
Moved 117.6981 428.6475 230.5288 0.1191796 -0.04110774
Moved 117.7172 431.3983 227.6017 0.1239555 -0.05381201
Moved 117.7327 433 223.0466 0.1267361 -0.07358234
Moved 117.7478 433 221.6393 0.1267361 -0.07969062
Stationary 117.7672 433 221.6393 0.1267361 -0.07969062
Moved 117.7817 433 219.869 0.1267361 -0.08737419
Moved 117.7963 424.9846 220 0.1128206 -0.08680556
Moved 117.8098 407.849 220 0.08307122 -0.08680556
Stationary 117.8224 407.849 220 0.08307122 -0.08680556
Moved 117.8353 387.4398 220 0.04763849 -0.08680556
Moved 117.8511 365.3268 237.6095 0.00924796 -0.01037545
Moved 117.8666 341.411 244.9242 -0.03227256 0.02137237
Moved 117.8827 319.0957 254.8331 -0.07101436 0.06438004
Moved 117.9103 285 269.5 -0.1302083 0.1280382
Moved 117.9295 270.8958 273.7014 -0.1546948 0.1462735
Moved 117.9454 259.6045 277.8983 -0.1742978 0.1644894
Moved 117.9614 246.4822 283.0692 -0.1970794 0.1869321
Moved 117.9761 236.5162 287.2073 -0.2143816 0.204893
Moved 117.9916 228.3731 289.8757 -0.228519 0.2164744
Moved 118.0071 220.0621 293.6459 -0.2429477 0.2328384
Moved 118.0219 212.9422 295.2115 -0.2553087 0.2396335
Moved 118.0363 209.1607 297.4196 -0.2618737 0.2492172
Moved 118.0505 204.0433 298 -0.2707581 0.2517361
Moved 118.0643 200.9558 299.0221 -0.2761184 0.2561724
Moved 118.0839 198.1875 300.4063 -0.2809246 0.2621801
Moved 118.0978 195.4153 301 -0.2857374 0.2647568
Moved 118.1118 193.8296 302.1704 -0.2884904 0.2698369
Moved 118.1254 192.5 302 -0.2907986 0.2690972
Moved 118.1406 191.3062 303 -0.2928712 0.2734375
Moved 118.1557 191 303.9833 -0.2934028 0.2777052
Moved 118.1725 191 305.371 -0.2934028 0.2837285
Ended 118.1888 191 306 -0.2934028 0.2864584
Began 118.4077 289 225 -0.1232639 -0.06510417
Stationary 118.4234 289 225 -0.1232639 -0.06510417
Stationary 118.4415 289 225 -0.1232639 -0.06510417
Stationary 118.4585 289 225 -0.1232639 -0.06510417
Stationary 118.4728 289 225 -0.1232639 -0.06510417
Stationary 118.4863 289 225 -0.1232639 -0.06510417
Stationary 118.5011 289 225 -0.1232639 -0.06510417
Stationary 118.5172 289 225 -0.1232639 -0.06510417
Moved 118.529 301.3078 225 -0.1018961 -0.06510417
Moved 118.5466 303.2514 230.2532 -0.09852194 -0.04230393
Moved 118.5673 319 238 -0.07118054 -0.008680556
Moved 118.5813 329.4289 241.8096 -0.05307489 0.007854171
Moved 118.5993 335.8399 243.9467 -0.04194461 0.01712958
Moved 118.613 345.4604 246.703 -0.02524227 0.0290929
Moved 118.6288 355.1171 249.462 -0.008477271 0.041068
Moved 118.6471 367.0276 252.2284 0.01220062 0.05307463
Moved 118.6648 376.4532 254.9866 0.02856456 0.06504589
Moved 118.6814 392.6782 258.6395 0.05673297 0.08090073
Moved 118.6972 406.6718 262.8015 0.08102737 0.09896491
Moved 118.7116 420.5 266.5 0.1050347 0.1150175
Moved 118.7265 436.4459 273.0482 0.1327185 0.1434385
Moved 118.7415 451.6598 279.2639 0.1591316 0.1704163
Moved 118.7632 465.4453 286.2226 0.1830647 0.2006189
Moved 118.7778 474.8022 288.4866 0.1993094 0.2104455
Moved 118.7937 483.2919 291.4306 0.2140485 0.2232231
Moved 118.8072 487.7839 292.5947 0.2218471 0.2282755
Moved 118.8235 491.9431 293.981 0.2290679 0.2342926
Moved 118.8388 494.0835 294 0.2327839 0.234375
Moved 118.8548 495.43 295.43 0.2351216 0.2405816
Moved 118.8714 495.8111 295 0.2357831 0.2387153
Stationary 118.888 496 295 0.2361111 0.2387153
Stationary 118.9025 496 295 0.2361111 0.2387153
Moved 118.9262 481.2 276.1636 0.2104166 0.15696
Moved 118.9405 471.5 267.5 0.1935764 0.1193578
Moved 118.9544 457.9496 252.9496 0.1700513 0.05620493
Moved 118.968 442.1762 238.342 0.142667 -0.007196004
Moved 118.9828 423 223.5 0.109375 -0.07161459
Moved 118.9961 411.7415 214.5393 0.08982889 -0.1105065
Stationary 119.0095 411.7415 214.5393 0.08982889 -0.1105065
Moved 119.0232 397.9141 203.5313 0.06582312 -0.1582844
Moved 119.041 385.0381 193.4304 0.04346885 -0.2021249
Moved 119.0793 353.6374 173.3187 -0.01104616 -0.2894153
Moved 119.1006 344.4114 169.1764 -0.02706349 -0.3073939
Moved 119.1549 320.5661 167 -0.06846168 -0.3168403
Moved 119.1709 316 167 -0.0763889 -0.3168403
Moved 119.1898 313.2098 167 -0.08123298 -0.3168403
Moved 119.2064 309.0695 167 -0.08842092 -0.3168403
Moved 119.2308 296.6289 188.5195 -0.1100193 -0.2234396
Moved 119.2453 288.2104 198.2545 -0.1246347 -0.181187
Moved 119.2646 277.1628 214.4012 -0.1438147 -0.1111057
Moved 119.2896 260.7272 237.8182 -0.1723486 -0.009469457
Moved 119.3041 250.8546 251.4036 -0.1894885 0.04949464
Moved 119.3257 241.8165 263.2359 -0.2051797 0.1008503
Moved 119.3394 232.1371 277.0898 -0.2219842 0.1609802
Moved 119.3524 225.2436 285.5492 -0.2339521 0.1976962
Moved 119.3659 218.1228 295.228 -0.2463146 0.2397051
Stationary 119.379 218.1228 295.228 -0.2463146 0.2397051
Moved 119.3916 211.5 304.5 -0.2578125 0.2799481
Moved 119.408 207.8312 307.8917 -0.2641819 0.2946691
Moved 119.4231 203.941 313.0786 -0.2709357 0.3171815
Moved 119.4384 199.7704 317.2296 -0.2781764 0.335198
Moved 119.4536 197.4405 320.5595 -0.2822214 0.3496507
Moved 119.4749 193 326 -0.2899306 0.3732638
Stationary 119.4878 193 326 -0.2899306 0.3732638
Moved 119.5025 192.102 326.898 -0.2914896 0.3771615
Moved 119.5178 192 328.2653 -0.2916667 0.3830959
Moved 119.5321 190.7629 328 -0.2938145 0.3819445
Ended 119.5476 191 332 -0.2934028 0.3993056
Began 119.8803 353 181 -0.01215279 -0.2560764
Stationary 119.9012 353 181 -0.01215279 -0.2560764
Stationary 119.9156 353 181 -0.01215279 -0.2560764
Stationary 119.9305 353 181 -0.01215279 -0.2560764
Stationary 119.9472 353 181 -0.01215279 -0.2560764
Stationary 119.9632 353 181 -0.01215279 -0.2560764
Stationary 119.9776 353 181 -0.01215279 -0.2560764
Stationary 119.9937 353 181 -0.01215279 -0.2560764
Stationary 120.0144 353 181 -0.01215279 -0.2560764
Stationary 120.0325 353 181 -0.01215279 -0.2560764
Moved 120.0485 363.0297 181 0.005259961 -0.2560764
Moved 120.0635 365.1794 181 0.008992106 -0.2560764
Moved 120.0773 369.3394 181 0.01621418 -0.2560764
Moved 120.0939 373.5 181 0.02343752 -0.2560764
Moved 120.1079 378.6709 181 0.03241479 -0.2560764
Moved 120.1224 382.8289 181 0.03963352 -0.2560764
Moved 120.1363 388.3061 181 0.04914254 -0.2560764
Moved 120.1529 391.1245 185.9572 0.05403564 -0.234561
Moved 120.1731 394.1758 189.0879 0.059333 -0.2209726
Moved 120.191 396.9679 189 0.06418034 -0.2213541
Moved 120.2079 401.5764 191.8588 0.07218131 -0.2089464
Moved 120.2257 408.1907 195.7144 0.08366443 -0.1922121
Moved 120.2428 414.1926 200.9938 0.09408437 -0.1692979
Moved 120.2615 447.4182 232.4181 0.1517677 -0.03290759
Moved 120.277 461.248 244.8232 0.1757778 0.02093408
Stationary 120.2898 461.248 244.8232 0.1757778 0.02093408
Moved 120.3069 473.5051 255.6919 0.1970574 0.06810732
Moved 120.3221 484.5638 266.5638 0.2162566 0.1152943
Moved 120.3388 499.7284 280.7284 0.2425841 0.1767725
Moved 120.4161 519.5816 303.5816 0.2770514 0.275962
Moved 120.4326 520 304.9582 0.2777778 0.2819366
Moved 120.4463 520 306.3373 0.2777778 0.2879227
Moved 120.462 520 307.2863 0.2777778 0.2920412
Moved 120.4814 520 308 0.2777778 0.2951389
Moved 120.4946 520 309.1547 0.2777778 0.3001509
Moved 120.5069 500.5 309 0.2439236 0.2994793
Moved 120.5228 475.5805 298.8693 0.2006607 0.2555093
Stationary 120.5357 475.5805 298.8693 0.2006607 0.2555093
Moved 120.5475 436.0356 285.3452 0.1320063 0.1968108
Moved 120.5628 393.7412 272.4975 0.05857841 0.1410482
Moved 120.5791 365.7881 263.3176 0.01004882 0.101205
Moved 120.5943 331.6343 250.3209 -0.04924596 0.04479581
Moved 120.6108 311.8078 240.1273 -0.08366708 0.0005526014
Moved 120.6321 276.1821 222.0911 -0.1455173 -0.07772976
Moved 120.646 263.4398 214.5249 -0.1676392 -0.1105689
Stationary 120.6588 263.4398 214.5249 -0.1676392 -0.1105689
Moved 120.6704 251.2231 207.5684 -0.1888488 -0.1407623
Moved 120.6866 243.216 202.144 -0.20275 -0.1643053
Moved 120.7023 237.6747 198.4498 -0.2123704 -0.1803393
Moved 120.7178 232.3121 195.208 -0.2216804 -0.1944097
Moved 120.734 228.2075 191.2075 -0.2288065 -0.2117729
Moved 120.7614 221.034 186.0339 -0.2412605 -0.2342277
Moved 120.777 218.1777 184.5889 -0.2462192 -0.2404997
Moved 120.7991 215.1481 181.1481 -0.251479 -0.2554336
Moved 120.8162 213.8165 179.8164 -0.2537909 -0.2612135
Moved 120.8336 213 179.4237 -0.2552083 -0.262918
Moved 120.8504 213 178.0439 -0.2552083 -0.2689067
Moved 120.8665 213 177.5 -0.2552083 -0.2712674
Moved 120.8826 213 177 -0.2552083 -0.2734375
Moved 120.9008 213 175.8572 -0.2552083 -0.2783977
Moved 120.9154 223.5 176 -0.2369792 -0.2777778
Moved 120.9295 240.3056 175 -0.2078028 -0.282118
Moved 120.9471 267.6611 181.8813 -0.1603105 -0.2522511
Moved 120.9686 303.5217 195.6622 -0.09805266 -0.1924382
Moved 120.9843 337.3633 209.4957 -0.03929991 -0.1323969
Moved 121.0003 348 215 -0.02083335 -0.108507
Moved 121.0164 362.1123 221.5068 0.003667176 -0.08026548
Moved 121.0331 371.6841 226.8245 0.02028488 -0.0571855
Moved 121.0516 386.6724 235.0032 0.04630633 -0.02168762
Moved 121.07 396.0264 240.1542 0.06254577 0.000669294
Moved 121.0868 406.8435 245.4218 0.08132555 0.02353192
Moved 121.1108 425.2488 254.6244 0.1132791 0.06347405
Moved 121.1268 436.1544 260.0772 0.1322126 0.08714067
Moved 121.1558 457.8691 271.6682 0.1699117 0.1374488
Moved 121.1731 467.7299 276.3128 0.1870311 0.1576075
Moved 121.1869 477.5 282 0.203993 0.1822917
Moved 121.2005 483.3992 286.6395 0.2142347 0.2024285
Stationary 121.2134 483.3992 286.6395 0.2142347 0.2024285
Moved 121.2253 489.0768 290.8076 0.2240917 0.2205192
Moved 121.2419 492.9554 294.3036 0.2308253 0.2356928
Moved 121.2649 498.1554 298.0777 0.2398532 0.2520734
Moved 121.287 499.4902 299.4902 0.2421705 0.2582043
Moved 121.3138 502.2582 301 0.2469761 0.2647568
Stationary 121.3331 502 301 0.2465278 0.2647568
Stationary 121.3472 502 301 0.2465278 0.2647568
Moved 121.4367 491.1283 275.2887 0.2276533 0.1531628
Moved 121.4527 485.6492 261.6229 0.2181409 0.09384951
Moved 121.4671 476.7132 239.9976 0.2026271 -1.046393E-05
Moved 121.487 469.4853 222.7648 0.1900787 -0.07480556
Moved 121.5008 465.5008 212.752 0.1831611 -0.118264
Moved 121.5141 460 200.5 0.1736111 -0.171441
Moved 121.5268 456.2081 191.4163 0.1670279 -0.210867
Moved 121.5407 452.0316 183.0632 0.1597772 -0.2471213
Moved 121.5631 448.5901 176.1802 0.1538022 -0.2769955
Moved 121.5783 445.8163 169.5409 0.1489867 -0.305812
Moved 121.5966 443.0541 165.5811 0.1441911 -0.3229988
Moved 121.6109 441 164 0.140625 -0.3298611
Moved 121.6244 439.2079 161.2079 0.1375137 -0.3419796
Moved 121.6376 435.1779 159.726 0.1305172 -0.3484116
Moved 121.6561 427.7466 159 0.1176156 -0.3515624
Moved 121.6717 420.7966 159 0.1055497 -0.3515624
Moved 121.6933 405.9539 169.2368 0.07978112 -0.3071319
Moved 121.7079 397.8828 175.931 0.06576867 -0.2780772
Moved 121.7289 391.7976 182.2024 0.05520426 -0.2508577
Moved 121.7433 385.02 189.6433 0.04343756 -0.2185619
Moved 121.7574 377.7817 197.2184 0.03087096 -0.185684
Moved 121.772 369.1848 204.3459 0.01594588 -0.1547485
Moved 121.7865 364.6138 209.3862 0.008010046 -0.1328724
Stationary 121.7998 364.6138 209.3862 0.008010046 -0.1328724
Moved 121.8118 359.0922 214.9077 -0.001575984 -0.1089074
Moved 121.8266 353.5776 220.4224 -0.01114994 -0.08497239
Moved 121.8428 349.7634 225.7277 -0.01777187 -0.06194592
Moved 121.8582 344.8147 230.1389 -0.02636332 -0.04279985
Moved 121.8799 340.3987 237.6013 -0.03403001 -0.01041095
Moved 121.8933 340 240.3607 -0.03472224 0.001565748
Stationary 121.9076 340 240.3607 -0.03472224 0.001565748
Moved 121.9202 339 243.6965 -0.03645834 0.01604398
Moved 121.9349 339 246.9003 -0.03645834 0.02994909
Ended 121.9504 339 253.7107 -0.03645834 0.05950822
Began 122.5653 210 322 -0.2604167 0.3559029
Stationary 122.5917 210 322 -0.2604167 0.3559029
Stationary 122.6064 210 322 -0.2604167 0.3559029
Stationary 122.6217 210 322 -0.2604167 0.3559029
Stationary 122.6372 210 322 -0.2604167 0.3559029
Stationary 122.6526 210 322 -0.2604167 0.3559029
Stationary 122.6655 210 322 -0.2604167 0.3559029
Stationary 122.6779 210 322 -0.2604167 0.3559029
Stationary 122.6914 210 322 -0.2604167 0.3559029
Stationary 122.713 210 322 -0.2604167 0.3559029
Stationary 122.7353 210 322 -0.2604167 0.3559029
Stationary 122.7513 210 322 -0.2604167 0.3559029
Moved 122.7664 220.6964 322 -0.2418466 0.3559029
Moved 122.7824 227.0882 322 -0.2307497 0.3559029
Moved 122.7981 238.7011 327.0757 -0.2105883 0.3779328
Moved 122.8139 258.2426 332.0455 -0.1766623 0.3995031
Moved 122.8298 274.757 333.3964 -0.1479914 0.4053665
Moved 122.8513 318.0346 336.1565 -0.07285662 0.4173459
Moved 122.8662 338.5 336 -0.0373264 0.4166667
Moved 122.8836 360.9224 336.9282 0.001601428 0.4206953
Moved 122.8984 379.1043 338.3157 0.03316716 0.4267176
Moved 122.9159 394.7492 339.3166 0.06032854 0.4310616
Moved 122.9292 413.5363 340 0.09294488 0.4340278
Moved 122.9455 427.8574 340 0.1178081 0.4340278
Moved 122.9618 442.6483 341 0.1434866 0.4383681
Moved 122.9757 455.5275 341 0.1658463 0.4383681
Moved 122.9918 465.3447 342.335 0.1828901 0.4441623
Moved 123.0129 476.3131 342 0.2019324 0.4427085
Moved 123.028 482.1903 342 0.212136 0.4427085
Moved 123.0469 487.6717 342 0.2216522 0.4427085
Moved 123.0621 491.6534 342 0.2285649 0.4427085
Moved 123.077 493.9313 342 0.2325196 0.4427085
Moved 123.0916 495.3077 342 0.2349093 0.4427085
Moved 123.1078 496 342 0.2361111 0.4427085
Stationary 123.123 496 342 0.2361111 0.4427085
Moved 123.1372 496 330.9374 0.2361111 0.3946938
Moved 123.1586 441.4004 296.9933 0.1413202 0.247367
Moved 123.1789 402.4836 277.2418 0.07375614 0.1616396
Moved 123.1932 369.5721 264.7535 0.01661822 0.107437
Moved 123.207 341.0575 252.5759 -0.0328863 0.05458303
Moved 123.2212 319.0536 244.3951 -0.07108752 0.01907627
Moved 123.2359 307.9268 238.7708 -0.09040494 -0.005335146
Moved 123.25 296.9807 235.2942 -0.1094086 -0.02042453
Stationary 123.2647 296.9807 235.2942 -0.1094086 -0.02042453
Moved 123.2777 279.7476 227.4989 -0.1393272 -0.05425825
Moved 123.2926 263.7109 221.8119 -0.1671686 -0.07894132
Moved 123.3082 245.7409 212.8605 -0.1983665 -0.117793
Moved 123.3312 219.7438 201.6539 -0.2435003 -0.1664325
Moved 123.345 208.7635 197.5364 -0.2625633 -0.1843038
Moved 123.3585 199.5 193.5 -0.2786458 -0.2018229
Stationary 123.3709 199.5 193.5 -0.2786458 -0.2018229
Moved 123.3868 195.1309 192.4261 -0.286231 -0.2064838
Moved 123.4177 182.6632 191 -0.3078764 -0.2126736
Moved 123.4346 171.7129 188.9043 -0.3268873 -0.2217694
Moved 123.4522 166.1158 189 -0.3366046 -0.2213541
Moved 123.4689 163.46 189 -0.3412154 -0.2213541
Moved 123.4834 161.1191 189 -0.3452793 -0.2213541
Moved 123.5019 158.353 189 -0.3500816 -0.2213541
Moved 123.5148 155.5842 189 -0.3548885 -0.2213541
Moved 123.5269 153.9184 189 -0.3577805 -0.2213541
Stationary 123.5395 153.9184 189 -0.3577805 -0.2213541
Moved 123.5519 152.5208 189 -0.360207 -0.2213541
Moved 123.5686 151.1475 189 -0.3625911 -0.2213541
Moved 123.5838 149.7697 189 -0.3649831 -0.2213541
Moved 123.5993 148.5 189 -0.3671875 -0.2213541
Moved 123.6143 147.3337 189 -0.3692123 -0.2213541
Moved 123.6298 145.9536 189 -0.3716084 -0.2213541
Moved 123.6503 145 189 -0.3732639 -0.2213541
Stationary 123.6661 145 189 -0.3732639 -0.2213541
Stationary 123.6778 145 189 -0.3732639 -0.2213541
Moved 123.6929 143.7111 189 -0.3755015 -0.2213541
Stationary 123.7091 143.7111 189 -0.3755015 -0.2213541
Stationary 123.7232 144 189 -0.375 -0.2213541
Moved 123.7387 142.6278 189 -0.3773823 -0.2213541
Stationary 123.755 142.6278 189 -0.3773823 -0.2213541
Stationary 123.7697 142.6278 189 -0.3773823 -0.2213541
Moved 123.785 141.8685 196.9207 -0.3787006 -0.1869762
Moved 123.8065 142 205.231 -0.3784722 -0.1509073
Moved 123.8197 140.5 211.5 -0.3810764 -0.1236978
Stationary 123.8325 140.5 211.5 -0.3810764 -0.1236978
Moved 123.8455 141 217.5903 -0.3802084 -0.09726419
Moved 123.8617 139.8569 224.7153 -0.3821928 -0.06633958
Moved 123.8775 140 228.5 -0.3819444 -0.0499132
Moved 123.8953 140 232.7897 -0.3819444 -0.03129469
Moved 123.9087 140 235.5519 -0.3819444 -0.01930608
Moved 123.9234 140 238.3307 -0.3819444 -0.007245277
Moved 123.9384 140 241.0928 -0.3819444 0.004742941
Moved 123.9646 162.8893 252.9336 -0.342206 0.0561354
Moved 123.9871 178.2466 258.3256 -0.3155441 0.0795383
Moved 124.002 196.2863 265.264 -0.2842252 0.1096527
Moved 124.0184 215.0383 272.6154 -0.2516696 0.1415597
Moved 124.033 233.8361 279.937 -0.2190347 0.1733375
Moved 124.0545 265.5 295 -0.1640625 0.2387153
Moved 124.0689 281.0589 302.1177 -0.1370505 0.269608
Moved 124.0843 293.9329 309.0738 -0.1146999 0.2997995
Moved 124.0983 302.5947 313.3964 -0.09966203 0.3185609
Moved 124.1133 308.93 316.965 -0.08866322 0.3340493
Moved 124.1383 315.8348 319.7339 -0.07667568 0.3460675
Moved 124.1542 318.507 321.7535 -0.07203639 0.3548331
Moved 124.1698 321.2773 323.1387 -0.06722686 0.360845
Moved 124.1854 322.151 324.1511 -0.06571002 0.3652391
Moved 124.2016 323.5 324 -0.06336804 0.3645835
Stationary 124.2201 323.5 324 -0.06336804 0.3645835
Moved 124.2352 323 324 -0.06423612 0.3645835
Moved 124.253 323 315.7326 -0.06423612 0.3287006
Moved 124.2678 318.8808 306.3957 -0.07138756 0.2881758
Stationary 124.2823 318.8808 306.3957 -0.07138756 0.2881758
Moved 124.301 309.2444 286.7332 -0.08811738 0.202835
Moved 124.3159 305.092 276.8813 -0.09532642 0.1600752
Moved 124.3314 300.935 266.1817 -0.1025434 0.1136359
Moved 124.347 297.8618 258.6544 -0.1078789 0.0809651
Moved 124.365 296.5429 254.6288 -0.1101686 0.06349299
Moved 124.3811 294.2983 252.2983 -0.1140655 0.05337835
Moved 124.3978 292.7711 250.7711 -0.1167168 0.04674952
Moved 124.4143 291.762 248.5239 -0.1184688 0.03699634
Moved 124.4356 287.2554 246.6277 -0.1262927 0.02876613
Moved 124.4525 280.629 244.9258 -0.1377968 0.02137926
Moved 124.472 265.9875 245 -0.1632162 0.02170139
Moved 124.4884 256.4948 245 -0.1796966 0.02170139
Moved 124.5023 248.9592 245 -0.1927791 0.02170139
Moved 124.515 243.1754 245 -0.2028206 0.02170139
Stationary 124.5277 243.1754 245 -0.2028206 0.02170139
Moved 124.5409 235.9969 245 -0.2152831 0.02170139
Moved 124.5577 229.1777 245 -0.227122 0.02170139
Moved 124.5748 209.0562 245 -0.2620552 0.02170139
Stationary 124.5879 209.0562 245 -0.2620552 0.02170139
Moved 124.6024 199.5 245 -0.2786458 0.02170139
Moved 124.6255 180.0139 245 -0.3124759 0.02170139
Moved 124.639 175.5764 245 -0.3201799 0.02170139
Stationary 124.6518 175.5764 245 -0.3201799 0.02170139
Moved 124.6638 171.4899 245 -0.3272744 0.02170139
Moved 124.6788 167.5834 245 -0.3340566 0.02170139
Moved 124.6945 165 245 -0.3385417 0.02170139
Moved 124.7102 165 251.3557 -0.3385417 0.04928695
Moved 124.7277 165 255 -0.3385417 0.06510431
Ended 124.7559 165 255 -0.3385417 0.06510431
Began 125.2286 455 205 0.1649305 -0.1519096
Stationary 125.2545 455 205 0.1649305 -0.1519096
Stationary 125.2674 455 205 0.1649305 -0.1519096
Stationary 125.2808 455 205 0.1649305 -0.1519096
Stationary 125.2953 455 205 0.1649305 -0.1519096
Stationary 125.3107 455 205 0.1649305 -0.1519096
Stationary 125.3263 455 205 0.1649305 -0.1519096
Stationary 125.3415 455 205 0.1649305 -0.1519096
Stationary 125.3564 455 205 0.1649305 -0.1519096
Stationary 125.3719 455 205 0.1649305 -0.1519096
Stationary 125.3877 455 205 0.1649305 -0.1519096
Stationary 125.4048 455 205 0.1649305 -0.1519096
Stationary 125.4187 455 205 0.1649305 -0.1519096
Moved 125.4329 455 215.9722 0.1649305 -0.1042875
Moved 125.4556 455 228.5 0.1649305 -0.0499132
Moved 125.4793 455 235.8981 0.1649305 -0.01780351
Moved 125.4998 455 253.5356 0.1649305 0.0587486
Moved 125.5176 455 267.6048 0.1649305 0.1198125
Moved 125.5347 455 280.251 0.1649305 0.1747004
Moved 125.5514 447.5939 294.4061 0.1520727 0.2361377
Moved 125.5657 441.6267 309.3687 0.141713 0.3010795
Moved 125.5856 438.6174 315.8927 0.1364885 0.3293956
Moved 125.6 434.1974 325.0043 0.1288149 0.3689424
Moved 125.6147 432.0171 329.9487 0.1250298 0.3904022
Moved 125.6291 429.2599 334.1101 0.120243 0.408464
Moved 125.6437 429.2477 334.7524 0.1202216 0.4112518
Moved 125.6615 429 336.1406 0.1197917 0.4172768
Moved 125.675 427.5 336 0.1171875 0.4166667
Moved 125.6897 428 336 0.1180556 0.4166667
Moved 125.705 428 322.9739 0.1180556 0.3601297
Moved 125.7195 439.021 302.3356 0.1371893 0.270554
Moved 125.7396 442.1014 282.2682 0.1425372 0.1834561
Moved 125.7547 447.6014 254.993 0.1520858 0.06507411
Moved 125.7698 451.5 223.5 0.1588542 -0.07161459
Moved 125.7862 454.8295 199.1938 0.1646345 -0.17711
Moved 125.8031 457.6037 184.9813 0.169451 -0.2387965
Moved 125.8224 459.5561 176.4976 0.1728404 -0.275618
Moved 125.8366 463.2406 166.0249 0.1792372 -0.3210725
Moved 125.8577 470.5 151 0.1918403 -0.3862847
Moved 125.8767 473.7667 146.4666 0.1975116 -0.405961
Moved 125.8926 476.5386 142.1921 0.202324 -0.4245133
Moved 125.9144 479.2948 140.3525 0.2071091 -0.4324974
Moved 125.9299 481.5327 139.2336 0.2109943 -0.437354
Moved 125.9461 484.1404 139 0.2155215 -0.4383681
Moved 125.9615 489.7657 139 0.2252877 -0.4383681
Moved 125.9776 515.5629 159.1357 0.2700745 -0.3509732
Moved 125.9936 528.4716 173.4716 0.2924854 -0.2887518
Moved 126.0099 539.9907 183.9919 0.3124839 -0.2430906
Moved 126.0339 552.3381 196.338 0.3339203 -0.1895052
Moved 126.053 558.2775 203.6028 0.3442317 -0.1579739
Moved 126.074 576.021 227.2252 0.3750364 -0.05544597
Moved 126.094 581.3126 237.0471 0.3842233 -0.01281632
Moved 126.1089 586.7861 245.6792 0.3937258 0.02464944
Moved 126.1225 590.9872 251.3163 0.4010194 0.04911595
Moved 126.1387 594.4159 260.2477 0.4069721 0.08788083
Moved 126.1561 596.6364 266.091 0.4108271 0.1132422
Moved 126.1721 599.2687 272.6718 0.4153971 0.1418045
Moved 126.1866 600.5 279.5 0.4175347 0.1714411
Moved 126.2022 602.9092 284.637 0.4217175 0.1937368
Moved 126.2177 604.2928 290.1714 0.4241195 0.217758
Moved 126.2319 605 292.3638 0.4253472 0.2272733
Moved 126.254 606.0621 296.1862 0.4271911 0.2438638
Ended 126.3433 606 299 0.4270833 0.2560765
Began 126.6141 109 279 -0.4357639 0.169271
Stationary 126.642 109 279 -0.4357639 0.169271
Stationary 126.6588 109 279 -0.4357639 0.169271
Stationary 126.6748 109 279 -0.4357639 0.169271
Stationary 126.6897 109 279 -0.4357639 0.169271
Stationary 126.7036 109 279 -0.4357639 0.169271
Stationary 126.7174 109 279 -0.4357639 0.169271
Stationary 126.7302 109 279 -0.4357639 0.169271
Stationary 126.7457 109 279 -0.4357639 0.169271
Stationary 126.7641 109 279 -0.4357639 0.169271
Stationary 126.7802 109 279 -0.4357639 0.169271
Stationary 126.7959 109 279 -0.4357639 0.169271
Stationary 126.8078 109 279 -0.4357639 0.169271
Stationary 126.8219 109 279 -0.4357639 0.169271
Moved 126.8368 119.751 279 -0.417099 0.169271
Moved 126.8522 121.8628 279 -0.4134327 0.169271
Moved 126.8686 129.7007 279 -0.3998252 0.169271
Moved 126.884 139.7091 279 -0.3824496 0.169271
Moved 126.8986 152.5104 279 -0.360225 0.169271
Moved 126.9147 164.8756 279 -0.3387576 0.169271
Moved 126.9314 189.3812 287.8254 -0.2962133 0.2075757
Moved 126.9561 246.5 296.5 -0.1970486 0.2452258
Moved 126.9708 266.2189 297.6431 -0.1628144 0.2501872
Moved 126.9847 288.3646 299.0243 -0.1243671 0.2561818
Moved 126.9991 314.8165 299 -0.07844363 0.2560765
Moved 127.013 333.8681 300.5824 -0.04536793 0.2629445
Moved 127.0269 358.013 303.3348 -0.003449582 0.2748905
Moved 127.0434 377.5 306 0.03038198 0.2864584
Moved 127.0579 393.2144 308.8691 0.05766392 0.2989111
Moved 127.0718 406.8139 311.957 0.08127422 0.3123135
Stationary 127.0847 406.8139 311.957 0.08127422 0.3123135
Moved 127.1054 435.7497 316.7499 0.1315099 0.3331162
Moved 127.123 448.1981 319.2662 0.1531217 0.3440377
Moved 127.1371 457.5 320.5 0.1692709 0.3493924
Moved 127.1555 471.1693 322.8154 0.1930023 0.3594421
Moved 127.1693 482.3548 324.2944 0.2124215 0.365861
Moved 127.1841 490.5 325.5 0.2265625 0.3710938
Moved 127.2051 495.6537 326.7308 0.23551 0.3764357
Moved 127.2203 501.6714 327 0.2459572 0.3776042
Moved 127.2365 504 328.5 0.25 0.3841146
Moved 127.2509 505.9195 328 0.2533324 0.3819445
Moved 127.2725 508.5 328 0.2578125 0.3819445
Moved 127.2881 508 328 0.2569445 0.3819445
Moved 127.3084 508 319.9976 0.2569445 0.347212
Moved 127.3247 466 289.5 0.1840278 0.2148438
Moved 127.3424 392.1543 241.4219 0.0558234 0.006171465
Moved 127.3613 348.3407 211.7792 -0.02024189 -0.1224862
Moved 127.3785 334.5102 201.4302 -0.04425313 -0.1674038
Moved 127.395 318.7591 190.0975 -0.07159881 -0.2165905
Moved 127.412 296.5 174.5 -0.110243 -0.2842881
Moved 127.43 285.7374 168.4608 -0.1289282 -0.3105
Moved 127.4577 271.9937 159.6625 -0.1527887 -0.3486872
Stationary 127.4706 271.9937 159.6625 -0.1527887 -0.3486872
Moved 127.4885 263.6969 155.5657 -0.1671928 -0.3664683
Moved 127.5049 262.1861 154 -0.1698158 -0.3732637
Moved 127.5204 260.8059 152.8059 -0.172212 -0.3784467
Moved 127.5416 259.8002 153 -0.173958 -0.3776042
Stationary 127.5563 259.8002 153 -0.173958 -0.3776042
Stationary 127.576 260 153 -0.1736111 -0.3776042
Stationary 127.5943 260 153 -0.1736111 -0.3776042
Moved 127.6089 275.314 158.5247 -0.1470244 -0.3536257
Moved 127.6319 314.7046 174.0706 -0.07863783 -0.2861522
Moved 127.6476 337.8033 183.6393 -0.038536 -0.2446212
Moved 127.664 370.565 196.8228 0.01834206 -0.1874013
Moved 127.685 406.539 212.0358 0.08079685 -0.1213726
Moved 127.7023 425.5366 219.5157 0.1137789 -0.08890735
Moved 127.7185 441.4241 225.5178 0.1413614 -0.06285682
Moved 127.733 452 229.5 0.1597222 -0.04557279
Moved 127.7458 458.4924 230.797 0.1709937 -0.03994346
Moved 127.7628 465.4104 232.2821 0.1830041 -0.03349781
Moved 127.7766 470.4631 232 0.1917763 -0.03472222
Moved 127.7973 483.239 233.8097 0.2139566 -0.02686766
Moved 127.8118 487.3521 234 0.2210973 -0.02604154
Moved 127.8252 492.8398 235.46 0.2306246 -0.0197049
Moved 127.8421 496.6985 235 0.2373239 -0.02170139
Moved 127.8554 501.3367 235 0.2453762 -0.02170139
Moved 127.8687 506 236.5 0.2534723 -0.01519084
Moved 127.8846 510.9883 238.7953 0.2621325 -0.005228785
Moved 127.9007 522.6407 242.8203 0.2823623 0.01224094
Moved 127.9157 533.3988 246.5197 0.3010396 0.02829724
Moved 127.9309 546.078 252.5389 0.3230521 0.05442262
Moved 127.9537 572.8159 265.408 0.3694721 0.1102776
Moved 127.9681 584.4712 270.765 0.389707 0.1335287
Moved 127.9824 590.189 273.5945 0.3996337 0.1458094
Moved 128.0023 593.9094 274.2274 0.4060928 0.1485564
Stationary 128.016 593.9094 274.2274 0.4060928 0.1485564
Moved 128.0314 600.1144 276 0.4168653 0.1562499
Moved 128.0469 601.4391 277.4391 0.4191652 0.1624963
Moved 128.0631 602.884 277 0.4216736 0.1605903
Moved 128.0792 604.334 277 0.4241911 0.1605903
Moved 128.0929 605.5 277 0.4262153 0.1605903
Moved 128.1141 605 279.04 0.4253472 0.1694445
Moved 128.1301 593.5419 284.7291 0.4054547 0.1941367
Moved 128.1452 568.291 293.2841 0.3616163 0.2312678
Moved 128.164 547.4334 298.9511 0.3254052 0.2558642
Moved 128.1798 527.8699 300 0.2914408 0.2604167
Moved 128.1945 511.942 301.0052 0.2637883 0.2647799
Moved 128.2096 495.9581 301 0.2360383 0.2647568
Moved 128.2243 482 301 0.2118056 0.2647568
Moved 128.2392 463.1564 303.316 0.1790909 0.274809
Moved 128.2541 438.7358 307.0441 0.1366941 0.2909899
Moved 128.2765 398.5452 311.4935 0.06691881 0.3103018
Moved 128.2917 381.9662 313.0862 0.03813573 0.3172144
Moved 128.3068 365.5384 314.4551 0.009615347 0.3231561
Moved 128.3246 352.4753 315.8156 -0.01306362 0.3290606
Moved 128.3394 344.2646 316.9622 -0.02731849 0.3340373
Moved 128.3556 337.2769 318.3446 -0.03944978 0.3400375
Moved 128.3709 332.8301 319.7233 -0.04716996 0.3460211
Moved 128.3868 329.7945 322.2055 -0.05244013 0.3567947
Moved 128.402 328.5046 323.4954 -0.05467952 0.3623933
Moved 128.4171 329 332.1384 -0.05381946 0.3999065
Moved 128.4373 340.5023 344.5023 -0.03385015 0.4535693
Ended 128.452 340.5023 344.5023 -0.03385015 0.4535693
PhraseEnd 129.6204
