breathing is difficult
Basic
0.8 0.8
576 435.2
Began 797.869 355 155  -0.00868056 -0.48943
Stationary 797.926 355 155  -0.00868056 -0.48943
Stationary 797.976 355 155  -0.00868056 -0.48943
Stationary 798.032 355 155  -0.00868056 -0.48943
Moved 798.096 355 171.5  -0.00868056 -0.451516
Moved 798.161 321.034 254.122  -0.0676492 -0.261667
Moved 798.219 307.144 323.209  -0.0917643 -0.10292
Moved 798.276 295.591 390.679  -0.111821 0.0521108
Moved 798.328 289.5 422.5  -0.122396 0.12523
Moved 798.379 284.677 441.292  -0.130769 0.168409
Moved 798.439 279.152 456.696  -0.140361 0.203806
Moved 798.492 271.889 472.167  -0.152971 0.239354
Moved 798.545 263.388 483.612  -0.167729 0.265652
Moved 798.599 249.913 491.724  -0.191123 0.284293
Moved 798.653 226.686 494  -0.231448 0.289522
Moved 798.708 202.158 480.869  -0.274031 0.259349
Moved 798.763 183.485 452.131  -0.30645 0.193316
Moved 798.823 170.984 401.853  -0.328153 0.077787
Moved 798.878 171 381  -0.328125 0.0298713
Moved 798.93 189.305 380  -0.296346 0.0275736
Moved 799.012 277.019 457.851  -0.144064 0.206459
Moved 799.063 320.027 493.27  -0.069398 0.287845
Moved 799.113 332.5 500.5  -0.0477431 0.304458
Moved 799.164 338.596 502  -0.0371598 0.307905
Moved 799.214 363.135 460.38  0.00544228 0.212269
Moved 799.274 380.15 398.919  0.0349832 0.0710452
Moved 799.326 395.289 352.421  0.0612665 -0.0357972
Moved 799.385 406.706 345  0.0810862 -0.0528493
Moved 799.438 439.868 383.302  0.138659 0.0351599
Moved 799.504 483.85 464.058  0.215017 0.220721
Moved 799.583 504.913 509.827  0.251586 0.325889
Moved 799.635 506 514.5  0.253472 0.336627
Moved 799.685 506 498.741  0.253472 0.300415
Moved 799.738 455.481 348.924  0.165766 -0.0438331
Moved 799.792 444.564 295.822  0.146813 -0.165851
Moved 799.846 440 253.772  0.138889 -0.262473
Moved 799.9 440 245  0.138889 -0.282629
Moved 799.954 440 242  0.138889 -0.289522
Moved 800.007 439.088 242  0.137306 -0.289522
Moved 800.059 416.677 277.431  0.0983974 -0.208109
Moved 800.141 377.105 357.684  0.0296968 -0.0237043
Moved 800.197 358.457 400.268  -0.00267945 0.074145
Moved 800.249 351.672 418.311  -0.0144577 0.115604
Moved 800.312 348 427.492  -0.0208334 0.1367
Ended 800.364 348 428  -0.0208334 0.137868
Began 800.617 551 535  0.331597 0.383732
Stationary 800.676 551 535  0.331597 0.383732
Moved 800.736 527.899 520.933  0.291491 0.351408
Moved 800.798 483.752 500.16  0.214847 0.303676
Moved 800.858 433.897 476.949  0.128294 0.250341
Moved 800.914 356.315 440.548  -0.00639681 0.166701
Moved 800.969 299.422 413.685  -0.10517 0.104974
Moved 801.022 263.842 398.504  -0.16694 0.0700917
Moved 801.074 237.857 385.428  -0.212054 0.0400469
Moved 801.125 226.01 378.505  -0.232623 0.0241378
Moved 801.178 216.739 373  -0.248717 0.011489
Moved 801.232 211.197 369.197  -0.258339 0.00274981
Moved 801.301 202.364 362.364  -0.273674 -0.0129513
Ended 801.366 194.859 355.859  -0.286703 -0.0278973
Began 801.664 295 382  -0.112847 0.0321691
Stationary 801.725 295 382  -0.112847 0.0321691
Stationary 801.775 295 382  -0.112847 0.0321691
Stationary 801.825 295 382  -0.112847 0.0321691
Stationary 801.876 295 382  -0.112847 0.0321691
Moved 801.926 318.756 397.837  -0.0716039 0.0685602
Moved 801.983 373.872 431.915  0.0240832 0.146863
Moved 802.036 421.47 464.248  0.106719 0.221159
Moved 802.091 470.894 498.929  0.192524 0.300848
Moved 802.143 488.332 509.111  0.222798 0.324243
Moved 802.197 493 512  0.230903 0.330882
Stationary 802.249 493 512  0.230903 0.330882
Moved 802.302 465.668 488.905  0.18345 0.277816
Moved 802.377 398.342 441.101  0.0665652 0.167971
Moved 802.433 344.455 394.148  -0.0269879 0.0600829
Moved 802.489 304.902 356.902  -0.0956555 -0.0254999
Moved 802.544 290.012 342.012  -0.121506 -0.059714
Moved 802.598 282.803 337  -0.134022 -0.0712316
Moved 802.65 281.642 337  -0.136038 -0.0712316
Moved 802.704 310.414 369.414  -0.0860868 0.00324909
Moved 802.757 364.925 416.036  0.00855073 0.110378
Moved 802.809 425.612 462.338  0.11391 0.216769
Moved 802.861 481.962 500.967  0.211739 0.305532
Moved 802.942 500.555 514  0.24402 0.335478
Stationary 802.992 501 514  0.244792 0.335478
Moved 803.041 409.244 397.959  0.0854937 0.0688385
Moved 803.094 358.933 321.888  -0.00185236 -0.105955
Moved 803.146 338.56 284.121  -0.0372216 -0.192737
Moved 803.198 322.004 257.672  -0.0659649 -0.25351
Moved 803.249 317.535 252.535  -0.0737241 -0.265315
Moved 803.3 315.898 252  -0.0765668 -0.266544
Moved 803.351 314.5 252  -0.0789931 -0.266544
Moved 803.415 314 259.607  -0.0798611 -0.249065
Moved 803.491 379.641 386.226  0.0340994 0.0418796
Moved 803.541 429.253 448.567  0.120231 0.185125
Moved 803.589 458.753 485.338  0.171447 0.269618
Moved 803.645 479.857 508.857  0.208085 0.323661
Moved 803.7 486.084 514  0.218895 0.335478
Moved 803.752 489.298 515  0.224476 0.337776
Moved 803.801 498.741 486.648  0.240869 0.272629
Moved 803.85 520 446  0.277778 0.179228
Moved 803.899 550.521 409.119  0.330765 0.0944831
Moved 803.948 579.767 382.233  0.38154 0.0327049
Moved 804.031 588.491 371.509  0.396686 0.00806234
Moved 804.084 588 372  0.395833 0.00919125
Moved 804.136 523.823 412.93  0.284414 0.10324
Moved 804.186 465.556 447.682  0.183258 0.183093
Moved 804.237 423.061 469.969  0.109482 0.234304
Moved 804.291 384.377 495.082  0.042321 0.292008
Moved 804.343 367.711 509.217  0.0133865 0.324488
Moved 804.395 354 519.5  -0.0104167 0.348116
Ended 804.46 353 522.008  -0.0121528 0.353878
PhraseEnd 804.986
