love means many things
Basic
0.6 0.6
432 172.8
Began 1701.582 549 225 0.4375 -0.08680556
Stationary 1701.655 549 225 0.4375 -0.08680556
Stationary 1701.719 549 225 0.4375 -0.08680556
Stationary 1701.784 549 225 0.4375 -0.08680556
Stationary 1701.848 549 225 0.4375 -0.08680556
Stationary 1701.913 549 225 0.4375 -0.08680556
Moved 1701.982 535.9373 225 0.4072622 -0.08680556
Moved 1702.055 526.5997 247.2009 0.3856474 0.04167204
Moved 1702.126 520.8762 259.2476 0.3723985 0.1113867
Moved 1702.216 514.6062 273.7876 0.3578847 0.1955303
Moved 1702.298 512 280.6178 0.3518519 0.2350567
Moved 1702.365 509.9768 284 0.3471687 0.2546298
Moved 1702.436 507.804 286 0.342139 0.2662037
Moved 1702.506 503.8795 286 0.3330545 0.2662037
Moved 1702.572 491.0763 274.3842 0.3034175 0.1989829
Moved 1702.639 463.3395 254.5046 0.2392118 0.08393888
Moved 1702.708 439.7283 238.2963 0.1845562 -0.009859581
Moved 1702.776 409.0618 217.7963 0.1135689 -0.1284938
Moved 1702.841 390.604 205.703 0.07084261 -0.198478
Moved 1702.905 375.3368 193.3368 0.03550172 -0.2700417
Moved 1703.009 353.9317 173.9316 -0.01404708 -0.3823399
Moved 1703.076 343.151 166.0756 -0.03900225 -0.4278033
Moved 1703.14 336.5 162 -0.05439813 -0.4513887
Moved 1703.205 332.9562 160 -0.06260132 -0.4629628
Moved 1703.273 330.0808 159 -0.06925732 -0.4687499
Moved 1703.34 322.6877 169.6245 -0.08637095 -0.4072656
Moved 1703.407 304.6457 200.2572 -0.128135 -0.229993
Moved 1703.474 291.2174 225.4564 -0.159219 -0.08416405
Moved 1703.541 278.8141 245.7788 -0.1879302 0.03344218
Moved 1703.608 268.5875 264.825 -0.211603 0.1436629
Moved 1703.712 261.8556 281.1445 -0.2271862 0.2381046
Moved 1703.784 260 287.8811 -0.2314815 0.2770897
Moved 1703.853 259 291.2403 -0.2337963 0.2965297
Ended 1703.924 259 291.2403 -0.2337963 0.2965297
Began 1704.178 463 115 0.2384259 -0.7233797
Stationary 1704.25 463 115 0.2384259 -0.7233797
Moved 1704.32 446.0874 121.847 0.1992763 -0.6837556
Moved 1704.392 418.8702 140.0649 0.1362736 -0.5783278
Moved 1704.464 391.2147 158.5142 0.07225633 -0.4715614
Moved 1704.541 366.1193 175.9283 0.01416514 -0.3707851
Moved 1704.61 338.0719 197.196 -0.05075956 -0.2477081
Moved 1704.682 316.5337 209.4888 -0.1006165 -0.1765696
Moved 1704.757 297.0974 223.9026 -0.1456079 -0.09315614
Moved 1704.824 284.9258 233.0742 -0.1737828 -0.04007976
Moved 1704.895 275.1978 241.8022 -0.1963015 0.01042967
Moved 1704.963 268.8148 249.1852 -0.2110768 0.05315498
Moved 1705.03 265 253.9807 -0.2199074 0.08090708
Moved 1705.096 261.6255 257.3745 -0.2277188 0.1005469
Moved 1705.161 259.74 260.26 -0.2320835 0.1172454
Moved 1705.254 256.6302 265.3698 -0.2392818 0.1468157
Moved 1705.318 254.7829 268.2171 -0.2435581 0.1632934
Moved 1705.382 252.7397 270.2603 -0.2482877 0.1751172
Moved 1705.452 249 274.7518 -0.2569445 0.20111
Moved 1705.517 246.9754 277.0246 -0.261631 0.2142627
Moved 1705.587 243.8386 280 -0.2688921 0.2314817
Moved 1705.656 242.8829 281 -0.2711043 0.2372685
Moved 1705.722 237.136 281 -0.2844073 0.2372685
Moved 1705.79 210.7669 256.0751 -0.3454471 0.0930274
Moved 1705.857 195.5956 241.5957 -0.3805656 0.009234394
Moved 1705.961 182.4716 229.7358 -0.4109454 -0.05939908
Moved 1706.029 177.9027 225.9027 -0.4215215 -0.08158155
Moved 1706.092 174.7826 225 -0.428744 -0.08680556
Stationary 1706.156 175 225 -0.4282407 -0.08680556
Stationary 1706.223 175 225 -0.4282407 -0.08680556
Stationary 1706.288 175 225 -0.4282407 -0.08680556
Moved 1706.352 208.1011 225 -0.3516178 -0.08680556
Moved 1706.415 246.5739 232 -0.2625604 -0.0462963
Moved 1706.478 297.9899 219.202 -0.143542 -0.1203585
Moved 1706.541 333.9368 208.8439 -0.06033157 -0.1803015
Moved 1706.64 364.8623 199.5688 0.01125544 -0.2339764
Moved 1706.704 377.1709 198 0.03974756 -0.2430556
Moved 1706.767 387.1039 196 0.06274045 -0.2546296
Moved 1706.83 396.2832 194 0.0839888 -0.2662037
Moved 1706.892 409.3084 188.8458 0.1141399 -0.2960311
Moved 1706.967 416.5485 186 0.1308993 -0.3125
Moved 1707.039 421.1399 182.8601 0.1415275 -0.3306707
Moved 1707.109 424 181 0.1481481 -0.3414352
Stationary 1707.179 424 181 0.1481481 -0.3414352
Moved 1707.246 384.4591 205.3606 0.05661825 -0.2004593
Moved 1707.355 333.681 243.319 -0.06092354 0.019207
Moved 1707.423 315.3537 254.4309 -0.103348 0.08351221
Moved 1707.487 302.1273 261.9363 -0.1339645 0.1269464
Moved 1707.552 292.3513 266.3243 -0.1565942 0.1523401
Moved 1707.619 283.9131 268 -0.1761272 0.162037
Moved 1707.685 277.1387 268 -0.1918086 0.162037
Moved 1707.752 269.7341 268 -0.2089489 0.162037
Moved 1707.816 256.6828 268 -0.2391601 0.162037
Moved 1707.879 245.5364 258.3576 -0.264962 0.1062363
Moved 1707.942 235.5 254.5 -0.2881945 0.08391222
Moved 1708.041 225.1501 252 -0.3121524 0.06944445
Moved 1708.105 220.7475 251 -0.3223437 0.06365723
Moved 1708.17 217.9689 250 -0.3287757 0.05787037
Ended 1708.234 218 250 -0.3287037 0.05787037
Began 1708.56 486 182 0.2916667 -0.335648
Stationary 1708.635 486 182 0.2916667 -0.335648
Moved 1708.702 459.5332 182 0.2304009 -0.335648
Moved 1708.772 429.1417 192.9646 0.1600502 -0.2721956
Moved 1708.841 410.9464 198.6846 0.1179316 -0.2390938
Moved 1708.911 386.7616 207 0.0619482 -0.1909722
Moved 1708.978 358.5757 211.2848 -0.003296882 -0.166176
Moved 1709.049 319.4064 213 -0.09396668 -0.15625
Moved 1709.12 294.5791 215.3552 -0.1514372 -0.1426202
Moved 1709.192 267.0322 218 -0.2152033 -0.1273148
Moved 1709.273 244.5 221.5 -0.2673611 -0.10706
Moved 1709.34 225.0755 226.3082 -0.3123252 -0.07923498
Moved 1709.407 212.9589 230.0411 -0.340373 -0.05763231
Moved 1709.472 203.5258 230 -0.3622088 -0.05787019
Moved 1709.54 194.5 231 -0.3831018 -0.05208334
Moved 1709.606 188.9756 231 -0.3958898 -0.05208334
Moved 1709.671 187 232.3257 -0.4004629 -0.04441155
Moved 1709.738 209.6175 234 -0.3481077 -0.03472205
Moved 1709.805 272.5876 212.1238 -0.2023436 -0.1613206
Moved 1709.874 335.0196 185.3268 -0.057825 -0.3163959
Moved 1709.981 375.5233 170.2384 0.03593355 -0.4037126
Moved 1710.052 389.4818 169 0.06824483 -0.4108795
Moved 1710.127 400.0619 168 0.09273589 -0.4166667
Moved 1710.2 409.2154 168 0.1139245 -0.4166667
Moved 1710.272 420 168 0.1388889 -0.4166667
Moved 1710.341 427.4008 168 0.1560202 -0.4166667
Moved 1710.409 429.3494 168 0.1605309 -0.4166667
Moved 1710.492 418.8778 190.9514 0.1362912 -0.2838458
Moved 1710.563 398.5865 222.827 0.08932054 -0.09938046
Moved 1710.633 384.016 248.9519 0.05559265 0.05180518
Moved 1710.739 375.3392 271.3217 0.03550738 0.1812594
Moved 1710.809 374 283.0606 0.03240744 0.2491934
Moved 1710.88 373 293.8999 0.0300926 0.3119209
Moved 1710.954 373 301.027 0.0300926 0.3531657
Moved 1711.023 373 304.2039 0.0300926 0.3715505
Moved 1711.094 373 305 0.0300926 0.3761576
Ended 1711.16 373 305 0.0300926 0.3761576
Began 1711.434 286 300 -0.1712963 0.3472222
Stationary 1711.503 286 300 -0.1712963 0.3472222
Moved 1711.571 303.1587 288.881 -0.1315771 0.2828763
Moved 1711.644 323.7004 277.0999 -0.0840269 0.2146982
Moved 1711.713 339.7705 268.8196 -0.04682754 0.1667805
Moved 1711.781 359.2588 259.1608 -0.001715819 0.1108846
Moved 1711.853 375.3224 249.6776 0.03546854 0.0560047
Moved 1711.924 386.9712 242 0.06243328 0.01157425
Moved 1711.999 393.8274 239 0.07830421 -0.00578686
Moved 1712.07 397.1289 236.8711 0.08594652 -0.0181071
Moved 1712.153 401.1949 237 0.09535849 -0.01736093
Moved 1712.225 422.8796 254.8796 0.1455546 0.0861092
Moved 1712.298 447.7499 277.7499 0.2031248 0.2184599
Moved 1712.366 465.3892 295.1946 0.2439566 0.3194135
Moved 1712.431 472.5639 302.5639 0.2605646 0.3620597
Moved 1712.497 476.146 306.1461 0.2688566 0.3827897
Moved 1712.565 477 308 0.2708333 0.3935185
Stationary 1712.638 477 308 0.2708333 0.3935185
Moved 1712.705 465.6176 278.2352 0.2444851 0.2212684
Moved 1712.772 455.8939 256.7348 0.2219766 0.09684493
Moved 1712.875 442.2452 229.4905 0.1903825 -0.06081899
Moved 1712.944 436.5136 219.0272 0.1771148 -0.1213702
Moved 1713.008 431.1333 209.2666 0.1646604 -0.1778553
Moved 1713.073 421.9679 196.9358 0.1434442 -0.2492142
Moved 1713.14 415.5381 188.5382 0.1285606 -0.2978113
Moved 1713.211 402.403 177.7015 0.09815494 -0.3605235
Moved 1713.284 380.9011 171 0.04838208 -0.3993057
Moved 1713.353 355.5248 170 -0.01035919 -0.4050924
Moved 1713.427 334.3234 184.6765 -0.05943651 -0.3201591
Moved 1713.502 309.503 203.6647 -0.1168912 -0.2102739
Moved 1713.602 294.9263 216.0737 -0.1506337 -0.1384622
Moved 1713.665 290.4967 221 -0.1608873 -0.1099537
Moved 1713.731 286.666 225.334 -0.1697547 -0.08487278
Moved 1713.802 285.5 226 -0.1724537 -0.0810187
Moved 1713.868 285 228.3729 -0.1736111 -0.06728632
Moved 1713.944 284 229 -0.1759259 -0.06365723
Moved 1714.016 284 230 -0.1759259 -0.05787019
Moved 1714.087 284 231 -0.1759259 -0.05208334
Moved 1714.148 283 231 -0.1782407 -0.05208334
Moved 1714.208 283 232 -0.1782407 -0.0462963
Moved 1714.303 280.2461 232 -0.1846154 -0.0462963
Moved 1714.372 264.3961 232 -0.2213053 -0.0462963
Moved 1714.452 238.3974 233.2009 -0.2814875 -0.03934649
Moved 1714.523 226.6354 236 -0.3087144 -0.02314815
Moved 1714.592 221.5 238.5 -0.3206019 -0.008680733
Moved 1714.665 219.957 239.043 -0.3241737 -0.005538376
Moved 1714.731 217.5 240 -0.3298611 0
Stationary 1714.795 217.5 240 -0.3298611 0
Ended 1714.86 218 240 -0.3287037 0
PhraseEnd 1717.417
