never too rich and never too thin
Basic
0.6 0.6
432 172.8
Began 1834.732 446 120 0.199074 -0.6944441
Stationary 1834.831 446 120 0.199074 -0.6944441
Moved 1834.918 431.6706 137.9941 0.1659041 -0.5903115
Moved 1834.996 409.6908 175.6184 0.115025 -0.3725785
Moved 1835.07 391.3195 206.1343 0.07249872 -0.1959822
Moved 1835.146 366.5642 243.3929 0.01519501 0.0196351
Moved 1835.217 343.5595 264.5803 -0.03805662 0.1422471
Moved 1835.288 326.5013 278.7493 -0.0775433 0.2242438
Moved 1835.361 316.1785 285.8215 -0.1014387 0.2651709
Moved 1835.439 308.3365 291 -0.1195913 0.2951389
Moved 1835.515 299.2997 294 -0.14051 0.3125
Moved 1835.592 283.7127 298 -0.176591 0.3356482
Moved 1835.668 273.5 301.5 -0.2002315 0.355903
Moved 1835.741 269.07 302 -0.2104861 0.3587963
Moved 1835.812 267 304 -0.2152778 0.3703706
Moved 1835.914 297.5932 261.9695 -0.1444602 0.1271384
Moved 1835.986 319.5939 233.2577 -0.09353266 -0.039018
Moved 1836.061 336.6106 212.3894 -0.05414223 -0.1597835
Moved 1836.136 347.1187 198.7627 -0.02981792 -0.2386416
Moved 1836.21 353 191.0154 -0.01620372 -0.2834758
Moved 1836.282 356 188.1381 -0.009259283 -0.300127
Moved 1836.354 357 187 -0.006944438 -0.3067128
Moved 1836.427 357 195.6388 -0.006944438 -0.2567199
Moved 1836.504 326.5 232.5 -0.07754628 -0.04340278
Moved 1836.58 303.9312 264.7814 -0.1297889 0.1434109
Moved 1836.695 287.9794 288.0206 -0.1667144 0.2778972
Moved 1836.771 280.1054 298.8946 -0.1849411 0.3408252
Moved 1836.845 275 305.7899 -0.1967592 0.3807285
Moved 1836.919 271.5 310.5 -0.2048611 0.4079861
Moved 1836.995 271 313.3401 -0.2060186 0.4244222
Moved 1837.068 271 317.4 -0.2060186 0.4479168
Moved 1837.147 285.0767 321 -0.1734336 0.46875
Moved 1837.222 301.9939 322 -0.1342734 0.4745372
Moved 1837.297 311.3655 322 -0.1125799 0.4745372
Ended 1837.371 313.1259 322 -0.1085047 0.4745372
Began 1837.696 324 276 -0.08333336 0.2083332
Stationary 1837.776 324 276 -0.08333336 0.2083332
Moved 1837.848 336.922 276 -0.05342121 0.2083332
Moved 1837.922 355.1181 276 -0.01130069 0.2083332
Moved 1837.995 378.5275 276 0.04288773 0.2083332
Moved 1838.067 402.0797 285.0199 0.09740671 0.260532
Moved 1838.144 424.4965 287.8741 0.1492974 0.2770495
Moved 1838.221 458.9467 293.9893 0.2290432 0.3124382
Moved 1838.298 483.5596 297 0.2860176 0.3298613
Moved 1838.373 497.3724 298 0.3179916 0.3356482
Moved 1838.448 503.8479 298 0.3329814 0.3356482
Moved 1838.522 506 298 0.337963 0.3356482
Moved 1838.599 509.0237 298 0.3449624 0.3356482
Moved 1838.678 510 298 0.3472221 0.3356482
Moved 1838.754 512.0413 298 0.3519473 0.3356482
Ended 1838.825 512 298 0.3518519 0.3356482
Began 1839.252 337 283 -0.05324075 0.2488426
Stationary 1839.333 337 283 -0.05324075 0.2488426
Stationary 1839.413 337 283 -0.05324075 0.2488426
Stationary 1839.483 337 283 -0.05324075 0.2488426
Stationary 1839.554 337 283 -0.05324075 0.2488426
Moved 1839.625 368.6206 291 0.01995504 0.2951389
Moved 1839.697 403.3632 291 0.1003778 0.2951389
Moved 1839.772 434.1953 285.8776 0.1717485 0.2654952
Moved 1839.847 455.6682 281 0.2214541 0.2372685
Moved 1839.923 467.308 279 0.2483981 0.2256946
Moved 1839.995 472.5 278 0.2604167 0.2199074
Moved 1840.083 476.3708 278 0.2693768 0.2199074
Moved 1840.155 478.3147 277 0.2738766 0.2141204
Stationary 1840.226 478.3147 277 0.2738766 0.2141204
Moved 1840.3 478 274.5 0.2731481 0.199653
Moved 1840.376 458.3515 260.4109 0.2276655 0.1181186
Moved 1840.463 416.4611 235.7305 0.1306969 -0.02470776
Moved 1840.539 397.0148 228.0049 0.08568237 -0.0694162
Moved 1840.616 379.5379 221.1793 0.04522651 -0.108916
Moved 1840.691 362.3376 214.4458 0.005411009 -0.1478831
Moved 1840.765 340.5757 208.6439 -0.04496376 -0.1814588
Moved 1840.88 310.5154 197.5051 -0.1145478 -0.2459194
Moved 1840.96 295.3784 190.6892 -0.149587 -0.2853634
Moved 1841.033 282.7299 184.865 -0.178866 -0.3190682
Moved 1841.111 271.3362 180.6681 -0.2052403 -0.3433558
Moved 1841.188 262.8351 177 -0.2249186 -0.3645834
Moved 1841.262 261 177 -0.2291666 -0.3645834
Moved 1841.339 291.2918 195.5741 -0.1590467 -0.2570942
Moved 1841.414 346.8251 214.9417 -0.03049746 -0.1450136
Moved 1841.488 372.0431 223.5215 0.02787749 -0.09536161
Moved 1841.564 399.5564 235.5188 0.09156585 -0.02593288
Moved 1841.677 417.673 246 0.1335024 0.03472222
Moved 1841.759 421 249.0822 0.1412037 0.05255876
Ended 1841.843 424.1567 250 0.1485109 0.05787037
Began 1842.328 174 239 -0.4305556 -0.00578686
Stationary 1842.405 174 239 -0.4305556 -0.00578686
Moved 1842.477 227.8131 230.741 -0.3059883 -0.05358237
Moved 1842.56 263.3182 222.9364 -0.2238004 -0.09874769
Moved 1842.633 296.9733 215 -0.1458952 -0.1446759
Moved 1842.704 322.3793 205.3241 -0.08708502 -0.2006707
Moved 1842.78 354 193 -0.01388888 -0.2719907
Moved 1842.854 376.7135 184.6432 0.03868878 -0.320352
Moved 1842.926 399.4579 176.514 0.09133776 -0.3673955
Moved 1842.997 409.2395 174 0.1139804 -0.3819443
Moved 1843.069 416.0503 172 0.1297461 -0.3935184
Moved 1843.14 421.5 170 0.1423611 -0.4050924
Moved 1843.234 425.044 169 0.1505647 -0.4108795
Moved 1843.305 427.1531 168 0.1554471 -0.4166667
Moved 1843.373 428.1309 168 0.1577105 -0.4166667
Moved 1843.453 429.07 168 0.1598842 -0.4166667
Moved 1843.522 430.045 167 0.1621413 -0.4224537
Stationary 1843.591 430.045 167 0.1621413 -0.4224537
Moved 1843.664 420.3076 173.2823 0.1396009 -0.3860973
Moved 1843.74 392.8827 194.0587 0.07611731 -0.2658637
Moved 1843.814 372.2897 205.9034 0.0284484 -0.197318
Moved 1843.887 355.5 211.5 -0.01041666 -0.1649304
Moved 1844 321.1876 218 -0.08984362 -0.1273148
Moved 1844.076 304.8842 221 -0.127583 -0.1099537
Moved 1844.15 295.202 224 -0.1499953 -0.09259242
Moved 1844.224 290.1647 228.8352 -0.1616557 -0.06461091
Moved 1844.302 282.0531 239.8938 -0.1804326 -0.0006144135
Moved 1844.377 276.5 246.5 -0.193287 0.03761592
Ended 1844.451 276 249.2726 -0.1944444 0.05366078
Began 1844.739 441 131 0.1875 -0.6307871
Stationary 1844.812 441 131 0.1875 -0.6307871
Moved 1844.888 417.7175 154.226 0.1336054 -0.4963774
Moved 1844.968 386.5393 181.0955 0.06143361 -0.3408828
Moved 1845.046 366.3745 197.5419 0.01475593 -0.2457066
Moved 1845.12 340.2555 215.0468 -0.04570489 -0.1444052
Moved 1845.196 307.1227 235.658 -0.1224011 -0.02512738
Moved 1845.271 280.1469 252.9021 -0.1848452 0.07466511
Moved 1845.347 261.4321 262.7839 -0.2281664 0.1318515
Moved 1845.422 253.5 268.5 -0.2465278 0.1649306
Moved 1845.505 249.6271 272.3729 -0.2554928 0.187343
Moved 1845.575 248.4102 274 -0.2583097 0.1967594
Moved 1845.645 248 275 -0.2592593 0.2025463
Moved 1845.716 280.9686 235.0315 -0.1829431 -0.02875275
Moved 1845.788 327.0178 188.9822 -0.07634763 -0.2952422
Moved 1845.863 349.6952 176.1523 -0.02385373 -0.3694886
Moved 1845.941 360.0363 170.9818 8.404256E-05 -0.3994106
Moved 1846.014 365.3798 168.6202 0.0124532 -0.4130772
Moved 1846.088 369.6575 167 0.02235532 -0.4224537
Moved 1846.163 370 167 0.02314816 -0.4224537
Moved 1846.271 319.5185 211.9852 -0.09370719 -0.1621223
Moved 1846.35 293.9165 237.0835 -0.152971 -0.01687774
Moved 1846.429 275.4391 253.3739 -0.1957428 0.07739545
Moved 1846.501 264.0132 264.9934 -0.2221917 0.1446378
Moved 1846.574 258.2801 271.7199 -0.2354627 0.1835641
Moved 1846.648 256 277.281 -0.2407407 0.2157466
Moved 1846.721 253.703 280.2969 -0.2460577 0.2331999
Moved 1846.797 254 283.0544 -0.2453704 0.2491573
Moved 1846.874 268.6356 288.4089 -0.2114918 0.2801441
Moved 1846.952 297.539 288 -0.1445857 0.2777778
Moved 1847.064 319.8517 288 -0.09293591 0.2777778
Ended 1847.14 324.3729 288 -0.08247012 0.2777778
Began 1847.705 298 289 -0.1435185 0.283565
Stationary 1847.788 298 289 -0.1435185 0.283565
Moved 1847.864 334.1423 289 -0.05985573 0.283565
Moved 1847.942 373.8149 289 0.03197899 0.283565
Moved 1848.017 405.4093 289 0.1051141 0.283565
Moved 1848.091 423.0016 289 0.145837 0.283565
Moved 1848.166 440.4913 282 0.1863224 0.2430556
Moved 1848.238 453.129 282 0.2155765 0.2430556
Moved 1848.314 463.3633 282 0.2392668 0.2430556
Moved 1848.391 471.2087 282 0.2574276 0.2430556
Moved 1848.471 477.3728 282 0.2716963 0.2430556
Moved 1848.542 482.1849 282 0.2828355 0.2430556
Moved 1848.614 487.5 281 0.2951388 0.2372685
Moved 1848.684 491.3729 280 0.3041039 0.2314817
Moved 1848.755 493 279.3797 0.3078704 0.2278918
Moved 1848.827 494.2497 279 0.3107631 0.2256946
Moved 1848.908 496.0974 279 0.3150403 0.2256946
Ended 1849.02 497.0001 278 0.3171298 0.2199074
Began 1849.444 314 313 -0.1064815 0.4224537
Stationary 1849.527 314 313 -0.1064815 0.4224537
Moved 1849.601 331.4409 296.4122 -0.06610905 0.3264593
Moved 1849.674 345.0034 280.9933 -0.03471444 0.2372297
Moved 1849.754 355.1689 271.8311 -0.01118322 0.184208
Moved 1849.832 369.9921 256.0079 0.02312978 0.09263834
Moved 1849.911 381.6786 243.3214 0.05018184 0.01922131
Moved 1849.988 391.7061 235 0.07339369 -0.02893519
Moved 1850.061 395 231.9476 0.08101851 -0.04659935
Moved 1850.134 400.8943 231 0.0946628 -0.05208334
Moved 1850.211 417.2554 249.2554 0.1325356 0.05356118
Moved 1850.284 440.1609 270.1609 0.1855577 0.1745424
Moved 1850.358 460.0417 289.0417 0.2315779 0.2838059
Moved 1850.432 477.2108 305.4217 0.2713214 0.3785978
Moved 1850.506 482 309.5 0.2824074 0.4021993
Moved 1850.578 484.4043 311 0.287973 0.4108796
Stationary 1850.653 484 311 0.287037 0.4108796
Moved 1850.764 473.5 273 0.2627315 0.1909722
Moved 1850.841 463.9212 251.3817 0.2405583 0.0658664
Moved 1850.918 455.6266 233.2532 0.2213579 -0.03904396
Moved 1850.992 448.8802 218.7605 0.2057413 -0.1229138
Moved 1851.066 441.1066 204.2131 0.1877467 -0.2070997
Moved 1851.139 434.2696 193.2695 0.1719204 -0.2704308
Ended 1851.224 433 188.7656 0.1689814 -0.2964951
PhraseEnd 1852.583
