yes you are very smart
Basic
0.4 0.4
288 115.2
Began 834.7255 429 320 0.2395834 0.6944445
Stationary 834.7687 429 320 0.2395834 0.6944445
Stationary 834.807 429 320 0.2395834 0.6944445
Stationary 834.8418 429 320 0.2395834 0.6944445
Moved 834.8763 407.1979 320 0.1638818 0.6944445
Moved 834.9109 392.6451 320 0.1133509 0.6944445
Moved 834.9485 374.0689 313 0.04885033 0.6336806
Moved 834.9847 351.4417 312 -0.02971627 0.6250003
Moved 835.0227 342.4353 312 -0.06098866 0.6250003
Moved 835.0558 336 312 -0.08333334 0.6250003
Moved 835.0878 332.8447 312 -0.09428911 0.6250003
Moved 835.1244 329.9756 312 -0.1042514 0.6250003
Moved 835.1578 325.6697 312 -0.1192023 0.6250003
Moved 835.1909 321.2526 311 -0.1345395 0.6163195
Moved 835.2236 312.771 307.514 -0.1639898 0.5860586
Moved 835.2582 303.1616 303.3872 -0.1973556 0.5502362
Moved 835.2944 290.2891 296.8594 -0.2420517 0.4935718
Moved 835.3309 285.1255 294.5628 -0.2599807 0.4736355
Moved 835.3857 280.104 291.1039 -0.2774168 0.4436107
Moved 835.4225 279 291 -0.2812501 0.4427084
Moved 835.4573 277.8217 289.8217 -0.2853414 0.4324797
Moved 835.4933 277 283.6295 -0.2881944 0.3787279
Moved 835.53 277 278.08 -0.2881944 0.3305557
Moved 835.5651 277 271.3379 -0.2881944 0.2720303
Moved 835.6018 277 262 -0.2881944 0.1909725
Moved 835.6362 277 255.5942 -0.2881944 0.1353669
Moved 835.6708 277 250.9921 -0.2881944 0.09541724
Moved 835.7072 277 244.6855 -0.2881944 0.04067342
Moved 835.7633 277 240.7115 -0.2881944 0.006176631
Moved 835.7971 277 238.8369 -0.2881944 -0.01009623
Moved 835.8301 277 237 -0.2881944 -0.0260414
Moved 835.8632 277 235.5 -0.2881944 -0.0390625
Moved 835.8979 277 235 -0.2881944 -0.04340278
Ended 835.9337 277 235 -0.2881944 -0.04340278
Began 836.3413 376 339 0.05555556 0.8593754
Stationary 836.3822 376 339 0.05555556 0.8593754
Stationary 836.4164 376 339 0.05555556 0.8593754
Moved 836.4506 404.9462 326.0179 0.1560633 0.7466838
Moved 836.487 432.3519 319.0329 0.251222 0.6860495
Moved 836.5233 463.6451 312.4517 0.3598787 0.628921
Moved 836.5588 481 310.5 0.4201388 0.6119792
Moved 836.5934 494.6943 309.8611 0.4676887 0.6064336
Moved 836.6278 504.0381 310 0.5001323 0.607639
Moved 836.6675 511.3162 309 0.5254036 0.5989587
Moved 836.7026 513.8531 309 0.5342124 0.5989587
Moved 836.7374 515 309 0.5381945 0.5989587
Moved 836.7723 516 308 0.5416666 0.5902779
Stationary 836.8054 516 308 0.5416666 0.5902779
Moved 836.8363 516 305.5954 0.5416666 0.5694045
Moved 836.8719 516 302.4664 0.5416666 0.5422434
Moved 836.9044 504.3745 297.2497 0.5013005 0.4969592
Moved 836.9388 483.2787 285.5673 0.4280512 0.3955489
Moved 836.9734 466.9214 280.9843 0.3712549 0.3557661
Moved 837.0306 444.2881 275.572 0.2926672 0.3087849
Moved 837.0641 439.406 275 0.2757151 0.3038195
Moved 837.0989 434.8365 274 0.259849 0.2951392
Moved 837.1396 429.9118 273 0.2427493 0.2864584
Moved 837.1769 427.0398 272 0.2327772 0.2777781
Moved 837.2122 424.1715 272 0.2228178 0.2777781
Moved 837.2477 419.3796 272 0.206179 0.2777781
Moved 837.2825 416.3215 272 0.1955608 0.2777781
Moved 837.3192 412.4504 272 0.1821196 0.2777781
Moved 837.3518 409.9524 272 0.1734458 0.2777781
Moved 837.4055 401.3974 272 0.1437411 0.2777781
Moved 837.4386 398.335 272 0.1331075 0.2777781
Moved 837.4724 395.7666 272 0.1241897 0.2777781
Moved 837.506 390.5 272 0.1059029 0.2777781
Moved 837.5385 388.5871 272 0.09926067 0.2777781
Moved 837.5707 387.6807 272 0.09611353 0.2777781
Ended 837.6031 388 272 0.09722218 0.2777781
Began 837.9261 203 226 -0.5451389 -0.1215281
Stationary 837.9598 203 226 -0.5451389 -0.1215281
Stationary 837.9929 203 226 -0.5451389 -0.1215281
Stationary 838.0264 203 226 -0.5451389 -0.1215281
Moved 838.0611 214.7447 232.7113 -0.5043586 -0.06326994
Moved 838.0969 231.3041 241.1521 -0.4468607 0.01000113
Moved 838.1331 246.5 247 -0.3940972 0.06076416
Moved 838.1687 272.8043 253.1217 -0.302763 0.1139037
Moved 838.205 285.7262 256.4315 -0.2578953 0.1426347
Moved 838.2399 294.9093 258.3031 -0.2260093 0.1588811
Moved 838.2745 301.4503 259.8168 -0.2032975 0.1720206
Moved 838.3098 309.2407 263.1204 -0.1762476 0.2006976
Moved 838.3441 313.9932 264.9932 -0.159746 0.2169548
Moved 838.3785 317.5 266.5 -0.1475695 0.230035
Moved 838.4139 325.8678 270.8678 -0.1185146 0.2679499
Moved 838.4489 331.4848 273.7424 -0.09901122 0.2929028
Moved 838.4843 335.2723 276.2723 -0.08586012 0.3148638
Moved 838.5227 339.575 279 -0.07092 0.338542
Moved 838.5782 341 280.5 -0.06597222 0.3515625
Moved 838.6136 342 280 -0.06250002 0.3472225
Stationary 838.648 342 280 -0.06250002 0.3472225
Moved 838.6829 343 280 -0.05902775 0.3472225
Stationary 838.7186 343 280 -0.05902775 0.3472225
Stationary 838.7534 343 280 -0.05902775 0.3472225
Stationary 838.7875 343 280 -0.05902775 0.3472225
Stationary 838.8199 343 280 -0.05902775 0.3472225
Stationary 838.8551 343 280 -0.05902775 0.3472225
Moved 838.8882 330 280 -0.1041666 0.3472225
Moved 838.9469 317.0471 280 -0.1491421 0.3472225
Moved 838.9827 309.4346 280 -0.1755743 0.3472225
Moved 839.0152 304.2741 273 -0.1934927 0.2864584
Moved 839.0475 300.315 273 -0.2072395 0.2864584
Moved 839.0798 297.4474 272 -0.2171965 0.2777781
Moved 839.1161 293.1529 272 -0.232108 0.2777781
Moved 839.1523 289.6375 272 -0.2443144 0.2777781
Moved 839.189 287.5 272 -0.2517361 0.2777781
Moved 839.226 285.9467 272 -0.2571294 0.2777781
Moved 839.2623 285 272 -0.2604167 0.2777781
Ended 839.3187 285 272 -0.2604167 0.2777781
Began 839.6508 409 155 0.1701389 -0.7378473
Stationary 839.6982 409 155 0.1701389 -0.7378473
Stationary 839.7352 409 155 0.1701389 -0.7378473
Stationary 839.7737 409 155 0.1701389 -0.7378473
Moved 839.8083 391.0341 169.2074 0.1077572 -0.6145192
Moved 839.846 373.365 192.1801 0.04640609 -0.4151035
Moved 839.8859 364.7378 204.437 0.01645073 -0.3087065
Moved 839.923 355.1638 221.6724 -0.01679227 -0.1590941
Moved 839.9589 350.4215 229.8677 -0.03325857 -0.08795421
Moved 839.9946 348.1327 235.7346 -0.04120596 -0.03702562
Moved 840.0287 344 244.1167 -0.05555556 0.0357355
Moved 840.0634 340.0216 249.9784 -0.0693693 0.08661801
Moved 840.0976 338.5 254 -0.07465281 0.1215281
Moved 840.1443 334.2003 260.5995 -0.08958244 0.178815
Moved 840.1831 328.7893 270.2106 -0.1083703 0.2622454
Moved 840.2212 326.3504 273.6497 -0.116839 0.292098
Moved 840.2572 323.5 276.5 -0.1267361 0.3168406
Moved 840.2926 319.1759 280.824 -0.1417502 0.3543753
Moved 840.3287 316.7513 282.2488 -0.1501693 0.3667429
Moved 840.3632 314.7919 283.2081 -0.1569725 0.3750703
Moved 840.3989 309 283 -0.1770833 0.3732639
Moved 840.4353 304.868 284 -0.1914305 0.3819447
Moved 840.4747 297.2159 284 -0.2180002 0.3819447
Moved 840.5327 290.3098 284 -0.24198 0.3819447
Moved 840.5664 287 284 -0.2534723 0.3819447
Moved 840.5997 285.469 284 -0.2587882 0.3819447
Moved 840.6335 283.5973 284 -0.2652872 0.3819447
Moved 840.666 283.0941 284 -0.2670346 0.3819447
Moved 840.7004 281.6276 284 -0.2721263 0.3819447
Moved 840.7328 281.3593 284 -0.2730581 0.3819447
Moved 840.7681 280.5 284 -0.2760417 0.3819447
Moved 840.8013 279.8275 284 -0.2783766 0.3819447
Stationary 840.8344 279.8275 284 -0.2783766 0.3819447
Moved 840.8896 278.8755 285.1245 -0.2816823 0.3917053
Stationary 840.9225 278.8755 285.1245 -0.2816823 0.3917053
Stationary 840.9542 278.8755 285.1245 -0.2816823 0.3917053
Stationary 840.9911 278.8755 285.1245 -0.2816823 0.3917053
Stationary 841.0278 278.8755 285.1245 -0.2816823 0.3917053
Stationary 841.0608 278.8755 285.1245 -0.2816823 0.3917053
Moved 841.0963 279 286 -0.2812501 0.3993056
Stationary 841.1314 279 286 -0.2812501 0.3993056
Stationary 841.1636 279 286 -0.2812501 0.3993056
Stationary 841.1964 279 286 -0.2812501 0.3993056
Stationary 841.2505 279 286 -0.2812501 0.3993056
Moved 841.2851 286.6265 286 -0.2547691 0.3993056
Moved 841.3236 291.6072 286 -0.2374751 0.3993056
Moved 841.3585 295.9529 286 -0.2223858 0.3993056
Moved 841.3927 298.3478 286 -0.2140701 0.3993056
Moved 841.4279 302.2171 286 -0.2006352 0.3993056
Moved 841.4617 304.086 286 -0.194146 0.3993056
Moved 841.4953 305.3729 286 -0.1896775 0.3993056
Moved 841.5327 306.2378 286 -0.1866742 0.3993056
Moved 841.5689 307.0136 286 -0.1839806 0.3993056
Moved 841.6245 309.2492 286 -0.1762182 0.3993056
Moved 841.6646 310.1721 286 -0.1730135 0.3993056
Moved 841.6992 311.0149 286 -0.1700873 0.3993056
Moved 841.735 311 276.3861 -0.1701389 0.3158517
Moved 841.7705 312.249 279 -0.1658022 0.338542
Moved 841.8066 315.742 278 -0.1536735 0.3298611
Moved 841.8432 324.0963 276 -0.1246655 0.3124998
Moved 841.8771 329.1806 274 -0.1070117 0.2951392
Moved 841.9105 334.9027 271.5486 -0.08714334 0.2738601
Moved 841.9456 340.6658 271 -0.06713264 0.2690972
Moved 841.9987 346.7164 268.2836 -0.04612372 0.2455174
Moved 842.032 349.5877 267.4123 -0.03615379 0.2379542
Moved 842.0662 352.4552 267 -0.02619714 0.2343753
Moved 842.0992 354 264.9783 -0.02083331 0.2168258
Moved 842.136 357 263.6646 -0.01041666 0.2054223
Moved 842.1707 359 264 -0.003472194 0.2083336
Moved 842.2051 361 263.1954 0.003472269 0.2013493
Moved 842.2385 362.6098 263 0.009061843 0.1996528
Moved 842.2716 364.2391 263 0.01471907 0.1996528
Moved 842.305 365.1747 263 0.01796782 0.1996528
Moved 842.3599 367.1444 263 0.02480716 0.1996528
Moved 842.3934 368.0483 263 0.02794534 0.1996528
Moved 842.4302 370.2473 263 0.03558084 0.1996528
Moved 842.4697 371.144 263 0.03869444 0.1996528
Moved 842.5049 372.1871 263 0.04231632 0.1996528
Stationary 842.5403 372.1871 263 0.04231632 0.1996528
Moved 842.5735 373.1592 263 0.04569173 0.1996528
Stationary 842.6069 373.1592 263 0.04569173 0.1996528
Ended 842.6417 374 263 0.04861116 0.1996528
Began 843.0014 304 225 -0.1944444 -0.1302083
Stationary 843.0471 304 225 -0.1944444 -0.1302083
Stationary 843.081 304 225 -0.1944444 -0.1302083
Stationary 843.1143 304 225 -0.1944444 -0.1302083
Stationary 843.1486 304 225 -0.1944444 -0.1302083
Moved 843.1848 286.2141 225 -0.2562009 -0.1302083
Moved 843.2178 278.5272 225 -0.2828919 -0.1302083
Moved 843.2521 270.1114 232 -0.3121133 -0.06944445
Moved 843.2867 264.0015 233 -0.3333282 -0.0607639
Moved 843.3275 257.5 234 -0.3559028 -0.05208307
Moved 843.3632 254.6542 234 -0.3657839 -0.05208307
Moved 843.3988 252.7825 235 -0.372283 -0.04340278
Moved 843.4326 250.738 235 -0.3793819 -0.04340278
Moved 843.4671 248.9579 235 -0.3855628 -0.04340278
Moved 843.5024 246.0895 236 -0.3955224 -0.03472222
Moved 843.5374 241.7839 238.2161 -0.4104726 -0.01548555
Moved 843.5738 239.2132 238.7867 -0.4193985 -0.01053174
Moved 843.6153 236.5 240.5 -0.4288194 0.004340278
Moved 843.6501 235.7408 240 -0.4314556 0
Moved 843.7053 233.5 241 -0.4392361 0.008680556
Moved 843.7385 232.7659 242 -0.4417849 0.01736138
Stationary 843.7712 233 242 -0.4409722 0.01736138
Moved 843.8039 233 243 -0.4409722 0.02604167
Stationary 843.8375 233 243 -0.4409722 0.02604167
Stationary 843.8693 233 243 -0.4409722 0.02604167
Stationary 843.9003 233 243 -0.4409722 0.02604167
Moved 843.9366 232 244 -0.4444444 0.03472222
Moved 843.9719 232 245 -0.4444444 0.04340278
Moved 844.0073 247.775 246 -0.3896703 0.05208334
Moved 844.0693 301.0623 235.5502 -0.2046449 -0.03862699
Moved 844.1057 331.765 226.2435 -0.0980384 -0.1194138
Moved 844.1458 348.9469 222.8107 -0.03837869 -0.149213
Moved 844.1962 380.6175 214.0765 0.07158846 -0.2250301
Moved 844.2333 390.821 213 0.1070175 -0.234375
Moved 844.2711 400.9331 212 0.1421288 -0.2430553
Moved 844.3078 413.2391 212 0.1848579 -0.2430553
Moved 844.3436 417.1147 212 0.1983151 -0.2430553
Moved 844.3791 420.9885 212 0.2117656 -0.2430553
Moved 844.4244 424.2862 210.7139 0.2232158 -0.2542197
Moved 844.482 427.3517 211 0.2338602 -0.2517361
Moved 844.5148 428.1888 211 0.2367665 -0.2517361
Moved 844.5475 429.0023 211 0.2395915 -0.2517361
Stationary 844.58 429.0023 211 0.2395915 -0.2517361
Moved 844.6125 431.0642 211 0.2467506 -0.2517361
Stationary 844.6451 431.0642 211 0.2467506 -0.2517361
Moved 844.6802 432.1306 211 0.2504535 -0.2517361
Stationary 844.7129 432.1306 211 0.2504535 -0.2517361
Moved 844.7462 433.0732 211 0.2537263 -0.2517361
Stationary 844.7789 433.0732 211 0.2537263 -0.2517361
Stationary 844.8305 433 211 0.2534721 -0.2517361
Moved 844.863 414.0791 225.3367 0.1877746 -0.1272856
Moved 844.8983 399.386 236.4386 0.1367567 -0.03091495
Moved 844.9313 381.2901 245.8756 0.07392392 0.05100383
Moved 844.9683 355.6598 258.5361 -0.01507007 0.1609034
Moved 845.004 340.1179 264.6274 -0.06903522 0.2137794
Moved 845.0392 327.9514 268.6829 -0.1112797 0.2489832
Moved 845.0739 316.0292 272 -0.1526764 0.2777781
Moved 845.1078 311.2525 273 -0.1692622 0.2864584
Moved 845.1423 306.6268 274 -0.1853237 0.2951392
Moved 845.2026 300.8887 275 -0.2052477 0.3038195
Moved 845.2357 298.3221 275 -0.2141593 0.3038195
Moved 845.2685 293.4603 275 -0.2310406 0.3038195
Moved 845.3045 283.4482 275 -0.2658051 0.3038195
Moved 845.3387 276.8501 266.6167 -0.2887151 0.231048
Moved 845.3719 269.243 261.4954 -0.3151284 0.1865917
Moved 845.407 263.7601 256.7601 -0.3341665 0.1454867
Moved 845.4402 260.5478 254.2739 -0.3453203 0.1239056
Moved 845.4738 255.076 250.076 -0.3643193 0.08746572
Moved 845.507 251.2059 247.2059 -0.3777573 0.06255151
Moved 845.5609 247.2288 243.2288 -0.3915666 0.02802743
Moved 845.5948 245 241.3624 -0.3993056 0.01182662
Moved 845.6282 242.0563 239 -0.4095266 -0.008680291
Moved 845.6607 240.8062 237.8062 -0.4138675 -0.01904355
Stationary 845.6963 241 238 -0.4131945 -0.01736111
Moved 845.7305 240 238 -0.4166666 -0.01736111
Stationary 845.7682 240 238 -0.4166666 -0.01736111
Stationary 845.803 240 238 -0.4166666 -0.01736111
Moved 845.8396 250.7937 246.8625 -0.3791884 0.05957074
Moved 845.8732 262.7686 253.8457 -0.3376091 0.1201887
Moved 845.9279 280.749 261.1873 -0.2751772 0.1839172
Moved 845.9641 291.2902 266.1451 -0.2385759 0.2269538
Moved 845.9976 303.0234 271.0117 -0.1978355 0.2691984
Moved 846.0312 308.7542 272.8771 -0.1779368 0.2853913
Moved 846.0681 312.7437 274.7437 -0.1640844 0.301595
Moved 846.1055 317.727 276.7271 -0.1467812 0.3188112
Moved 846.1422 320.5963 278 -0.1368186 0.3298611
Moved 846.1769 322.2314 279.2314 -0.1311408 0.340551
Moved 846.2118 324 280.3079 -0.125 0.3498946
Moved 846.249 325.3729 280 -0.120233 0.3472225
Moved 846.3041 327.5 280 -0.1128472 0.3472225
Moved 846.3412 327.5863 281 -0.1125474 0.3559028
Moved 846.3762 328.5 281 -0.109375 0.3559028
Moved 846.4101 329.3288 281 -0.1064971 0.3559028
Stationary 846.4437 329.3288 281 -0.1064971 0.3559028
Moved 846.4768 330 281 -0.1041666 0.3559028
Stationary 846.5138 330 281 -0.1041666 0.3559028
Moved 846.5492 331 281.9735 -0.1006945 0.3643534
Moved 846.5859 331 282 -0.1006945 0.3645834
Moved 846.6211 332 282 -0.09722225 0.3645834
Moved 846.6766 337.2484 282 -0.07899859 0.3645834
Moved 846.7097 339.5 282 -0.07118054 0.3645834
Moved 846.7448 341.8642 282 -0.06297156 0.3645834
Moved 846.7794 344.8182 282 -0.05271465 0.3645834
Moved 846.8118 346.6886 282 -0.04622005 0.3645834
Moved 846.8447 348.1176 282 -0.04125826 0.3645834
Moved 846.8782 350.0955 282 -0.03439054 0.3645834
Moved 846.9116 350.9949 282 -0.0312677 0.3645834
Moved 846.9459 351.8598 282 -0.02826445 0.3645834
Moved 846.9802 353 282 -0.02430558 0.3645834
Moved 847.0344 354 282 -0.02083331 0.3645834
Moved 847.0703 355.0062 282 -0.01733951 0.3645834
Ended 847.1084 355 282 -0.01736112 0.3645834
Backspace 848.0185
Began 848.9346 419 237 0.2048612 -0.0260414
Stationary 848.9699 419 237 0.2048612 -0.0260414
Stationary 849.0033 419 237 0.2048612 -0.0260414
Stationary 849.0374 419 237 0.2048612 -0.0260414
Stationary 849.0727 419 237 0.2048612 -0.0260414
Stationary 849.1217 419 237 0.2048612 -0.0260414
Moved 849.1573 407.5 237 0.1649305 -0.0260414
Moved 849.193 404.6737 237 0.1551172 -0.0260414
Moved 849.2281 400.612 237 0.1410137 -0.0260414
Moved 849.264 396.5 237 0.1267362 -0.0260414
Moved 849.299 390.8433 237 0.1070949 -0.0260414
Moved 849.3333 383.2451 237 0.08071229 -0.0260414
Moved 849.3689 366.7417 237 0.02340868 -0.0260414
Moved 849.4083 354.8393 237 -0.01791902 -0.0260414
Moved 849.462 327 249.5 -0.1145833 0.08246555
Moved 849.4991 315.9275 253.0182 -0.1530297 0.1130051
Moved 849.5357 303.4231 258.7885 -0.1964475 0.1630942
Moved 849.5746 291.6021 265.199 -0.2374928 0.2187414
Moved 849.6115 285.3832 268.8083 -0.259086 0.2500728
Moved 849.6491 278.9409 272 -0.2814554 0.2777781
Moved 849.6853 276.0728 273.9272 -0.2914138 0.2945071
Moved 849.7201 273.5 275 -0.3003472 0.3038195
Moved 849.753 270.6266 277.3734 -0.3103244 0.3244223
Moved 849.7883 269.3813 278 -0.3146482 0.3298611
Moved 849.8421 267.5227 279 -0.3211016 0.338542
Moved 849.8753 266.8134 279 -0.3235646 0.338542
Moved 849.9087 267 280.176 -0.3229167 0.3487502
Stationary 849.942 267 280.176 -0.3229167 0.3487502
Moved 849.9739 266 280 -0.326389 0.3472225
Stationary 850.01 266 280 -0.326389 0.3472225
Stationary 850.0435 266 280 -0.326389 0.3472225
Stationary 850.0786 266 280 -0.326389 0.3472225
Stationary 850.1155 266 280 -0.326389 0.3472225
Moved 850.1486 266 270.3898 -0.326389 0.2638007
Moved 850.2049 266 264.9725 -0.326389 0.2167747
Moved 850.2388 266 262.1046 -0.326389 0.1918798
Moved 850.2723 266 259.5 -0.326389 0.1692711
Moved 850.3061 266 254.5 -0.326389 0.1258683
Moved 850.3411 266 253.9282 -0.326389 0.1209047
Moved 850.377 266 249.5465 -0.326389 0.08286927
Moved 850.4112 266 247.9741 -0.326389 0.06922007
Moved 850.4462 266 244.6685 -0.326389 0.04052507
Moved 850.4787 266 243.5 -0.326389 0.03038195
Moved 850.5115 266 243.2638 -0.326389 0.02833128
Ended 850.5678 266 243 -0.326389 0.02604167
Began 851.2032 328 306 -0.1111111 0.5729167
Stationary 851.2535 328 306 -0.1111111 0.5729167
Stationary 851.2879 328 306 -0.1111111 0.5729167
Stationary 851.3196 328 306 -0.1111111 0.5729167
Stationary 851.3516 328 306 -0.1111111 0.5729167
Moved 851.3832 347.3767 295.8116 -0.04383095 0.4844764
Moved 851.416 350.7997 293.2003 -0.03194541 0.4618078
Moved 851.4495 353.6047 291.3953 -0.02220601 0.44614
Moved 851.486 355 291 -0.01736112 0.4427084
Moved 851.5213 357.1718 290 -0.009820014 0.4340278
Moved 851.5612 358.3174 288.6826 -0.005842522 0.4225925
Moved 851.5966 359 287.5 -0.003472194 0.4123264
Moved 851.6308 360 286.9828 0 0.407837
Moved 851.6817 361 285.8425 0.003472269 0.3979381
Moved 851.717 363.1695 286 0.01100525 0.3993056
Moved 851.7477 365.2217 283.7783 0.01813099 0.3800199
Moved 851.7801 366.7363 283 0.02339006 0.3732639
Moved 851.8118 371.2405 280.3797 0.03902972 0.3505185
Moved 851.8436 380.9241 276.038 0.072653 0.3128299
Moved 851.8756 404.5653 274 0.1547408 0.2951392
Moved 851.9267 424.6401 272 0.2244449 0.2777781
Moved 851.9653 435.1914 271.4043 0.2610813 0.2726068
Moved 852.0017 444.1427 270.4286 0.292162 0.2641379
Moved 852.0373 448.4383 270 0.3070775 0.2604167
Moved 852.0725 451.3014 270 0.3170188 0.2604167
Moved 852.1077 454.2498 270 0.3272563 0.2604167
Moved 852.1436 455 269 0.329861 0.2517361
Moved 852.1857 456 269 0.3333333 0.2517361
Moved 852.2221 457 269 0.3368056 0.2517361
Moved 852.2557 458.2043 269 0.3409872 0.2517361
Moved 852.31 459.2485 269 0.3446127 0.2517361
Moved 852.3453 459 267.8028 0.34375 0.241344
Stationary 852.3804 459 267.8028 0.34375 0.241344
Moved 852.4154 448.1992 267 0.3062474 0.2343753
Moved 852.4519 433.3376 267 0.2546445 0.2343753
Moved 852.4905 412.6635 267 0.1828595 0.2343753
Moved 852.528 401.8635 267 0.1453592 0.2343753
Moved 852.5623 392.5539 267 0.1130343 0.2343753
Moved 852.6002 383.4301 267 0.08135454 0.2343753
Moved 852.6359 380.5 267 0.07118061 0.2343753
Moved 852.6954 376.5 267 0.05729169 0.2343753
Moved 852.7296 375.7667 267 0.05474553 0.2343753
Moved 852.7642 374.625 267 0.05078107 0.2343753
Moved 852.7982 373.8268 267 0.04800961 0.2343753
Moved 852.8314 372.7508 267 0.04427374 0.2343753
Ended 852.8651 373 267 0.0451389 0.2343753
Began 853.3104 203 220 -0.5451389 -0.1736111
Stationary 853.3687 203 220 -0.5451389 -0.1736111
Stationary 853.4032 203 220 -0.5451389 -0.1736111
Moved 853.4373 213.4138 220 -0.5089799 -0.1736111
Moved 853.4733 232.7204 230.2701 -0.441943 -0.08446059
Moved 853.5106 255.9615 237.3923 -0.3612447 -0.02263573
Moved 853.5483 267.7477 240.9369 -0.3203205 0.008132723
Moved 853.5891 282.7186 244.2395 -0.2683381 0.0368015
Moved 853.6256 288.2181 246.109 -0.2492427 0.0530296
Moved 853.6616 294.0613 248 -0.2289537 0.06944445
Moved 853.6958 297.9329 250 -0.2155108 0.08680556
Moved 853.7304 300.8036 252.8036 -0.205543 0.111142
Moved 853.7676 304.5695 255.2848 -0.1924668 0.1326807
Moved 853.8027 309.6746 261.3492 -0.174741 0.185323
Moved 853.8392 314 267 -0.1597222 0.2343753
Moved 853.875 317.1159 271.1159 -0.148903 0.2701034
Moved 853.9307 323.7854 279.5707 -0.1257452 0.343496
Moved 853.9646 325.6854 282 -0.1191481 0.3645834
Moved 853.9994 328.5 285.5 -0.109375 0.3949653
Moved 854.0331 328 286.1615 -0.1111111 0.4007078
Moved 854.0725 329 286 -0.1076389 0.3993056
Stationary 854.1089 329 286 -0.1076389 0.3993056
Moved 854.1427 329 287 -0.1076389 0.4079864
Stationary 854.1773 329 287 -0.1076389 0.4079864
Moved 854.2117 329 288.2577 -0.1076389 0.4189036
Moved 854.2475 316.0957 288 -0.1524454 0.4166667
Moved 854.3043 306.58 288 -0.1854861 0.4166667
Moved 854.3446 297.3717 288 -0.2174594 0.4166667
Moved 854.3829 289 288 -0.2465278 0.4166667
Moved 854.4186 283.9224 288 -0.2641583 0.4166667
Moved 854.4542 279.0745 288 -0.2809914 0.4166667
Moved 854.4897 274.4109 282.438 -0.2971845 0.3683853
Moved 854.5342 270.2022 281 -0.311798 0.3559028
Moved 854.5692 265.9693 280 -0.3264954 0.3472225
Moved 854.6047 264.5356 280 -0.3314737 0.3472225
Moved 854.6408 262.6282 280 -0.3380966 0.3472225
Ended 854.6953 263 280 -0.3368056 0.3472225
Began 855.0336 359 145 -0.003472194 -0.8246526
Stationary 855.076 359 145 -0.003472194 -0.8246526
Stationary 855.1127 359 145 -0.003472194 -0.8246526
Stationary 855.1485 359 145 -0.003472194 -0.8246526
Moved 855.1854 337.705 171.355 -0.07741318 -0.5958767
Moved 855.2205 329.088 186.5494 -0.1073335 -0.4639803
Moved 855.2555 323 197.5 -0.1284722 -0.3689236
Moved 855.2961 315 212 -0.15625 -0.2430553
Moved 855.3325 311.6209 222.1373 -0.167983 -0.1550577
Moved 855.3674 306.7342 230.5315 -0.1849506 -0.08219163
Moved 855.4025 303.7755 237.449 -0.1952239 -0.02214432
Moved 855.4375 302 243.1952 -0.2013889 0.02773603
Moved 855.4854 299 249.0199 -0.2118056 0.07829773
Moved 855.5214 297 254.3396 -0.21875 0.1244757
Moved 855.5586 296 256 -0.2222222 0.1388889
Moved 855.5948 294.1881 258.8119 -0.2285135 0.1632977
Moved 855.6298 293 263.0571 -0.2326389 0.200149
Moved 855.6661 292 264.9282 -0.2361111 0.2163906
Moved 855.702 292 266.3729 -0.2361111 0.2289314
Moved 855.7598 291 269.0903 -0.2395833 0.2525197
Moved 855.7968 291 270.0153 -0.2395833 0.2605499
Moved 855.8346 291 272.025 -0.2395833 0.2779945
Moved 855.892 291 274.7899 -0.2395833 0.3019961
Moved 855.928 299.2393 275 -0.2109747 0.3038195
Moved 855.9668 301 277.1927 -0.2048611 0.322854
Moved 856.002 304.0574 278.0574 -0.1942451 0.3303592
Moved 856.037 305.374 278 -0.1896738 0.3298611
Moved 856.0762 307.5 279 -0.1822916 0.338542
Moved 856.1137 308 280.5 -0.1805556 0.3515625
Moved 856.15 309.7822 280 -0.1743674 0.3472225
Moved 856.186 317.0291 281 -0.1492046 0.3559028
Moved 856.2255 324.6539 282 -0.1227296 0.3645834
Moved 856.2864 339.8045 282 -0.07012323 0.3645834
Moved 856.3225 351.1453 282 -0.03074564 0.3645834
Moved 856.3591 356.8953 282 -0.01078032 0.3645834
Moved 856.4 363.4408 282 0.0119473 0.3645834
Moved 856.4377 366.3097 282 0.02190858 0.3645834
Moved 856.4742 370.2092 282 0.03544853 0.3645834
Moved 856.5119 372.5 282 0.04340276 0.3645834
Moved 856.5472 373.2485 282 0.04600167 0.3645834
Moved 856.5856 374.2234 282 0.04938692 0.3645834
Moved 856.6252 375.2216 282 0.05285278 0.3645834
Moved 856.6901 377.0314 282 0.05913676 0.3645834
Moved 856.7324 378.1006 282 0.06284937 0.3645834
Stationary 856.7707 378 282 0.06249995 0.3645834
Ended 856.8046 378 282 0.06249995 0.3645834
Began 857.0483 245 224 -0.3993056 -0.1388886
Stationary 857.093 245 224 -0.3993056 -0.1388886
Stationary 857.1295 245 224 -0.3993056 -0.1388886
Stationary 857.1644 245 224 -0.3993056 -0.1388886
Stationary 857.2004 245 224 -0.3993056 -0.1388886
Stationary 857.234 245 224 -0.3993056 -0.1388886
Moved 857.2689 259.9333 231 -0.3474537 -0.07812501
Moved 857.3063 267.8813 231 -0.3198566 -0.07812501
Moved 857.3464 272.3055 231 -0.3044947 -0.07812501
Moved 857.3834 280.3569 231 -0.2765385 -0.07812501
Moved 857.4199 286.3378 231 -0.2557715 -0.07812501
Moved 857.4545 293.942 231 -0.2293679 -0.07812501
Moved 857.5007 304.8999 231 -0.1913198 -0.07812501
Moved 857.5383 321.1043 231 -0.1350544 -0.07812501
Moved 857.5762 333.5788 222 -0.0917402 -0.1562497
Moved 857.613 352.4913 216.8362 -0.02607189 -0.2010748
Moved 857.6509 370.7729 207.1362 0.03740579 -0.2852755
Moved 857.6868 385.1205 198.5277 0.08722395 -0.3600023
Moved 857.727 397.6512 188.3488 0.1307335 -0.4483613
Moved 857.7752 406.1389 182.8611 0.1602043 -0.4959976
Moved 857.8105 409.9943 180.0057 0.1735912 -0.5207838
Moved 857.8486 415.9276 179 0.1941933 -0.5295134
Moved 857.9089 428.405 179 0.2375174 -0.5295134
Moved 857.946 432.2967 179 0.2510302 -0.5295134
Moved 857.9827 436.5 179 0.265625 -0.5295134
Moved 858.019 438.1895 186 0.2714911 -0.4687501
Moved 858.0571 439 187.5 0.2743055 -0.4557292
Moved 858.0913 441.227 187 0.2820383 -0.4600692
Moved 858.1265 441 188.0325 0.2812501 -0.4511071
Moved 858.1631 441 189.4297 0.2812501 -0.4389782
Moved 858.2077 419.424 194.9152 0.2063334 -0.3913615
Moved 858.2456 385.9897 204.4468 0.09024203 -0.3086215
Moved 858.3057 343.3979 210 -0.05764604 -0.2604167
Moved 858.3445 323.5 212.5 -0.1267361 -0.2387153
Moved 858.3843 306.502 216.4994 -0.185757 -0.2039981
Moved 858.4244 295.5323 220.7339 -0.2238461 -0.1672406
Moved 858.4829 280.7898 227.1051 -0.2750354 -0.1119349
Moved 858.5256 275.9567 230 -0.2918171 -0.0868053
Moved 858.5629 273.1071 232.8929 -0.3017115 -0.0616932
Moved 858.6002 269.0909 235 -0.3156565 -0.04340278
Moved 858.6385 267.2533 237 -0.3220373 -0.0260414
Moved 858.6783 262.9509 240.0491 -0.3369761 0.0004259746
Moved 858.733 257.9987 242.0012 -0.3541711 0.01737197
Moved 858.7659 253.6965 243 -0.3691095 0.02604167
Moved 858.7982 250.8265 244.1735 -0.3790746 0.03622797
Moved 858.8303 248.2561 244 -0.3879996 0.03472222
Moved 858.8625 246.8264 244 -0.3929639 0.03472222
Moved 858.8965 244.5235 245 -0.4009601 0.04340278
Moved 858.9385 245 247.1753 -0.3993056 0.0622858
Moved 858.974 254.2047 251.6299 -0.3673447 0.1009538
Moved 859.0125 270.1076 256.6215 -0.3121264 0.1442841
Moved 859.0475 281.3774 260.1887 -0.272995 0.1752493
Moved 859.1081 300.7116 264.8558 -0.2058626 0.215762
Moved 859.1453 304.7239 265 -0.1919308 0.2170139
Moved 859.1804 307.2647 266 -0.1831087 0.2256945
Moved 859.2166 310.132 267 -0.1731528 0.2343753
Moved 859.2531 312 267 -0.1666667 0.2343753
Moved 859.2896 314.3875 268 -0.1583768 0.2430556
Moved 859.3249 315.0865 268 -0.1559497 0.2430556
Moved 859.3604 316.0429 268 -0.1526287 0.2430556
Moved 859.3975 317.3232 269 -0.1481832 0.2517361
Moved 859.4333 318.2492 269 -0.1449681 0.2517361
Moved 859.489 319.0591 269 -0.142156 0.2517361
Stationary 859.5267 319.0591 269 -0.142156 0.2517361
Moved 859.5609 320.1305 269 -0.1384359 0.2517361
Stationary 859.5962 320.1305 269 -0.1384359 0.2517361
Moved 859.6302 320 270.0679 -0.1388889 0.2610064
Moved 859.664 321.375 270 -0.1341145 0.2604167
Stationary 859.6982 321.375 270 -0.1341145 0.2604167
Stationary 859.7354 321.375 270 -0.1341145 0.2604167
Stationary 859.7728 321.375 270 -0.1341145 0.2604167
Moved 859.8061 322 270 -0.1319444 0.2604167
Stationary 859.8597 322 270 -0.1319444 0.2604167
Stationary 859.8959 322 270 -0.1319444 0.2604167
Stationary 859.9283 322 270 -0.1319444 0.2604167
Stationary 859.962 322 270 -0.1319444 0.2604167
Stationary 859.9955 322 270 -0.1319444 0.2604167
Stationary 860.0276 322 270 -0.1319444 0.2604167
Stationary 860.0597 322 270 -0.1319444 0.2604167
Stationary 860.0927 322 270 -0.1319444 0.2604167
Moved 860.126 323.0267 270 -0.1283796 0.2604167
Moved 860.1618 325.5 270 -0.1197917 0.2604167
Moved 860.2226 331.7655 272 -0.09803654 0.2777781
Moved 860.2629 335.8046 273 -0.08401171 0.2864584
Moved 860.2988 338.611 274 -0.07426739 0.2951392
Moved 860.3347 342.5 275 -0.06076388 0.3038195
Moved 860.3692 344.5 275 -0.05381942 0.3038195
Moved 860.4032 345.3162 276.3162 -0.05098544 0.315245
Moved 860.4379 346.2494 276 -0.04774504 0.3124998
Moved 860.4738 348.2376 276 -0.04084155 0.3124998
Moved 860.511 350.0415 277 -0.03457814 0.3211806
Moved 860.5452 351.3713 277 -0.02996073 0.3211806
Moved 860.5994 353 277 -0.02430558 0.3211806
Moved 860.6362 354.5 277 -0.01909725 0.3211806
Moved 860.67 355.1866 277 -0.01671322 0.3211806
Moved 860.704 356.2487 277 -0.01302525 0.3211806
Moved 860.7374 357.1708 277 -0.009823665 0.3211806
Stationary 860.77 357.1708 277 -0.009823665 0.3211806
Moved 860.8038 358.0308 277 -0.006837622 0.3211806
Stationary 860.8394 358 277 -0.006944462 0.3211806
Moved 860.8763 359.1863 277 -0.002825335 0.3211806
Stationary 860.9141 359.1863 277 -0.002825335 0.3211806
Moved 860.9691 360 277 0 0.3211806
Ended 861.008 360 277 0 0.3211806
PhraseEnd 862.4375
