if at first you do not succeed
Basic
0.6 0.6
432 172.8
Began 1797.094 515 320 0.3587963 0.462963
Stationary 1797.18 515 320 0.3587963 0.462963
Moved 1797.26 484.462 306.2772 0.2881065 0.3835488
Moved 1797.345 457.0322 294.5161 0.2246114 0.3154868
Moved 1797.418 431.3635 285.1817 0.1651932 0.2614682
Moved 1797.491 402.1274 273.4509 0.09751707 0.1935819
Moved 1797.567 359.3443 253.1721 -0.001517733 0.07622755
Moved 1797.641 325.3011 236.9807 -0.08032148 -0.01747273
Moved 1797.711 299.4838 225.7419 -0.1400838 -0.08251173
Moved 1797.782 281.0438 220 -0.1827691 -0.1157407
Moved 1797.855 273.2912 216.2911 -0.2007148 -0.1372041
Moved 1797.928 268 215.4825 -0.212963 -0.1418833
Moved 1798 266 215 -0.2175926 -0.1446759
Moved 1798.076 263.8867 215 -0.2224844 -0.1446759
Ended 1798.147 264 215 -0.2222222 -0.1446759
Began 1798.743 187 252 -0.4004629 0.06944445
Stationary 1798.819 187 252 -0.4004629 0.06944445
Moved 1798.889 205.0547 252 -0.3586695 0.06944445
Moved 1798.959 237.1496 260.6094 -0.284376 0.1192672
Moved 1799.029 261.2309 264.077 -0.2286322 0.1393343
Moved 1799.098 282.819 269.9095 -0.1786597 0.1730873
Moved 1799.168 309.4547 279.6137 -0.1170029 0.2292462
Moved 1799.239 328.1532 288.0511 -0.07371947 0.2780734
Moved 1799.31 341.8811 295 -0.0419419 0.318287
Moved 1799.388 349 300 -0.02546296 0.3472222
Moved 1799.458 353.5 302.5 -0.0150463 0.3616898
Ended 1799.528 353 302 -0.01620372 0.3587963
Began 1800.278 312 200 -0.1111111 -0.2314815
Stationary 1800.367 312 200 -0.1111111 -0.2314815
Moved 1800.438 328.5632 223.5632 -0.07277036 -0.09512018
Moved 1800.515 362.5941 252.1565 0.006004969 0.07035008
Moved 1800.586 404.2247 273.7416 0.102372 0.1952638
Moved 1800.661 433.2015 290.4677 0.1694479 0.2920582
Moved 1800.735 444.0964 298.0964 0.1946677 0.3362063
Moved 1800.809 450.2651 301 0.208947 0.3530091
Moved 1800.88 451 302.2002 0.2106482 0.359955
Stationary 1800.953 451 302 0.2106482 0.3587963
Moved 1801.024 393.3757 302 0.07725865 0.3587963
Moved 1801.097 334.313 305.4478 -0.05946075 0.378749
Moved 1801.184 309.5148 305 -0.1168638 0.3761576
Moved 1801.257 301.5227 305 -0.135364 0.3761576
Moved 1801.327 294.8484 305 -0.1508139 0.3761576
Moved 1801.43 290.8439 305 -0.1600836 0.3761576
Moved 1801.508 281.5991 294.5991 -0.1814837 0.315967
Moved 1801.581 261.1072 273.1072 -0.2289184 0.1915928
Moved 1801.651 248.3107 258.9661 -0.2585401 0.1097573
Moved 1801.726 236.8415 244.683 -0.2850891 0.02710078
Moved 1801.798 230 234.6316 -0.3009259 -0.03106718
Moved 1801.871 226 230.2317 -0.3101852 -0.0565294
Moved 1801.943 225 229 -0.3125 -0.06365723
Moved 1802.015 250.8854 242.207 -0.2525801 0.01277235
Moved 1802.085 286.886 255.443 -0.1692454 0.08936936
Moved 1802.206 335.7364 276.491 -0.0561657 0.2111748
Moved 1802.278 354.1685 291.1685 -0.01349886 0.2961138
Moved 1802.349 363.6796 300.6796 0.008517702 0.3511553
Moved 1802.425 370 306.6623 0.02314816 0.3857772
Moved 1802.497 373 310.5 0.0300926 0.4079861
Ended 1802.568 374.3147 310 0.03313591 0.4050926
Began 1803.279 315 273 -0.1041667 0.1909722
Stationary 1803.365 315 273 -0.1041667 0.1909722
Moved 1803.437 348.1933 273 -0.02733042 0.1909722
Moved 1803.511 384.7454 273 0.05728096 0.1909722
Moved 1803.583 413.9036 273 0.1247768 0.1909722
Moved 1803.658 428.995 273 0.1597105 0.1909722
Moved 1803.73 439.8312 273 0.1847945 0.1909722
Moved 1803.804 456.0877 273 0.2224254 0.1909722
Moved 1803.875 468.6862 283.8431 0.2515885 0.2537221
Moved 1803.948 474.5 286.5 0.2650462 0.2690974
Moved 1804.019 477.5 287 0.2719907 0.2719909
Moved 1804.089 477 288.5 0.2708333 0.2806711
Moved 1804.16 477 288 0.2708333 0.2777778
Moved 1804.253 450.5902 288 0.2096995 0.2777778
Moved 1804.323 430.8195 288 0.1639341 0.2777778
Moved 1804.396 416.2131 289 0.1301229 0.283565
Moved 1804.468 408.3762 290 0.1119819 0.2893519
Moved 1804.54 403.5359 291 0.1007774 0.2951389
Ended 1804.613 403 291 0.09953707 0.2951389
Began 1805.092 306 200 -0.125 -0.2314815
Stationary 1805.174 306 200 -0.125 -0.2314815
Moved 1805.243 325.9626 214.3776 -0.07879029 -0.148278
Moved 1805.315 358 233.5 -0.004629641 -0.03761574
Moved 1805.39 399.1718 255.0859 0.09067546 0.08730306
Moved 1805.464 428.6394 266.3197 0.1588875 0.1523131
Moved 1805.536 458.9622 278.9811 0.2290793 0.2255853
Moved 1805.615 478.3076 290.3076 0.2738602 0.2911321
Moved 1805.688 486.9672 295 0.2939054 0.318287
Moved 1805.768 490.347 297 0.301729 0.3298613
Moved 1805.838 492 299.5 0.3055556 0.3443289
Ended 1805.917 494.0726 299 0.3103533 0.3414354
Began 1806.396 416 122 0.1296297 -0.6828704
Stationary 1806.467 416 122 0.1296297 -0.6828704
Moved 1806.535 416 141.6615 0.1296297 -0.5690884
Moved 1806.605 416 170.3135 0.1296297 -0.4032783
Moved 1806.675 429.432 198.728 0.1607222 -0.2388424
Moved 1806.745 441.9429 222.5715 0.1896826 -0.1008592
Moved 1806.814 459.9524 254.9048 0.2313713 0.08625455
Moved 1806.888 471.3134 273.6267 0.2576698 0.194599
Moved 1806.963 475 279.7607 0.2662037 0.2300969
Moved 1807.036 477 284.5 0.2708333 0.2575233
Moved 1807.109 478 286.1006 0.2731481 0.2667858
Moved 1807.183 479 287 0.275463 0.2719909
Moved 1807.261 453 287 0.2152778 0.2719909
Moved 1807.357 392.254 279 0.07466206 0.2256946
Moved 1807.438 368.1595 289.6135 0.01888772 0.2871155
Moved 1807.51 355.5 295.5 -0.01041666 0.3211806
Moved 1807.584 349.5 299.5 -0.02430553 0.3443289
Moved 1807.656 348 300 -0.0277778 0.3472222
Moved 1807.732 347 302.1981 -0.0300926 0.3599428
Ended 1807.801 347 302.1981 -0.0300926 0.3599428
Began 1808.307 217 222 -0.3310185 -0.1041665
Stationary 1808.391 217 222 -0.3310185 -0.1041665
Moved 1808.462 234.9191 233.6127 -0.2895392 -0.03696371
Moved 1808.536 268.7932 252.3966 -0.2111269 0.0717398
Moved 1808.608 294.617 262.9042 -0.1513495 0.1325478
Moved 1808.682 317.9333 272.4667 -0.09737667 0.1878859
Moved 1808.754 338.9733 281.3156 -0.04867285 0.2390946
Moved 1808.826 354.3998 288.6999 -0.01296346 0.2818279
Moved 1808.914 364.5364 293 0.01050105 0.306713
Moved 1808.99 373.2628 295 0.03070086 0.318287
Moved 1809.063 392 295 0.07407407 0.318287
Moved 1809.137 407.3842 295 0.1096857 0.318287
Moved 1809.212 414.5 296 0.1261574 0.3240741
Moved 1809.285 416.5 296 0.130787 0.3240741
Moved 1809.356 416 296 0.1296297 0.3240741
Moved 1809.438 365.7959 253.8724 0.01341641 0.08028031
Moved 1809.509 327.2501 225.75 -0.07580995 -0.08246528
Moved 1809.581 299.2975 204.2975 -0.140515 -0.2066118
Moved 1809.69 279.6992 188.6991 -0.1858816 -0.2968802
Moved 1809.765 276 185 -0.1944444 -0.318287
Moved 1809.834 273.7845 185 -0.1995731 -0.318287
Moved 1809.904 270.6679 185 -0.2067872 -0.318287
Moved 1809.977 263.2352 204.1472 -0.2239926 -0.2074812
Moved 1810.048 255.7605 230.9581 -0.2412952 -0.05232564
Moved 1810.122 248.951 254.1959 -0.2570578 0.08215234
Moved 1810.196 244.0634 270.8733 -0.2683719 0.1786649
Moved 1810.275 241.9192 283.0807 -0.2733351 0.2493101
Moved 1810.348 242 288.4781 -0.2731481 0.2805451
Moved 1810.458 242 292.3151 -0.2731481 0.3027492
Stationary 1810.533 242 292 -0.2731481 0.3009261
Moved 1810.603 260.2929 276.7071 -0.2308034 0.2124253
Moved 1810.677 272.9112 263.0888 -0.2015945 0.1336158
Moved 1810.753 281.8612 252.2776 -0.1808769 0.07105103
Moved 1810.828 287 245.0122 -0.1689815 0.02900583
Moved 1810.901 290 241.1836 -0.162037 0.006849501
Ended 1810.972 291 239.5 -0.1597222 -0.002893519
PhraseEnd 1812.168
