you must be getting old
Basic
0.8 0.8
575.9999 230.4
Began 1402.152 301 363 -0.1024305 0.5338542
Stationary 1402.222 301 363 -0.1024305 0.5338542
Moved 1402.282 338.7658 356.2571 -0.03686491 0.5045882
Moved 1402.339 379.9041 340.2383 0.03455579 0.4350623
Moved 1402.396 397.502 335.249 0.06510764 0.4134074
Moved 1402.457 417.951 329.5123 0.1006093 0.3885081
Moved 1402.518 455.9314 322.1187 0.1665476 0.356418
Moved 1402.575 490.1797 315.8315 0.2260063 0.3291298
Moved 1402.634 524 313.5 0.2847222 0.3190103
Moved 1402.693 538.5583 312 0.3099971 0.3125001
Moved 1402.754 543.7036 311 0.3189299 0.3081597
Moved 1402.815 546 310 0.3229167 0.3038195
Moved 1402.874 547 309 0.3246528 0.2994793
Moved 1402.931 547 306.8546 0.3246528 0.2901674
Moved 1403.011 495.4915 299.6417 0.2352283 0.2588614
Moved 1403.07 465.5532 299 0.1832521 0.2560765
Moved 1403.126 443.7188 297.9297 0.1453451 0.251431
Moved 1403.18 422.6236 298 0.1087215 0.2517361
Moved 1403.239 413.8044 298 0.09341047 0.2517361
Moved 1403.294 411.5 298 0.08940973 0.2517361
Ended 1403.352 412 298 0.09027779 0.2517361
Began 1403.624 542 103 0.3159722 -0.5946181
Stationary 1403.678 542 103 0.3159722 -0.5946181
Moved 1403.734 515.5 130.5 0.2699653 -0.4752605
Moved 1403.795 481.2334 178.3416 0.2104747 -0.2676147
Moved 1403.854 471.448 194.1041 0.1934861 -0.1992009
Moved 1403.912 467 203.6982 0.1857639 -0.1575597
Moved 1403.974 461.8044 214.3914 0.1767436 -0.1111486
Moved 1404.035 454.9966 237.0171 0.1649247 -0.01294666
Moved 1404.094 442.8694 270.7688 0.1438704 0.1335453
Moved 1404.156 434.8918 293.2164 0.1300205 0.2309739
Moved 1404.225 429.0661 306.8677 0.1199065 0.2902246
Moved 1404.283 426.5 310 0.1154514 0.3038195
Moved 1404.345 423.9133 311 0.1109606 0.3081597
Moved 1404.407 397.6353 300.3082 0.06533906 0.2617545
Moved 1404.469 319.7834 272.4459 -0.0698204 0.1408242
Moved 1404.525 286.9148 266.7589 -0.1268841 0.1161409
Moved 1404.582 255.5201 264 -0.1813888 0.1041668
Moved 1404.638 235.9137 264 -0.2154277 0.1041668
Moved 1404.698 222.271 263.4236 -0.2391128 0.1016653
Moved 1404.76 206.1074 262 -0.2671747 0.09548625
Moved 1404.861 190.6247 259 -0.2940544 0.08246542
Moved 1404.918 186 257.5509 -0.3020833 0.0761758
Moved 1404.979 183 258 -0.3072917 0.07812501
Moved 1405.038 209.9794 275.2615 -0.2604524 0.1530449
Moved 1405.099 271.5556 297.9012 -0.1535494 0.2513075
Moved 1405.158 300.261 304.2522 -0.1037136 0.2788724
Moved 1405.219 325.5331 308 -0.05983829 0.2951389
Moved 1405.278 341.7308 310 -0.03171742 0.3038195
Moved 1405.335 346.7985 310 -0.02291922 0.3038195
Moved 1405.394 350.0483 311 -0.0172773 0.3081597
Ended 1405.479 351 311 -0.01562499 0.3081597
Began 1405.841 424 146 0.1111111 -0.4079863
Stationary 1405.908 424 146 0.1111111 -0.4079863
Moved 1405.969 418.7151 152.3418 0.1019359 -0.380461
Moved 1406.028 383.6508 196.6191 0.04106038 -0.1882849
Moved 1406.086 365.9421 217.0579 0.01031622 -0.09957513
Moved 1406.149 354.1502 229.8497 -0.01015585 -0.04405485
Moved 1406.209 343.3975 244.205 -0.02882376 0.01825068
Moved 1406.272 322 265 -0.06597222 0.108507
Moved 1406.338 301.1052 286.8948 -0.1022479 0.2035362
Moved 1406.399 277.5 304.5 -0.1432292 0.2799481
Moved 1406.46 258.7316 314.0895 -0.1758131 0.3215689
Moved 1406.519 248.3184 319.3408 -0.1938918 0.3443612
Moved 1406.578 234.4619 324.1794 -0.2179481 0.3653619
Moved 1406.641 223.4089 326.5911 -0.2371374 0.3758296
Moved 1406.699 216.6765 328 -0.2488256 0.3819445
Moved 1406.755 214.5 328 -0.2526042 0.3819445
Ended 1406.842 214 329 -0.2534722 0.3862849
Began 1407.164 303 234 -0.09895836 -0.02604154
Stationary 1407.229 303 234 -0.09895836 -0.02604154
Stationary 1407.288 303 234 -0.09895836 -0.02604154
Moved 1407.351 303 244.9507 -0.09895836 0.02148734
Moved 1407.414 294.8301 260.3398 -0.1131422 0.08828071
Moved 1407.476 284.3731 282.2537 -0.1312966 0.183393
Moved 1407.537 272.6615 299.3385 -0.1516293 0.2575456
Moved 1407.599 260.1904 314.2144 -0.1732806 0.3221112
Moved 1407.66 249.3725 322.6275 -0.1920616 0.3586263
Moved 1407.72 241.5 327 -0.2057292 0.3776042
Moved 1407.79 235.6425 331 -0.2158985 0.3949653
Moved 1407.85 232.676 332 -0.2210487 0.3993056
Moved 1407.907 232 333.5 -0.2222222 0.405816
Moved 1407.99 231 335 -0.2239584 0.4123264
Moved 1408.049 276.5238 335 -0.1449239 0.4123264
Moved 1408.106 299.0117 335 -0.1058825 0.4123264
Moved 1408.163 317.5 327 -0.07378475 0.3776042
Moved 1408.223 327.1448 326 -0.05704027 0.3732638
Moved 1408.28 331.4422 326 -0.04957948 0.3732638
Moved 1408.337 334.3898 326 -0.04446216 0.3732638
Moved 1408.394 336.5 325 -0.0407986 0.3689236
Moved 1408.452 338.1841 325 -0.03787492 0.3689236
Moved 1408.509 339.963 325 -0.03478639 0.3689236
Moved 1408.596 387.9851 323 0.04858524 0.3602431
Moved 1408.652 429.3978 318.0861 0.1204823 0.3389152
Moved 1408.711 471.5 310 0.1935764 0.3038195
Moved 1408.77 492.6762 303.7746 0.2303406 0.2767995
Moved 1408.83 516.032 299 0.2708889 0.2560765
Moved 1408.89 523.7263 296.2737 0.284247 0.2442437
Moved 1408.95 526 294.8805 0.2881944 0.2381966
Moved 1409.012 526 289.2051 0.2881944 0.213564
Moved 1409.072 500.4519 259.4519 0.2438402 0.08442667
Moved 1409.131 470.8994 224.8993 0.1925336 -0.06554127
Moved 1409.22 448.2534 202.2534 0.1532178 -0.1638305
Moved 1409.278 441 195 0.140625 -0.1953125
Moved 1409.341 431.6027 185.2054 0.1243103 -0.2378235
Moved 1409.4 427.7549 181.7549 0.1176302 -0.2528001
Moved 1409.456 424 178.9321 0.1111111 -0.2650514
Moved 1409.515 417.0005 178 0.09895929 -0.2690972
Moved 1409.574 390.8434 191.694 0.05354762 -0.2096616
Moved 1409.633 366.4844 204.8867 0.01125768 -0.1524014
Moved 1409.692 350.2224 214.8517 -0.01697499 -0.1091507
Moved 1409.751 341.6997 221.3003 -0.0317714 -0.08116207
Moved 1409.842 333.5683 228.4318 -0.04588842 -0.05020924
Moved 1409.902 333 229 -0.046875 -0.04774293
Ended 1409.957 333 229 -0.046875 -0.04774293
Began 1410.25 522 274 0.2812501 0.1475696
Stationary 1410.332 522 274 0.2812501 0.1475696
Moved 1410.388 522 264.8719 0.2812501 0.1079512
Moved 1410.447 522 204.6205 0.2812501 -0.1535569
Moved 1410.505 539.7075 182.4875 0.3119921 -0.24962
Moved 1410.562 555.2957 167.3522 0.3390551 -0.3153116
Moved 1410.623 561.0475 163 0.3490409 -0.3342014
Moved 1410.682 564 159.5 0.3541667 -0.3493923
Moved 1410.742 567.1412 158 0.3596202 -0.3559029
Moved 1410.807 567 156.6261 0.359375 -0.3618659
Moved 1410.871 512.8327 173.4397 0.2653345 -0.28889
Moved 1410.928 443.3715 200.9885 0.1447422 -0.1693206
Moved 1411 379.3913 214.401 0.03366545 -0.1111068
Moved 1411.061 325.221 222 -0.06038014 -0.07812487
Moved 1411.129 277.7985 225 -0.142711 -0.06510417
Moved 1411.185 256.2086 226 -0.1801933 -0.06076403
Moved 1411.242 247 226 -0.1961806 -0.06076403
Moved 1411.299 241.9723 227 -0.2049092 -0.05642362
Moved 1411.357 238.7994 228.2006 -0.2104177 -0.05121284
Ended 1411.419 238 228 -0.2118056 -0.05208334
PhraseEnd 1412.596
