the quick brown fox jumps over the lazy dog
Basic
0.8 0.8
575.9999 435.2
Began 806.0496 297 528 -0.109375 0.3676471
Stationary 806.1083 297 528 -0.109375 0.3676471
Moved 806.1561 317.4939 501.7571 -0.07379536 0.3073464
Moved 806.2063 338.7787 476.3873 -0.0368426 0.2490518
Moved 806.2585 353.0093 461.243 -0.01213655 0.2142532
Moved 806.3118 368.8829 443.4894 0.01542173 0.1734592
Moved 806.3643 382.7426 430.2574 0.03948361 0.1430548
Moved 806.4175 402.3314 407.0029 0.07349194 0.08962078
Moved 806.4753 417.1254 392.8746 0.09917603 0.05715683
Moved 806.5244 422.0037 387.9963 0.1076453 0.0459474
Moved 806.5767 424.3016 385 0.1116348 0.0390625
Moved 806.6295 425 381 0.1128472 0.02987133
Moved 806.6801 425 379 0.1128472 0.02527581
Moved 806.7322 396.065 379 0.06261289 0.02527581
Moved 806.7998 338.8994 418.1006 -0.03663298 0.1151208
Moved 806.8488 316.5644 436.3485 -0.07540908 0.1570508
Moved 806.9014 292.7438 459.8802 -0.1167643 0.2111218
Moved 806.9544 274.6106 478.593 -0.1482455 0.2541199
Moved 807.0054 265.8023 489.2966 -0.1635377 0.2787146
Moved 807.0552 258.9319 496.034 -0.1754654 0.2941959
Moved 807.1036 250.3052 504.6948 -0.1904424 0.3140966
Moved 807.1539 244.5 513 -0.2005208 0.3331802
Moved 807.2029 242.6261 514.374 -0.2037742 0.3363373
Moved 807.2531 242 517.3919 -0.2048611 0.3432719
Ended 807.3277 242 517.3919 -0.2048611 0.3432719
Began 807.6036 107 450 -0.4392361 0.1884191
Stationary 807.6636 107 450 -0.4392361 0.1884191
Moved 807.7142 128.0405 459.0203 -0.4027075 0.2091459
Moved 807.7631 157.9233 473.9616 -0.3508277 0.243478
Moved 807.8121 188.9526 483.2382 -0.2969573 0.2647936
Moved 807.8625 225.1518 491.0253 -0.2341115 0.2826868
Moved 807.9124 254.3116 496.3302 -0.1834868 0.2948764
Moved 807.9626 284.8756 499 -0.1304243 0.3010111
Moved 808.0119 324.1365 499 -0.06226305 0.3010111
Moved 808.0613 371.076 491.924 0.01922928 0.2847517
Moved 808.1137 395.4986 490 0.06162949 0.2803309
Moved 808.163 410.5772 488 0.08780763 0.2757353
Moved 808.2143 426.9493 487 0.1162314 0.2734376
Moved 808.2658 431.9306 486 0.1248796 0.2711397
Moved 808.317 439.4012 485 0.1378493 0.268842
Moved 808.3904 458.084 482.972 0.1702847 0.264182
Moved 808.4379 468.9857 481.6714 0.1892113 0.2611936
Moved 808.486 476 482 0.2013889 0.2619486
Moved 808.5333 480.5685 482 0.2093203 0.2619486
Moved 808.5809 484.8712 481 0.2167904 0.2596507
Moved 808.6282 488.1483 481 0.2224797 0.2596507
Moved 808.6763 489.1511 479.8489 0.2242207 0.2570057
Moved 808.7248 483.9731 471.0902 0.215231 0.2368801
Moved 808.7727 422.6313 405.6313 0.108735 0.0864691
Moved 808.8206 370.5594 354.5594 0.0183323 -0.03088369
Moved 808.9017 331.1814 317.1815 -0.05003225 -0.1167705
Moved 808.9514 310.5313 297.5313 -0.08588319 -0.1619225
Moved 808.9994 301.6816 289.6816 -0.1012472 -0.1799596
Moved 809.0479 294.3973 282.7946 -0.1138936 -0.1957845
Moved 809.0958 288.0923 277.0923 -0.1248397 -0.208887
Moved 809.1452 281.5904 271.7952 -0.1361279 -0.2210589
Moved 809.193 274.5991 264.5991 -0.1482655 -0.237594
Moved 809.2413 268.5 257 -0.1588542 -0.2550552
Moved 809.2928 261.1023 247.2047 -0.1716974 -0.2775627
Moved 809.3413 260 244.8008 -0.1736111 -0.2830864
Moved 809.4166 318.3605 262.7743 -0.07229076 -0.241787
Moved 809.467 402.9526 298.3306 0.07457048 -0.1600859
Moved 809.5159 445.1675 317.0837 0.1478602 -0.1169951
Moved 809.5654 472.3813 335.8178 0.1951065 -0.07394806
Moved 809.6149 495.7675 355.7675 0.2357075 -0.02810766
Moved 809.6655 507.4498 365.4498 0.2559892 -0.005859768
Moved 809.715 513.17 371.17 0.2659203 0.007284109
Moved 809.7653 516.5 373 0.2717014 0.01148897
Moved 809.8151 518.5 375 0.2751736 0.01608456
Moved 809.8646 520.0276 377 0.2778257 0.02068015
Ended 809.9402 521.2578 378.2578 0.2799615 0.02357041
Began 810.3099 367 213 0.01215279 -0.3561581
Stationary 810.3702 367 213 0.01215279 -0.3561581
Stationary 810.4208 367 213 0.01215279 -0.3561581
Moved 810.4728 360.3521 239.9092 0.0006113201 -0.2943264
Moved 810.5229 341.5 289 -0.03211804 -0.1815257
Moved 810.5724 322.8134 329.3731 -0.06455999 -0.08875665
Moved 810.6229 308.7883 360.6861 -0.08890916 -0.01680578
Moved 810.6776 295.6502 397.0494 -0.1117184 0.0667495
Moved 810.7288 289.064 417.3399 -0.1231527 0.1133729
Moved 810.7766 284.5626 440.1871 -0.1309677 0.165871
Moved 810.826 281.2682 457.9269 -0.1366871 0.2066336
Moved 810.8777 281 471.2973 -0.1371528 0.237356
Moved 810.9261 281 476.4067 -0.1371528 0.2490962
Moved 810.974 281 479.272 -0.1371528 0.2556803
Moved 811.0225 281 482.6855 -0.1371528 0.2635238
Moved 811.0705 303.8683 486 -0.09745087 0.2711397
Moved 811.1187 394.5659 486 0.06001018 0.2711397
Moved 811.1674 464.0291 472.9903 0.180606 0.2412461
Moved 811.243 499.4369 464.9272 0.2420779 0.2227187
Moved 811.2911 523.3335 464 0.2835651 0.2205883
Moved 811.3393 532.5881 464 0.2996321 0.2205883
Moved 811.3868 538.0969 464 0.3091961 0.2205883
Moved 811.4352 541.0079 464 0.3142498 0.2205883
Moved 811.4856 542 464 0.3159722 0.2205883
Moved 811.5361 517.3466 464 0.2731712 0.2205883
Moved 811.588 453.5938 460.9729 0.1624893 0.2136326
Moved 811.6415 391.475 460 0.05464406 0.2113971
Moved 811.6948 333.616 465.6747 -0.0458055 0.2244363
Moved 811.7743 288.1278 476.1489 -0.1247782 0.2485039
Moved 811.8241 265.6479 479.8704 -0.1638057 0.2570552
Moved 811.876 243.9501 484.2625 -0.2014755 0.2671472
Moved 811.9332 231.2979 487.5674 -0.2234413 0.2747412
Moved 811.9871 218.2521 490.916 -0.2460901 0.2824356
Moved 812.0372 205.3386 492 -0.2685093 0.2849265
Moved 812.0878 196 493 -0.2847222 0.2872243
Moved 812.1375 190.0737 493.9263 -0.295011 0.2893528
Moved 812.1858 189 494 -0.296875 0.2895221
Moved 812.2327 237.5827 441.2451 -0.21253 0.1683022
Moved 812.3055 321.1828 337.7944 -0.06739102 -0.06940625
Moved 812.3519 356.3178 295.0199 -0.006392636 -0.1676932
Moved 812.398 378.1536 272.4771 0.03151663 -0.2194919
Moved 812.4443 388.1922 262.4039 0.04894473 -0.242638
Moved 812.4904 394.8968 256.1032 0.06058462 -0.2571157
Moved 812.5358 399.8324 250.1676 0.06915353 -0.2707546
Moved 812.5818 403 244.7355 0.07465281 -0.2832365
Moved 812.6282 405 242.7838 0.078125 -0.2877209
Moved 812.6752 408 238.5828 0.08333334 -0.2973742
Moved 812.7283 411 236.2931 0.08854166 -0.3026353
Ended 812.8135 412.1502 234.8497 0.09053857 -0.3059519
Began 813.1714 252 355 -0.1875 -0.02987126
Stationary 813.2303 252 355 -0.1875 -0.02987126
Moved 813.283 264.7159 363.9011 -0.1654238 -0.009418306
Moved 813.3363 335.8362 395.9318 -0.04195098 0.06418148
Moved 813.3881 375.4215 414.2108 0.02677344 0.1061828
Moved 813.4432 430.592 438.097 0.1225556 0.1610685
Moved 813.4928 459.0657 454.0375 0.1719891 0.1976966
Moved 813.5436 478.5892 464.7946 0.205884 0.2224139
Moved 813.5963 511.6596 486.9948 0.263298 0.2734254
Moved 813.6529 524.2677 497.2677 0.285187 0.2970306
Moved 813.7065 533.363 503.363 0.3009775 0.3110364
Moved 813.7578 534 505.1537 0.3020833 0.315151
Stationary 813.8102 534 505 0.3020833 0.3147978
Moved 813.8651 511.4375 489.351 0.2629123 0.2788396
Moved 813.9181 423.9894 419.686 0.1110927 0.1187637
Moved 813.992 343.5702 343.5702 -0.02852403 -0.05613468
Moved 814.0417 321.0962 321.0962 -0.06754126 -0.1077753
Moved 814.0927 304.3102 305.3102 -0.09668366 -0.1440481
Moved 814.1439 293.7168 295.7168 -0.115075 -0.1660919
Moved 814.1986 285 289 -0.1302083 -0.1815257
Moved 814.2498 276.4592 283.3062 -0.1450361 -0.194609
Moved 814.304 264.3116 272.5411 -0.1661256 -0.219345
Moved 814.3566 254 262 -0.1840278 -0.2435661
Moved 814.4097 245.1816 252.1816 -0.1993375 -0.2661268
Moved 814.4611 236.7377 242.7377 -0.2139972 -0.2878271
Moved 814.5433 232 236.9065 -0.2222222 -0.3012259
Moved 814.5927 230 234.6063 -0.2256944 -0.3065112
Moved 814.642 228 233.2406 -0.2291667 -0.3096494
Ended 814.6978 228 233 -0.2291667 -0.3102022
Began 815.0477 456 328 0.1666667 -0.09191177
Stationary 815.1017 456 328 0.1666667 -0.09191177
Moved 815.153 456 341.2847 0.1666667 -0.06138627
Moved 815.2047 456 369.7408 0.1666667 0.004000033
Moved 815.2606 456 406.6989 0.1666667 0.08892218
Moved 815.3114 456 428.6384 0.1666667 0.1393345
Moved 815.3627 456 449.4073 0.1666667 0.1870574
Moved 815.4149 456 471.2816 0.1666667 0.2373199
Moved 815.4666 456 485.3593 0.1666667 0.2696676
Moved 815.5176 456 495.1759 0.1666667 0.2922241
Moved 815.569 463 503.5 0.1788195 0.3113511
Moved 815.6239 464 505 0.1805556 0.3147978
Moved 815.673 476.4998 416.5035 0.2022566 0.1114511
Moved 815.7231 487.0439 345.3885 0.2205624 -0.05195646
Moved 815.7764 495.7607 293.9147 0.2356955 -0.1702327
Moved 815.8263 503.102 264.796 0.248441 -0.2371417
Moved 815.8792 503 256.106 0.2482639 -0.2571095
Moved 815.9586 504 250.5 0.25 -0.2699908
Moved 816.0139 509.1459 262.5835 0.2589338 -0.2422255
Moved 816.0645 534.0646 328.1865 0.3021955 -0.09148332
Moved 816.1185 557.1824 400.2745 0.3423305 0.07416032
Moved 816.1691 570.6689 442.0069 0.3657447 0.1700527
Moved 816.2236 579.9214 468.8035 0.381808 0.2316258
Moved 816.2732 583 486.5632 0.3871528 0.2724339
Moved 816.3246 584 491.6765 0.3888889 0.2841832
Moved 816.3759 584 494.9795 0.3888889 0.2917727
Moved 816.4292 584 496 0.3888889 0.2941177
Moved 816.5095 472.1877 458.988 0.1947703 0.2090718
Moved 816.5573 390.9741 437.3948 0.05377442 0.1594551
Moved 816.6075 328.5 428 -0.05468749 0.1378677
Moved 816.6619 274.1557 421.7695 -0.1490353 0.1235513
Moved 816.7219 243.9827 415.3965 -0.201419 0.1089075
Moved 816.7737 225.4444 412.1111 -0.2336035 0.1013582
Moved 816.8276 208.3374 405.7791 -0.2633032 0.08680863
Moved 816.8813 196.8145 399.4072 -0.2833082 0.07216738
Moved 816.9349 187.0215 394 -0.3003099 0.05974269
Moved 816.9874 181.7297 389.7297 -0.3094971 0.04993039
Moved 817.0687 175.5 387 -0.3203125 0.04365813
Ended 817.1194 176 386 -0.3194445 0.0413603
Began 817.43 511 476 0.2621528 0.2481618
Stationary 817.5023 511 476 0.2621528 0.2481618
Stationary 817.5515 511 476 0.2621528 0.2481618
Moved 817.6024 474.9993 444.6993 0.1996517 0.1762392
Moved 817.6531 434 392 0.1284722 0.0551471
Moved 817.703 390.0609 323.1096 0.05218909 -0.1031488
Moved 817.7527 375.1134 294.5224 0.02623864 -0.1688364
Moved 817.8064 365.4724 274.4172 0.009500682 -0.215034
Moved 817.8569 354.0026 252.0052 -0.01041215 -0.2665321
Moved 817.9088 346.0812 239.0813 -0.02416451 -0.2962286
Moved 817.9643 337.3142 225.6284 -0.039385 -0.3271406
Moved 818.0271 330.8836 216.8837 -0.05054925 -0.3472342
Moved 818.0791 328 212.5742 -0.05555556 -0.3571364
Moved 818.1389 309.438 220.2025 -0.0877813 -0.3396082
Moved 818.1911 274.9954 259.2558 -0.1475774 -0.2498718
Moved 818.2433 242.5028 326.9906 -0.2039881 -0.09423117
Moved 818.2968 228.4135 378.5192 -0.2284489 0.02417095
Moved 818.3486 219.7941 427.6473 -0.2434131 0.1370573
Moved 818.3978 220 451.5 -0.2430556 0.1918659
Moved 818.4471 220 462.8225 -0.2430556 0.2178826
Moved 818.5011 220 471.2567 -0.2430556 0.2372627
Moved 818.5815 228.0452 488.0905 -0.2290882 0.2759431
Moved 818.6298 229 494.6969 -0.2274306 0.2911234
Moved 818.6851 231 498.3125 -0.2239584 0.2994313
Moved 818.7379 234.0421 505.0421 -0.218677 0.3148944
Moved 818.7859 243.8979 508.949 -0.2015662 0.3238718
Moved 818.8377 261.1265 509 -0.1716554 0.323989
Moved 818.8908 274.3751 509 -0.1486543 0.323989
Moved 818.9424 279.9874 509 -0.1389108 0.323989
Ended 818.9958 284.3813 509 -0.1312824 0.323989
Began 819.3091 292 518 -0.1180556 0.3446691
Stationary 819.3638 292 518 -0.1180556 0.3446691
Stationary 819.4142 292 518 -0.1180556 0.3446691
Moved 819.4636 325.6602 486.3398 -0.05961761 0.2719205
Moved 819.5164 351.5307 464.2244 -0.01470368 0.221104
Moved 819.5675 376.645 438.1938 0.02889753 0.1612909
Moved 819.6221 391.3655 422.6345 0.05445406 0.1255388
Moved 819.6736 406.6724 402.3276 0.08102842 0.07887792
Moved 819.7261 412.1359 392.8641 0.09051368 0.05713274
Moved 819.7764 415.1124 387.8876 0.09568118 0.04569776
Moved 819.8278 418.5 381.5 0.1015625 0.03102022
Moved 819.8802 418.782 378.218 0.1020521 0.02347883
Moved 819.9304 419 374.9578 0.1024306 0.01598758
Moved 819.9833 385.8037 374 0.04479811 0.01378684
Moved 820.0339 342.5956 394.1135 -0.03021594 0.06000358
Moved 820.1049 286.0654 425.9673 -0.1283587 0.1331969
Moved 820.1605 268.167 438.8748 -0.1594324 0.1628556
Moved 820.2132 255.3575 449.6426 -0.1816711 0.1875978
Moved 820.2618 249.3735 459.2529 -0.1920598 0.2096805
Moved 820.3162 245.301 465.398 -0.1991302 0.2238006
Moved 820.3667 240.6664 477.0008 -0.2071764 0.2504614
Moved 820.4203 240 484 -0.2083333 0.2665442
Moved 820.4737 237.9765 490.0235 -0.2118464 0.2803849
Moved 820.5266 238 494.3304 -0.2118056 0.2902812
Moved 820.5771 238 497.1575 -0.2118056 0.2967774
Ended 820.6626 238 497 -0.2118056 0.2964155
Began 820.8511 517 376 0.2725694 0.01838228
Stationary 820.9006 517 376 0.2725694 0.01838228
Moved 820.9496 496.9451 376 0.2377518 0.01838228
Moved 821.0024 453.5624 376 0.1624347 0.01838228
Moved 821.0539 402.7968 376 0.07429995 0.01838228
Moved 821.1049 344.7921 384 -0.0264027 0.03676478
Moved 821.1603 308.2573 385.1061 -0.0898311 0.03930629
Moved 821.2169 260.5 387 -0.1727431 0.04365813
Moved 821.2706 208.1926 387 -0.2635545 0.04365813
Moved 821.3262 178.6597 387 -0.314827 0.04365813
Moved 821.3914 153.1345 380 -0.3591416 0.0275736
Moved 821.4711 135.7667 380 -0.3892939 0.0275736
Moved 821.5279 134 380 -0.3923612 0.0275736
Moved 821.576 133 380 -0.3940972 0.0275736
Stationary 821.637 133 380 -0.3940972 0.0275736
Moved 821.694 147.8061 360.9898 -0.3683922 -0.01610798
Moved 821.7527 172.044 327.9384 -0.3263126 -0.09205328
Moved 821.8038 185.9518 306.4137 -0.3021671 -0.1415127
Moved 821.8561 199.4062 287.8907 -0.2788087 -0.1840747
Moved 821.9069 204.9907 279.0093 -0.2691134 -0.2044824
Moved 821.9839 208.8518 272 -0.2624101 -0.2205882
Moved 822.031 210 267.842 -0.2604167 -0.2301425
Moved 822.0774 211.0019 265.998 -0.2586772 -0.2343795
Moved 822.1248 211 263.5 -0.2586806 -0.2401196
Moved 822.171 212 261.8389 -0.2569445 -0.2439363
Moved 822.2175 213.5 261 -0.2543403 -0.245864
Moved 822.2654 223.9005 269.8508 -0.2362838 -0.2255268
Moved 822.3132 255.5539 303.4795 -0.1813301 -0.1482548
Moved 822.3616 295.7599 347.0359 -0.111528 -0.04817114
Moved 822.4108 331.9012 392.5514 -0.04878268 0.05641402
Moved 822.4932 364.3994 429.1992 0.007637889 0.1406232
Moved 822.5507 381.7482 449.9976 0.03775724 0.1884135
Moved 822.6047 390.1132 459.1132 0.05227983 0.2093595
Moved 822.6553 399.8782 470.8782 0.06923303 0.236393
Moved 822.7064 404.2381 476.2382 0.0768023 0.2487091
Moved 822.7564 406.5 479.5 0.08072921 0.2562041
Moved 822.8096 408 481.9172 0.08333334 0.2617584
Moved 822.8575 408 482.5 0.08333334 0.2630975
Ended 822.9078 408 483 0.08333334 0.2642463
Began 823.4177 224 343 -0.2361111 -0.05744486
Stationary 823.4739 224 343 -0.2361111 -0.05744486
Stationary 823.5247 224 343 -0.2361111 -0.05744486
Stationary 823.5767 224 343 -0.2361111 -0.05744486
Moved 823.6289 259.0773 368.6464 -0.1752131 0.001485208
Moved 823.6799 289.0985 387.9275 -0.1230928 0.04578924
Moved 823.7313 315.3105 404.6553 -0.07758585 0.08422628
Moved 823.7813 347.7519 420.584 -0.02126403 0.1208272
Moved 823.8314 377.6714 438.3357 0.03067955 0.161617
Moved 823.8811 408.1432 458.0955 0.08358196 0.2070209
Moved 823.9312 431.3022 471.6511 0.1237885 0.2381689
Moved 823.9807 457.0905 483.6543 0.1685599 0.2657498
Moved 824.0303 470.5599 490.52 0.1919443 0.2815256
Moved 824.0967 484.6288 498.8763 0.2163696 0.3007267
Moved 824.1497 497.2941 505 0.2383579 0.3147978
Moved 824.2016 504.2887 507 0.2505012 0.3193934
Moved 824.2525 511.8912 509 0.2637 0.323989
Moved 824.305 518.3483 511 0.2749103 0.3285846
Moved 824.3553 523.647 513 0.2841094 0.3331802
Moved 824.4056 525.2487 513 0.2868901 0.3331802
Stationary 824.4587 525 513 0.2864583 0.3331802
Moved 824.5068 483 472.5 0.2135417 0.2401195
Moved 824.5569 438.1927 440.9955 0.1357513 0.1677286
Moved 824.6332 395.5525 416.421 0.06172307 0.1112615
Moved 824.6843 374.1195 401.5598 0.02451301 0.07711345
Moved 824.7359 357.6597 389.7731 -0.004063062 0.05003018
Moved 824.7853 350.555 384.555 -0.01639757 0.03803997
Moved 824.8372 345.2551 381 -0.02559874 0.02987133
Moved 824.8923 341.5 379 -0.03211804 0.02527581
Moved 824.9426 339.8499 378 -0.03498279 0.02297794
Ended 824.9913 340 377 -0.03472224 0.02068015
PhraseEnd 825.8354
