one heck of a question
Basic
0.6 0.6
432 172.8
Began 1768.774 553 367 0.4467593 0.7349539
Stationary 1768.86 553 367 0.4467593 0.7349539
Moved 1768.934 543.0788 367 0.4237935 0.7349539
Moved 1769.004 533.4976 353.2488 0.4016149 0.6553752
Moved 1769.072 520.5562 341.5562 0.3716578 0.5877094
Moved 1769.139 507.2514 327.2514 0.3408597 0.5049271
Moved 1769.206 485.7321 293.6428 0.2910464 0.3104327
Moved 1769.273 473.0479 270.6198 0.261685 0.1771975
Moved 1769.345 457.4365 244.8729 0.2255474 0.02819997
Moved 1769.417 439.6431 221.6431 0.184359 -0.1062323
Moved 1769.487 428.2928 203.5856 0.1580851 -0.2107317
Moved 1769.56 421.3338 191.3339 0.1419764 -0.2816328
Moved 1769.648 416.7687 182.7688 0.1314091 -0.3311991
Moved 1769.715 414.6493 179.6493 0.1265031 -0.3492516
Moved 1769.783 412.9253 178 0.1225123 -0.3587963
Moved 1769.854 399.186 177 0.09070843 -0.3645834
Moved 1769.931 375.8122 189.0626 0.03660222 -0.2947765
Moved 1770.002 356.293 198.8047 -0.008580932 -0.2383986
Moved 1770.073 342.7244 205.6378 -0.03998985 -0.1988551
Moved 1770.142 330.0892 211 -0.06923795 -0.1678241
Moved 1770.216 316.507 220.2465 -0.1006783 -0.1143145
Moved 1770.288 304.8865 229.1135 -0.1275775 -0.06300043
Moved 1770.399 287.8102 244.1898 -0.1671059 0.02424682
Moved 1770.474 280.4441 251.1118 -0.1841571 0.06430467
Moved 1770.546 275 258.5 -0.1967592 0.1070602
Moved 1770.621 270 265.5647 -0.2083333 0.1479439
Moved 1770.689 267 271.8893 -0.2152778 0.1845448
Moved 1770.757 261.8913 282.2173 -0.2271034 0.2443133
Moved 1770.827 259.4572 288.5428 -0.2327379 0.2809189
Moved 1770.897 258 292.5 -0.2361111 0.3038196
Ended 1770.965 258 293 -0.2361111 0.306713
Began 1771.267 386 203 0.06018519 -0.2141204
Stationary 1771.335 386 203 0.06018519 -0.2141204
Stationary 1771.407 386 203 0.06018519 -0.2141204
Moved 1771.476 369.6453 203 0.0223271 -0.2141204
Moved 1771.547 357.829 218.5856 -0.005025516 -0.1239259
Moved 1771.619 347.5947 227.4053 -0.02871598 -0.07288598
Moved 1771.696 335.8606 236.5697 -0.05587826 -0.01985108
Moved 1771.768 317.6987 246.8676 -0.09791975 0.03974297
Moved 1771.849 297.9859 258.7606 -0.1435512 0.1085682
Moved 1771.922 276.7244 273.8504 -0.1927676 0.1958935
Moved 1772.01 262.7747 285.2253 -0.2250585 0.2617205
Moved 1772.082 255.9705 290.0295 -0.240809 0.2895225
Moved 1772.153 252 293 -0.25 0.306713
Moved 1772.228 250 295 -0.2546296 0.318287
Moved 1772.299 248.7744 296.2256 -0.2574667 0.3253796
Moved 1772.37 249 286.4033 -0.2569445 0.2685376
Moved 1772.44 271.0737 257.8527 -0.2058479 0.1033142
Moved 1772.512 284.6686 229.4972 -0.1743783 -0.06078014
Moved 1772.584 291.998 213.0039 -0.157412 -0.1562272
Moved 1772.654 295.4025 205.5975 -0.1495313 -0.1990883
Moved 1772.762 298 197.9791 -0.1435185 -0.2431764
Moved 1772.833 299 195.6204 -0.1412037 -0.2568266
Moved 1772.91 317.7147 196 -0.09788275 -0.2546296
Moved 1772.98 362.1411 212.5176 0.004956325 -0.1590418
Moved 1773.049 404.1357 218.2272 0.1021658 -0.1260003
Moved 1773.119 432.1126 222.0282 0.1669274 -0.1040035
Moved 1773.189 451.6209 225 0.2120855 -0.08680556
Moved 1773.258 466.7599 227.7599 0.2471293 -0.07083399
Moved 1773.327 474.8148 230.4073 0.2657749 -0.05551303
Moved 1773.395 482.8413 234 0.2843548 -0.03472205
Moved 1773.498 491.2287 239.2288 0.3037702 -0.004463196
Ended 1773.574 494.1377 239 0.310504 -0.00578686
Began 1773.954 525 280 0.3819444 0.2314817
Stationary 1774.031 525 280 0.3819444 0.2314817
Moved 1774.112 511.9847 280 0.3518164 0.2314817
Moved 1774.186 500.4822 280 0.3251902 0.2314817
Moved 1774.257 489.8729 271.9365 0.3006317 0.1848175
Moved 1774.332 476.2507 271 0.2690988 0.1793981
Moved 1774.412 443.228 265.8456 0.1926574 0.1495693
Moved 1774.485 415.4303 260.1075 0.1283109 0.1163631
Moved 1774.561 388.833 256.2776 0.066743 0.09419954
Moved 1774.632 360.3585 248.4717 0.000829796 0.04902593
Moved 1774.718 329.763 240.8815 -0.06999299 0.005101098
Moved 1774.787 316.9345 237.4673 -0.09968872 -0.01465691
Moved 1774.861 303.3049 234 -0.1312386 -0.03472205
Moved 1774.93 294.9199 231 -0.1506485 -0.05208334
Moved 1774.998 290.5 230 -0.1608796 -0.05787019
Moved 1775.066 288.6271 230 -0.165215 -0.05787019
Ended 1775.132 289 230 -0.1643519 -0.05787019
Began 1775.693 189 244 -0.3958333 0.02314815
Stationary 1775.768 189 244 -0.3958333 0.02314815
Ended 1775.834 189 244 -0.3958333 0.02314815
Began 1776.723 214 329 -0.3379629 0.5150465
Stationary 1776.805 214 329 -0.3379629 0.5150465
Moved 1776.877 274.7627 318.0339 -0.1973085 0.4515849
Moved 1776.947 317 315.5 -0.09953702 0.4369213
Moved 1777.025 362.544 313 0.005888939 0.4224537
Moved 1777.098 386.1413 311 0.06051223 0.4108796
Moved 1777.172 404.3 308 0.1025463 0.3935185
Moved 1777.246 418.7321 305.634 0.135954 0.3798262
Moved 1777.321 429.1673 306 0.1601096 0.3819445
Moved 1777.391 436.6732 304 0.1774843 0.3703706
Moved 1777.475 444.5 302 0.1956019 0.3587963
Moved 1777.544 446 299.8157 0.199074 0.3461561
Moved 1777.626 446 296.7169 0.199074 0.3282229
Moved 1777.703 416.5588 284.8529 0.1309231 0.2595654
Moved 1777.773 379.9583 276.5917 0.04619986 0.2117576
Moved 1777.844 357.4016 270.8005 -0.006014705 0.1782439
Moved 1777.916 343.1887 268 -0.03891498 0.162037
Moved 1777.985 320.6628 262 -0.09105831 0.127315
Moved 1778.064 295.0382 253.4076 -0.1503745 0.07759024
Moved 1778.134 270.7304 245.2435 -0.2066425 0.03034468
Moved 1778.242 256.5176 240 -0.2395426 0
Moved 1778.319 250.6838 237 -0.2530467 -0.01736093
Moved 1778.391 249 237 -0.2569445 -0.01736093
Moved 1778.46 247 236 -0.2615741 -0.02314815
Moved 1778.534 246 236 -0.2638889 -0.02314815
Stationary 1778.604 246 236 -0.2638889 -0.02314815
Moved 1778.677 245 236 -0.2662037 -0.02314815
Moved 1778.749 242.9515 233.9515 -0.2709455 -0.03500267
Moved 1778.822 240 228.3274 -0.2777777 -0.06754964
Moved 1778.898 234.7649 221.5299 -0.289896 -0.1068871
Moved 1779.003 232 216.7672 -0.2962963 -0.134449
Moved 1779.074 231 217 -0.2986111 -0.1331017
Stationary 1779.142 231 217 -0.2986111 -0.1331017
Moved 1779.213 263.6547 246.1929 -0.2230216 0.03583838
Moved 1779.288 304.5034 270.7517 -0.1284644 0.1779613
Moved 1779.361 336.2886 290.9665 -0.05488743 0.2949452
Moved 1779.434 358.3132 302.1566 -0.0039047 0.3597025
Moved 1779.511 369.9541 309.9542 0.02304196 0.4048274
Moved 1779.583 375.5 312 0.03587961 0.4166669
Moved 1779.656 377 314.5 0.03935188 0.4311343
Moved 1779.762 403.8968 315 0.1016129 0.4340278
Moved 1779.834 431.0873 307.8473 0.1645539 0.392635
Moved 1779.905 458.5945 304 0.2282279 0.3703706
Moved 1779.977 474.0539 302 0.2640136 0.3587963
Moved 1780.048 481.5 302 0.28125 0.3587963
Moved 1780.121 487.5 302 0.2951388 0.3587963
Moved 1780.193 490.2241 302 0.3014446 0.3587963
Moved 1780.264 493.0718 302 0.3080366 0.3587963
Moved 1780.336 509.8398 300 0.3468512 0.3472222
Moved 1780.407 518.8098 297 0.3676153 0.3298613
Moved 1780.512 523.5 295 0.3784722 0.318287
Moved 1780.582 523 289.7621 0.3773148 0.2879754
Moved 1780.65 505.9719 278.7888 0.3378978 0.224472
Moved 1780.72 473.333 257.6664 0.262345 0.1022364
Moved 1780.788 444.3114 236.4836 0.1951654 -0.02034912
Moved 1780.855 423.0439 218.0439 0.145935 -0.1270605
Moved 1780.927 409.559 204.2794 0.1147198 -0.2067163
Moved 1780.994 401.4208 194.8416 0.09588142 -0.2613338
Moved 1781.061 396 189.0189 0.08333336 -0.2950293
Ended 1781.127 395 188 0.08101851 -0.3009259
PhraseEnd 1782.199
