all work and no play
Basic
0.8 0.8
575.9999 435.2
Began 826.7547 116 380 -0.4236111 0.0275736
Stationary 826.8109 116 380 -0.4236111 0.0275736
Moved 826.8694 167.677 393.4193 -0.333894 0.05840828
Moved 826.9307 237.7298 405.8942 -0.2122747 0.08707303
Moved 826.9874 299.6319 414.4387 -0.1048058 0.1067065
Moved 827.0475 362.3375 418 0.004058182 0.1148897
Moved 827.0991 402.2063 418 0.0732749 0.1148897
Moved 827.1524 448.2926 410 0.1532858 0.09650736
Moved 827.2092 475.9449 407.211 0.2012932 0.09009884
Moved 827.2632 512.7708 396.6146 0.265227 0.06575049
Moved 827.3179 533.5 388 0.3012153 0.04595592
Moved 827.3712 555.366 380.878 0.3391771 0.02959098
Moved 827.4226 561.4333 376.5667 0.3497106 0.01968454
Moved 827.4745 567.8501 374.1499 0.3608509 0.01413121
Moved 827.5256 571.1494 374 0.3665788 0.01378684
Moved 827.5779 572.5 372.5 0.3689237 0.01034007
Moved 827.628 574 371.5 0.3715278 0.00804235
Moved 827.6777 575.3962 372 0.3739517 0.009191248
Ended 827.7557 576.5 371 0.3758681 0.006893383
Began 828.032 216 427 -0.25 0.1355699
Stationary 828.092 216 427 -0.25 0.1355699
Moved 828.1435 227.9534 427 -0.2292475 0.1355699
Moved 828.1951 277.1963 449.2142 -0.1437565 0.1866136
Moved 828.2469 349.6497 470.2166 -0.01796927 0.2348726
Moved 828.2985 388.2411 475.2241 0.04902974 0.246379
Moved 828.3508 437.8022 482.9717 0.1350732 0.2641814
Moved 828.4042 472.5609 487.8746 0.1954183 0.2754471
Moved 828.4713 514.6962 497.3418 0.2685698 0.2972009
Moved 828.5233 539.0837 504 0.3109092 0.3125001
Moved 828.5748 547.3436 506 0.3252494 0.3170956
Moved 828.6257 552.3422 507 0.3339274 0.3193934
Moved 828.6797 556.0367 508 0.3403415 0.3216912
Moved 828.7296 557.0103 508 0.3420317 0.3216912
Stationary 828.7985 557.0103 508 0.3420317 0.3216912
Stationary 828.8499 557 508 0.3420139 0.3216912
Moved 828.9022 544.2357 508 0.3198537 0.3216912
Moved 828.9545 500.291 501 0.2435608 0.3056066
Moved 829.007 458.0396 498 0.1702077 0.2987133
Moved 829.0602 399.4312 497 0.06845698 0.2964155
Moved 829.1129 358.1995 497 -0.003125928 0.2964155
Moved 829.164 326.3848 497 -0.05835973 0.2964155
Moved 829.2154 295.6461 504.5884 -0.1117254 0.3138521
Moved 829.2663 284.7633 507 -0.1306192 0.3193934
Moved 829.3451 278.5 510 -0.1414931 0.3262868
Moved 829.3941 278 512.2805 -0.1423611 0.3315269
Moved 829.4426 308.4102 496.5945 -0.08956571 0.2954836
Moved 829.4921 377.3797 447.1439 0.03017307 0.1818565
Moved 829.5413 415.3029 422.6971 0.09601199 0.1256826
Moved 829.5942 442.6049 400.8371 0.1434112 0.07545289
Moved 829.6444 467.0383 384.3078 0.1858303 0.03747197
Moved 829.6945 480.5 376 0.2092014 0.01838228
Moved 829.7437 492.9066 367.0934 0.2307407 -0.002083147
Moved 829.7944 499.9384 362.0616 0.2429486 -0.01364512
Moved 829.8712 504.1695 357.8305 0.2502942 -0.02336734
Ended 829.9194 506.5 355.5 0.2543403 -0.02872243
Began 830.2927 118 401 -0.4201389 0.07582718
Stationary 830.3528 118 401 -0.4201389 0.07582718
Moved 830.4014 129.4396 401 -0.4002784 0.07582718
Moved 830.4518 148.5124 401 -0.367166 0.07582718
Moved 830.5004 175.2514 388.3743 -0.3207441 0.04681605
Moved 830.5493 208.9204 372.9525 -0.2622909 0.01137986
Moved 830.5988 263.3612 339.3993 -0.1677758 -0.06571855
Moved 830.6479 300.5948 317.8431 -0.1031341 -0.1152502
Moved 830.6983 341.4673 288.0218 -0.03217485 -0.1837735
Moved 830.7468 372.951 268.4565 0.02248444 -0.2287304
Moved 830.7974 416.4351 233.4707 0.09797767 -0.3091207
Moved 830.8468 432.7031 219.2969 0.1262207 -0.3416892
Moved 830.8971 441.339 211.661 0.1412135 -0.3592348
Moved 830.9461 444.4783 208.5217 0.1466637 -0.3664482
Moved 830.9954 446.5 208 0.1501736 -0.3676471
Moved 831.0453 425.7504 226.2496 0.11415 -0.3257132
Moved 831.095 380.4712 271.764 0.03554024 -0.2211305
Moved 831.172 323.1208 335.1477 -0.06402646 -0.07548781
Moved 831.2208 303.0252 357.2184 -0.0989145 -0.0247738
Moved 831.2693 289.9118 370.0882 -0.1216809 0.004798245
Moved 831.3169 280.9121 379.0879 -0.1373053 0.02547776
Moved 831.3642 274.1569 385.8431 -0.1490332 0.04099983
Moved 831.412 267.7546 392.2454 -0.1601482 0.05571093
Moved 831.4598 264.8879 395.1121 -0.1651252 0.06229812
Moved 831.5093 263 398.5 -0.1684028 0.07008272
Ended 831.5612 262 398 -0.1701389 0.06893383
Began 832.0497 411 207 0.08854166 -0.3699449
Stationary 832.106 411 207 0.08854166 -0.3699449
Stationary 832.1552 411 207 0.08854166 -0.3699449
Moved 832.2067 411 240.7169 0.08854166 -0.2924702
Moved 832.2582 443.4085 297.817 0.1448064 -0.1612661
Moved 832.3141 466.2234 338.4021 0.1844156 -0.06800989
Moved 832.3662 494.857 382.3998 0.2341267 0.03308788
Moved 832.4173 514.8344 407.6013 0.2688097 0.09099568
Moved 832.4688 535.2143 439.375 0.3041915 0.1640051
Moved 832.5188 549.103 459.1717 0.3283039 0.2094938
Moved 832.5699 567.282 480.0427 0.3598646 0.257451
Moved 832.6199 572.695 487.695 0.3692622 0.2750345
Moved 832.6694 575 491.9999 0.3732639 0.2849262
Moved 832.7184 577.3724 494.3724 0.3773826 0.2903777
Ended 832.789 580.1404 496 0.3821882 0.2941177
Began 833.157 607 518 0.4288194 0.3446691
Stationary 833.2115 607 518 0.4288194 0.3446691
Moved 833.2599 598.5 503.5 0.4140625 0.3113511
Moved 833.3089 593.3865 473.7051 0.4051849 0.2428887
Moved 833.3649 591.1115 439.1145 0.4012352 0.1634065
Moved 833.4153 591 402.052 0.4010417 0.07824453
Moved 833.4658 589 386.4881 0.3975695 0.04248188
Moved 833.5165 588.4037 381.4037 0.3965342 0.03079892
Moved 833.566 583.3355 370.671 0.3877353 0.006137456
Moved 833.6296 540.7095 342.1035 0.3137317 -0.0595048
Moved 833.6788 458.0066 343.9977 0.1701504 -0.05515233
Moved 833.7278 371.5112 368.8296 0.01998477 0.001906227
Moved 833.7792 296.5371 388.3947 -0.1101786 0.04686275
Moved 833.8294 235.0528 399.6608 -0.2169223 0.07275007
Moved 833.8795 205.173 401 -0.268797 0.07582718
Moved 833.9307 188.2096 401 -0.2982473 0.07582718
Moved 833.9819 173.6215 401 -0.3235737 0.07582718
Moved 834.0323 165.0395 401 -0.3384731 0.07582718
Moved 834.0833 162.0628 401 -0.343641 0.07582718
Moved 834.1603 162 402.8073 -0.34375 0.07998008
Moved 834.2088 187.2848 415.1068 -0.2998528 0.1082418
Moved 834.2564 237.268 432.9804 -0.2130763 0.1493117
Moved 834.3048 281.1464 447.2056 -0.1368986 0.1819981
Moved 834.3531 315.3227 461.1614 -0.07756476 0.2140657
Moved 834.4022 336.9375 466.9896 -0.04003901 0.2274577
Moved 834.4509 359.1563 474.2891 -0.001464859 0.2442304
Moved 834.5003 371.6361 478.212 0.02020158 0.2532446
Moved 834.55 382.0195 481 0.03822826 0.2596507
Moved 834.5992 385.5 482 0.04427083 0.2619486
Ended 834.6775 387 483 0.04687503 0.2642463
PhraseEnd 835.8488
