an offer you cannot refuse
Basic
0.6 0.6
432 326.4
Began 1124.671 186 350 -0.4027778 -0.05514706
Stationary 1124.741 186 350 -0.4027778 -0.05514706
Stationary 1124.801 186 350 -0.4027778 -0.05514706
Moved 1124.862 198.211 350 -0.3745116 -0.05514706
Moved 1124.922 207.4681 350 -0.3530831 -0.05514706
Moved 1124.98 222.3878 350 -0.3185467 -0.05514706
Moved 1125.039 246.2187 339.2604 -0.2633826 -0.08805013
Moved 1125.1 273.3746 329.8127 -0.2005217 -0.1169954
Moved 1125.159 297.9454 321.0137 -0.1436448 -0.1439532
Moved 1125.228 317 313.5 -0.09953702 -0.1669731
Moved 1125.292 334.4477 303.7015 -0.05914877 -0.1969928
Moved 1125.357 350.233 295.178 -0.02260889 -0.2231065
Moved 1125.416 365.5484 286.4516 0.01284341 -0.2498418
Moved 1125.478 377.2892 281 0.04002144 -0.2665441
Moved 1125.538 383.3793 277.6207 0.05411873 -0.2768973
Moved 1125.597 389.7848 275 0.06894628 -0.2849265
Moved 1125.656 394.5 272.5 0.07986108 -0.2925858
Moved 1125.717 396 271.5 0.08333336 -0.2956494
Ended 1125.775 397.1738 272 0.08605044 -0.2941176
Began 1126.147 560 470 0.462963 0.3125
Stationary 1126.214 560 470 0.462963 0.3125
Stationary 1126.275 560 470 0.462963 0.3125
Moved 1126.337 531.5165 457.2066 0.3970289 0.2733046
Moved 1126.399 498.1259 443.0629 0.3197358 0.2299723
Moved 1126.459 469.7712 429.8856 0.2541001 0.1896006
Moved 1126.518 439.5104 412.3403 0.1840519 0.1358465
Moved 1126.58 409.2497 396.6999 0.1140038 0.08792868
Moved 1126.642 382.2119 384.8848 0.05141636 0.05173029
Moved 1126.701 358.1926 374.0963 -0.00418375 0.01867743
Moved 1126.76 336.9712 367.3237 -0.05330751 -0.002071904
Moved 1126.817 327.5065 364 -0.07521649 -0.01225481
Moved 1126.891 319.5 360.5 -0.09375001 -0.02297794
Moved 1126.951 316.5 360 -0.1006944 -0.0245098
Moved 1127.008 314.8251 360 -0.1045716 -0.0245098
Moved 1127.065 313.8699 360 -0.1067827 -0.0245098
Stationary 1127.122 314 360 -0.1064815 -0.0245098
Moved 1127.179 312.9751 360 -0.1088539 -0.0245098
Moved 1127.236 306.7068 378.8221 -0.123364 0.03315589
Moved 1127.294 292.1721 398.5349 -0.157009 0.09355045
Moved 1127.354 275.0983 421.3526 -0.1965318 0.1634578
Moved 1127.411 265.1222 437.6334 -0.2196245 0.2133377
Moved 1127.502 259 450.2874 -0.2337963 0.252106
Moved 1127.563 257 454.5 -0.2384259 0.2650123
Moved 1127.624 256 457.5 -0.2407407 0.2742034
Moved 1127.685 256 460.9611 -0.2407407 0.2848074
Moved 1127.747 267.74 465.37 -0.2135649 0.2983149
Moved 1127.812 279.6373 467 -0.1860247 0.3033088
Moved 1127.876 286.4847 468.4847 -0.1701743 0.3078575
Moved 1127.936 289.5 468 -0.1631944 0.3063726
Moved 1127.995 292.1076 468 -0.1571583 0.3063726
Ended 1128.059 293 468 -0.1550926 0.3063726
Began 1128.376 375 477 0.03472219 0.3339461
Stationary 1128.453 375 477 0.03472219 0.3339461
Moved 1128.517 403.2381 477 0.1000881 0.3339461
Moved 1128.579 425.9229 477 0.1525992 0.3339461
Moved 1128.648 448.7788 477 0.2055065 0.3339461
Moved 1128.71 472.0417 477 0.2593559 0.3339461
Moved 1128.773 496.2254 470 0.3153366 0.3125
Moved 1128.837 513.5115 470 0.3553508 0.3125
Moved 1128.898 524.9023 469 0.3817184 0.3094364
Moved 1128.961 530.298 468 0.3942082 0.3063726
Moved 1129.023 532 468 0.3981481 0.3063726
Moved 1129.085 532 467 0.3981481 0.3033088
Moved 1129.146 500.0523 467 0.3241952 0.3033088
Moved 1129.204 468.3311 474 0.2507665 0.324755
Moved 1129.271 447.2453 476 0.2019566 0.3308824
Moved 1129.331 430.709 478 0.1636781 0.3370098
Moved 1129.416 422.5 479 0.144676 0.3400736
Moved 1129.476 419.6255 480.3745 0.138022 0.3442847
Ended 1129.537 420 480 0.1388889 0.3431373
Began 1129.871 377 280 0.03935188 -0.2696078
Stationary 1129.943 377 280 0.03935188 -0.2696078
Moved 1130.004 359.7216 292.2227 -0.0006443262 -0.2321609
Moved 1130.068 333.8109 310.5945 -0.06062294 -0.1758745
Moved 1130.134 315.3795 324.4136 -0.1032881 -0.1335367
Moved 1130.197 305.0581 331.8839 -0.1271804 -0.11065
Moved 1130.259 288.7087 345.9684 -0.1650261 -0.06749864
Moved 1130.322 268.7887 361.6057 -0.2111373 -0.01959053
Moved 1130.383 254.0445 370.4778 -0.2452675 0.007591341
Moved 1130.443 244.2475 374.8762 -0.2679455 0.02106685
Moved 1130.516 234.9637 378 -0.2894358 0.03063726
Moved 1130.577 229.6404 379 -0.3017585 0.03370108
Moved 1130.638 227 380 -0.3078704 0.0367648
Moved 1130.697 225.5 381 -0.3113426 0.03982843
Moved 1130.756 240.7269 381 -0.2760952 0.03982843
Moved 1130.814 273.5955 365.7354 -0.2000104 -0.006938168
Moved 1130.873 321.3304 349.287 -0.08951302 -0.05733154
Moved 1130.934 349.7921 336.1039 -0.02362942 -0.09772077
Moved 1130.994 374.5988 322.7006 0.03379365 -0.138785
Moved 1131.053 388.0536 314.9464 0.06493896 -0.1625417
Moved 1131.151 399.7819 307.2181 0.09208768 -0.186219
Moved 1131.209 406.9681 300.0637 0.1087226 -0.2081381
Moved 1131.275 415.7452 291.2548 0.1290399 -0.2351264
Moved 1131.337 419.0662 287.9338 0.1367274 -0.2453009
Moved 1131.395 422.05 285 0.1436343 -0.2542892
Moved 1131.46 423.2258 283.7742 0.146356 -0.2580446
Moved 1131.524 434.5 303.5 0.1724537 -0.1976103
Moved 1131.585 464.786 359.5721 0.2425603 -0.02582083
Moved 1131.644 483.7483 399.7461 0.2864544 0.09726132
Moved 1131.701 503.8833 445.1389 0.3330632 0.2363323
Moved 1131.792 515.8875 474.775 0.3608507 0.3271293
Moved 1131.85 517 480.1898 0.3634259 0.3437188
Moved 1131.91 517 483.3729 0.3634259 0.3534709
Moved 1131.969 517 484.1866 0.3634259 0.3559639
Stationary 1132.027 517 484 0.3634259 0.3553922
Moved 1132.085 505.156 484 0.3360094 0.3553922
Moved 1132.144 478.4484 484 0.274186 0.3553922
Moved 1132.203 445.1331 484 0.1970674 0.3553922
Moved 1132.268 408.0553 484 0.1112392 0.3553922
Moved 1132.327 382.2542 484 0.05151431 0.3553922
Moved 1132.417 354.6088 484 -0.01247962 0.3553922
Moved 1132.475 343.2377 484 -0.03880168 0.3553922
Moved 1132.538 333 484 -0.06249999 0.3553922
Moved 1132.601 325.5258 484 -0.07980133 0.3553922
Moved 1132.666 324 484 -0.08333336 0.3553922
Ended 1132.727 324 484 -0.08333336 0.3553922
Began 1133.015 350 452 -0.02314816 0.257353
Stationary 1133.073 350 452 -0.02314816 0.257353
Stationary 1133.134 350 452 -0.02314816 0.257353
Moved 1133.196 332.4731 452 -0.0637198 0.257353
Moved 1133.258 315.7949 452 -0.1023267 0.257353
Moved 1133.321 299.9993 452 -0.1388904 0.257353
Moved 1133.383 283.8778 461.7074 -0.1762089 0.2870937
Moved 1133.442 270.124 463 -0.2080463 0.291054
Moved 1133.5 263.1283 464 -0.22424 0.2941177
Moved 1133.562 257.8078 464 -0.2365559 0.2941177
Moved 1133.633 254.5 465.5 -0.244213 0.2987133
Moved 1133.7 253.9587 465 -0.245466 0.2971814
Moved 1133.764 252 454.1725 -0.25 0.2640088
Moved 1133.824 256.4191 425.2122 -0.2397705 0.1752824
Moved 1133.885 271.4209 394.4477 -0.2050442 0.08102857
Moved 1133.948 284.4665 373.067 -0.1748461 0.01552395
Moved 1134.013 292.564 362.436 -0.1561018 -0.01704656
Moved 1134.078 299 357.4303 -0.1412037 -0.03238267
Moved 1134.141 311.0253 357 -0.1133674 -0.03370098
Moved 1134.206 353.1466 380.9409 -0.01586427 0.03964752
Moved 1134.302 402.8498 421.8497 0.09918928 0.1649808
Moved 1134.367 420.1058 442.1058 0.1391338 0.2270398
Moved 1134.431 433.5 461 0.1701389 0.2849264
Moved 1134.494 435 463.3729 0.1736111 0.2921963
Stationary 1134.556 435 463 0.1736111 0.291054
Moved 1134.62 390.305 445.6841 0.0701504 0.2380027
Moved 1134.679 341.9479 421.7036 -0.04178733 0.164533
Moved 1134.736 314.9681 405.4841 -0.1042406 0.114841
Moved 1134.793 292.5534 393.7767 -0.1561264 0.07897261
Moved 1134.853 272.5939 385.198 -0.2023288 0.0526899
Moved 1134.944 257.0742 379 -0.2382541 0.03370108
Moved 1135.003 251.831 375.8311 -0.2503912 0.0239923
Moved 1135.062 247.5 375 -0.2604167 0.02144608
Moved 1135.125 246 374 -0.2638889 0.01838245
Moved 1135.182 245 374 -0.2662037 0.01838245
Moved 1135.241 257.7917 411.6342 -0.2365934 0.1336833
Moved 1135.301 270.0634 452.1586 -0.2081864 0.257839
Moved 1135.36 278.4165 472.833 -0.1888507 0.3211797
Moved 1135.423 281 481.1427 -0.1828704 0.3466382
Moved 1135.485 282 484.554 -0.1805555 0.3570893
Ended 1135.576 282 485 -0.1805555 0.3584559
PhraseEnd 1136.563
