time to go shopping
Basic
0.6 0.6
432 326.4
Began 1137.547 400 442 0.09259263 0.2267157
Stationary 1137.616 400 442 0.09259263 0.2267157
Moved 1137.679 429.7614 442 0.1614848 0.2267157
Moved 1137.739 447.3132 442 0.2021138 0.2267157
Moved 1137.803 468.9099 442 0.2521061 0.2267157
Moved 1137.868 481.0671 442 0.2802479 0.2267157
Moved 1137.933 489.8544 449 0.3005888 0.2481618
Moved 1138 499.8487 454 0.3237238 0.2634804
Moved 1138.063 510.9546 459.9546 0.3494318 0.2817237
Moved 1138.125 514.1781 461 0.3568937 0.2849264
Moved 1138.185 515 461 0.3587963 0.2849264
Stationary 1138.261 515 461 0.3587963 0.2849264
Moved 1138.322 501.4375 423.4999 0.3274015 0.1700366
Moved 1138.387 477.9003 344.6511 0.2729173 -0.07153474
Moved 1138.459 472.5573 302.0162 0.2605494 -0.2021562
Moved 1138.52 472 282.4843 0.2592593 -0.2619965
Moved 1138.58 472 269.9256 0.2592593 -0.300473
Moved 1138.641 472 262.7322 0.2592593 -0.3225117
Moved 1138.709 472 259 0.2592593 -0.333946
Moved 1138.771 472 258 0.2592593 -0.3370098
Moved 1138.833 451.7985 271.801 0.2124966 -0.2947275
Moved 1138.931 390.0304 329.4734 0.06951481 -0.118035
Moved 1138.993 359.4178 361.5822 -0.001347562 -0.01966252
Moved 1139.057 330.9067 391.4747 -0.06734565 0.07191999
Moved 1139.119 310.0998 411.9002 -0.1155097 0.1344982
Moved 1139.185 297.5739 425.1391 -0.1445048 0.1750585
Moved 1139.249 287.4522 439.5478 -0.1679348 0.2192028
Moved 1139.311 281.7241 448.2759 -0.1811943 0.2459435
Moved 1139.373 279 452.6531 -0.1875 0.2593538
Moved 1139.431 277 456.0656 -0.1921296 0.2698088
Ended 1139.492 277 456 -0.1921296 0.2696078
Began 1140.051 309 463 -0.1180555 0.291054
Stationary 1140.121 309 463 -0.1180555 0.291054
Stationary 1140.182 309 463 -0.1180555 0.291054
Moved 1140.241 325.8438 463 -0.07906541 0.291054
Moved 1140.302 343.9339 463 -0.03719007 0.291054
Moved 1140.362 366.1645 463 0.01426975 0.291054
Moved 1140.423 391.6955 463 0.07336924 0.291054
Moved 1140.486 419.7029 472.1757 0.1382012 0.3191658
Moved 1140.548 434.1074 472.5536 0.1715449 0.3203237
Moved 1140.609 443.9855 473 0.1944108 0.3216912
Moved 1140.677 452.0709 474 0.213127 0.324755
Moved 1140.739 457.3728 474 0.2254 0.324755
Moved 1140.801 462.0021 474 0.236116 0.324755
Moved 1140.862 465.1367 474 0.2433719 0.324755
Moved 1140.93 466 474 0.2453704 0.324755
Ended 1140.988 466 474 0.2453704 0.324755
Began 1141.499 313 336 -0.1087963 -0.09803922
Stationary 1141.564 313 336 -0.1087963 -0.09803922
Moved 1141.623 331.6681 353.6009 -0.06558304 -0.04411492
Moved 1141.684 355.0231 368.7673 -0.01152053 0.002350807
Moved 1141.743 371.7514 379.0635 0.02720237 0.03389564
Moved 1141.803 391.676 395.257 0.07332405 0.08350807
Moved 1141.864 412.2505 412.4379 0.1209503 0.1361457
Moved 1141.925 435 431 0.1736111 0.1930147
Moved 1141.985 452.7274 448.8183 0.2146468 0.247605
Moved 1142.044 461.4128 457.4128 0.2347519 0.2739364
Moved 1142.108 468.6047 463.6047 0.2513997 0.2929065
Moved 1142.166 471.9813 467 0.2592159 0.3033088
Moved 1142.234 475.0469 469 0.2663124 0.3094364
Moved 1142.294 476 470 0.2685185 0.3125
Ended 1142.351 476 470 0.2685185 0.3125
Began 1142.683 229 381 -0.3032407 0.03982843
Stationary 1142.756 229 381 -0.3032407 0.03982843
Moved 1142.819 253.8001 395.9 -0.2458332 0.08547812
Moved 1142.882 277.7188 401.6797 -0.1904658 0.1031854
Moved 1142.945 296.0891 407.0446 -0.1479419 0.1196218
Moved 1143.005 313.5 409 -0.1076389 0.1256129
Moved 1143.065 333.7249 409 -0.06082202 0.1256129
Moved 1143.128 351.213 409 -0.02034019 0.1256129
Moved 1143.189 372.1184 409 0.02805193 0.1256129
Moved 1143.248 387.0937 409 0.0627169 0.1256129
Moved 1143.309 400.8455 401 0.09454986 0.1011029
Moved 1143.369 408.7576 397.6212 0.1128648 0.09075137
Moved 1143.428 419.2229 393.8885 0.1370901 0.07931546
Moved 1143.489 427.9456 393 0.1572815 0.0765931
Moved 1143.569 454 408.5 0.2175926 0.1240809
Moved 1143.628 480.1296 431.1037 0.2780778 0.1933324
Moved 1143.687 499.9224 454.9224 0.3238943 0.2663063
Moved 1143.746 514.2476 474.2476 0.3570547 0.3255136
Moved 1143.809 519 483.5 0.3680556 0.3538603
Moved 1143.873 523 489.2745 0.3773148 0.3715518
Moved 1143.938 527.1056 492 0.3868184 0.379902
Moved 1144.001 537.5 492 0.4108796 0.379902
Moved 1144.065 550.2003 492 0.4402786 0.379902
Moved 1144.124 556.5982 492 0.4550884 0.379902
Moved 1144.22 560.1605 492 0.4633344 0.379902
Moved 1144.28 561 492 0.4652777 0.379902
Stationary 1144.339 561 492 0.4652777 0.379902
Moved 1144.397 551.4131 492 0.4430858 0.379902
Moved 1144.456 539.7361 492 0.4160557 0.379902
Moved 1144.514 518.8001 492 0.3675929 0.379902
Moved 1144.572 497.7243 492 0.3188063 0.379902
Moved 1144.634 479.0246 492 0.2755199 0.379902
Moved 1144.692 471.113 492 0.2572061 0.379902
Moved 1144.75 466.8108 492 0.2472471 0.379902
Moved 1144.842 459.1577 479.2099 0.2295318 0.3407166
Moved 1144.901 445.3369 439.1228 0.197539 0.2179008
Moved 1144.96 431.8435 387.7957 0.1663043 0.06064846
Moved 1145.019 426.0331 353.1326 0.1528545 -0.04554954
Moved 1145.08 423.2956 331.8869 0.1465177 -0.1106406
Moved 1145.139 422 315.8126 0.1435185 -0.1598879
Moved 1145.199 421 302.414 0.1412037 -0.2009374
Moved 1145.257 421 295.2361 0.1412037 -0.2229285
Moved 1145.317 420 286.5065 0.1388889 -0.2496738
Moved 1145.375 420 279.1315 0.1388889 -0.2722685
Moved 1145.465 418.8367 274 0.136196 -0.2879901
Moved 1145.523 419 271.9751 0.1365741 -0.294194
Moved 1145.582 418.153 270.153 0.1346133 -0.2997764
Moved 1145.646 395.9415 286.0585 0.08319795 -0.2510464
Moved 1145.703 384.2067 301.6555 0.05603413 -0.2032614
Moved 1145.761 373.3306 322.6774 0.03085792 -0.1388559
Moved 1145.825 369.9229 343.2314 0.02296964 -0.07588416
Moved 1145.885 370 359.6051 0.02314816 -0.02571957
Moved 1145.942 370 370.1776 0.02314816 0.006671419
Moved 1146.008 370 375.5 0.02314816 0.02297794
Ended 1146.1 370 376.0157 0.02314816 0.02455805
PhraseEnd 1146.943
