he is just like everyone else
Basic
0.4 0.4
288 217.6
Began 422.126 412 292 0.1805556 -0.3492646
Stationary 422.1639 412 292 0.1805556 -0.3492646
Stationary 422.1938 412 292 0.1805556 -0.3492646
Stationary 422.2241 412 292 0.1805556 -0.3492646
Stationary 422.2597 412 292 0.1805556 -0.3492646
Stationary 422.2901 412 292 0.1805556 -0.3492646
Stationary 422.3268 412 292 0.1805556 -0.3492646
Stationary 422.3564 412 292 0.1805556 -0.3492646
Moved 422.3869 402.2234 292 0.1466089 -0.3492646
Moved 422.4212 399.3533 299.6467 0.1366434 -0.3141235
Moved 422.4537 396.8806 302.1194 0.1280577 -0.3027602
Moved 422.4838 390.9426 310.0861 0.1074395 -0.2661482
Moved 422.5272 379.9772 323.3637 0.06936535 -0.2051299
Moved 422.5619 373.2158 333.7123 0.04588813 -0.1575723
Moved 422.5962 360.3902 351.813 0.001354963 -0.07438856
Moved 422.6295 351.7702 363.3063 -0.02857558 -0.02157001
Moved 422.6627 342.878 374.8293 -0.05945132 0.03138473
Moved 422.6946 334.5544 385.9275 -0.08835287 0.08238751
Moved 422.7268 329.2964 392.7036 -0.1066098 0.1135278
Moved 422.761 324.5582 399.4418 -0.1230617 0.1444934
Moved 422.7932 321.2735 404.7266 -0.1344671 0.1687802
Moved 422.8259 318.4093 409.5907 -0.1444122 0.1911337
Moved 422.878 314.6725 415.3275 -0.1573871 0.2174975
Moved 422.9117 314 416.8699 -0.1597222 0.224586
Moved 422.9452 312.5 418 -0.1649305 0.2297794
Moved 422.9817 311.6271 420.3729 -0.1679614 0.2406841
Moved 423.0142 310.8336 421.1664 -0.1707166 0.2443309
Moved 423.0468 309.5701 422 -0.1751039 0.2481619
Moved 423.0802 308.6282 423.3718 -0.1783744 0.2544661
Moved 423.1176 307 424.8917 -0.1840278 0.2614507
Moved 423.1508 305 427.1671 -0.1909722 0.2719078
Moved 423.1857 302.9635 428 -0.1980435 0.2757353
Moved 423.2432 301.9996 429 -0.2013902 0.280331
Moved 423.277 302 430.3718 -0.2013889 0.2866352
Moved 423.3095 301 431.1733 -0.2048611 0.2903185
Stationary 423.342 301 431.1733 -0.2048611 0.2903185
Moved 423.3737 299.8994 431 -0.2086827 0.289522
Moved 423.4085 300 432 -0.2083334 0.2941177
Stationary 423.4418 300 432 -0.2083334 0.2941177
Moved 423.4735 300 433.0608 -0.2083334 0.2989927
Moved 423.5053 298.5 433 -0.2135417 0.2987132
Moved 423.5373 299 433 -0.2118056 0.2987132
Stationary 423.5865 299 433 -0.2118056 0.2987132
Stationary 423.617 299 433 -0.2118056 0.2987132
Moved 423.6465 299 434.3734 -0.2118056 0.3050249
Stationary 423.6772 299 434 -0.2118056 0.3033089
Ended 423.7073 299 434 -0.2118056 0.3033089
Backspace 424.9117
Began 425.7762 410 342 0.1736111 -0.1194852
Stationary 425.8183 410 342 0.1736111 -0.1194852
Stationary 425.85 410 342 0.1736111 -0.1194852
Stationary 425.8796 410 342 0.1736111 -0.1194852
Stationary 425.9089 410 342 0.1736111 -0.1194852
Stationary 425.9379 410 342 0.1736111 -0.1194852
Stationary 425.9693 410 342 0.1736111 -0.1194852
Stationary 425.999 410 342 0.1736111 -0.1194852
Stationary 426.0294 410 342 0.1736111 -0.1194852
Stationary 426.0588 410 342 0.1736111 -0.1194852
Stationary 426.0896 410 342 0.1736111 -0.1194852
Stationary 426.119 410 342 0.1736111 -0.1194852
Stationary 426.1494 410 342 0.1736111 -0.1194852
Moved 426.1953 402 354.122 0.1458333 -0.06377754
Moved 426.2289 398.5317 356.7341 0.1337908 -0.0517733
Moved 426.2608 390 362 0.1041667 -0.02757339
Moved 426.3017 370.9228 374.4464 0.03792629 0.02962478
Moved 426.3358 357.5 382.5 -0.008680523 0.06663603
Moved 426.3694 341.7358 395.0114 -0.06341726 0.1241331
Moved 426.4035 323 408.5 -0.1284722 0.1861213
Moved 426.4384 313.6939 416.8707 -0.160785 0.2245898
Moved 426.4718 307.0694 424.8959 -0.1837868 0.2614703
Moved 426.5053 301.3237 430.6763 -0.2037373 0.2880347
Moved 426.5613 293.8681 438.1318 -0.2296245 0.3222971
Moved 426.5944 290.9294 442.1412 -0.2398285 0.3407224
Moved 426.6274 289.0604 444.9396 -0.2463182 0.353583
Moved 426.66 286.1877 446.8123 -0.2562928 0.3621891
Moved 426.7016 285 448.7918 -0.2604167 0.3712859
Moved 426.7346 283.6696 450.3304 -0.2650359 0.3783567
Stationary 426.7665 283.6696 450.3304 -0.2650359 0.3783567
Moved 426.7966 282.8134 451.1866 -0.268009 0.3822914
Moved 426.8279 283 452.1713 -0.2673611 0.3868168
Moved 426.8606 283 452.7888 -0.2673611 0.3896545
Stationary 426.9133 283 453 -0.2673611 0.390625
Moved 426.9459 283 454 -0.2673611 0.3952207
Stationary 426.9801 283 454 -0.2673611 0.3952207
Ended 427.0113 281.5974 454 -0.2722311 0.3952207
Began 427.4695 483 475 0.4270834 0.491728
Stationary 427.5089 483 475 0.4270834 0.491728
Stationary 427.5404 483 475 0.4270834 0.491728
Stationary 427.5714 483 475 0.4270834 0.491728
Moved 427.6021 474.2288 465.2288 0.3966276 0.4468234
Moved 427.6367 468.7104 459.7104 0.3774668 0.4214636
Moved 427.6685 464 453.5 0.3611112 0.3929228
Moved 427.7015 457.9066 448.9066 0.3399535 0.3718132
Moved 427.7397 449.2277 442.2277 0.3098186 0.3411201
Moved 427.7798 433.0608 431.2956 0.2536834 0.2908804
Moved 427.8176 410.5156 417.0723 0.1754014 0.225516
Moved 427.8548 394.6537 407.8021 0.1203252 0.1829143
Moved 427.8939 372.2439 392.5951 0.04251346 0.113029
Moved 427.933 362.4289 386.2573 0.008433611 0.08390315
Moved 427.9682 352.6371 381.2123 -0.02556578 0.06071863
Moved 428.0038 338.6937 374.8979 -0.0739801 0.03169986
Moved 428.0376 331.08 371.36 -0.1004167 0.01544111
Moved 428.0756 324.9847 368.4924 -0.1215809 0.002262733
Moved 428.1275 312.5362 363.7681 -0.1648048 -0.01944795
Moved 428.1601 306.502 361.251 -0.1857569 -0.0310156
Moved 428.1959 301.381 359.381 -0.2035384 -0.03960932
Moved 428.2303 298.5194 359 -0.2134744 -0.04136016
Moved 428.2617 295.9803 358 -0.2222907 -0.04595589
Moved 428.2963 292 355.6619 -0.2361111 -0.05670099
Moved 428.3296 288.7952 356 -0.2472388 -0.05514707
Moved 428.3619 287.6277 356 -0.2512929 -0.05514707
Moved 428.3961 286.413 356 -0.2555104 -0.05514707
Stationary 428.4295 286 356 -0.2569445 -0.05514707
Moved 428.487 284 356 -0.2638889 -0.05514707
Moved 428.5211 283 356 -0.2673611 -0.05514707
Ended 428.5563 283 356 -0.2673611 -0.05514707
Began 428.8843 433 335 0.2534721 -0.1516544
Stationary 428.9301 433 335 0.2534721 -0.1516544
Stationary 428.9648 433 335 0.2534721 -0.1516544
Stationary 428.9965 433 335 0.2534721 -0.1516544
Moved 429.0278 425.0048 347.564 0.225711 -0.09391561
Moved 429.0606 419.998 360.0051 0.2083263 -0.03674129
Moved 429.0928 413.2589 374.3526 0.1849268 0.02919394
Moved 429.1259 406.1873 395.2509 0.1603724 0.1252341
Moved 429.1621 402.3196 405.7217 0.146943 0.1733533
Moved 429.1995 399.4503 414.649 0.1369804 0.2143795
Moved 429.2334 396.5 425.5 0.1267362 0.2642463
Moved 429.2686 396 431.7876 0.125 0.2931416
Moved 429.3011 395 438.8063 0.1215278 0.3253968
Moved 429.3352 394 441.679 0.1180555 0.3385983
Moved 429.3699 393 444.6472 0.1145834 0.3522391
Moved 429.4054 393 447.5 0.1145834 0.3653494
Moved 429.4459 391.6271 448.3729 0.1098164 0.3693607
Moved 429.5003 388.7379 449 0.09978429 0.3722427
Moved 429.5374 382.6395 449 0.07860929 0.3722427
Moved 429.5691 371.3391 434.6708 0.03937185 0.3063916
Moved 429.6034 349.1468 416.1174 -0.03768474 0.221128
Moved 429.6366 331.9999 404.6666 -0.0972224 0.1685048
Moved 429.6705 321.0316 396.2737 -0.135307 0.1299344
Moved 429.7045 311.3971 389.598 -0.1687602 0.09925562
Moved 429.7396 302.8029 383.8686 -0.198601 0.07292566
Moved 429.7722 293.9224 377.9612 -0.229436 0.04577777
Moved 429.8058 289.086 374.086 -0.2462293 0.02796875
Moved 429.8578 282.7934 370.7934 -0.2680784 0.0128373
Moved 429.8904 280.1991 369.1991 -0.2770866 0.005510695
Moved 429.9225 277.399 367.399 -0.2868088 -0.002761589
Moved 429.9551 274.5314 365.5314 -0.296766 -0.01134452
Moved 429.9872 273 364.5 -0.3020833 -0.01608456
Moved 430.021 272 365 -0.3055556 -0.01378677
Stationary 430.0545 272 365 -0.3055556 -0.01378677
Moved 430.0991 285.5 378.5 -0.2586806 0.04825368
Moved 430.1368 294.2552 387.2041 -0.2282807 0.08825415
Moved 430.1713 310.0593 405.4124 -0.1734051 0.1719321
Moved 430.2241 319.6225 415.6225 -0.1401997 0.2188534
Moved 430.2568 325.3207 422.3207 -0.1204144 0.2496355
Moved 430.2901 331.0511 430.0511 -0.1005168 0.2851616
Moved 430.3236 334.8944 433.8945 -0.0871721 0.3028239
Moved 430.3571 338 437.8726 -0.07638887 0.3211058
Moved 430.39 339 439.7413 -0.07291667 0.3296936
Moved 430.4237 340 440 -0.06944448 0.3308824
Ended 430.4608 340 440 -0.06944448 0.3308824
Began 430.7144 525 358 0.5729167 -0.04595589
Stationary 430.7605 525 358 0.5729167 -0.04595589
Stationary 430.7929 525 358 0.5729167 -0.04595589
Moved 430.8247 511.3616 358 0.5255612 -0.04595589
Moved 430.8575 498.781 371.0238 0.4818784 0.01389616
Moved 430.8911 485.65 385.02 0.4362847 0.07821701
Moved 430.923 478 397 0.4097222 0.1332722
Moved 430.9549 471.8552 408.3621 0.388386 0.1854878
Moved 430.9871 464.2476 429.8811 0.3619707 0.28438
Moved 431.0198 461.7559 439.4883 0.3533189 0.3285308
Moved 431.0519 461 446.4916 0.3506945 0.3607152
Moved 431.084 460 450.6152 0.3472223 0.3796653
Moved 431.1175 457.514 454.972 0.3385903 0.3996875
Moved 431.1513 457 458.7108 0.3368056 0.4168697
Moved 431.1842 455.0933 460.9067 0.3301851 0.4269609
Moved 431.2173 454 463 0.326389 0.4365809
Moved 431.2502 451.9658 465.0342 0.3193256 0.4459292
Moved 431.3034 451 465 0.3159723 0.4457721
Moved 431.3379 447.1131 450.5653 0.302476 0.3794362
Moved 431.3717 442.0863 420.6041 0.285022 0.2417466
Moved 431.4107 440 403.2311 0.2777778 0.1619076
Moved 431.4445 439 391.5073 0.2743055 0.1080301
Moved 431.4796 439 377.924 0.2743055 0.04560653
Moved 431.5138 439 372.0828 0.2743055 0.0187627
Moved 431.5473 437.6768 365.3535 0.269711 -0.01216215
Moved 431.5856 438 361.8075 0.2708334 -0.02845821
Moved 431.6229 438 357.8665 0.2708334 -0.04656974
Moved 431.6779 438 356 0.2708334 -0.05514707
Moved 431.7137 436.8792 355 0.2669418 -0.05974251
Moved 431.752 425.8882 355 0.2287784 -0.05974251
Moved 431.7856 404.9916 371.5762 0.156221 0.01643462
Moved 431.8199 377.5058 390.2824 0.06078392 0.1024007
Moved 431.8552 354.2482 404.8582 -0.01997165 0.169385
Moved 431.8896 335.8741 415.6504 -0.08377054 0.2189817
Moved 431.9227 322.2014 423.3993 -0.1312451 0.2545923
Moved 431.9556 313.2018 428.5322 -0.1624939 0.2781811
Moved 431.9883 298.2976 435.1349 -0.2142444 0.3085247
Moved 432.0412 286.5 442 -0.2552083 0.3400736
Moved 432.0757 277.7903 445.8065 -0.2854505 0.3575667
Moved 432.1122 268.2928 448.7073 -0.3184279 0.3708974
Moved 432.1472 264.5 451.5 -0.3315973 0.3837317
Moved 432.1805 261.923 452 -0.3405451 0.3860295
Moved 432.2147 260.0496 453 -0.3470501 0.390625
Moved 432.2473 259 453.8179 -0.3506944 0.3943839
Moved 432.2846 258 454.7935 -0.3541667 0.3988673
Ended 432.3192 258 455 -0.3541667 0.3998162
Began 432.6699 287 455 -0.2534723 0.3998162
Stationary 432.7151 287 455 -0.2534723 0.3998162
Stationary 432.7471 287 455 -0.2534723 0.3998162
Stationary 432.7806 287 455 -0.2534723 0.3998162
Stationary 432.8114 287 455 -0.2534723 0.3998162
Moved 432.8503 287 441.0237 -0.2534723 0.3355872
Moved 432.8842 297.3549 435.2903 -0.2175179 0.3092386
Moved 432.9185 299.9215 431.1569 -0.2086058 0.2902432
Moved 432.9591 304.2208 424.7792 -0.1936777 0.2609337
Moved 432.9931 307.0901 420.9099 -0.183715 0.2431523
Moved 433.0278 310.2492 416.1262 -0.1727458 0.2211681
Moved 433.0631 314.9789 406.0421 -0.1563231 0.1748259
Moved 433.0986 324.5921 389.8159 -0.1229442 0.1002567
Moved 433.1313 329.6085 380.7831 -0.1055261 0.05874578
Moved 433.1667 336.4913 369.3448 -0.08162729 0.006180371
Moved 433.2194 345.3519 350.2962 -0.05086146 -0.08135922
Moved 433.2531 350.8799 340.6801 -0.03166683 -0.1255512
Moved 433.2867 354.3095 332.0716 -0.01975879 -0.165112
Moved 433.3202 358.1825 324.635 -0.006310791 -0.1992875
Moved 433.356 360.6909 319.6183 0.002398789 -0.2223423
Moved 433.3907 365.0005 310.999 0.01736283 -0.2619529
Moved 433.4249 367 306.2632 0.02430558 -0.2837169
Moved 433.4674 369.8678 300.1322 0.03426328 -0.3118923
Moved 433.5014 371 296.262 0.03819451 -0.3296784
Moved 433.5363 372.6064 293.3936 0.04377231 -0.3428605
Moved 433.5905 374 288.9861 0.04861116 -0.3631153
Moved 433.6226 375.5 286.5 0.05381942 -0.3745403
Moved 433.6562 375 285.844 0.05208329 -0.3775552
Moved 433.6902 376.1044 283.8956 0.05591795 -0.3865091
Moved 433.7246 376 282.9409 0.05555556 -0.3908967
Stationary 433.7554 376 282.9409 0.05555556 -0.3908967
Stationary 433.7861 376 282.9409 0.05555556 -0.3908967
Moved 433.8188 368.4603 296.351 0.02937615 -0.3292696
Moved 433.8525 356.1832 316.3378 -0.01325279 -0.2374181
Moved 433.8857 344 340.5 -0.05555556 -0.1263787
Moved 433.9391 324 371 -0.125 0.01378677
Moved 433.9705 315.212 387.576 -0.1555139 0.08996326
Moved 434.0045 306.6949 403.9155 -0.1850873 0.1650528
Moved 434.0379 300.4604 411.5396 -0.2067348 0.2000902
Moved 434.0717 296.866 418.268 -0.2192153 0.2310111
Moved 434.1048 293.994 423.0059 -0.2291873 0.2527845
Moved 434.1375 291.4605 427.0789 -0.2379842 0.2715025
Moved 434.1758 289.1611 430.8389 -0.2459683 0.2887815
Moved 434.2094 287.5 433.5 -0.2517361 0.301011
Moved 434.2508 287 435.2115 -0.2534723 0.3088763
Moved 434.3059 286 437 -0.2569445 0.3170957
Moved 434.3376 284.6516 438.3483 -0.2616263 0.3232919
Moved 434.3716 285 439 -0.2604167 0.3262869
Moved 434.4065 284 440.6628 -0.2638889 0.3339282
Moved 434.438 284 441.5 -0.2638889 0.3377759
Moved 434.4705 284 442.1712 -0.2638889 0.3408604
Stationary 434.508 284 442.1712 -0.2638889 0.3408604
Moved 434.5389 283 443.3597 -0.2673611 0.3463221
Stationary 434.5706 283 443.3597 -0.2673611 0.3463221
Moved 434.6045 283 444 -0.2673611 0.3492649
Stationary 434.655 283 444 -0.2673611 0.3492649
Stationary 434.6849 283 444 -0.2673611 0.3492649
Moved 434.7154 283 445.3618 -0.2673611 0.3555232
Stationary 434.7458 283 445 -0.2673611 0.3538603
Stationary 434.7757 283 445 -0.2673611 0.3538603
Stationary 434.811 283 445 -0.2673611 0.3538603
Moved 434.8415 283 446.2366 -0.2673611 0.3595435
Stationary 434.8715 283 446 -0.2673611 0.3584559
Moved 434.9019 283 447.1724 -0.2673611 0.3638436
Moved 434.935 290.7629 447 -0.2404067 0.3630516
Moved 434.9923 295.499 448 -0.2239617 0.3676471
Moved 435.0265 297.0084 449.0084 -0.218721 0.3722811
Moved 435.0588 298.3724 449 -0.2139848 0.3722427
Moved 435.0908 299.1606 449 -0.2112479 0.3722427
Moved 435.1223 300.0619 449 -0.2081186 0.3722427
Moved 435.155 301.226 449 -0.2040765 0.3722427
Moved 435.1872 302.0155 449 -0.2013351 0.3722427
Moved 435.2198 303.0208 450 -0.1978445 0.3768383
Moved 435.2526 303.9003 450 -0.1947907 0.3768383
Moved 435.2881 306.7688 450 -0.1848306 0.3768383
Moved 435.3424 323.4051 450 -0.1270658 0.3768383
Moved 435.3754 333.0141 450 -0.09370096 0.3768383
Moved 435.4094 339.7447 450 -0.07033081 0.3768383
Moved 435.4465 345 450 -0.05208336 0.3768383
Moved 435.4792 350.5607 450 -0.03277526 0.3768383
Moved 435.5123 355.5856 450 -0.01532763 0.3768383
Moved 435.5455 357.2308 450 -0.009615123 0.3768383
Moved 435.579 359.5 439.5 -0.001736134 0.3285847
Moved 435.6139 360.2045 443 0.0007098914 0.3446691
Moved 435.647 361.3729 443 0.004767031 0.3446691
Moved 435.7061 363.2157 443 0.01116559 0.3446691
Moved 435.7372 364.1817 443 0.01451984 0.3446691
Moved 435.7676 365.188 443 0.01801401 0.3446691
Moved 435.7994 365 441.8741 0.01736105 0.339495
Moved 435.8311 366.3729 442 0.02212808 0.3400736
Stationary 435.8634 366.3729 442 0.02212808 0.3400736
Moved 435.8945 367.1244 442 0.02473757 0.3400736
Stationary 435.9266 367.1244 442 0.02473757 0.3400736
Moved 435.9581 368.1012 442 0.02812907 0.3400736
Stationary 435.9939 368.1012 442 0.02812907 0.3400736
Stationary 436.0446 368.1012 442 0.02812907 0.3400736
Stationary 436.0755 368.1012 442 0.02812907 0.3400736
Ended 436.1064 369 442 0.03124997 0.3400736
Began 436.3617 494 446 0.4652777 0.3584559
Stationary 436.4037 494 446 0.4652777 0.3584559
Stationary 436.4377 494 446 0.4652777 0.3584559
Stationary 436.469 494 446 0.4652777 0.3584559
Stationary 436.5002 494 446 0.4652777 0.3584559
Stationary 436.5328 494 446 0.4652777 0.3584559
Ended 436.5642 494 446 0.4652777 0.3584559
Backspace 437.673
Began 438.9838 395 347 0.1215278 -0.09650722
Stationary 439.0257 395 347 0.1215278 -0.09650722
Stationary 439.0608 395 347 0.1215278 -0.09650722
Stationary 439.0924 395 347 0.1215278 -0.09650722
Stationary 439.1231 395 347 0.1215278 -0.09650722
Stationary 439.1548 395 347 0.1215278 -0.09650722
Stationary 439.1852 395 347 0.1215278 -0.09650722
Moved 439.2168 385.2295 347 0.08760244 -0.09650722
Moved 439.2491 380.8449 356.0776 0.07237808 -0.05479056
Moved 439.2842 376.1111 358.9445 0.05594119 -0.04161555
Moved 439.3212 371.0562 362.9438 0.03838957 -0.02323628
Moved 439.3568 366.4083 366.7959 0.02225086 -0.005533696
Moved 439.392 361.6669 369.6666 0.005787909 0.007658847
Moved 439.4416 351.8976 377.1024 -0.02813317 0.04183082
Moved 439.4738 348.0754 379.9246 -0.04140496 0.05480066
Moved 439.5058 344.2073 382.7927 -0.0548356 0.067981
Moved 439.538 340.5 385.5 -0.06770834 0.0804228
Moved 439.5695 335.5367 389.2317 -0.08494206 0.09757211
Moved 439.6053 331.8975 393.1025 -0.09757802 0.1153607
Moved 439.6385 328.0286 395.9714 -0.1110118 0.1285453
Moved 439.6714 322.0545 400.9455 -0.1317552 0.151404
Moved 439.7043 317.1852 404.8148 -0.1486623 0.1691855
Moved 439.7389 313.317 407.683 -0.1620938 0.1823667
Moved 439.7924 309.3967 411.6033 -0.1757059 0.2003828
Moved 439.8264 304.1733 414.9133 -0.1938426 0.2155944
Moved 439.8611 302.2147 416.7853 -0.2006435 0.2241974
Moved 439.8966 299.6731 418 -0.2094685 0.2297794
Moved 439.9326 296.3658 421 -0.2209523 0.2435661
Moved 439.9672 294.5 423.5 -0.2274306 0.2550551
Moved 440.0018 292.9833 424 -0.2326968 0.257353
Moved 440.0359 292 425.8843 -0.2361111 0.2660124
Moved 440.0692 290.6276 426 -0.2408763 0.2665441
Moved 440.1034 289.5 427 -0.2447917 0.2711398
Moved 440.166 288.4992 429 -0.2482668 0.280331
Moved 440.1979 287.5 429 -0.2517361 0.280331
Moved 440.2297 287.0993 430 -0.2531275 0.2849265
Moved 440.2615 286.5 430 -0.2552083 0.2849265
Stationary 440.2936 286.5 430 -0.2552083 0.2849265
Moved 440.3244 285.9904 431.0096 -0.2569778 0.2895662
Stationary 440.355 285.9904 431.0096 -0.2569778 0.2895662
Stationary 440.3863 285.9904 431.0096 -0.2569778 0.2895662
Ended 440.4176 286 431 -0.2569445 0.289522
Began 440.6317 487 435 0.4409722 0.3079045
Stationary 440.6647 487 435 0.4409722 0.3079045
Stationary 440.6968 487 435 0.4409722 0.3079045
Stationary 440.7288 487 435 0.4409722 0.3079045
Moved 440.763 469.7564 425.1709 0.3810986 0.2627339
Moved 440.7965 457.5727 421.7145 0.338794 0.2468501
Moved 440.8338 444.242 415.6968 0.2925071 0.219195
Moved 440.8677 430.6653 410.6661 0.2453658 0.1960759
Moved 440.9025 411.1117 403.0558 0.1774713 0.1611023
Moved 440.9361 398.623 400.1558 0.1341075 0.1477747
Moved 440.9763 389.7292 397.6823 0.1032266 0.1364077
Moved 441.0121 374.1398 391.285 0.0490965 0.1070082
Moved 441.0474 363 387.5 0.01041666 0.08961405
Moved 441.0824 354.6662 383.9166 -0.01852013 0.07314599
Moved 441.1188 335.9027 378.5806 -0.08367129 0.04862393
Moved 441.1536 326.1386 374.7129 -0.1175742 0.03084968
Moved 441.1874 315.6261 371.313 -0.1540759 0.01522541
Moved 441.2222 307.022 369.3407 -0.1839513 0.006161438
Moved 441.256 296.0693 367 -0.2219817 -0.004595448
Moved 441.2902 290 366 -0.2430555 -0.009191178
Moved 441.3547 280.7476 364 -0.2751819 -0.01838221
Moved 441.3893 278.5 364 -0.2829861 -0.01838221
Moved 441.4248 275.5 362.5 -0.2934028 -0.02527574
Moved 441.4591 274.7472 363 -0.2960166 -0.02297794
Moved 441.4931 273.6266 363 -0.2999078 -0.02297794
Moved 441.5275 273 363 -0.3020833 -0.02297794
Ended 441.5636 273 363 -0.3020833 -0.02297794
Began 441.8137 427 323 0.2326389 -0.2068015
Stationary 441.8468 427 323 0.2326389 -0.2068015
Stationary 441.8788 427 323 0.2326389 -0.2068015
Stationary 441.9114 427 323 0.2326389 -0.2068015
Stationary 441.9445 427 323 0.2326389 -0.2068015
Moved 441.9766 413.2695 344.8262 0.1849636 -0.1064974
Moved 442.0166 398.6777 370.3057 0.1342978 0.01059616
Moved 442.0519 394.7668 381.583 0.120718 0.06242206
Moved 442.0862 389.9399 395.1202 0.103958 0.1246335
Moved 442.1229 385.6666 409.0001 0.08912028 0.1884198
Moved 442.1575 384.0925 415.8149 0.08365468 0.2197378
Moved 442.1919 382.2544 426.9824 0.07727221 0.2710589
Moved 442.2281 380 441.2065 0.06944448 0.3364272
Moved 442.2672 379 446.3611 0.06597222 0.3601157
Moved 442.3014 379 451.8766 0.06597222 0.3854625
Moved 442.3352 378 454.5 0.06249995 0.3975184
Moved 442.3691 376.5 455.5 0.05729169 0.402114
Moved 442.4026 377 455 0.05902782 0.3998162
Moved 442.4363 374.9762 455 0.05200073 0.3998162
Moved 442.4928 365.9884 442.9653 0.02079323 0.3445098
Moved 442.5253 353.7299 431.4124 -0.02177134 0.2914171
Moved 442.5605 341.238 417.0475 -0.06514572 0.2254024
Moved 442.5935 329.7742 405.7178 -0.1049507 0.1733354
Moved 442.6262 317.0159 392.0159 -0.1492505 0.1103671
Moved 442.6591 309.4011 384.4011 -0.1756907 0.07537253
Moved 442.6927 304.5164 379.2582 -0.1926515 0.0517381
Moved 442.7256 299.4275 374.4275 -0.2103213 0.02953824
Moved 442.7596 295.8403 371.8403 -0.2227766 0.01764859
Moved 442.7944 290.5432 366.5433 -0.2411693 -0.006694373
Moved 442.8487 286.5919 362.5919 -0.2548894 -0.0248536
Moved 442.8818 283.7181 361 -0.2648678 -0.03216912
Moved 442.9155 280.844 359 -0.2748474 -0.04136016
Moved 442.9533 278.6764 358 -0.2823738 -0.04595589
Moved 442.9861 278 358 -0.2847222 -0.04595589
Stationary 443.0214 278 358 -0.2847222 -0.04595589
Moved 443.0559 285.7668 373.4519 -0.2577544 0.02505485
Moved 443.0899 296.2045 387.6741 -0.2215122 0.09041429
Moved 443.1248 305.8171 401.0286 -0.1881349 0.1517857
Moved 443.1591 313.226 411.226 -0.1624097 0.198649
Moved 443.2112 328.684 430.684 -0.108736 0.28807
Moved 443.248 333.4276 438.4276 -0.09226532 0.3236564
Moved 443.2842 337.2579 443.5159 -0.07896551 0.3470398
Moved 443.3198 341.1221 448.2443 -0.06554813 0.3687696
Moved 443.3535 343 451.4318 -0.05902775 0.3834183
Moved 443.3909 344 452.5 -0.05555556 0.3883272
Moved 443.425 345 454.3734 -0.05208336 0.3969366
Moved 443.4588 346 455.064 -0.04861109 0.4001104
Stationary 443.4912 346 455 -0.04861109 0.3998162
Moved 443.5238 347 455 -0.0451389 0.3998162
Ended 443.5773 347 455 -0.0451389 0.3998162
Began 443.8451 494 345 0.4652777 -0.1056985
Stationary 443.8878 494 345 0.4652777 -0.1056985
Stationary 443.9206 494 345 0.4652777 -0.1056985
Stationary 443.9548 494 345 0.4652777 -0.1056985
Moved 443.9868 478.1633 362.0612 0.4102892 -0.02729206
Moved 444.0217 469.557 380.3669 0.3804062 0.05683339
Moved 444.0607 464.5 400.5 0.3628471 0.1493567
Moved 444.0951 461.7012 414.494 0.3531292 0.2136674
Moved 444.1284 459.8385 429.4845 0.3466615 0.2825574
Moved 444.1613 457.9571 444.2144 0.3401289 0.3502499
Moved 444.1952 456 457.0708 0.3333333 0.4093328
Moved 444.2274 453.1035 462.793 0.323276 0.4356298
Moved 444.2637 452 466.7611 0.3194444 0.4538653
Moved 444.2993 451 469.1918 0.3159723 0.465036
Moved 444.3477 449.4258 472 0.3105063 0.4779413
Moved 444.3836 449 473.5 0.3090277 0.4848346
Moved 444.4156 447.5 474 0.3038195 0.4871325
Stationary 444.4491 447.5 474 0.3038195 0.4871325
Moved 444.4856 448 474 0.3055556 0.4871325
Moved 444.5194 446 455.3201 0.2986111 0.4012875
Moved 444.5534 446 436.9463 0.2986111 0.3168488
Moved 444.5868 445.13 414.7801 0.2955903 0.214982
Moved 444.6197 445 398 0.295139 0.1378677
Moved 444.6522 445 383.7733 0.295139 0.07248767
Moved 444.7039 445 366.0397 0.295139 -0.009008436
Moved 444.7359 445 360.4766 0.295139 -0.03457434
Moved 444.7668 445 356.6046 0.295139 -0.05236892
Moved 444.802 445 353.7369 0.295139 -0.06554744
Moved 444.8454 443.8456 349.8456 0.2911307 -0.08342996
Moved 444.8812 444 348.6271 0.2916667 -0.08902971
Moved 444.9197 442.7513 347.7513 0.2873309 -0.09305478
Moved 444.9574 437.1118 348 0.2677493 -0.09191177
Moved 444.993 422.076 348 0.2155416 -0.09191177
Moved 445.0299 395.3773 367.3737 0.1228377 -0.002878414
Moved 445.0886 364.4174 386.0661 0.01533806 0.08302437
Moved 445.1233 352.4391 395.1707 -0.02625309 0.1248653
Moved 445.161 344.222 401.5186 -0.05478457 0.1540379
Moved 445.1981 333.5974 409.4026 -0.09167566 0.1902693
Moved 445.2333 325.8681 414.066 -0.1185136 0.2117003
Moved 445.2676 319.2035 417.9322 -0.1416546 0.2294679
Moved 445.3054 310.1863 423.8137 -0.1729642 0.2564967
Moved 445.3414 305.2205 425.7795 -0.1902065 0.2655309
Moved 445.3748 300.6981 428.6509 -0.2059095 0.2787268
Moved 445.4096 295.806 432 -0.2228958 0.2941177
Moved 445.4675 292.1051 434.8949 -0.2357462 0.3074215
Moved 445.5014 290.2382 436 -0.2422284 0.3125
Moved 445.5343 288.861 437.139 -0.2470104 0.3177347
Moved 445.5677 287.9404 437 -0.250207 0.3170957
Moved 445.6008 288 438.3772 -0.25 0.3234246
Ended 445.6354 288 438 -0.25 0.3216912
Began 445.9377 300 449 -0.2083334 0.3722427
Stationary 445.9986 300 449 -0.2083334 0.3722427
Stationary 446.0315 300 449 -0.2083334 0.3722427
Stationary 446.0644 300 449 -0.2083334 0.3722427
Stationary 446.0965 300 449 -0.2083334 0.3722427
Stationary 446.1448 300 449 -0.2083334 0.3722427
Stationary 446.1752 300 449 -0.2083334 0.3722427
Moved 446.2065 300 438.9508 -0.2083334 0.3260607
Moved 446.2388 300 431.2573 -0.2083334 0.2907043
Moved 446.2698 305.4645 422.8774 -0.1893594 0.2521941
Moved 446.3027 312.7339 407.7982 -0.1641183 0.182896
Moved 446.3419 316.6008 398.1976 -0.1506916 0.1387756
Moved 446.377 320.4603 385.6987 -0.1372907 0.08133573
Moved 446.4109 327.9354 368.6614 -0.1113354 0.003039697
Moved 446.4451 330 358.9647 -0.1041666 -0.04152228
Moved 446.4796 333.226 351.548 -0.09296522 -0.07560675
Moved 446.5142 335.7483 343.7552 -0.08420743 -0.1114188
Moved 446.5491 341.0516 333.8968 -0.06579302 -0.1567243
Moved 446.5835 343.9238 326.1524 -0.05582013 -0.1923142
Moved 446.6165 346.3112 320.3775 -0.04753039 -0.2188534
Moved 446.6491 349.2949 315.4102 -0.0371705 -0.2416809
Moved 446.7018 352 307.8019 -0.02777778 -0.2766457
Moved 446.734 354.5727 301.4274 -0.0188449 -0.3059403
Moved 446.7711 356.4437 298.5563 -0.01234829 -0.3191348
Moved 446.8038 357.1591 295.8409 -0.009864196 -0.3316136
Moved 446.837 358 293.1231 -0.006944462 -0.3441034
Moved 446.8692 358.7014 290.2986 -0.004509091 -0.3570833
Moved 446.9048 359 288.751 -0.003472194 -0.3641956
Stationary 446.9404 359 289 -0.003472194 -0.3630514
Moved 446.9758 359 296.9335 -0.003472194 -0.3265924
Moved 447.0118 340.7711 321.4579 -0.06676719 -0.2138883
Moved 447.0674 331.5752 346.9868 -0.09869725 -0.09656809
Moved 447.1035 321.9681 373.0955 -0.1320551 0.02341691
Moved 447.1381 316.2299 387.3102 -0.1519793 0.08874165
Moved 447.1783 312.7258 397.0969 -0.1641466 0.1337176
Moved 447.2151 306.3104 413.0688 -0.1864222 0.2071179
Moved 447.2505 303.4394 419.1212 -0.196391 0.2349321
Moved 447.2846 300.8461 423.1539 -0.2053954 0.2534645
Moved 447.3188 297.5966 430.8068 -0.2166785 0.2886342
Moved 447.3517 295.7228 433 -0.2231846 0.2987132
Moved 447.3838 295 435.8481 -0.2256945 0.3118019
Moved 447.4392 292.9514 439.0485 -0.2328075 0.3265099
Moved 447.4738 291.6271 441.3729 -0.2374059 0.3371915
Moved 447.5079 292 442 -0.2361111 0.3400736
Stationary 447.5453 292 442 -0.2361111 0.3400736
Moved 447.585 291 444.2487 -0.2395833 0.3504079
Stationary 447.6178 291 444.2487 -0.2395833 0.3504079
Moved 447.6501 291 445.1141 -0.2395833 0.3543845
Stationary 447.6856 291 445 -0.2395833 0.3538603
Moved 447.7246 291 446 -0.2395833 0.3584559
Moved 447.7651 291 447.0505 -0.2395833 0.3632835
Stationary 447.8204 291 447.0505 -0.2395833 0.3632835
Moved 447.8525 298.5061 447.5062 -0.2135204 0.3653777
Moved 447.8855 301.3723 448 -0.2035683 0.3676471
Moved 447.9205 303 448 -0.1979167 0.3676471
Moved 447.9577 304 448 -0.1944444 0.3676471
Moved 447.9913 305 448 -0.1909722 0.3676471
Moved 448.0237 306 448 -0.1875 0.3676471
Moved 448.0569 307 448 -0.1840278 0.3676471
Moved 448.09 308.3683 448 -0.1792769 0.3676471
Moved 448.123 309 448 -0.1770833 0.3676471
Stationary 448.1764 309 448 -0.1770833 0.3676471
Moved 448.2079 310.3197 448 -0.1725011 0.3676471
Moved 448.2415 311.5 448 -0.1684028 0.3676471
Moved 448.2742 311 448 -0.1701389 0.3676471
Moved 448.3112 312.1985 448 -0.1659773 0.3676471
Moved 448.3439 314.067 448 -0.1594895 0.3676471
Moved 448.3766 319.8784 448 -0.1393113 0.3676471
Moved 448.4094 330.7593 448 -0.1015301 0.3676471
Moved 448.4451 337.5692 448 -0.07788464 0.3676471
Moved 448.4841 343.3167 443.3914 -0.05792796 0.3464676
Moved 448.543 351.0436 440 -0.03109857 0.3308824
Moved 448.5837 355.3529 439 -0.01613565 0.3262869
Moved 448.6173 356.5 439 -0.01215279 0.3262869
Moved 448.653 358 438.2148 -0.006944462 0.3226783
Moved 448.6967 360.03 438 0.0001041591 0.3216912
Moved 448.7359 361.2237 438 0.004248768 0.3216912
Moved 448.7746 362.2487 438 0.00780806 0.3216912
Moved 448.8141 363 438 0.01041666 0.3216912
Moved 448.8486 367.4583 437.2708 0.02589703 0.3183402
Moved 448.883 376.4001 437 0.05694464 0.3170957
Moved 448.9391 395.983 435 0.124941 0.3079045
Moved 448.9733 408.4269 434.1146 0.1681492 0.3038356
Moved 449.01 425.5783 431.8073 0.2277024 0.2932319
Moved 449.0443 433.3589 430.2137 0.2547185 0.2859086
Moved 449.0812 438.1509 430 0.2713573 0.2849265
Moved 449.1134 442.4479 428.5521 0.2862775 0.2782723
Moved 449.1461 448.6349 429 0.3077599 0.280331
Moved 449.1808 452.3196 429 0.3205541 0.280331
Moved 449.2159 455.1827 429 0.3304955 0.280331
Moved 449.2491 457.0529 428 0.3369895 0.2757353
Moved 449.3047 458 427 0.3402779 0.2711398
Moved 449.3386 458 422.3637 0.3402779 0.2498332
Moved 449.3723 458 409.8887 0.3402779 0.1925032
Moved 449.4092 438.4164 373.7162 0.2722794 0.02626938
Moved 449.4492 426.0333 350.0583 0.2292824 -0.08245272
Moved 449.4874 416.0387 331.0773 0.1945788 -0.1696814
Moved 449.5214 411.1526 322.4579 0.1776133 -0.2092924
Moved 449.5629 407.2866 315.5731 0.1641895 -0.2409324
Moved 449.6058 403.2468 308.2468 0.1501624 -0.2746013
Moved 449.6411 399.028 301.056 0.1355138 -0.3076471
Moved 449.6947 396 294.7269 0.125 -0.3367327
Moved 449.7279 394 291.3211 0.1180555 -0.3523847
Moved 449.7608 392.7236 289.7236 0.1136236 -0.3597261
Moved 449.7933 391 286.4174 0.1076388 -0.37492
Moved 449.8297 389.7777 284.7777 0.1033948 -0.3824553
Moved 449.8629 388.5762 284 0.09922296 -0.3860293
Stationary 449.8957 388.5762 284 0.09922296 -0.3860293
Moved 449.9275 387.8187 284 0.09659262 -0.3860293
Moved 449.9621 381.9862 289.3702 0.07634088 -0.3613502
Moved 449.9958 368.0705 309.906 0.02802238 -0.2669761
Moved 450.0511 354.1105 331.8526 -0.02044953 -0.1661184
Moved 450.0906 340.2198 356.5603 -0.06868109 -0.05257228
Moved 450.129 330.6244 371.626 -0.1019985 0.01666364
Moved 450.1644 318.7494 390.3341 -0.1432312 0.1026383
Moved 450.2041 314.0519 398.8442 -0.1595419 0.1417472
Moved 450.2417 307.7555 408.4891 -0.1814047 0.1860711
Moved 450.2761 305.1813 411.8187 -0.1903427 0.2013729
Moved 450.3108 302.3164 414.6836 -0.2002902 0.2145387
Moved 450.3447 301 417.5497 -0.2048611 0.2277102
Moved 450.3783 300 420.4224 -0.2083334 0.2409116
Moved 450.4312 297.8038 422.1962 -0.2159589 0.2490633
Moved 450.4648 296.6579 424.3421 -0.2199379 0.2589253
Stationary 450.4997 296.6579 424.3421 -0.2199379 0.2589253
Moved 450.5348 296 426.165 -0.2222222 0.2673027
Moved 450.5749 294.8781 427.1219 -0.2261178 0.2717002
Moved 450.61 293.6518 428 -0.2303757 0.2757353
Moved 450.644 294 430.2126 -0.2291667 0.2859037
Moved 450.679 293 430 -0.2326389 0.2849265
Moved 450.713 293 431.2606 -0.2326389 0.2907196
Moved 450.7477 291.8947 432.1053 -0.2364769 0.2946017
Ended 450.8048 292 432 -0.2361111 0.2941177
Began 451.2308 284 479 -0.2638889 0.5101104
Stationary 451.2752 284 479 -0.2638889 0.5101104
Stationary 451.3146 284 479 -0.2638889 0.5101104
Stationary 451.3479 284 479 -0.2638889 0.5101104
Stationary 451.38 284 479 -0.2638889 0.5101104
Moved 451.4171 294.3785 468.6215 -0.2278524 0.4624148
Moved 451.4561 303.6202 458.3798 -0.195763 0.4153481
Moved 451.5073 312.1639 449.2542 -0.1660977 0.3734106
Moved 451.5475 320.6649 440.2234 -0.13658 0.331909
Moved 451.5854 327.1675 433.8325 -0.1140017 0.302539
Moved 451.6223 335.767 425.233 -0.08414247 0.2630195
Moved 451.6617 345.8913 416.1087 -0.04898854 0.2210878
Moved 451.6971 352.7732 410.2267 -0.02509296 0.1940568
Moved 451.7315 364.311 401.689 0.01496881 0.154821
Moved 451.7685 373.914 397.043 0.04831255 0.1334695
Moved 451.8058 393.4805 388.2078 0.1162517 0.09286685
Moved 451.8598 410.9733 384 0.1769905 0.07352956
Moved 451.8947 423 379.5 0.2187499 0.05284941
Moved 451.929 433.9265 375.5367 0.2566892 0.03463577
Moved 451.9674 446.3629 372.5457 0.299871 0.02089024
Moved 452.0068 452.5445 372 0.3213352 0.0183825
Moved 452.0411 460.332 370 0.3483751 0.009191178
Moved 452.0742 464.9808 368.0096 0.3645165 4.403732E-05
Moved 452.1101 467 367.2089 0.3715278 -0.003635323
Moved 452.1461 469.3483 367 0.3796815 -0.004595448
Moved 452.1814 470.2133 364.7867 0.3826851 -0.01476709
Moved 452.2374 470 361.2927 0.3819445 -0.03082374
Moved 452.2725 446.4724 357.0675 0.3002514 -0.05024125
Moved 452.3062 424.7441 354.1938 0.2248059 -0.06344754
Moved 452.3448 405.5 352.5 0.1579861 -0.07123163
Moved 452.3812 378.8649 352 0.06550328 -0.07352942
Moved 452.4164 364.5 352 0.01562506 -0.07352942
Moved 452.451 352.1667 352 -0.02719879 -0.07352942
Moved 452.4861 337.8974 352 -0.07674523 -0.07352942
Moved 452.5203 330.5263 352 -0.1023391 -0.07352942
Moved 452.5565 322.681 352 -0.1295798 -0.07352942
Moved 452.6123 312 352 -0.1666667 -0.07352942
Moved 452.6456 307.2413 352 -0.1831898 -0.07352942
Moved 452.6824 305.0862 352 -0.1906731 -0.07352942
Moved 452.7157 301.2491 352 -0.2039962 -0.07352942
Moved 452.7485 296.9414 352 -0.2189534 -0.07352942
Moved 452.7821 294.2987 352 -0.2281294 -0.07352942
Moved 452.8164 291.5379 352 -0.2377156 -0.07352942
Moved 452.8497 287.6528 352 -0.2512054 -0.07352942
Moved 452.8825 283.7838 360.5133 -0.2646396 -0.03440577
Moved 452.9159 279.5544 361 -0.2793249 -0.03216912
Moved 452.9694 273.5468 364 -0.3001847 -0.01838221
Moved 453.0073 271.5 366.5 -0.3072917 -0.006893243
Moved 453.0415 269.6708 369.3292 -0.313643 0.006108565
Moved 453.0754 270 372.2024 -0.3125 0.01931247
Moved 453.1089 270 379.2227 -0.3125 0.05157457
Moved 453.1429 270 387.4448 -0.3125 0.0893602
Moved 453.1775 280.9609 397.4413 -0.2744413 0.1353002
Moved 453.2113 288.5717 411.3576 -0.2480149 0.1992538
Moved 453.2452 292.2903 418.8708 -0.2351032 0.2337815
Moved 453.2788 298.3193 429.6386 -0.2141691 0.2832656
Moved 453.336 303.6713 441.3425 -0.1955859 0.3370522
Moved 453.3694 306.441 445.441 -0.1859688 0.3558869
Moved 453.4034 308 449.3086 -0.1805556 0.3736608
Moved 453.4363 309 452.1784 -0.1770833 0.3868494
Moved 453.4698 310 453.5 -0.1736111 0.3929228
Moved 453.5028 311 455.0001 -0.1701389 0.3998166
Ended 453.5353 311 455 -0.1701389 0.3998162
PhraseEnd 454.9666
