the quick brown fox jumps over the lazy dog
Basic
0.6 0.6
432 326.4
Began 1166.584 333 457 -0.06249999 0.2726716
Stationary 1166.652 333 457 -0.06249999 0.2726716
Stationary 1166.714 333 457 -0.06249999 0.2726716
Moved 1166.777 337.0869 439.8323 -0.05303968 0.2200746
Moved 1166.842 348.3424 419.9729 -0.02698526 0.1592308
Moved 1166.906 353.0768 407.9232 -0.0160259 0.1223136
Moved 1166.971 358.4758 396.0483 -0.003528148 0.08593252
Moved 1167.036 364.8027 385.296 0.01111736 0.05299008
Moved 1167.098 370.6037 376.3963 0.02454569 0.02572396
Moved 1167.158 374.0281 369.9719 0.03247241 0.006041527
Moved 1167.222 377.7623 363.2377 0.04111648 -0.01459038
Moved 1167.297 381.5 357.5 0.04976849 -0.03216912
Moved 1167.354 382 354.8377 0.05092591 -0.04032556
Stationary 1167.418 382 355 0.05092591 -0.03982834
Moved 1167.478 367.6176 362.5354 0.01763334 -0.01674203
Moved 1167.541 337.8146 388.1854 -0.05135501 0.06184237
Moved 1167.606 315.3688 409.6312 -0.1033129 0.1275465
Moved 1167.668 299.1098 429.8353 -0.1409494 0.1894464
Moved 1167.734 284.1913 448.6175 -0.1754832 0.2469898
Moved 1167.808 276.5 457.5 -0.193287 0.2742034
Moved 1167.872 269.625 465.3751 -0.2092015 0.2983305
Moved 1167.97 265 471 -0.2199074 0.3155637
Moved 1168.034 264 473.3734 -0.2222222 0.3228352
Ended 1168.098 263 474 -0.2245371 0.324755
Began 1168.492 140 457 -0.5092592 0.2726716
Stationary 1168.56 140 457 -0.5092592 0.2726716
Moved 1168.625 158.4677 465.8669 -0.4665101 0.2998374
Moved 1168.691 180.5482 471.637 -0.4153977 0.3175155
Moved 1168.757 203.3418 476.0684 -0.3626347 0.3310918
Moved 1168.822 240.5424 478 -0.2765221 0.3370098
Moved 1168.888 289.4927 480 -0.1632113 0.3431373
Moved 1168.95 325.0098 481 -0.08099575 0.3462009
Moved 1169.01 355.933 481 -0.009414255 0.3462009
Moved 1169.068 370.114 481 0.02341201 0.3462009
Moved 1169.127 391.3104 481 0.07247785 0.3462009
Moved 1169.185 409.4235 481 0.1144061 0.3462009
Moved 1169.244 427.1921 481 0.1555373 0.3462009
Moved 1169.303 442.8998 481 0.1918976 0.3462009
Moved 1169.367 454.4022 474 0.2185236 0.324755
Moved 1169.428 461.0994 473 0.2340264 0.3216912
Moved 1169.519 465.5 471.5 0.244213 0.3170956
Moved 1169.578 466 470 0.2453704 0.3125
Moved 1169.637 466 463.9359 0.2453704 0.2939211
Moved 1169.698 415.9296 412.1738 0.1294668 0.1353363
Moved 1169.76 378.1658 371.0267 0.04205038 0.009273081
Moved 1169.824 354.9862 344.9908 -0.01160607 -0.07049392
Moved 1169.889 344.5374 330.5374 -0.03579294 -0.1147751
Moved 1169.955 336.8682 321.7365 -0.05354578 -0.1417388
Moved 1170.019 330.1343 312.2686 -0.06913364 -0.1707458
Moved 1170.082 323.7711 302.7712 -0.08386309 -0.1998431
Moved 1170.176 314.6237 289.6237 -0.1050377 -0.2401233
Moved 1170.238 305.3369 276.3369 -0.1265348 -0.2808306
Moved 1170.305 301 268.9547 -0.1365741 -0.3034476
Moved 1170.366 298.8296 268 -0.1415982 -0.3063726
Moved 1170.429 336.5333 290.4777 -0.05432114 -0.237507
Moved 1170.492 388.9298 318.817 0.0669672 -0.1506831
Moved 1170.555 422.6711 338.6685 0.145072 -0.0898638
Moved 1170.62 445.8413 356.131 0.1987067 -0.03636342
Moved 1170.684 466.7153 369.8577 0.2470262 0.005691472
Moved 1170.746 474.2668 375.2668 0.2645065 0.02226362
Moved 1170.84 479.0332 378 0.2755398 0.03063726
Moved 1170.903 481 380.2411 0.2800926 0.03750353
Ended 1170.965 482.2258 380 0.2829301 0.0367648
Began 1171.287 347 252 -0.0300926 -0.3553922
Stationary 1171.357 347 252 -0.0300926 -0.3553922
Stationary 1171.419 347 252 -0.0300926 -0.3553922
Moved 1171.486 347 291.0123 -0.0300926 -0.2358692
Moved 1171.55 331.6286 323.7428 -0.06567454 -0.1355919
Moved 1171.614 314.5 351 -0.1053241 -0.05208343
Moved 1171.683 295.6579 384.6841 -0.14894 0.05111564
Moved 1171.75 288.9286 402.2141 -0.164517 0.1048225
Moved 1171.815 284 418.4137 -0.1759259 0.1544538
Moved 1171.875 282 429.4623 -0.1805555 0.1883038
Moved 1171.934 281 434.9595 -0.1828704 0.2051455
Moved 1171.993 280 440.3517 -0.1851852 0.2216657
Moved 1172.054 280 445.793 -0.1851852 0.2383363
Moved 1172.113 333.1905 459.0254 -0.06205912 0.2788768
Moved 1172.172 407 468 0.1087963 0.3063726
Moved 1172.232 442.766 469 0.1915879 0.3094364
Moved 1172.319 470.7849 474.3925 0.2564466 0.3259574
Moved 1172.378 479.1351 475 0.2757757 0.3278186
Moved 1172.446 482.1198 476 0.2826847 0.3308824
Moved 1172.509 484.1863 476 0.2874683 0.3308824
Moved 1172.577 462.8319 476 0.2380369 0.3308824
Moved 1172.64 399.0699 476 0.09043962 0.3308824
Moved 1172.703 343.1174 477 -0.03908008 0.3339461
Moved 1172.764 305.9074 479 -0.1252143 0.3400736
Moved 1172.824 280.576 481 -0.183852 0.3462009
Moved 1172.884 267.5269 482 -0.2140581 0.3492648
Moved 1172.976 253.9757 483 -0.2454267 0.3523284
Moved 1173.036 248.5 484 -0.2581019 0.3553922
Moved 1173.098 246 484 -0.2638889 0.3553922
Stationary 1173.158 246 484 -0.2638889 0.3553922
Moved 1173.217 274.7358 419.5284 -0.1973709 0.157869
Moved 1173.276 309.5 365 -0.1168982 -0.009191177
Moved 1173.337 338.8488 329.189 -0.04896114 -0.1189061
Moved 1173.396 357.76 308.2399 -0.005185108 -0.1830884
Moved 1173.456 369.0723 294.9277 0.0210008 -0.2238735
Moved 1173.518 376.0148 287.9852 0.03707131 -0.2451433
Moved 1173.611 387.8307 278.1693 0.06442289 -0.2752165
Moved 1173.671 392.5219 275 0.07528225 -0.2849265
Ended 1173.729 393 274 0.07638891 -0.2879901
Began 1174.041 271 397 -0.2060186 0.08884814
Stationary 1174.111 271 397 -0.2060186 0.08884814
Moved 1174.173 287.7114 407.2269 -0.1673347 0.1201804
Moved 1174.24 329.9095 429.9548 -0.06965388 0.1898124
Moved 1174.3 376.1444 451.6333 0.03737132 0.2562295
Moved 1174.362 407.5 466 0.1099537 0.300245
Moved 1174.422 440.2713 478.0775 0.1858131 0.3372473
Moved 1174.484 466.3069 488.6534 0.2460807 0.3696491
Moved 1174.546 487.5126 496.1708 0.295168 0.3926803
Moved 1174.613 496 499.5 0.3148148 0.40288
Moved 1174.677 498.3734 499 0.3203089 0.4013481
Stationary 1174.736 498.3734 499 0.3203089 0.4013481
Moved 1174.815 451.5 420.5 0.2118056 0.1608455
Moved 1174.877 406.8978 363.4568 0.1085596 -0.01391897
Moved 1174.938 387.1822 339.1822 0.06292174 -0.08828977
Moved 1175.002 369.0616 319.0616 0.02097587 -0.1499339
Moved 1175.067 360.1331 308.1331 0.0003079574 -0.1834159
Moved 1175.134 352.5 298.5 -0.0173611 -0.2129289
Moved 1175.195 340.8367 289.4183 -0.04435956 -0.2407527
Moved 1175.256 327.2239 280.1493 -0.0758706 -0.2691504
Moved 1175.318 311.3333 270.4444 -0.1126545 -0.2988835
Moved 1175.377 299.364 265.182 -0.140361 -0.3150061
Moved 1175.468 286.5672 261 -0.1699834 -0.3278186
Moved 1175.528 280.1271 259 -0.1848909 -0.333946
Moved 1175.589 276 257.7982 -0.1944444 -0.3376282
Moved 1175.65 271.6266 257 -0.2045681 -0.3400736
Moved 1175.709 269.6266 257 -0.2091978 -0.3400736
Moved 1175.775 268 256 -0.212963 -0.3431373
Moved 1175.834 266.7513 256 -0.2158535 -0.3431373
Moved 1175.892 265.8274 256 -0.217992 -0.3431373
Moved 1175.951 265 256 -0.2199074 -0.3431373
Ended 1176.009 265 256 -0.2199074 -0.3431373
Began 1176.296 457 362 0.2245371 -0.01838226
Stationary 1176.369 457 362 0.2245371 -0.01838226
Stationary 1176.431 457 362 0.2245371 -0.01838226
Moved 1176.493 457 383.0571 0.2245371 0.04613072
Moved 1176.56 457 412.675 0.2245371 0.1368721
Moved 1176.625 450 429.873 0.2083333 0.1895618
Moved 1176.691 447.3442 443.9673 0.2021857 0.2327431
Moved 1176.756 445 458.1524 0.1967593 0.2762022
Moved 1176.821 441 475.4474 0.1875 0.3291893
Moved 1176.885 438.8332 480.1668 0.1824842 0.3436483
Moved 1176.946 438 483 0.1805556 0.3523284
Moved 1177.01 446 379.442 0.199074 0.03505529
Moved 1177.073 453.4873 313.589 0.2164057 -0.1667004
Moved 1177.135 461.8938 284.2125 0.2358652 -0.256702
Moved 1177.197 465.1772 274.8228 0.2434658 -0.2854695
Moved 1177.259 466 270.5 0.2453704 -0.2987133
Moved 1177.321 468.3865 268 0.2508946 -0.3063726
Moved 1177.416 469.5 266 0.2534722 -0.3125
Moved 1177.477 492.1379 319.2758 0.3058747 -0.1492777
Moved 1177.539 524.9423 386.8847 0.381811 0.05785755
Moved 1177.603 547.9459 447.7294 0.4350599 0.2442691
Moved 1177.666 555.3336 470.3345 0.4521612 0.3135248
Moved 1177.728 558 479.0638 0.4583333 0.3402691
Moved 1177.794 558 482.5 0.4583333 0.3507966
Moved 1177.855 558 484.5 0.4583333 0.3569241
Moved 1177.92 526.7709 472.6023 0.3860437 0.3204728
Moved 1177.982 459.8738 441.4078 0.2311894 0.2249013
Moved 1178.082 375.1109 409.3333 0.03497888 0.1266338
Moved 1178.148 334.5142 395.5755 -0.05899484 0.08448372
Moved 1178.214 300.558 383.2232 -0.1375973 0.04663973
Moved 1178.274 277.8223 375.9556 -0.1902261 0.02437377
Moved 1178.336 261.5626 373 -0.2278644 0.01531863
Moved 1178.395 249.2102 369.2102 -0.2564578 0.003707736
Moved 1178.463 239.9068 367.9068 -0.2779935 -0.0002855413
Moved 1178.528 232.149 368 -0.2959514 0
Moved 1178.598 227.7119 368 -0.3062225 0
Moved 1178.665 225.7519 368 -0.3107596 0
Ended 1178.759 226 368 -0.3101852 0
Began 1179.067 515 473 0.3587963 0.3216912
Stationary 1179.143 515 473 0.3587963 0.3216912
Moved 1179.205 500.7787 462.7786 0.3258765 0.2903757
Moved 1179.267 466.7471 423.9962 0.2470998 0.1715568
Moved 1179.341 430.0993 381.9191 0.1622668 0.04264439
Moved 1179.407 412.226 359.6346 0.1208934 -0.02562925
Moved 1179.471 396.3521 340.3522 0.08414844 -0.08470536
Moved 1179.534 383.5895 322.179 0.0546053 -0.1403828
Moved 1179.594 370.1381 302.7071 0.02346774 -0.2000395
Moved 1179.656 358.2831 284.5661 -0.003974438 -0.2556185
Moved 1179.718 348.821 272.821 -0.02587721 -0.2916022
Moved 1179.778 343.0095 265.0189 -0.03932998 -0.3155057
Moved 1179.839 338.5 259.5 -0.04976853 -0.3324142
Moved 1179.899 337 256.9131 -0.05324075 -0.3403396
Moved 1179.987 321.2224 257 -0.08976286 -0.3400736
Moved 1180.051 289.4753 302.9446 -0.1632517 -0.199312
Moved 1180.113 267.0949 365.7153 -0.2150581 -0.006999783
Moved 1180.178 258.1483 404.5552 -0.2357679 0.1119953
Moved 1180.242 254.3578 430.2111 -0.2445422 0.1905976
Moved 1180.306 252 446.0638 -0.25 0.2391662
Moved 1180.373 251 461.3776 -0.2523148 0.2860832
Moved 1180.437 251 466.5443 -0.2523148 0.3019126
Moved 1180.503 251 471.1355 -0.2523148 0.3159789
Moved 1180.569 251 479 -0.2523148 0.3400736
Moved 1180.67 261.7492 485.3436 -0.2274324 0.3595087
Moved 1180.735 274.509 487.8364 -0.1978958 0.3671458
Moved 1180.8 297.8774 488 -0.1438022 0.3676471
Moved 1180.862 308.6682 488 -0.1188236 0.3676471
Ended 1180.93 312 488 -0.1111111 0.3676471
Began 1181.16 322 521 -0.08796295 0.46875
Stationary 1181.229 322 521 -0.08796295 0.46875
Moved 1181.293 342.3165 483.8226 -0.04093399 0.3548485
Moved 1181.358 360.0732 449.3169 0.0001695752 0.2491327
Moved 1181.422 371.8217 423.3565 0.02736519 0.1695972
Moved 1181.492 386.64 394.54 0.06166667 0.0813114
Moved 1181.553 397.5105 378.9791 0.08682977 0.03363684
Moved 1181.614 402.5 372.5 0.09837966 0.01378677
Moved 1181.674 407 363.7925 0.1087963 -0.01289059
Moved 1181.735 410 360.4254 0.1157407 -0.02320645
Moved 1181.798 401.3819 360 0.09579141 -0.0245098
Moved 1181.858 365.0231 383.5549 0.01162757 0.04765604
Moved 1181.918 324.3124 413.2397 -0.08261015 0.1386019
Moved 1181.981 294.8565 438.1435 -0.1507952 0.2149005
Moved 1182.042 276.8721 457.1279 -0.1924256 0.2730634
Moved 1182.13 263.1671 470.8329 -0.2241502 0.3150518
Moved 1182.197 257.7549 475.2452 -0.2366786 0.3285698
Moved 1182.265 253.5 478 -0.2465278 0.3370098
Ended 1182.328 254 479 -0.2453704 0.3400736
Began 1182.557 545 379 0.4282407 0.03370108
Moved 1182.633 522.3694 379 0.3758551 0.03370108
Moved 1182.698 457.9134 371 0.2266513 0.009191177
Moved 1182.763 398.158 370 0.08832861 0.006127451
Moved 1182.829 338.2833 370 -0.05027016 0.006127451
Moved 1182.896 299.1637 370 -0.1408249 0.006127451
Moved 1182.964 253.6799 365.1133 -0.2461114 -0.008843927
Moved 1183.03 211.4219 363 -0.3439308 -0.01531863
Moved 1183.098 192.1504 362 -0.3885407 -0.01838226
Moved 1183.162 183.2069 362 -0.4092432 -0.01838226
Moved 1183.224 179.9589 362 -0.4167618 -0.01838226
Moved 1183.286 179 362 -0.4189815 -0.01838226
Moved 1183.347 201.868 341.132 -0.3660463 -0.08231622
Moved 1183.423 220.9427 307.1145 -0.3218918 -0.1865365
Moved 1183.493 223 288.3574 -0.3171296 -0.2440029
Moved 1183.555 223 276.4052 -0.3171296 -0.2806215
Moved 1183.642 223 269.5525 -0.3171296 -0.3016161
Moved 1183.703 223 268.6298 -0.3171296 -0.3044432
Moved 1183.766 253.7924 307.7628 -0.2458509 -0.1845504
Moved 1183.832 297.8454 354.653 -0.1438765 -0.04089178
Moved 1183.9 321.5417 379.5417 -0.08902396 0.03536066
Moved 1183.964 342.7772 400.7772 -0.03986756 0.1004204
Moved 1184.032 358.5634 417.5634 -0.003325492 0.1518486
Moved 1184.098 369.5132 432.0263 0.02202124 0.196159
Moved 1184.161 376.8238 442.7357 0.03894398 0.2289697
Moved 1184.224 384.5 454 0.05671293 0.2634804
Moved 1184.32 394 469.285 0.07870366 0.3103096
Moved 1184.384 399.7107 475.7107 0.09192297 0.329996
Moved 1184.445 402.0071 478 0.09723862 0.3370098
Ended 1184.51 403 479 0.09953707 0.3400736
Began 1184.819 293 354 -0.1550926 -0.04289207
Stationary 1184.888 293 354 -0.1550926 -0.04289207
Moved 1184.951 308.6823 366.3412 -0.1187909 -0.005082243
Moved 1185.013 342.0941 390.2451 -0.04144887 0.06815279
Moved 1185.078 374.5943 411.0629 0.03378312 0.1319328
Moved 1185.144 406.342 426.171 0.1072732 0.1782201
Moved 1185.209 432.4233 440.0675 0.1676466 0.2207951
Moved 1185.27 452.2932 450.7644 0.2136417 0.2535674
Moved 1185.332 470.4992 460.4998 0.2557853 0.2833939
Moved 1185.394 482.7687 467.7687 0.2841869 0.3056641
Moved 1185.467 492.0382 473.0382 0.305644 0.3218083
Moved 1185.529 496.4637 475 0.3158881 0.3278186
Moved 1185.59 497 476.3185 0.3171296 0.3318581
Moved 1185.651 451.4479 429.4479 0.2116849 0.1882594
Moved 1185.711 400.394 387.3378 0.0935047 0.05924566
Moved 1185.772 372.9723 369.6482 0.03002843 0.005049706
Moved 1185.835 360.8408 361.9204 0.00194639 -0.0186262
Moved 1185.897 355.1815 358 -0.01115382 -0.03063726
Moved 1185.96 350.8076 353.8077 -0.02127861 -0.04348138
Moved 1186.021 348.9688 352.9688 -0.02553508 -0.04605135
Ended 1186.115 347.7513 353 -0.02835353 -0.04595589
PhraseEnd 1187.004
