are you talking to me
Basic
0.8 0.8
575.9999 230.4
Began 1299.664 130 223 -0.3993056 -0.07378473
Stationary 1299.724 130 223 -0.3993056 -0.07378473
Moved 1299.775 142.3609 223 -0.3778457 -0.07378473
Moved 1299.829 192.5567 256.8896 -0.2907001 0.07330551
Moved 1299.885 223 274 -0.2378472 0.1475696
Moved 1299.94 251.7888 293.8593 -0.1878666 0.2337641
Moved 1299.994 263.6852 302.2284 -0.1672133 0.2700886
Moved 1300.048 276.1906 313.5953 -0.1455025 0.3194241
Moved 1300.1 283.9013 319.9013 -0.1321158 0.3467939
Moved 1300.153 294.6323 330.6323 -0.1134855 0.3933695
Moved 1300.205 301.6159 337.6159 -0.1013613 0.4236802
Moved 1300.257 304.374 340 -0.09657298 0.4340278
Moved 1300.31 304 341 -0.09722222 0.4383681
Stationary 1300.36 304 341 -0.09722222 0.4383681
Stationary 1300.437 304 341 -0.09722222 0.4383681
Moved 1300.487 295.5543 341 -0.1118849 0.4383681
Moved 1300.538 282.2848 341 -0.1349222 0.4383681
Moved 1300.589 269.6638 333.2155 -0.1568337 0.4045814
Moved 1300.643 247.5846 326.2923 -0.1951656 0.3745327
Moved 1300.695 232.6717 322.1679 -0.2210561 0.3566316
Moved 1300.751 216.8769 317 -0.2484775 0.3342015
Moved 1300.806 212.5 316 -0.2560764 0.3298611
Moved 1300.859 211 316 -0.2586806 0.3298611
Ended 1300.911 211 316 -0.2586806 0.3298611
Began 1301.192 297 336 -0.109375 0.4166667
Stationary 1301.243 297 336 -0.109375 0.4166667
Moved 1301.296 311.8857 336 -0.08353185 0.4166667
Moved 1301.35 350.2249 325.155 -0.01697064 0.3695965
Moved 1301.401 375.8358 320.8607 0.02749272 0.350958
Moved 1301.453 400.3695 318.9261 0.0700859 0.3425612
Moved 1301.508 433.0371 318 0.1268006 0.3385417
Moved 1301.566 470.5125 315.7839 0.191862 0.3289233
Moved 1301.622 497 314 0.2378472 0.3211807
Moved 1301.681 528.5167 313 0.2925638 0.3168403
Moved 1301.737 543 313 0.3177083 0.3168403
Moved 1301.792 548.2189 312.3906 0.3267689 0.3141952
Moved 1301.843 553.3506 310.6494 0.3356782 0.3066379
Moved 1301.894 555.159 311 0.3388177 0.3081597
Moved 1301.945 556.1537 311 0.3405447 0.3081597
Stationary 1302.002 556 311 0.3402778 0.3081597
Moved 1302.053 545.1854 307.7285 0.3215024 0.2939605
Moved 1302.104 522.2198 302.3171 0.2816316 0.2704737
Moved 1302.154 499.07 300 0.2414411 0.2604167
Moved 1302.248 463.1671 300 0.1791096 0.2604167
Moved 1302.303 447.6387 300 0.1521505 0.2604167
Moved 1302.355 440.0216 307 0.1389264 0.2907986
Moved 1302.408 436.8605 308 0.1334384 0.2951389
Moved 1302.464 434.3198 309 0.1290274 0.2994793
Moved 1302.522 433 310 0.1267361 0.3038195
Moved 1302.579 432 310.784 0.125 0.3072222
Moved 1302.633 430.7823 311 0.1228859 0.3081597
Ended 1302.687 431 311 0.1232639 0.3081597
Began 1303.23 326 335 -0.05902778 0.4123264
Stationary 1303.298 326 335 -0.05902778 0.4123264
Stationary 1303.351 326 335 -0.05902778 0.4123264
Stationary 1303.4 326 335 -0.05902778 0.4123264
Moved 1303.453 326 322.2255 -0.05902778 0.3568814
Moved 1303.506 326 309.8151 -0.05902778 0.3030168
Moved 1303.56 326 302.6588 -0.05902778 0.2719567
Moved 1303.614 297.3484 278.5269 -0.1087701 0.1672175
Moved 1303.67 243.5 261 -0.202257 0.09114584
Moved 1303.726 191.2132 249.0305 -0.2930326 0.03919509
Moved 1303.789 161.8975 247 -0.3439279 0.03038208
Moved 1303.844 144.7083 245 -0.3737703 0.02170139
Moved 1303.898 137.9449 244 -0.3855123 0.01736111
Moved 1303.952 133.5 244 -0.3932292 0.01736111
Moved 1304.01 133 244 -0.3940972 0.01736111
Moved 1304.063 158.8415 255.8943 -0.3492335 0.06898563
Moved 1304.12 265.5401 267.7861 -0.1639928 0.1205993
Moved 1304.174 332.4571 268 -0.04781761 0.1215278
Moved 1304.228 404.3259 264.1146 0.07695466 0.1046641
Moved 1304.282 447.9777 257 0.1527391 0.07378473
Moved 1304.367 487.3776 251 0.2211418 0.04774293
Moved 1304.421 500.2652 247.5782 0.243516 0.0328917
Moved 1304.475 525.2147 242.1963 0.2868311 0.009532506
Moved 1304.529 540.2947 240 0.3130117 0
Moved 1304.583 548.5386 237 0.3273239 -0.0130207
Moved 1304.639 554.2766 236 0.3372858 -0.01736111
Moved 1304.691 556.1208 234.8792 0.3404876 -0.02222591
Moved 1304.747 558.2487 235 0.3441818 -0.02170139
Moved 1304.799 559.3458 234 0.3460864 -0.02604154
Moved 1304.855 560.1865 234 0.347546 -0.02604154
Moved 1304.939 561.1375 233 0.349197 -0.03038195
Moved 1304.995 562.0933 231.9067 0.3508563 -0.03512701
Stationary 1305.052 562.0933 231.9067 0.3508563 -0.03512701
Stationary 1305.105 562.0933 231.9067 0.3508563 -0.03512701
Moved 1305.157 552.2881 232 0.3338336 -0.03472222
Moved 1305.223 528.786 248.738 0.2930313 0.03792551
Moved 1305.279 519.9693 252 0.2777245 0.05208334
Moved 1305.331 514.8307 255.1693 0.2688033 0.06583903
Moved 1305.385 512.8666 256.1334 0.2653935 0.07002328
Moved 1305.436 510.7522 257.2477 0.2617227 0.07486
Moved 1305.519 509 259.2676 0.2586806 0.08362665
Moved 1305.575 509 263.3926 0.2586806 0.1015306
Moved 1305.635 509 279.7321 0.2586806 0.1724486
Moved 1305.686 509 288.3693 0.2586806 0.2099361
Moved 1305.738 509 291.336 0.2586806 0.2228125
Moved 1305.789 509 292.1472 0.2586806 0.2263334
Moved 1305.844 507.8109 292 0.2566161 0.2256946
Moved 1305.903 482.7545 261.5064 0.2131155 0.09334379
Moved 1305.956 454.6528 223.504 0.1643277 -0.07159711
Moved 1306.009 432.1767 187.8092 0.1253067 -0.2265224
Moved 1306.092 423 170.3666 0.109375 -0.3022282
Moved 1306.144 419.5 164.5 0.1032986 -0.327691
Moved 1306.198 417 156.6887 0.09895831 -0.361594
Moved 1306.253 415 152.3721 0.09548612 -0.3803297
Moved 1306.309 413.9415 151.9415 0.09364836 -0.3821982
Moved 1306.361 411.896 151 0.0900972 -0.3862847
Moved 1306.412 408.2495 151 0.08376651 -0.3862847
Moved 1306.464 396.9335 161.0665 0.06412067 -0.3425933
Moved 1306.517 376.2805 180.2897 0.02826467 -0.2591593
Moved 1306.568 360.9565 192.2261 0.00166066 -0.2073521
Moved 1306.649 340.2675 209.155 -0.03425773 -0.1338758
Moved 1306.699 333 214.9629 -0.046875 -0.108668
Moved 1306.748 329.5 217.5 -0.05295139 -0.09765612
Moved 1306.797 327.5 218 -0.05642362 -0.09548612
Ended 1306.847 326.9293 219 -0.05741448 -0.09114584
Began 1307.141 291 324 -0.1197917 0.3645835
Stationary 1307.196 291 324 -0.1197917 0.3645835
Moved 1307.249 325 314 -0.06076388 0.3211807
Moved 1307.304 372.6161 298.096 0.02190284 0.2521528
Moved 1307.363 412.7234 289.7538 0.09153359 0.2159454
Moved 1307.418 440.2339 285 0.1392949 0.1953125
Moved 1307.473 460.1295 281.9568 0.173836 0.1821045
Moved 1307.527 475.4375 280.6406 0.2004124 0.1763918
Moved 1307.582 501.2323 280 0.2451949 0.1736113
Moved 1307.638 522.8876 280 0.282791 0.1736113
Moved 1307.704 536.8236 280 0.3069854 0.1736113
Moved 1307.756 541.2167 287 0.3146124 0.2039932
Moved 1307.81 544.6227 288 0.3205256 0.2083334
Moved 1307.87 548.3525 288 0.3270009 0.2083334
Ended 1307.922 548.3525 288 0.3270009 0.2083334
Began 1308.197 457 90 0.1684028 -0.6510417
Stationary 1308.26 457 90 0.1684028 -0.6510417
Stationary 1308.311 457 90 0.1684028 -0.6510417
Moved 1308.366 448.3717 105.1711 0.153423 -0.5851948
Moved 1308.421 430.0876 134.8685 0.12168 -0.4562996
Moved 1308.476 416.2173 156.0437 0.0975994 -0.3643937
Moved 1308.531 401.7928 179.943 0.07255689 -0.2606639
Moved 1308.587 387.22 199.78 0.04725687 -0.1745659
Moved 1308.642 362.5 229 0.004340262 -0.04774293
Moved 1308.699 341.6482 249.3518 -0.03186077 0.04058944
Moved 1308.762 324.8101 261.3966 -0.06109354 0.09286723
Moved 1308.829 310.4806 271.2597 -0.08597124 0.1356758
Moved 1308.883 294.1045 281.2637 -0.1144019 0.1790958
Moved 1308.935 281.1884 290.8116 -0.1368257 0.2205364
Moved 1308.996 271.6492 297.3508 -0.1533869 0.2489186
Moved 1309.048 266.35 300 -0.1625868 0.2604167
Moved 1309.102 259.9709 303.0292 -0.1736617 0.2735642
Moved 1309.159 253.4791 305.7604 -0.1849321 0.2854186
Moved 1309.213 249.2421 307.7579 -0.1922881 0.2940884
Moved 1309.268 244.5049 310.4951 -0.2005123 0.3059683
Moved 1309.322 241.8002 311 -0.2052079 0.3081597
Moved 1309.405 237.7513 313 -0.2122373 0.3168403
Moved 1309.457 236.5 314 -0.2144097 0.3211807
Moved 1309.509 236 315.1504 -0.2152778 0.3261736
Ended 1309.565 236 315 -0.2152778 0.3255209
PhraseEnd 1310.767
