the force is with you
Basic
0.8 0.8
575.9999 435.2
Began 757.5976 286 495 -0.1284722 0.2918199
Stationary 757.6487 286 495 -0.1284722 0.2918199
Moved 757.6953 297.1269 495 -0.1091547 0.2918199
Moved 757.744 305.4156 480.5844 -0.0947645 0.2586957
Moved 757.7922 322.8257 466.1162 -0.06453875 0.2254509
Moved 757.8416 335.6196 458.2536 -0.04232705 0.2073842
Moved 757.8931 348.7195 449.6403 -0.0195843 0.1875926
Moved 757.9449 372.9025 435.2585 0.02240025 0.1545462
Moved 757.9944 394.3572 420.5142 0.05964794 0.1206669
Moved 758.0453 409.6195 406.3806 0.08614496 0.08819062
Moved 758.0941 417.2324 397.6514 0.09936184 0.06813278
Moved 758.1479 421.6608 392 0.10705 0.0551471
Moved 758.1988 423 388.5 0.109375 0.04710475
Moved 758.2458 424 385.9231 0.1111111 0.04118359
Moved 758.3114 410.5 384 0.0876736 0.03676478
Moved 758.3617 371.0593 408.3862 0.01920015 0.09279928
Moved 758.4099 339.5132 438.6992 -0.03556732 0.1624523
Moved 758.4579 315.446 466.554 -0.07735074 0.2264569
Moved 758.506 300.0643 486.4196 -0.104055 0.2721039
Moved 758.555 293.2148 500.5703 -0.1159465 0.3046193
Moved 758.6025 289.1989 507.6022 -0.1229186 0.3207772
Moved 758.6531 286 515.4708 -0.1284722 0.3388576
Moved 758.7004 284 519.5 -0.1319444 0.3481158
Moved 758.7491 282 522.7594 -0.1354167 0.3556053
Moved 758.8262 279.5698 526 -0.1396357 0.3630515
Moved 758.875 280 527.012 -0.1388889 0.3653767
Ended 758.9202 280 528 -0.1388889 0.3676471
Began 759.2875 292 277 -0.1180556 -0.2090993
Stationary 759.3426 292 277 -0.1180556 -0.2090993
Stationary 759.3965 292 277 -0.1180556 -0.2090993
Moved 759.4421 312.8431 303.4117 -0.08186966 -0.1484107
Moved 759.4876 337.494 327.4941 -0.03907282 -0.09307427
Moved 759.5329 361.1244 350.2703 0.001952052 -0.04073915
Moved 759.5805 381.8585 366.7155 0.03794879 -0.002951552
Moved 759.6299 400.3441 383.2753 0.07004187 0.03509942
Moved 759.6769 427.4222 406.6148 0.1170524 0.08872888
Moved 759.7244 451.1492 426.4577 0.1582452 0.1343238
Moved 759.7735 479.1692 451.4743 0.2068909 0.1918068
Moved 759.8224 509.0849 474.251 0.258828 0.2441429
Moved 759.8816 522.1199 484.1199 0.2814582 0.2668198
Moved 759.9296 533.1968 494.1968 0.3006888 0.2899742
Moved 759.9818 539.0331 500.0331 0.3108213 0.3033849
Moved 760.0314 541.1674 503.1674 0.3145268 0.3105869
Moved 760.0779 541 504.0692 0.3142361 0.3126589
Moved 760.1297 542 505 0.3159722 0.3147978
Moved 760.1804 512.0455 505 0.2639678 0.3147978
Moved 760.2302 472.4041 507.2885 0.1951459 0.3200562
Moved 760.2811 430.0575 512 0.1216276 0.3308824
Moved 760.3301 382.7826 519 0.03955312 0.346967
Moved 760.4034 351.5 522 -0.01475696 0.3538603
Moved 760.4537 331.5237 525 -0.04943807 0.3607537
Moved 760.5002 320.6501 527 -0.06831571 0.3653493
Moved 760.5463 312.2318 528 -0.08293085 0.3676471
Moved 760.597 306.3162 530 -0.09320106 0.3722427
Moved 760.6446 303.8312 530 -0.09751526 0.3722427
Moved 760.6939 302 531.5 -0.1006945 0.3756894
Moved 760.7411 300.8047 531 -0.1027696 0.3745404
Moved 760.7875 298.9292 531 -0.1060258 0.3745404
Moved 760.8369 297.2769 517.6611 -0.1088943 0.3438905
Moved 760.9138 281.5821 425.1044 -0.1361423 0.1312141
Moved 760.9622 274.4589 374.9828 -0.1485089 0.01604501
Moved 761.0117 274 341.4809 -0.1493056 -0.06093538
Moved 761.0593 274 319.2156 -0.1493056 -0.1120964
Moved 761.1078 274 306.1041 -0.1493056 -0.142224
Moved 761.1569 274 295.8032 -0.1493056 -0.1658935
Moved 761.2056 274 287.9989 -0.1493056 -0.1838261
Moved 761.253 274 281.6939 -0.1493056 -0.1983136
Moved 761.2994 274 276.4937 -0.1493056 -0.2102628
Moved 761.3463 274 267.8975 -0.1493056 -0.2300151
Moved 761.4197 274 253.1221 -0.1493056 -0.2639658
Moved 761.4668 274 243.2852 -0.1493056 -0.2865691
Moved 761.5124 274 240.5 -0.1493056 -0.2929688
Moved 761.5572 274 240 -0.1493056 -0.2941177
Moved 761.602 268.2961 255.1116 -0.1592081 -0.2593943
Moved 761.6481 256.4395 298.5826 -0.1797925 -0.1595067
Moved 761.6941 248.9186 345.8955 -0.1928497 -0.05079158
Moved 761.7399 246 389.5215 -0.1979167 0.04945212
Moved 761.785 245 423.5167 -0.1996528 0.1275658
Moved 761.8342 245 451.6048 -0.1996528 0.1921067
Moved 761.9063 245 476.3531 -0.1996528 0.2489733
Moved 761.9518 245 483 -0.1996528 0.2642463
Moved 761.9969 245 488.5177 -0.1996528 0.2769248
Moved 762.0429 245 492 -0.1996528 0.2849265
Ended 762.087 245 493.4882 -0.1996528 0.2883461
Began 762.3177 469 462 0.1892361 0.2159927
Stationary 762.3752 469 462 0.1892361 0.2159927
Stationary 762.427 469 462 0.1892361 0.2159927
Moved 762.4793 433.9793 446.7084 0.1284364 0.1808556
Moved 762.5252 399.8111 437.0889 0.06911651 0.158752
Moved 762.5765 353.3305 424.2661 -0.01157895 0.129288
Moved 762.6257 320.6372 413.489 -0.06833814 0.1045243
Moved 762.6727 287.0754 402.6533 -0.1266052 0.0796261
Moved 762.723 252.6963 388.7611 -0.1862912 0.04770472
Moved 762.772 231.1158 380.0579 -0.2237574 0.02770649
Moved 762.8209 202.2917 368.575 -0.2737991 0.00132133
Moved 762.8693 190.8 365.9333 -0.2937501 -0.004748737
Moved 762.917 181.2193 361.6097 -0.3103832 -0.01468364
Moved 762.9824 174.1848 360.1848 -0.3225959 -0.01795783
Moved 763.0302 171.5 360 -0.3272569 -0.01838236
Moved 763.078 169.8876 360 -0.3300562 -0.01838236
Stationary 763.1274 170 360 -0.3298611 -0.01838236
Ended 763.1748 170 360 -0.3298611 -0.01838236
Began 763.6274 201 518 -0.2760417 0.3446691
Stationary 763.6802 201 518 -0.2760417 0.3446691
Stationary 763.7251 201 518 -0.2760417 0.3446691
Moved 763.7705 215.3492 518 -0.2511298 0.3446691
Moved 763.8226 248.8631 518 -0.192946 0.3446691
Moved 763.8711 278.8082 518 -0.140958 0.3446691
Moved 763.9198 317.4178 527.1418 -0.07392734 0.3656751
Moved 763.9693 349.5954 529 -0.01806349 0.3699449
Moved 764.017 383.4676 530 0.04074231 0.3722427
Moved 764.0644 413.4415 530 0.09278044 0.3722427
Moved 764.1252 446.2735 530 0.1497804 0.3722427
Moved 764.1736 466.344 530 0.184625 0.3722427
Moved 764.2252 486.2543 530 0.2191915 0.3722427
Moved 764.274 497.0794 530 0.2379851 0.3722427
Moved 764.3259 500.9697 530 0.2447391 0.3722427
Moved 764.3748 504.5 530 0.2508681 0.3722427
Moved 764.4214 505.1613 530 0.2520161 0.3722427
Stationary 764.4732 505.1613 530 0.2520161 0.3722427
Moved 764.5188 505 519.5 0.2517361 0.3481158
Moved 764.5648 490.7005 521 0.2269106 0.3515625
Moved 764.6376 427.5122 519 0.1172087 0.346967
Moved 764.684 394.4959 519 0.05988866 0.346967
Moved 764.7292 372.5 517 0.02170138 0.3423713
Moved 764.7742 355.4988 516 -0.00781458 0.3400735
Moved 764.8196 344.1457 516 -0.02752483 0.3400735
Moved 764.8644 339.3439 516 -0.03586132 0.3400735
Moved 764.9102 333.2551 516 -0.04643206 0.3400735
Moved 764.9559 329.959 516 -0.05215448 0.3400735
Moved 765.0027 329 516 -0.05381946 0.3400735
Moved 765.048 329 514.8314 -0.05381946 0.3373884
Moved 765.1207 353.6756 470.8176 -0.01097981 0.2362538
Moved 765.1758 368.9739 443.3681 0.01557969 0.1731804
Moved 765.222 378.6686 423.8285 0.03241077 0.1282824
Moved 765.2693 385.1319 410.7363 0.04363172 0.09819919
Moved 765.3165 391.2355 399.6468 0.05422831 0.07271785
Moved 765.3641 396.414 388.7579 0.06321877 0.04769746
Moved 765.4121 400 383.4745 0.06944448 0.03555733
Moved 765.4606 403 379.3496 0.07465281 0.02607907
Moved 765.5071 405 376.0607 0.078125 0.01852183
Ended 765.5526 406.0627 376 0.07996991 0.01838228
Began 765.7474 328 545 -0.05555556 0.4067096
Stationary 765.8112 328 545 -0.05555556 0.4067096
Moved 765.8792 353.1532 545 -0.01188677 0.4067096
Moved 765.9289 398.0151 545 0.06599844 0.4067096
Moved 765.9758 424.9479 545 0.1127569 0.4067096
Moved 766.0287 452.0622 545 0.1598302 0.4067096
Moved 766.0777 472.1857 545 0.1947668 0.4067096
Moved 766.1294 499.2182 534.297 0.2416982 0.3821163
Moved 766.1793 521.9551 532 0.2811721 0.3768383
Moved 766.2282 540.6099 528.078 0.3135588 0.3678263
Moved 766.275 557.8577 523.7856 0.343503 0.3579632
Moved 766.3211 566.4245 522 0.3583758 0.3538603
Moved 766.3824 571.9453 520 0.3679607 0.3492647
Moved 766.4313 573.5 519 0.3706598 0.346967
Moved 766.4794 574 515.7913 0.3715278 0.3395941
Moved 766.5264 574 512.5 0.3715278 0.3320313
Moved 766.5739 533.0326 500.3872 0.3004038 0.3041985
Moved 766.6213 508.137 497 0.2571824 0.2964155
Moved 766.6686 486.2552 496 0.219193 0.2941177
Moved 766.715 465.7735 496 0.1836345 0.2941177
Moved 766.7621 451.3745 496 0.1586363 0.2941177
Moved 766.8075 439.5992 496 0.1381931 0.2941177
Moved 766.8794 431.8722 496 0.1247781 0.2941177
Moved 766.9263 430 504.4319 0.1215278 0.3134926
Ended 766.9811 429 505 0.1197917 0.3147978
PhraseEnd 767.9655
