please provide your date of birth
Basic
0.8 0.8
575.9999 435.2
Began 779.3293 564 459 0.3541667 0.2090993
Stationary 779.3789 564 459 0.3541667 0.2090993
Moved 779.4266 557.7086 449.1135 0.343244 0.1863821
Moved 779.4766 542.5214 410.4339 0.3168775 0.09750437
Moved 779.5264 531.7377 384.4753 0.2981557 0.03785695
Moved 779.5768 524.8777 361.2662 0.286246 -0.01547295
Moved 779.627 518.1331 337.6656 0.2745367 -0.0697021
Moved 779.6754 513.1738 314.2162 0.2659267 -0.1235841
Moved 779.724 510 295.7348 0.2604167 -0.1660506
Moved 779.7717 509 288.5641 0.2586806 -0.1825272
Moved 779.8204 508 284.6486 0.2569445 -0.1915245
Moved 779.8679 506.3606 282.3606 0.2540983 -0.1967817
Moved 779.9153 500.5253 282 0.2439676 -0.1976103
Moved 779.9794 447.0711 326.5768 0.1511652 -0.09518211
Moved 780.0292 387.974 382.2964 0.04856594 0.03285016
Moved 780.0765 352.7685 416.2026 -0.01255471 0.1107596
Moved 780.1246 327.8337 440.1663 -0.05584427 0.1658234
Moved 780.1761 308.6859 455.9856 -0.08908708 0.2021728
Moved 780.2243 293 465 -0.1163194 0.2228861
Moved 780.2703 282.8257 469.5872 -0.1339831 0.2334264
Moved 780.3162 272.2245 472 -0.152388 0.2389706
Moved 780.3625 263.3663 473.8168 -0.1677668 0.2431453
Moved 780.4169 253 476.5 -0.1857639 0.2493107
Moved 780.4921 246.6156 478.3844 -0.196848 0.2536407
Moved 780.544 243.3203 479.6797 -0.202569 0.2566171
Moved 780.592 240.3742 480 -0.2076836 0.257353
Moved 780.6409 228.5067 480 -0.2282869 0.257353
Moved 780.6921 199.4509 438.0867 -0.2787311 0.1610449
Moved 780.7451 175.3911 405.0867 -0.3205015 0.08521754
Moved 780.7957 150.7196 374.6074 -0.3633341 0.0151825
Moved 780.8455 135.9417 359.5889 -0.3889901 -0.01932691
Moved 780.8952 126.6008 347.6008 -0.4052069 -0.0468731
Moved 780.9446 120.4265 341.4266 -0.4159262 -0.0610602
Moved 781.0211 118 337.6006 -0.4201389 -0.06985153
Moved 781.0693 118 337 -0.4201389 -0.07123155
Moved 781.1171 142.4644 337 -0.3776661 -0.07123155
Moved 781.1651 168.5082 337 -0.332451 -0.07123155
Moved 781.2128 177 337 -0.3177083 -0.07123155
Moved 781.2607 181.6705 337 -0.3095998 -0.07123155
Moved 781.3081 185.5 337 -0.3029514 -0.07123155
Moved 781.3575 186.201 337 -0.3017344 -0.07123155
Moved 781.4048 187 345.5 -0.3003472 -0.05170037
Moved 781.4539 187 356.3417 -0.3003472 -0.02678822
Moved 781.53 187 389.5339 -0.3003472 0.04948055
Moved 781.5779 187 407.4344 -0.3003472 0.09061232
Moved 781.6254 187 426.0464 -0.3003472 0.1333786
Moved 781.6735 191.9599 439.9199 -0.2917363 0.165257
Moved 781.7209 196.258 449.516 -0.2842743 0.187307
Moved 781.7695 198.5 454.5 -0.280382 0.1987592
Moved 781.8163 199.5 457.5 -0.2786458 0.2056526
Moved 781.8635 199 458.3724 -0.2795139 0.2076572
Ended 781.9102 199 459 -0.2795139 0.2090993
Began 782.1995 530 443 0.2951389 0.1723346
Stationary 782.2584 530 443 0.2951389 0.1723346
Stationary 782.3063 530 443 0.2951389 0.1723346
Moved 782.3565 514.8117 443 0.2687703 0.1723346
Moved 782.4044 485.5313 453.8214 0.2179362 0.1971999
Moved 782.452 450.0528 456.3275 0.1563416 0.2029583
Moved 782.4996 407.373 458.6252 0.08224472 0.2082382
Moved 782.548 361.9586 459 0.003400296 0.2090993
Moved 782.5973 338.4515 462 -0.03741063 0.2159927
Moved 782.6458 324.0516 465 -0.06241035 0.2228861
Moved 782.6951 311.8003 467.5999 -0.08368001 0.22886
Moved 782.7462 302.2096 470.8952 -0.1003305 0.236432
Moved 782.7981 292.7041 475 -0.1168332 0.245864
Moved 782.8481 287.4086 478 -0.1260267 0.2527574
Moved 782.903 283.043 480 -0.133606 0.257353
Moved 782.951 280.8662 481 -0.137385 0.2596507
Moved 783.0226 280 483.24 -0.1388889 0.2647978
Moved 783.069 279 484.5 -0.140625 0.2676931
Moved 783.1157 279 485.9222 -0.140625 0.2709609
Moved 783.166 311.9136 494.3189 -0.08348332 0.2902549
Moved 783.2174 377.8585 500.6588 0.03100425 0.3048227
Moved 783.2657 432.636 505.9595 0.1261043 0.3170027
Moved 783.3139 458.5854 506 0.1711552 0.3170956
Moved 783.3689 485.9608 506 0.218682 0.3170956
Moved 783.4191 497.3966 506 0.2385357 0.3170956
Moved 783.4675 502 506 0.2465278 0.3170956
Moved 783.5466 504 496.5555 0.25 0.2953941
Moved 783.5964 444.8505 405.4854 0.14731 0.08613363
Moved 783.6442 403.636 343.1584 0.07575683 -0.05708071
Moved 783.6935 376.1373 297.4216 0.02801612 -0.1621747
Moved 783.7421 365.9957 277.9871 0.01040921 -0.206831
Moved 783.791 358.9947 266.9894 -0.001745336 -0.2321016
Moved 783.8422 353.2655 256.5311 -0.01169179 -0.2561327
Moved 783.8915 347.5909 248.5909 -0.0215435 -0.2743775
Moved 783.9394 340.9964 239.9963 -0.0329924 -0.2941261
Moved 783.9875 337.0677 235.0677 -0.03981292 -0.305451
Moved 784.072 334 230.8223 -0.0451389 -0.3152062
Moved 784.1234 334 239.9706 -0.0451389 -0.2941852
Moved 784.1713 359.9391 287.0551 -0.0001056492 -0.1859946
Moved 784.219 385.8134 338.9149 0.04481495 -0.06683161
Moved 784.2648 406.2065 391.7571 0.08021959 0.05458902
Moved 784.3103 419.1238 420.2064 0.1026455 0.1199595
Moved 784.3609 434.0853 452.1705 0.1286203 0.1934066
Moved 784.4107 447.4501 476.0834 0.151823 0.2483535
Moved 784.46 457.1075 491.1613 0.1685894 0.2829993
Moved 784.5073 461 498.3538 0.1753473 0.2995262
Moved 784.5825 463 501 0.1788195 0.3056066
Stationary 784.6319 463 501 0.1788195 0.3056066
Moved 784.6785 453.1468 501 0.1617131 0.3056066
Moved 784.7262 440.8323 492.5549 0.1403339 0.2862014
Moved 784.775 429.9742 486.3247 0.1214829 0.2718858
Moved 784.8223 417.0729 480.0243 0.09908483 0.2574088
Moved 784.8712 394.9492 469.1797 0.06067582 0.2324902
Moved 784.9188 376.1597 458.5798 0.02805501 0.2081338
Moved 784.9665 360.7375 449.4917 0.001280457 0.1872511
Moved 785.0145 342.126 440.063 -0.0310313 0.1655859
Moved 785.0902 313.9119 426.4559 -0.08001412 0.1343197
Moved 785.1364 294.6391 416.8557 -0.1134738 0.1122603
Moved 785.1981 271.5539 404.2769 -0.1535523 0.08335696
Moved 785.2491 250.892 390.669 -0.1894236 0.05208875
Moved 785.2963 231.5964 377.7578 -0.222923 0.02242137
Moved 785.3464 213.6402 365.0934 -0.254097 -0.006678596
Moved 785.3975 209 361.2473 -0.2621528 -0.01551642
Moved 785.4481 206.2492 360 -0.2669286 -0.01838236
Moved 785.509 206 360 -0.2673611 -0.01838236
Moved 785.5609 206 373.7644 -0.2673611 0.01324549
Moved 785.6362 218.5 425 -0.2456597 0.1309743
Moved 785.6859 226.9624 459.7742 -0.2309681 0.2108783
Moved 785.7348 231.2715 475.8144 -0.223487 0.2477353
Moved 785.7857 233 482.2391 -0.2204861 0.2624979
Moved 785.8354 234 486.5 -0.21875 0.2722887
Ended 785.8826 234 487 -0.21875 0.2734376
Began 786.1356 258 462 -0.1770834 0.2159927
Moved 786.2036 269.7567 462 -0.1566724 0.2159927
Moved 786.2524 304.6144 474.3229 -0.09615556 0.2443081
Moved 786.3004 358.0547 479.2935 -0.003377274 0.2557296
Moved 786.3492 397.5 480 0.06510414 0.257353
Moved 786.3975 431.9507 480 0.1249144 0.257353
Moved 786.4442 462.1447 481.8575 0.1773346 0.2616211
Moved 786.4919 491.5379 484 0.2283644 0.2665442
Moved 786.5397 518.3657 485.0731 0.2749405 0.26901
Moved 786.589 537.1509 486 0.3075537 0.2711397
Moved 786.6359 556.3663 486 0.3409137 0.2711397
Moved 786.6938 563.7976 487 0.3538153 0.2734376
Moved 786.7405 566 487 0.3576389 0.2734376
Stationary 786.7895 566 487 0.3576389 0.2734376
Stationary 786.8338 566 487 0.3576389 0.2734376
Moved 786.881 532.1516 487 0.2988742 0.2734376
Moved 786.9306 504.9929 490.1449 0.2517238 0.2806638
Moved 786.9806 467.1481 496.3087 0.186021 0.294827
Moved 787.0317 447.1328 499.1735 0.1512723 0.3014097
Moved 787.0844 420.1621 503.9676 0.1044481 0.3124256
Moved 787.1345 407.1221 506 0.08180924 0.3170956
Moved 787.2142 389.8001 510.0999 0.05173639 0.3265164
Moved 787.2639 377.7678 510 0.0308469 0.3262868
Moved 787.3127 353.4807 510 -0.01131822 0.3262868
Moved 787.3611 314.9531 500.434 -0.07820647 0.3043062
Moved 787.4086 284.3765 496.9109 -0.1312907 0.2962108
Moved 787.455 261.3843 491.5961 -0.1712078 0.2839983
Moved 787.502 248.9486 489.6495 -0.1927975 0.2795256
Moved 787.5493 243.3517 489.3517 -0.2025143 0.2788413
Moved 787.5976 241 489 -0.2065972 0.2780331
Moved 787.649 239.9928 489 -0.2083458 0.2780331
Moved 787.7247 237.915 489 -0.2119532 0.2780331
Ended 787.7729 238 489 -0.2118056 0.2780331
Began 788.152 313 329 -0.08159724 -0.08961391
Stationary 788.2087 313 329 -0.08159724 -0.08961391
Moved 788.2573 298.1047 329 -0.1074572 -0.08961391
Moved 788.3071 272.7361 340.3611 -0.1514998 -0.06350841
Moved 788.3575 244.6775 346.9493 -0.2002126 -0.04837022
Moved 788.407 218.721 352.4684 -0.2452761 -0.03568832
Moved 788.455 191.0775 360.369 -0.2932682 -0.01753436
Moved 788.503 167.8313 364.3339 -0.3336263 -0.00842389
Moved 788.553 144.7382 366.4523 -0.3737184 -0.003556224
Moved 788.6003 128.5 368 -0.4019098 0
Moved 788.6468 117.6177 370 -0.4208027 0.004595589
Moved 788.6943 114 371.9855 -0.4270833 0.009158009
Moved 788.7414 113 373.3193 -0.4288194 0.0122226
Moved 788.7884 123.1121 383.056 -0.4112637 0.03459566
Moved 788.8347 150.0153 406.8703 -0.3645568 0.08931599
Moved 788.882 183.9688 425.9792 -0.3056098 0.1332243
Moved 788.9319 224.7056 447.7546 -0.2348862 0.1832598
Moved 788.9838 242.6703 460.6703 -0.2036974 0.2129372
Moved 789.063 258.0434 471.0434 -0.177008 0.2367725
Moved 789.1122 263.3597 475.3597 -0.1677783 0.2466905
Moved 789.1613 267.72 478 -0.1602083 0.2527574
Moved 789.2106 271.0105 480.0104 -0.1544957 0.257377
Moved 789.2592 274.3225 482.3225 -0.1487457 0.2626896
Moved 789.3069 277.3002 484 -0.1435761 0.2665442
Moved 789.3551 280.5 486 -0.1380209 0.2711397
Moved 789.403 281.0791 487 -0.1370154 0.2734376
Moved 789.4513 282.5 488 -0.1345486 0.2757353
Moved 789.4991 282 489 -0.1354167 0.2780331
Moved 789.5721 270.0101 489 -0.1562324 0.2780331
Moved 789.6183 260.1045 490.9651 -0.1734297 0.2825487
Moved 789.6641 249.1901 492 -0.1923783 0.2849265
Moved 789.7163 237.7269 495 -0.2122796 0.2918199
Moved 789.7663 231.0682 496.9318 -0.2238399 0.2962587
Moved 789.8193 226.7686 498 -0.2313045 0.2987133
Moved 789.8695 223.6783 499 -0.2366697 0.3010111
Moved 789.9203 221.5 500 -0.2404514 0.3033088
Moved 789.971 221 500 -0.2413195 0.3033088
Ended 790.0209 221 501 -0.2413195 0.3056066
Began 790.4138 556 498 0.3402778 0.2987133
Stationary 790.4688 556 498 0.3402778 0.2987133
Moved 790.5167 543.5371 498 0.3186408 0.2987133
Moved 790.5648 519.1617 484.7206 0.2763224 0.2681999
Moved 790.6146 485.8847 476.0855 0.2185498 0.2483583
Moved 790.6628 459.022 470.5746 0.1719131 0.2356953
Moved 790.7109 432.6505 461.5502 0.1261294 0.2149591
Moved 790.759 412.2542 454.5016 0.09071901 0.198763
Moved 790.8081 382.6732 444.2244 0.03936328 0.1751481
Moved 790.8568 365 435 0.008680523 0.1539523
Moved 790.9128 339.9797 422.3198 -0.03475744 0.1248158
Moved 790.9608 310.9774 403.7864 -0.08510877 0.08222984
Moved 791.0095 299.3154 395.6577 -0.1053552 0.06355181
Moved 791.0618 290.7049 389.3524 -0.1203041 0.0490635
Moved 791.1099 285.7112 386.3556 -0.1289735 0.04217741
Moved 791.1584 282.0533 384.0533 -0.1353242 0.03688711
Moved 791.2076 281 382.5 -0.1371528 0.03331802
Ended 791.2565 281 383 -0.1371528 0.03446691
Began 792.0443 355 231 -0.00868056 -0.3147978
Stationary 792.1054 355 231 -0.00868056 -0.3147978
Moved 792.1577 355 248.8246 -0.00868056 -0.2738406
Moved 792.2105 373.7408 323.3829 0.02385549 -0.1025208
Moved 792.267 385.0034 365.6778 0.04340857 -0.005335948
Moved 792.316 399.5582 412.6746 0.06867743 0.1026531
Moved 792.366 409 435.5 0.08506946 0.1551011
Moved 792.4169 417 453 0.09895831 0.1953125
Moved 792.4683 423.6717 464.5075 0.1105411 0.2217544
Moved 792.5223 436.7716 479.5144 0.133284 0.2562371
Moved 792.5739 449.6775 492.1183 0.1556901 0.2851985
Moved 792.6273 461.9232 501.9616 0.1769501 0.3078162
Moved 792.6787 465 505.2559 0.1822916 0.3153859
Stationary 792.7287 465 505 0.1822916 0.3147978
Stationary 792.7772 465 505 0.1822916 0.3147978
Moved 792.8481 425.0299 506.33 0.1128991 0.317854
Moved 792.8969 390.5568 508 0.05305 0.3216912
Moved 792.9466 349.8778 508 -0.0175732 0.3216912
Moved 792.9971 321.3836 508 -0.06704241 0.3216912
Moved 793.0456 299.7889 509 -0.1045331 0.323989
Moved 793.0947 284.7717 511 -0.1306047 0.3285846
Moved 793.1418 279.0832 512 -0.1404806 0.3308824
Moved 793.1906 276.5544 513 -0.1448709 0.3331802
Moved 793.2392 275.388 515 -0.1468958 0.3377758
Moved 793.2875 275 516.5 -0.1475694 0.3412225
Moved 793.3678 275 519.5 -0.1475694 0.3481158
Moved 793.4223 301.0985 522.6831 -0.1022595 0.3554299
Moved 793.4811 324.682 523 -0.06131597 0.3561581
Moved 793.5308 339.5954 523 -0.03542461 0.3561581
Moved 793.5797 345.0897 523 -0.025886 0.3561581
Moved 793.6301 348.0877 523 -0.02068103 0.3561581
Moved 793.6786 350.1981 523 -0.01701717 0.3561581
Moved 793.7306 351.0834 523 -0.01548015 0.3561581
Moved 793.7791 358.2915 494.0283 -0.002966151 0.2895872
Moved 793.8266 368.0509 459.7964 0.01397729 0.2109293
Moved 793.9023 389.601 406.798 0.05139061 0.08914987
Moved 793.9476 399.3162 390.5257 0.0682573 0.05175949
Moved 793.9934 406.9252 380.0748 0.08146741 0.02774541
Moved 794.0451 412.6053 372.092 0.0913287 0.009402528
Moved 794.091 416.5 367.5 0.09809025 -0.001148827
Moved 794.1365 419.0084 363.9916 0.102445 -0.009210391
Ended 794.1824 419 363 0.1024306 -0.01148897
PhraseEnd 795.1695
