the facts get in the way
Basic
0.4 0.4
288 217.6
Began 501.0562 348 403 -0.04166671 0.1608456
Stationary 501.0998 348 403 -0.04166671 0.1608456
Stationary 501.1367 348 403 -0.04166671 0.1608456
Stationary 501.1777 348 403 -0.04166671 0.1608456
Stationary 501.2141 348 403 -0.04166671 0.1608456
Stationary 501.2499 348 403 -0.04166671 0.1608456
Moved 501.2883 348 387.4946 -0.04166671 0.08958922
Moved 501.3276 361.2984 377.7016 0.004508346 0.04458456
Moved 501.3683 366 372 0.02083331 0.0183825
Moved 501.4051 372.035 361.965 0.04178837 -0.02773468
Moved 501.4427 376.7742 355.2258 0.05824387 -0.05870511
Moved 501.481 382.3864 345.6136 0.07773072 -0.1028786
Moved 501.5203 386.4483 340.5517 0.09183452 -0.1261411
Moved 501.5596 390.5 335.5 0.1059029 -0.1493566
Moved 501.5975 392.2025 332.7975 0.1118141 -0.1617763
Moved 501.6362 394.5 330.5 0.1197916 -0.1723346
Moved 501.6746 395 330 0.1215278 -0.1746322
Moved 501.7123 396 327.5 0.125 -0.1861213
Moved 501.7704 396 328 0.125 -0.1838235
Stationary 501.8061 396 328 0.125 -0.1838235
Stationary 501.8412 396 328 0.125 -0.1838235
Stationary 501.8789 396 328 0.125 -0.1838235
Stationary 501.9135 396 328 0.125 -0.1838235
Moved 501.9486 384.9111 336.2371 0.08649693 -0.1459693
Moved 501.989 368.6312 350.0266 0.02996951 -0.08259858
Moved 502.0265 358.162 358.6285 -0.006381795 -0.04306766
Moved 502.0662 340.9155 373.9037 -0.06626577 0.02713119
Moved 502.1041 332.8563 382.0958 -0.09424888 0.06477834
Moved 502.1638 321 394 -0.1354167 0.1194854
Moved 502.2012 316.4256 399.5744 -0.1512999 0.145103
Moved 502.2374 311.4059 405.1882 -0.1687296 0.1709017
Moved 502.2751 308.5381 408.4619 -0.1786872 0.1859463
Moved 502.3142 305.5633 412.4366 -0.1890162 0.2042125
Moved 502.3532 305 415.3026 -0.1909722 0.2173831
Moved 502.3925 302.8277 417.1723 -0.1985151 0.2259758
Moved 502.4296 301.9387 419.0613 -0.2016018 0.2346566
Moved 502.468 301 422.4332 -0.2048611 0.2501529
Moved 502.5063 300.0041 423 -0.2083193 0.2527574
Moved 502.5718 299 426.5 -0.2118056 0.268842
Moved 502.6095 299 427.2487 -0.2118056 0.2722828
Ended 502.6478 299 428.5 -0.2118056 0.278033
Began 503.0088 343 293 -0.05902775 -0.3446691
Stationary 503.0524 343 293 -0.05902775 -0.3446691
Stationary 503.0866 343 293 -0.05902775 -0.3446691
Stationary 503.1207 343 293 -0.05902775 -0.3446691
Stationary 503.1588 343 293 -0.05902775 -0.3446691
Stationary 503.194 343 293 -0.05902775 -0.3446691
Moved 503.235 330.4667 300.5333 -0.1025461 -0.3100491
Moved 503.2726 326.5932 303.4067 -0.1159957 -0.2968439
Moved 503.3123 320.5965 306.7018 -0.1368177 -0.2817014
Moved 503.3599 313.699 311.301 -0.1607672 -0.2605655
Moved 503.3978 308 316 -0.1805556 -0.2389706
Moved 503.4353 302 318.832 -0.2013889 -0.2259561
Moved 503.4724 299.6036 320.3964 -0.2097098 -0.2187665
Moved 503.5118 297.3008 321.6992 -0.2177055 -0.2127796
Moved 503.5509 296 322.5684 -0.2222222 -0.2087847
Moved 503.5988 295 324.5 -0.2256945 -0.199908
Moved 503.6559 294 325.2495 -0.2291667 -0.1964639
Moved 503.6959 293 325 -0.2326389 -0.1976103
Moved 503.7333 292 326 -0.2361111 -0.1930149
Stationary 503.7697 292 326 -0.2361111 -0.1930149
Moved 503.806 292 327 -0.2361111 -0.1884191
Moved 503.8432 291 327 -0.2395833 -0.1884191
Stationary 503.8836 291 327 -0.2395833 -0.1884191
Moved 503.9196 291 328.0288 -0.2395833 -0.1836911
Ended 503.9575 291 328 -0.2395833 -0.1838235
Backspace 504.6232
Began 505.5975 314 501 -0.1597222 0.6112133
Stationary 505.6452 314 501 -0.1597222 0.6112133
Stationary 505.6875 314 501 -0.1597222 0.6112133
Stationary 505.7235 314 501 -0.1597222 0.6112133
Stationary 505.7579 314 501 -0.1597222 0.6112133
Stationary 505.7913 314 501 -0.1597222 0.6112133
Stationary 505.825 314 501 -0.1597222 0.6112133
Stationary 505.8611 314 501 -0.1597222 0.6112133
Stationary 505.8997 314 501 -0.1597222 0.6112133
Stationary 505.9341 314 501 -0.1597222 0.6112133
Stationary 505.9701 314 501 -0.1597222 0.6112133
Moved 506.0069 314 488.2081 -0.1597222 0.5524271
Moved 506.0437 314 479 -0.1597222 0.5101104
Moved 506.081 327.6194 467.7611 -0.1124325 0.4584611
Moved 506.119 335.2434 451.1349 -0.08596041 0.3820537
Moved 506.1587 339.4872 441.5383 -0.07122488 0.3379517
Moved 506.1968 346.8782 428.2436 -0.04556179 0.2768548
Moved 506.234 350.3085 419.0743 -0.03365092 0.2347166
Moved 506.2938 358.7384 404.7849 -0.004380643 0.1690481
Moved 506.3315 363 395.9539 0.01041666 0.1284646
Moved 506.3686 365 392.0836 0.01736105 0.1106781
Moved 506.4081 367 389.1066 0.02430558 0.09699752
Moved 506.4455 368 387.2389 0.02777785 0.08841403
Moved 506.4828 369.3147 385.6853 0.03234268 0.08127438
Moved 506.5265 370 384.4316 0.03472224 0.07551278
Moved 506.5633 371.8594 381.1406 0.04117861 0.06038863
Moved 506.6021 374.5 377 0.05034715 0.0413603
Moved 506.6389 378 372.2881 0.06249995 0.01970628
Moved 506.6991 380.0095 368.9905 0.06947742 0.004551832
Moved 506.7412 381 367.0388 0.0729166 -0.004417195
Moved 506.7808 381 366 0.0729166 -0.009191178
Moved 506.8182 381 365 0.0729166 -0.01378677
Stationary 506.8575 381 365 0.0729166 -0.01378677
Moved 506.8995 359.7633 375.1313 -0.0008217245 0.03277274
Moved 506.9373 346.0654 383.9455 -0.04838414 0.07327894
Moved 506.9786 324.8451 403.155 -0.1220658 0.1615578
Moved 507.0173 314.3643 412.4767 -0.1584572 0.2043968
Moved 507.0569 302.8076 424.1924 -0.1985846 0.2582371
Moved 507.1161 292.3523 435.6477 -0.2348879 0.310881
Moved 507.1624 288.1858 440.8142 -0.2493549 0.3346241
Moved 507.2024 286.3242 443.6758 -0.2558187 0.3477747
Moved 507.2405 283.626 446.374 -0.2651874 0.3601746
Moved 507.2779 282.8524 447.1476 -0.2678736 0.3637298
Moved 507.3154 282.1987 448 -0.2701433 0.3676471
Moved 507.3519 282 449 -0.2708333 0.3722427
Moved 507.3914 281 450.5 -0.2743056 0.3791361
Ended 507.4284 281 450 -0.2743056 0.3768383
Began 508.5062 337 352 -0.07986113 -0.07352942
Stationary 508.5509 337 352 -0.07986113 -0.07352942
Stationary 508.5937 337 352 -0.07986113 -0.07352942
Stationary 508.6289 337 352 -0.07986113 -0.07352942
Stationary 508.6655 337 352 -0.07986113 -0.07352942
Stationary 508.7027 337 352 -0.07986113 -0.07352942
Moved 508.7386 324.5767 352 -0.1229976 -0.07352942
Moved 508.776 319.8388 352 -0.1394486 -0.07352942
Moved 508.8138 313.2365 352 -0.1623733 -0.07352942
Moved 508.8521 308.2077 359.9308 -0.1798345 -0.03708265
Moved 508.8961 296.3241 362 -0.2210969 -0.02757339
Moved 508.933 284.5 365.5 -0.2621528 -0.01148897
Moved 508.9711 279.922 366 -0.2780485 -0.009191178
Moved 509.0227 275.6591 367 -0.2928505 -0.004595448
Moved 509.0626 271.7375 368 -0.306467 0
Moved 509.101 268.355 369 -0.3182119 0.004595589
Moved 509.1388 265.5 369 -0.328125 0.004595589
Moved 509.1768 261.974 369 -0.3403679 0.004595589
Moved 509.2166 250.9467 369 -0.3786574 0.004595589
Moved 509.2556 238.0809 369 -0.4233302 0.004595589
Moved 509.2926 231.5696 370 -0.4459389 0.009191178
Moved 509.3323 221.1103 370 -0.4822558 0.009191178
Moved 509.3686 217.689 370 -0.4941355 0.009191178
Moved 509.4357 214 370 -0.5069444 0.009191178
Stationary 509.4723 214 370 -0.5069444 0.009191178
Moved 509.5089 214 357.4048 -0.5069444 -0.04869097
Moved 509.5496 241.371 334.7863 -0.4119063 -0.1526367
Moved 509.586 251.0916 324.9084 -0.3781541 -0.1980313
Moved 509.6255 265.0851 309.9149 -0.3295657 -0.2669351
Moved 509.6664 274.5 300.5 -0.296875 -0.3102022
Moved 509.7097 284.7313 294.1343 -0.2613497 -0.3394562
Moved 509.7473 291.8294 290 -0.2367035 -0.3584559
Moved 509.7838 295.7022 288.2977 -0.2232562 -0.3662787
Moved 509.841 301.0675 287 -0.2046266 -0.3722425
Moved 509.8773 303.8752 287 -0.1948778 -0.3722425
Moved 509.9145 311.4103 299.2137 -0.1687141 -0.3161133
Moved 509.9508 326.9252 327.8503 -0.1148432 -0.1845113
Moved 509.9862 335.9588 350.5704 -0.08347646 -0.08009911
Moved 510.0266 347.9182 381.7955 -0.04195065 0.06339859
Moved 510.0641 352.7166 396.7915 -0.02528951 0.1323139
Moved 510.1126 357.7722 417.3166 -0.007735491 0.2266388
Moved 510.1544 360 429.2316 0 0.2813954
Moved 510.1914 360.6454 433.2907 0.002240837 0.3000492
Moved 510.2499 361 440.3566 0.003472269 0.3325213
Moved 510.2867 361 444.3506 0.003472269 0.350876
Moved 510.3241 361 446.5 0.003472269 0.3607538
Moved 510.3608 361 448.0839 0.003472269 0.3680326
Moved 510.3981 361 449.2216 0.003472269 0.3732611
Stationary 510.4368 361 449 0.003472269 0.3722427
Stationary 510.4746 361 449 0.003472269 0.3722427
Moved 510.5118 355.8505 449 -0.01440801 0.3722427
Moved 510.5491 344.8835 437.8835 -0.0524877 0.321156
Moved 510.5887 335.3752 429.3752 -0.08550272 0.2820554
Moved 510.6556 306.9059 399.2078 -0.1843547 0.1434184
Moved 510.6952 299.8363 390.2544 -0.2089019 0.1022721
Moved 510.7321 289.8214 379.4107 -0.2436756 0.05243891
Moved 510.7688 285.5472 373.0945 -0.2585165 0.02341215
Moved 510.8055 281.6797 369.6796 -0.2719457 0.007719013
Moved 510.842 278 363.7068 -0.2847222 -0.01972942
Moved 510.8784 274.8419 361.8419 -0.2956879 -0.02830029
Moved 510.9151 274 359.9729 -0.2986111 -0.03688925
Moved 510.9511 273 358.5 -0.3020833 -0.04365809
Moved 510.9867 271.8841 359 -0.305958 -0.04136016
Ended 511.0452 272 357.7456 -0.3055556 -0.04712498
Began 511.492 356 363 -0.01388892 -0.02297794
Stationary 511.5374 356 363 -0.01388892 -0.02297794
Stationary 511.5783 356 363 -0.01388892 -0.02297794
Stationary 511.6156 356 363 -0.01388892 -0.02297794
Stationary 511.6522 356 363 -0.01388892 -0.02297794
Moved 511.6891 342.4783 372.0435 -0.06083936 0.01858206
Moved 511.7263 337.9334 377.0666 -0.07662013 0.04166618
Moved 511.7657 331.6547 388.0359 -0.0984212 0.09207712
Moved 511.8094 326.356 395.644 -0.1168194 0.1270405
Moved 511.8488 324.7856 399.2144 -0.1222723 0.1434485
Moved 511.8975 320.5 406 -0.1371527 0.1746323
Moved 511.9401 315.5 411 -0.1545139 0.1976103
Moved 511.9916 309.4361 415.7819 -0.175569 0.2195862
Moved 512.0307 304.9165 421.0836 -0.1912622 0.2439502
Moved 512.0713 300.9868 425.0132 -0.2049071 0.2620094
Moved 512.1104 298.1151 426 -0.2148782 0.2665441
Moved 512.1478 294.8195 429 -0.2263213 0.280331
Moved 512.1874 294 431.72 -0.2291667 0.2928308
Moved 512.2311 292 434.5 -0.2361111 0.3056067
Moved 512.2679 291 436.5 -0.2395833 0.3147979
Moved 512.3048 291 438.3729 -0.2395833 0.3234048
Moved 512.3417 291 439.1371 -0.2395833 0.3269171
Moved 512.4009 300.9702 444.1078 -0.2049647 0.3497601
Moved 512.4443 311.3455 446 -0.1689394 0.3584559
Moved 512.4828 317.9382 447.3127 -0.146048 0.3644887
Moved 512.5228 324.5615 447 -0.1230505 0.3630516
Moved 512.5632 331.5824 448 -0.09867221 0.3676471
Moved 512.6024 334.4538 448 -0.08870207 0.3676471
Moved 512.6411 338.3878 448 -0.07504217 0.3676471
Moved 512.6794 339.3729 448 -0.07162191 0.3676471
Ended 512.7213 341.1292 448 -0.06552369 0.3676471
Began 512.9366 470 438 0.3819445 0.3216912
Stationary 512.9737 470 438 0.3819445 0.3216912
Stationary 513.0099 470 438 0.3819445 0.3216912
Stationary 513.0455 470 438 0.3819445 0.3216912
Moved 513.0811 460.0043 428.0043 0.347237 0.2757549
Moved 513.1191 448.5298 413.7064 0.307395 0.2100477
Moved 513.1556 441.0995 402.4991 0.2815953 0.1585437
Moved 513.1942 427.6125 386.9188 0.2347659 0.0869432
Moved 513.2316 419.8703 377.3055 0.207883 0.0427643
Moved 513.2722 410.3981 361.3302 0.1749936 -0.0306518
Moved 513.3141 402.1971 349.3941 0.1465176 -0.0855049
Moved 513.3519 395.5932 337.5932 0.1235876 -0.1397371
Moved 513.3925 392.5797 332.5797 0.1131238 -0.1627773
Moved 513.4365 388.5 324 0.09895831 -0.2022058
Moved 513.4739 385.5 317.5 0.08854166 -0.2320771
Moved 513.5117 383.6413 312.2825 0.08208767 -0.2560546
Moved 513.5518 382 307.3399 0.07638887 -0.2787688
Moved 513.5897 381 303.5 0.0729166 -0.2964155
Moved 513.6264 380 300.9553 0.06944448 -0.3081099
Moved 513.6677 379 297.8256 0.06597222 -0.3224926
Moved 513.7302 378 295.7815 0.06249995 -0.3318867
Moved 513.7723 378 293.751 0.06249995 -0.3412177
Ended 513.809 378 294 0.06249995 -0.3400736
Began 514.0756 308 458 -0.1805556 0.4136029
Stationary 514.1215 308 458 -0.1805556 0.4136029
Stationary 514.1595 308 458 -0.1805556 0.4136029
Moved 514.201 312.8341 452.5616 -0.1637705 0.3886105
Moved 514.2408 324.7262 436.365 -0.1224784 0.3141773
Moved 514.2829 331.2644 426.226 -0.09977647 0.2675828
Moved 514.3215 340.4666 412.8 -0.06782413 0.2058827
Moved 514.3615 345.2083 404.7917 -0.05135991 0.1690795
Moved 514.3996 351.6781 394.6437 -0.02889537 0.1224437
Moved 514.4373 355.4268 387.7197 -0.0158792 0.09062347
Moved 514.482 363.4587 377.8119 0.01200944 0.04509155
Moved 514.5211 369.7327 367.8018 0.03379419 -0.0009107591
Moved 514.5701 373 359.931 0.0451389 -0.03708167
Moved 514.6072 374.9032 358.0969 0.05174711 -0.04551088
Moved 514.644 376 354.5 0.05555556 -0.06204031
Moved 514.6805 376 353.848 0.05555556 -0.06503681
Moved 514.7178 376 353 0.05555556 -0.06893383
Moved 514.7543 366.1762 353 0.02144501 -0.06893383
Moved 514.7908 354.345 353 -0.01963549 -0.06893383
Moved 514.8276 335.1622 365.1284 -0.08624248 -0.01319689
Moved 514.864 323.9604 370.5198 -0.1251374 0.01157985
Moved 514.9017 309.5 379 -0.1753473 0.05055162
Moved 514.9595 298.5 389.5 -0.2135417 0.09880515
Moved 514.9963 290.3718 396.8141 -0.2417645 0.1324177
Moved 515.0328 287.3185 401.363 -0.2523664 0.1533228
Moved 515.0733 283.3199 405.6802 -0.2662505 0.1731626
Moved 515.1124 281 409.5419 -0.2743056 0.1909096
Moved 515.1516 279 412.8453 -0.2812501 0.2060908
Moved 515.1937 277.7159 415.2841 -0.2857088 0.2172984
Moved 515.2303 276.5 418.5 -0.2899306 0.2320772
Moved 515.2686 277 420.5 -0.2881944 0.2412683
Moved 515.3091 277 424.4392 -0.2881944 0.2593714
Moved 515.3743 277 431.1926 -0.2881944 0.2904073
Moved 515.4161 277 434.1989 -0.2881944 0.3042231
Moved 515.4536 277 436.0663 -0.2881944 0.312805
Moved 515.4904 277 438.3688 -0.2881944 0.323386
Stationary 515.53 277 438.3688 -0.2881944 0.323386
Ended 515.5681 277 438 -0.2881944 0.3216912
Began 515.8029 259 436 -0.3506944 0.3125
Stationary 515.8519 259 436 -0.3506944 0.3125
Stationary 515.8919 259 436 -0.3506944 0.3125
Stationary 515.9288 259 436 -0.3506944 0.3125
Stationary 515.9655 259 436 -0.3506944 0.3125
Stationary 516.0009 259 436 -0.3506944 0.3125
Moved 516.0381 259 424.2357 -0.3506944 0.258436
Moved 516.079 250.804 409.4121 -0.3791526 0.1903131
Moved 516.1226 250 397.5 -0.3819445 0.1355699
Moved 516.1608 249 392.0086 -0.3854167 0.1103337
Moved 516.2 249 383.3843 -0.3854167 0.07070009
Moved 516.2498 248 377.5 -0.3888889 0.04365809
Moved 516.2892 248 373.4241 -0.3888889 0.0249268
Moved 516.3312 248 370.5536 -0.3888889 0.01173566
Moved 516.3707 247 364.7079 -0.3923612 -0.0151292
Moved 516.4106 247 360.3011 -0.3923612 -0.0353809
Moved 516.447 247 358.7166 -0.3923612 -0.0426629
Moved 516.4843 247 357.9619 -0.3923612 -0.04613119
Stationary 516.5338 247 358 -0.3923612 -0.04595589
Moved 516.5704 262.9233 363.1158 -0.3370717 -0.02244557
Moved 516.6067 275.3014 370.5206 -0.2940925 0.01158336
Moved 516.6649 297.9676 387.9676 -0.2153904 0.09176297
Moved 516.7014 309.7817 397.7817 -0.1743691 0.1368644
Moved 516.7363 318.3899 404.3899 -0.1444796 0.167233
Moved 516.7711 325.0139 410.3426 -0.1214795 0.1945892
Moved 516.8102 333.2849 417.2849 -0.09276092 0.2264929
Moved 516.8452 338.5097 421.5096 -0.07461921 0.2459082
Moved 516.881 342.3771 424.3771 -0.0611905 0.2590861
Moved 516.9161 347.4841 428.2421 -0.04345812 0.2768478
Moved 516.9516 351.1973 432.1973 -0.03056504 0.2950242
Moved 516.9872 354.0632 435.0632 -0.02061389 0.3081948
Moved 517.0461 359.4961 439.4961 -0.001749545 0.3285666
Moved 517.0824 361.3623 441.3623 0.004730225 0.337143
Moved 517.1226 365.6642 445.6641 0.01966715 0.3569124
Moved 517.1613 367.0841 447.0841 0.02459764 0.3634381
Moved 517.2002 370.4987 449 0.03645391 0.3722427
Moved 517.2391 371.5 450 0.03993049 0.3768383
Moved 517.2808 373 452 0.0451389 0.3860295
Moved 517.3232 375.601 454 0.0541702 0.3952207
Moved 517.3629 377.4353 455.4353 0.06053925 0.4018167
Moved 517.4021 377 455 0.05902782 0.3998162
Moved 517.4722 379.1838 456 0.06661028 0.4044117
Stationary 517.5101 379 456 0.06597222 0.4044117
Ended 517.548 379 456 0.06597222 0.4044117
PhraseEnd 518.8319
