watch out for low flying objects
Basic
0.6 0.6
432 172.8
Began 1741.965 274 315 -0.199074 0.4340278
Stationary 1742.055 274 315 -0.199074 0.4340278
Moved 1742.127 290.7044 306.3564 -0.1604065 0.3840072
Moved 1742.193 307.187 300.9065 -0.1222522 0.3524681
Moved 1742.264 315.8292 298 -0.1022472 0.3356482
Moved 1742.339 322.6633 295 -0.08642752 0.318287
Moved 1742.41 328.3378 293 -0.07329215 0.306713
Moved 1742.479 333.1967 292 -0.06204471 0.3009261
Moved 1742.548 338.0367 291 -0.05084092 0.2951389
Moved 1742.62 348.3171 291 -0.02704367 0.2951389
Moved 1742.688 366.171 291 0.01428475 0.2951389
Moved 1742.756 378.0345 291 0.0417464 0.2951389
Moved 1742.822 394.3553 291 0.07952621 0.2951389
Moved 1742.888 402.5775 290 0.09855906 0.2893519
Moved 1742.959 407.3106 290 0.1095154 0.2893519
Moved 1743.028 410.2487 290 0.1163165 0.2893519
Moved 1743.1 412 288.5 0.1203704 0.2806711
Moved 1743.202 414.1954 289 0.1254523 0.283565
Stationary 1743.271 414 289 0.125 0.283565
Moved 1743.338 415 287.5 0.1273148 0.2748843
Moved 1743.404 415 288 0.1273148 0.2777778
Moved 1743.471 416.0591 288 0.1297665 0.2777778
Stationary 1743.538 416 288 0.1296297 0.2777778
Stationary 1743.605 416 288 0.1296297 0.2777778
Stationary 1743.671 416 288 0.1296297 0.2777778
Stationary 1743.738 416 288 0.1296297 0.2777778
Moved 1743.805 417.0894 286.9106 0.1321512 0.2714736
Ended 1743.91 417.0894 286.9106 0.1321512 0.2714736
Backspace 1744.89
Began 1748.83 272 277 -0.2037037 0.2141204
Stationary 1748.897 272 277 -0.2037037 0.2141204
Stationary 1748.975 272 277 -0.2037037 0.2141204
Stationary 1749.042 272 277 -0.2037037 0.2141204
Stationary 1749.11 272 277 -0.2037037 0.2141204
Stationary 1749.179 272 277 -0.2037037 0.2141204
Stationary 1749.248 272 277 -0.2037037 0.2141204
Stationary 1749.32 272 277 -0.2037037 0.2141204
Stationary 1749.386 272 277 -0.2037037 0.2141204
Stationary 1749.452 272 277 -0.2037037 0.2141204
Stationary 1749.517 272 277 -0.2037037 0.2141204
Stationary 1749.585 272 277 -0.2037037 0.2141204
Stationary 1749.649 272 277 -0.2037037 0.2141204
Stationary 1749.713 272 277 -0.2037037 0.2141204
Stationary 1749.779 272 277 -0.2037037 0.2141204
Moved 1749.846 255.123 267.7487 -0.242771 0.1605825
Moved 1749.916 235.1796 257.2719 -0.288936 0.09995285
Moved 1750.018 208.9755 243.9756 -0.3495937 0.02300686
Moved 1750.089 199.5266 239.5266 -0.3714662 -0.002739518
Moved 1750.16 191.5 236 -0.3900463 -0.02314815
Moved 1750.233 186.7701 234 -0.4009953 -0.03472205
Moved 1750.301 185.8417 233 -0.4031442 -0.04050926
Moved 1750.373 185 232 -0.4050926 -0.0462963
Stationary 1750.443 185 232 -0.4050926 -0.0462963
Stationary 1750.52 185 232 -0.4050926 -0.0462963
Moved 1750.594 245.6749 264.798 -0.2646416 0.1435073
Moved 1750.665 307.3711 285.457 -0.1218262 0.2630617
Moved 1750.777 345.8417 296.9209 -0.03277376 0.3294034
Moved 1750.852 361.4404 303.7202 0.003334184 0.3687511
Moved 1750.924 375.7934 309 0.03655881 0.3993057
Moved 1750.996 380 311.2986 0.04629632 0.4126079
Moved 1751.066 384.1166 312 0.05582541 0.4166669
Moved 1751.135 385 312 0.05787035 0.4166669
Moved 1751.203 386 313 0.06018519 0.4224537
Moved 1751.269 387.3729 313 0.06336321 0.4224537
Stationary 1751.334 387.3729 313 0.06336321 0.4224537
Stationary 1751.401 387 313 0.06250004 0.4224537
Moved 1751.501 356.9284 273.9141 -0.007110089 0.1962621
Moved 1751.566 334.9961 245.3281 -0.05787939 0.03083424
Moved 1751.631 320.0862 228.0862 -0.09239312 -0.06894571
Moved 1751.695 312.8029 218.6057 -0.1092526 -0.1238094
Moved 1751.768 306.9395 210.8789 -0.1228254 -0.1685249
Moved 1751.842 301.6597 205.6597 -0.1350471 -0.1987286
Moved 1751.917 296 195.7592 -0.1481481 -0.2560234
Moved 1751.998 290 186.1445 -0.162037 -0.3116636
Moved 1752.089 289 184 -0.1643519 -0.3240739
Moved 1752.168 303.8125 190.5625 -0.1300636 -0.2860965
Moved 1752.279 345.6838 211.3419 -0.03313939 -0.1658452
Moved 1752.352 369.4921 222.6614 0.02197236 -0.1003394
Moved 1752.424 384.4545 232.2273 0.05660773 -0.04498093
Moved 1752.495 398.0368 239.0184 0.08804817 -0.00568019
Moved 1752.561 406.5121 243.756 0.1076668 0.02173618
Moved 1752.628 411.1699 245 0.1184489 0.02893519
Ended 1752.696 413 246 0.1226852 0.03472222
Began 1753.046 513 279 0.3541666 0.2256946
Stationary 1753.121 513 279 0.3541666 0.2256946
Moved 1753.188 491.5818 279 0.3045875 0.2256946
Moved 1753.257 468.2294 279 0.2505311 0.2256946
Moved 1753.326 445.764 279 0.1985278 0.2256946
Moved 1753.394 429.6575 279 0.1612442 0.2256946
Moved 1753.473 414.622 289.378 0.1264398 0.2857523
Moved 1753.547 408.2138 291 0.1116059 0.2951389
Moved 1753.624 403.7471 293.2529 0.1012664 0.3081763
Moved 1753.691 401.7513 294.2487 0.09664644 0.3139394
Moved 1753.758 399.8118 295 0.09215693 0.318287
Moved 1753.825 399.3088 295 0.09099265 0.318287
Moved 1753.895 398.2516 296 0.08854538 0.3240741
Moved 1753.961 397.5 296 0.08680551 0.3240741
Moved 1754.055 396.9552 296 0.08554448 0.3240741
Moved 1754.122 382.3137 296 0.05165209 0.3240741
Moved 1754.194 364.1819 286 0.009680389 0.2662037
Moved 1754.269 349.1568 283.1568 -0.02510001 0.2497502
Moved 1754.337 342.6271 283 -0.04021505 0.2488426
Moved 1754.407 341 283 -0.04398147 0.2488426
Moved 1754.481 339 283 -0.04861111 0.2488426
Ended 1754.551 338 283 -0.05092591 0.2488426
Began 1755.108 327 196 -0.07638887 -0.2546296
Stationary 1755.183 327 196 -0.07638887 -0.2546296
Moved 1755.251 348.907 210.6802 -0.02567828 -0.1696751
Moved 1755.322 400.132 236.566 0.09289821 -0.01987228
Moved 1755.391 437.8442 252.5377 0.180195 0.07255643
Moved 1755.459 479.7098 275.0916 0.2771061 0.2030761
Moved 1755.532 506.4481 292.0861 0.3390003 0.301424
Moved 1755.604 517.5 299.5 0.3645833 0.3443289
Moved 1755.674 518 301 0.3657407 0.3530091
Moved 1755.743 503.8921 302 0.3330835 0.3587963
Moved 1755.813 454.2931 294.477 0.218271 0.3152605
Moved 1755.897 404.2381 292 0.102403 0.3009261
Moved 1755.968 362.5091 292 0.005807976 0.3009261
Moved 1756.039 341.2661 292 -0.04336546 0.3009261
Moved 1756.112 321.3645 289.1823 -0.08943404 0.2846195
Moved 1756.185 307.0739 288 -0.122514 0.2777778
Moved 1756.256 300.2747 287 -0.1382529 0.2719909
Moved 1756.327 292.5442 287 -0.1561477 0.2719909
Ended 1756.407 290 287 -0.162037 0.2719909
Began 1756.722 549 198 0.4375 -0.2430556
Stationary 1756.803 549 198 0.4375 -0.2430556
Moved 1756.869 536.2193 212.7806 0.407915 -0.1575193
Moved 1756.944 524.1811 234.4567 0.3800488 -0.03207948
Moved 1757.018 518.0562 256.7753 0.3658709 0.09707928
Moved 1757.089 515 285.3461 0.3587963 0.2624194
Moved 1757.159 511.5 300 0.3506944 0.3472222
Moved 1757.231 508.7131 309.2869 0.3442432 0.400966
Moved 1757.302 508 313.3713 0.3425926 0.4246029
Moved 1757.369 504.1589 315 0.3337013 0.4340278
Moved 1757.436 477.5687 315 0.2721499 0.4340278
Moved 1757.504 421.5469 306 0.1424698 0.3819445
Moved 1757.573 382.0115 306 0.05095253 0.3819445
Moved 1757.644 347.8409 306 -0.02814606 0.3819445
Moved 1757.714 321.173 306 -0.0898774 0.3819445
Moved 1757.786 297.516 300.8386 -0.144639 0.3520754
Moved 1757.856 279.9996 299 -0.1851862 0.3414354
Moved 1757.958 263.5135 294.7568 -0.2233483 0.3168797
Moved 1758.03 251.5925 291.5925 -0.2509433 0.2985677
Moved 1758.105 238.7285 289 -0.280721 0.283565
Moved 1758.176 231.3411 288 -0.2978215 0.2777778
Moved 1758.244 220.1959 287 -0.3236206 0.2719909
Moved 1758.314 211.8384 286 -0.3429666 0.2662037
Moved 1758.384 206.0042 286 -0.3564717 0.2662037
Moved 1758.457 204 286 -0.3611111 0.2662037
Ended 1758.524 204 286 -0.3611111 0.2662037
Began 1758.919 328 201 -0.07407407 -0.2256946
Stationary 1758.996 328 201 -0.07407407 -0.2256946
Stationary 1759.062 328 201 -0.07407407 -0.2256946
Stationary 1759.129 328 201 -0.07407407 -0.2256946
Moved 1759.196 328 210.9718 -0.07407407 -0.1679873
Moved 1759.265 337.181 214.181 -0.05282184 -0.1494153
Moved 1759.335 343.2779 218 -0.0387085 -0.1273148
Moved 1759.413 347.9959 221 -0.02778719 -0.1099537
Moved 1759.483 357.2772 224.0924 -0.006302893 -0.09205783
Moved 1759.554 418.8413 227 0.1362066 -0.07523149
Moved 1759.627 484.0188 233.8599 0.2870805 -0.0355332
Moved 1759.714 508.8974 236 0.3446699 -0.02314815
Moved 1759.79 518.4443 237 0.3667692 -0.01736093
Moved 1759.864 525.5 238 0.3831019 -0.01157407
Moved 1759.932 527 238 0.3865741 -0.01157407
Moved 1760.006 513.581 246.2095 0.3555116 0.03593445
Moved 1760.082 463.8134 261.7676 0.2403089 0.1259698
Moved 1760.156 425.8666 274.4667 0.1524691 0.1994599
Moved 1760.223 402.1994 283.9003 0.09768377 0.254053
Moved 1760.288 391.7081 288.2919 0.07339835 0.2794672
Moved 1760.355 380.9732 292 0.04854897 0.3009261
Moved 1760.454 363.3143 296.6857 0.007672012 0.3280424
Moved 1760.521 356.9055 298 -0.007163236 0.3356482
Moved 1760.586 353.8054 299.1946 -0.01433939 0.3425612
Moved 1760.651 353 300.3729 -0.01620372 0.3493798
Moved 1760.719 360.4387 302.0627 0.001015564 0.3591592
Moved 1760.785 378.1787 302 0.04208038 0.3587963
Moved 1760.852 413.123 302 0.12297 0.3587963
Moved 1760.926 435.9354 302 0.1757764 0.3587963
Moved 1760.998 456.2935 302 0.2229017 0.3587963
Moved 1761.07 463.5 295 0.2395834 0.318287
Moved 1761.181 466.6515 292.3486 0.2468784 0.3029431
Moved 1761.262 467 279.4548 0.2476852 0.2283266
Moved 1761.332 447.957 241.276 0.2036042 0.007384442
Moved 1761.401 435.7942 219.7256 0.1754495 -0.117329
Moved 1761.469 424.1984 200.1985 0.1486075 -0.2303329
Moved 1761.538 417.4047 187.8093 0.1328812 -0.3020294
Moved 1761.606 409.5553 176.5553 0.1147112 -0.3671567
Moved 1761.673 403.8369 169.8369 0.1014742 -0.4060362
Moved 1761.745 393.0501 169 0.07650484 -0.4108795
Moved 1761.818 372.4128 187.2698 0.02873341 -0.3051516
Moved 1761.923 345.8474 218.2289 -0.0327606 -0.1259903
Moved 1761.996 337.7338 234.5323 -0.05154207 -0.03164132
Moved 1762.072 334 242.0587 -0.06018519 0.01191386
Moved 1762.143 331.6791 245.3208 -0.06555756 0.03079185
Moved 1762.217 330.8034 246 -0.06758472 0.03472222
Moved 1762.29 331 248 -0.06712963 0.0462963
Ended 1762.359 331 248 -0.06712963 0.0462963
Began 1762.646 526 312 0.3842592 0.4166669
Stationary 1762.718 526 312 0.3842592 0.4166669
Moved 1762.79 506.9745 298.9872 0.3402186 0.3413614
Moved 1762.861 489.3748 286.7916 0.2994786 0.2707845
Moved 1762.933 469.8504 275.9003 0.2542833 0.2077562
Moved 1763.001 456.7598 270.5866 0.223981 0.177006
Moved 1763.075 437.2728 259.2728 0.1788723 0.1115327
Moved 1763.147 409.3753 232.3754 0.1142948 -0.04412404
Moved 1763.221 394.339 217.339 0.07948835 -0.1311401
Moved 1763.294 383.1085 205.1085 0.05349199 -0.2019181
Moved 1763.374 369.7557 188.5115 0.02258271 -0.297966
Moved 1763.441 362.3521 180.3521 0.005444587 -0.3451847
Moved 1763.513 357.8116 175.8115 -0.005065799 -0.3714609
Moved 1763.582 357 175 -0.006944438 -0.3761573
Moved 1763.651 364.1405 175 0.009584428 -0.3761573
Moved 1763.72 383.0423 195.2817 0.05333861 -0.2587863
Moved 1763.789 407.2606 211.1302 0.1093996 -0.1670702
Moved 1763.858 423.8609 224.8608 0.1478261 -0.08761071
Moved 1763.937 438.1478 238.1478 0.1808977 -0.01071859
Moved 1764.008 443 243.5 0.1921296 0.02025463
Moved 1764.113 446 246.5 0.199074 0.03761592
Moved 1764.183 446 247.1884 0.199074 0.0415991
Moved 1764.251 446 249.1868 0.199074 0.05316434
Moved 1764.322 426.7941 250.6008 0.1546159 0.0613474
Moved 1764.391 383.1382 259.7723 0.05356063 0.1144233
Moved 1764.461 351.99 266.404 -0.01854176 0.1528009
Moved 1764.533 323.9306 270 -0.08349404 0.1736111
Moved 1764.602 302.5984 271 -0.1328741 0.1793981
Moved 1764.677 291.8837 272 -0.1576765 0.1851854
Moved 1764.747 279 273 -0.1875 0.1909722
Moved 1764.85 263.5697 273 -0.2232183 0.1909722
Moved 1764.917 260.6287 273 -0.2300262 0.1909722
Moved 1764.982 259 273 -0.2337963 0.1909722
Stationary 1765.049 259 273 -0.2337963 0.1909722
Moved 1765.115 271.5899 258.8202 -0.204653 0.1089131
Moved 1765.18 287.5876 234.4124 -0.1676213 -0.03233592
Moved 1765.245 299.7839 214.4323 -0.1393892 -0.1479613
Moved 1765.32 312.4584 191.8124 -0.1100499 -0.2788635
Moved 1765.392 320.9078 178.0923 -0.09049127 -0.3582624
Moved 1765.461 324.3544 172.6456 -0.08251305 -0.3897822
Moved 1765.575 332.9109 172 -0.06270622 -0.3935184
Moved 1765.652 346.8121 202.0828 -0.03052761 -0.2194285
Moved 1765.722 359.0166 228.0333 -0.002276301 -0.06925142
Moved 1765.79 368 252.4166 0.01851857 0.07185548
Moved 1765.858 371 268 0.025463 0.162037
Moved 1765.926 373 283.3794 0.0300926 0.2510382
Moved 1765.995 373 288.7591 0.0300926 0.2821707
Moved 1766.066 373 293.5 0.0300926 0.3096065
Moved 1766.135 373 295.3634 0.0300926 0.3203899
Moved 1766.21 373 296.5 0.0300926 0.3269678
Moved 1766.318 363.2722 296 0.00757446 0.3240741
Moved 1766.395 338.814 277.907 -0.04904161 0.2193695
Moved 1766.464 305.5065 260.2532 -0.1261424 0.1172062
Moved 1766.535 282.0506 247.4303 -0.1804385 0.04299959
Moved 1766.602 263.5747 236.5747 -0.2232068 -0.0198223
Moved 1766.67 254.1445 232 -0.2450359 -0.0462963
Moved 1766.741 247.2298 227.2299 -0.2610421 -0.07390146
Moved 1766.81 244 226 -0.2685185 -0.0810187
Moved 1766.876 240.783 223.7831 -0.2759652 -0.09384792
Ended 1766.956 241 224 -0.275463 -0.09259242
PhraseEnd 1767.868
