all work and no play
Basic
0.8 0.8
575.9999 230.4
Began 1311.615 176 233 -0.3194445 -0.03038195
Stationary 1311.676 176 233 -0.3194445 -0.03038195
Moved 1311.731 209.6335 248.4667 -0.2610529 0.03674786
Moved 1311.787 243.1413 256.6283 -0.2028796 0.07217156
Moved 1311.849 270.2781 260.0695 -0.1557672 0.08710729
Moved 1311.903 289.4956 261 -0.1224035 0.09114584
Moved 1311.962 314.356 264 -0.07924308 0.1041668
Moved 1312.018 341.2608 266 -0.03253337 0.1128472
Moved 1312.071 373.4696 267 0.02338469 0.1171876
Moved 1312.125 404.356 267 0.0770069 0.1171876
Moved 1312.179 438.035 256.786 0.1354774 0.07285596
Moved 1312.232 461.5281 249.0944 0.1762641 0.03947205
Moved 1312.285 494.0809 241.7838 0.2327793 0.007742379
Moved 1312.339 516.3643 235.4089 0.2714658 -0.0199265
Moved 1312.413 548.2664 230.5468 0.3268513 -0.04102959
Moved 1312.466 564.2961 227 0.3546807 -0.05642362
Moved 1312.518 575.1708 225 0.3735604 -0.06510417
Moved 1312.57 579 223.5266 0.3802084 -0.07149909
Moved 1312.624 583.3159 224 0.3877012 -0.06944432
Moved 1312.677 585.1461 223 0.3908786 -0.07378473
Moved 1312.73 586.1125 223 0.3925565 -0.07378473
Moved 1312.783 587 221.6261 0.3940972 -0.07974784
Moved 1312.833 588.2432 222 0.3962556 -0.07812487
Moved 1312.885 589.0178 222 0.3976004 -0.07812487
Moved 1312.966 589 220.8755 0.3975695 -0.0830057
Moved 1313.018 590.1735 221 0.3996067 -0.08246528
Stationary 1313.069 590 221 0.3993056 -0.08246528
Moved 1313.121 590 219.6277 0.3993056 -0.08842151
Stationary 1313.173 590 219.6277 0.3993056 -0.08842151
Ended 1313.225 591.0892 220 0.4011966 -0.08680556
Began 1313.628 261 337 -0.171875 0.4210071
Stationary 1313.686 261 337 -0.171875 0.4210071
Moved 1313.739 286.2026 337 -0.1281205 0.4210071
Moved 1313.791 331.8631 324.2526 -0.0488488 0.3656798
Moved 1313.844 359.8941 322 -0.0001838058 0.3559029
Moved 1313.896 383.7431 318.8762 0.04122064 0.3423445
Moved 1313.948 412.5814 318 0.09128705 0.3385417
Moved 1314.001 428.4252 316 0.1187938 0.3298611
Moved 1314.052 456.9213 315 0.1682662 0.3255209
Moved 1314.107 479.267 312.4555 0.2070608 0.3144771
Moved 1314.167 511.3215 310 0.262711 0.3038195
Moved 1314.223 533.9176 307.3608 0.3019403 0.2923645
Moved 1314.294 544.3775 305.6225 0.3200998 0.2848199
Moved 1314.35 548.7895 305 0.3277595 0.2821182
Moved 1314.404 550.3279 305 0.3304304 0.2821182
Moved 1314.457 552.374 305 0.3339826 0.2821182
Moved 1314.513 554 304 0.3368056 0.2777779
Stationary 1314.571 554 304 0.3368056 0.2777779
Moved 1314.632 554 302.2839 0.3368056 0.2703294
Moved 1314.688 518.457 291.9371 0.275099 0.2254217
Moved 1314.745 457.9327 286.2809 0.1700221 0.200872
Moved 1314.802 420.8657 286 0.1056696 0.1996528
Moved 1314.886 372.7561 294.7415 0.02214596 0.2375935
Moved 1314.94 358.1834 295.6055 -0.003153868 0.2413436
Moved 1314.994 343.0189 298 -0.02948105 0.2517361
Moved 1315.047 333.4194 301.2903 -0.04614692 0.2660169
Moved 1315.1 324.5468 304 -0.06155067 0.2777779
Moved 1315.152 317.9441 306.028 -0.07301379 0.2865797
Moved 1315.206 310.5729 308 -0.08581099 0.2951389
Moved 1315.265 305.278 310.722 -0.09500355 0.3069535
Moved 1315.325 302 312 -0.1006945 0.3125001
Moved 1315.387 300 313 -0.1041667 0.3168403
Moved 1315.478 325.1482 300.7474 -0.06050665 0.2636608
Moved 1315.531 387 275 0.04687503 0.1519097
Moved 1315.584 419.7296 262.6353 0.1036971 0.09824343
Moved 1315.64 454.815 248.3193 0.1646094 0.03610823
Moved 1315.693 469.5557 242.4814 0.1902009 0.01077029
Moved 1315.748 478.8514 239 0.2063393 -0.004340146
Moved 1315.806 489.6636 237 0.2251105 -0.0130207
Moved 1315.862 495.5978 235.4022 0.2354129 -0.01995564
Moved 1315.917 505.647 233 0.2528594 -0.03038195
Moved 1315.974 510.7335 233 0.2616901 -0.03038195
Moved 1316.054 514 232 0.2673611 -0.03472222
Moved 1316.103 515 232 0.2690972 -0.03472222
Ended 1316.154 516 232 0.2708333 -0.03472222
Began 1316.517 136 203 -0.3888889 -0.1605903
Stationary 1316.576 136 203 -0.3888889 -0.1605903
Moved 1316.627 163.8179 213.9318 -0.3405939 -0.1131433
Moved 1316.678 190.4223 217 -0.2944058 -0.09982626
Moved 1316.73 222.8646 217 -0.2380822 -0.09982626
Moved 1316.782 244.9729 208.009 -0.1996998 -0.1388496
Moved 1316.833 265.4881 201.4048 -0.1640832 -0.1675138
Moved 1316.888 294.6684 188.6658 -0.1134229 -0.2228048
Moved 1316.947 325.4566 176.1812 -0.05997118 -0.2769915
Moved 1317.005 355.576 166.356 -0.00768058 -0.3196356
Moved 1317.061 382.6693 159.8884 0.03935643 -0.3477065
Moved 1317.118 407.498 153.5004 0.08246176 -0.3754323
Moved 1317.173 424.8987 150 0.1126713 -0.3906249
Moved 1317.229 433.4758 149 0.1275622 -0.3949652
Moved 1317.284 445.4588 147 0.148366 -0.4036457
Moved 1317.339 452.9402 147 0.1613546 -0.4036457
Moved 1317.393 458.5 147 0.1710069 -0.4036457
Moved 1317.445 460.5 146 0.1744792 -0.4079863
Moved 1317.534 418.053 161.532 0.1007864 -0.3405729
Moved 1317.591 379.2588 181.8706 0.03343538 -0.2522978
Moved 1317.647 358.7319 193.701 -0.002201572 -0.2009502
Moved 1317.701 337.086 207.3047 -0.03978118 -0.1419068
Moved 1317.755 326.1027 213.2991 -0.05884949 -0.1158895
Moved 1317.811 313.9201 219.0399 -0.07999986 -0.09097259
Moved 1317.873 306.558 221 -0.09278122 -0.08246528
Moved 1317.926 300.82 224.1799 -0.1027431 -0.0686635
Moved 1317.983 294.7769 226.1116 -0.1132346 -0.06027964
Moved 1318.04 284.2933 230 -0.1314353 -0.04340265
Moved 1318.126 263.7438 235.1281 -0.1671114 -0.02114561
Moved 1318.185 257.9459 236 -0.1771773 -0.01736111
Moved 1318.237 253.1919 237 -0.1854307 -0.0130207
Moved 1318.289 251.5 237 -0.1883681 -0.0130207
Ended 1318.34 251 238 -0.1892361 -0.008680556
Began 1318.645 437 118 0.1336806 -0.529514
Stationary 1318.7 437 118 0.1336806 -0.529514
Stationary 1318.759 437 118 0.1336806 -0.529514
Moved 1318.81 437 129.2026 0.1336806 -0.4808912
Moved 1318.868 454.8946 148.6182 0.1647476 -0.3966226
Moved 1318.927 475.7365 182.4731 0.2009315 -0.2496824
Moved 1318.982 486 197.5 0.21875 -0.1844618
Moved 1319.037 505.3343 227.5851 0.2523165 -0.05388419
Moved 1319.094 521.0437 250.3916 0.2795898 0.04510257
Moved 1319.15 531.5283 266.0567 0.2977923 0.1130935
Moved 1319.214 544.1595 288.4787 0.3197214 0.210411
Moved 1319.275 551.9434 300.9434 0.3332351 0.2645114
Moved 1319.339 554 306.3467 0.3368056 0.2879633
Moved 1319.394 555 308.3734 0.3385417 0.2967596
Moved 1319.451 556.5 309 0.3411459 0.2994793
Moved 1319.503 556 311.2485 0.3402778 0.3092383
Ended 1319.566 557 312 0.3420139 0.3125001
Began 1319.76 610 302 0.4340278 0.2690972
Stationary 1319.832 610 302 0.4340278 0.2690972
Moved 1319.888 597.184 293.184 0.4117777 0.2308333
Moved 1319.952 576.9561 282.652 0.3766599 0.1851217
Moved 1320.006 556.8524 266.8524 0.3417577 0.116547
Moved 1320.059 544.7972 254.7972 0.3208286 0.06422427
Moved 1320.116 532.9929 240.4894 0.3003349 0.002124177
Moved 1320.175 522.7548 227.5096 0.2825605 -0.05421162
Moved 1320.233 508.6016 216.8008 0.257989 -0.1006911
Moved 1320.291 492.3873 206.1936 0.2298391 -0.146729
Moved 1320.347 457.4388 198.6798 0.1691646 -0.179341
Moved 1320.401 394.3516 199 0.05963825 -0.1779513
Moved 1320.455 351.9674 209.0037 -0.01394551 -0.1345326
Moved 1320.527 303.0911 211 -0.09880014 -0.1258681
Moved 1320.581 283.1359 212 -0.1334446 -0.1215277
Moved 1320.653 256.9608 212 -0.1788875 -0.1215277
Moved 1320.709 237.7386 212 -0.2122594 -0.1215277
Moved 1320.765 226.4552 213 -0.2318486 -0.1171875
Moved 1320.823 212.1535 214 -0.256678 -0.1128471
Moved 1320.881 201.3275 215 -0.2754731 -0.108507
Moved 1320.941 190.8521 216.574 -0.2936596 -0.1016753
Moved 1321.002 180.0947 218 -0.3123356 -0.09548612
Moved 1321.054 170.4983 219 -0.328996 -0.09114584
Moved 1321.133 155.7891 222 -0.3545329 -0.07812487
Moved 1321.183 148.1841 225.408 -0.3677358 -0.06333365
Moved 1321.234 143.1921 226.808 -0.3764027 -0.05725702
Moved 1321.285 142 228.0579 -0.3784722 -0.0518322
Moved 1321.335 141 229.5 -0.3802084 -0.04557279
Moved 1321.388 147.2462 239.3423 -0.3693642 -0.002854798
Moved 1321.441 169.9737 254.4802 -0.3299068 0.0628482
Moved 1321.494 206.4347 271.472 -0.2666065 0.1365972
Moved 1321.547 234.2795 280.6513 -0.2182647 0.1764381
Moved 1321.604 274.8748 292.175 -0.1477868 0.2264541
Moved 1321.688 308.1725 302.0431 -0.08997832 0.2692843
Moved 1321.742 321.5627 305.7814 -0.06673139 0.2855095
Moved 1321.797 328.4931 306.7465 -0.05469948 0.2896985
Moved 1321.852 338.9791 309.4896 -0.03649459 0.301604
Moved 1321.909 354.5666 312 -0.009433068 0.3125001
Moved 1321.967 368.667 315.1667 0.0150469 0.3262446
Moved 1322.022 381.1568 316 0.03673054 0.3298611
Moved 1322.076 390.2973 317 0.05259946 0.3342015
Moved 1322.13 393.2593 318 0.05774193 0.3385417
Moved 1322.185 395.1243 318 0.06097966 0.3385417
Moved 1322.267 398.1425 318 0.06621958 0.3385417
Ended 1322.319 399 318 0.06770834 0.3385417
PhraseEnd 1323.176
