question that must be answered
Basic
0.8 0.8
575.9999 230.4
Began 1375.759 170 368 -0.3298611 0.5555556
Stationary 1375.819 170 368 -0.3298611 0.5555556
Moved 1375.877 196.886 368 -0.2831841 0.5555556
Moved 1375.934 247.007 368 -0.1961685 0.5555556
Moved 1375.994 278.0122 368 -0.14234 0.5555556
Moved 1376.054 311.8586 368 -0.08357891 0.5555556
Moved 1376.11 339.6398 368 -0.03534753 0.5555556
Moved 1376.17 379.4663 368 0.03379561 0.5555556
Moved 1376.23 411.851 368 0.09001911 0.5555556
Moved 1376.296 437.4406 359 0.1344455 0.5164932
Moved 1376.37 462.0832 353.3056 0.1772277 0.4917777
Moved 1376.432 471.0455 351 0.1927874 0.4817707
Moved 1376.498 475.3577 348.6423 0.2002739 0.4715377
Moved 1376.563 477 345.9108 0.203125 0.4596822
Moved 1376.658 420.3868 332.1155 0.1048382 0.3998072
Moved 1376.735 346.4897 329 -0.0234554 0.3862849
Moved 1376.798 312.5153 328 -0.08243866 0.3819445
Moved 1376.867 286.3297 328 -0.1278999 0.3819445
Moved 1376.926 267.7544 328 -0.1601486 0.3819445
Moved 1376.981 257.0056 328 -0.1788098 0.3819445
Moved 1377.068 250.8377 328 -0.189518 0.3819445
Moved 1377.125 248.9422 328 -0.1928086 0.3819445
Moved 1377.181 246.8447 328 -0.1964502 0.3819445
Moved 1377.24 242.6202 318.9304 -0.2037843 0.3425797
Moved 1377.3 236.0186 303.0371 -0.2152456 0.2735986
Moved 1377.36 227.5748 284.7243 -0.2299049 0.1941161
Moved 1377.419 217.6794 269.6794 -0.2470844 0.1288168
Moved 1377.487 212 261.0064 -0.2569445 0.09117366
Moved 1377.55 211 258.8484 -0.2586806 0.08180764
Moved 1377.635 210 259 -0.2604167 0.08246542
Moved 1377.743 258.2129 294.7277 -0.1767137 0.2375335
Moved 1377.804 283.4988 308.2494 -0.1328146 0.2962215
Moved 1377.885 304.1054 317.7369 -0.09703923 0.3373999
Moved 1377.95 321.6584 323.6584 -0.06656535 0.3631006
Moved 1378.007 328.5 326.5 -0.05468749 0.3754342
Moved 1378.061 331.1772 327.1772 -0.05003952 0.3783735
Moved 1378.122 333.1244 327 -0.046659 0.3776042
Moved 1378.185 335.1522 328 -0.04313857 0.3819445
Moved 1378.248 336.1007 328 -0.04149188 0.3819445
Moved 1378.321 337.1493 328 -0.03967136 0.3819445
Moved 1378.454 405.9734 329 0.07981502 0.3862849
Moved 1378.516 451.2282 320.9747 0.1583824 0.3514526
Moved 1378.578 481.7157 317.5711 0.211312 0.3366802
Moved 1378.641 497.4871 316.171 0.2386929 0.3306033
Moved 1378.696 507.2095 316 0.2555721 0.3298611
Moved 1378.754 514.5 316 0.2682292 0.3298611
Moved 1378.815 518.2029 316 0.2746578 0.3298611
Moved 1378.874 520.5 316 0.2786458 0.3298611
Moved 1378.936 527.5959 316 0.2909651 0.3298611
Moved 1379.004 542.2198 313.2601 0.3163538 0.3179692
Moved 1379.096 557.5 311 0.342882 0.3081597
Moved 1379.155 560 308.7057 0.3472223 0.2982021
Moved 1379.214 562 306.9598 0.3506944 0.2906241
Moved 1379.292 551.1764 290.1764 0.3319035 0.2177795
Moved 1379.357 518.693 254.693 0.2755087 0.06377168
Moved 1379.415 494.413 231.413 0.2333559 -0.03726999
Moved 1379.471 481.4495 219.4495 0.2108499 -0.08919504
Moved 1379.535 472.8442 209.6884 0.19591 -0.1315611
Moved 1379.596 467.0589 204.0588 0.1858661 -0.1559946
Moved 1379.655 462.6542 198.6542 0.1782191 -0.1794524
Moved 1379.755 459 194 0.171875 -0.1996528
Moved 1379.81 458 192 0.1701389 -0.2083332
Ended 1379.869 458 192 0.1701389 -0.2083332
Began 1380.064 298 376 -0.1076389 0.5902777
Moved 1380.139 304.5844 368.684 -0.09620772 0.5585244
Moved 1380.199 351.1823 320.3743 -0.01530852 0.3488469
Moved 1380.257 383.6041 283.4948 0.04097939 0.1887796
Moved 1380.316 403.8395 264.1605 0.07611029 0.1048631
Moved 1380.377 416.0367 250.9633 0.09728603 0.04758358
Moved 1380.448 423.4548 242.5452 0.1101646 0.01104673
Moved 1380.508 434.1861 229.6278 0.1287953 -0.0450182
Moved 1380.578 437 223.9796 0.1336806 -0.06953293
Moved 1380.64 364.8418 222 0.008405894 -0.07812487
Moved 1380.693 309.8617 239.0345 -0.08704566 -0.004190339
Moved 1380.752 262.3505 248.1624 -0.1695304 0.03542688
Moved 1380.811 228.9047 253 -0.2275961 0.05642362
Moved 1380.869 208.421 254 -0.2631579 0.06076403
Moved 1380.932 193.1397 254 -0.289688 0.06076403
Moved 1380.996 183.2379 255 -0.3068787 0.06510431
Moved 1381.067 175.8439 255 -0.3197155 0.06510431
Moved 1381.169 170.6297 255 -0.3287678 0.06510431
Moved 1381.221 180.6753 260.5584 -0.3113276 0.08922922
Moved 1381.273 225.6683 272.4171 -0.2332147 0.1406992
Moved 1381.329 278.9057 281.7568 -0.1407888 0.1812363
Moved 1381.383 303.0658 285.1776 -0.09884418 0.1960834
Moved 1381.44 325.6959 291 -0.05955581 0.2213542
Moved 1381.513 340.6647 295 -0.03356822 0.2387153
Moved 1381.575 347.0822 298.0822 -0.02242677 0.2520928
Moved 1381.636 351 298 -0.01562499 0.2517361
Moved 1381.699 353.1019 299.1019 -0.0119758 0.256519
Moved 1381.798 355 299 -0.00868056 0.2560765
Moved 1381.857 356.2487 299 -0.006512627 0.2560765
Moved 1381.912 357.679 299 -0.004029423 0.2560765
Ended 1381.966 358.5 299 -0.002604164 0.2560765
Began 1382.26 530 139 0.2951389 -0.4383681
Stationary 1382.324 530 139 0.2951389 -0.4383681
Moved 1382.397 467.2172 188.837 0.186141 -0.2220614
Moved 1382.475 429.5 228 0.1206597 -0.05208334
Moved 1382.554 412.1024 249.3463 0.09045556 0.0405656
Moved 1382.621 402.7061 262.5879 0.07414245 0.09803773
Moved 1382.676 400 267.6039 0.06944448 0.1198085
Moved 1382.74 398 271.9853 0.06597222 0.1388251
Moved 1382.806 396.1313 275 0.06272785 0.1519097
Moved 1382.874 394.5 276 0.05989581 0.1562499
Moved 1382.931 393.8137 276 0.05870432 0.1562499
Moved 1382.988 382.2087 276 0.03855675 0.1562499
Moved 1383.058 354.0505 261.5931 -0.01032896 0.0937201
Moved 1383.113 320.6202 251.124 -0.06836769 0.04828149
Moved 1383.168 297.9021 246.1504 -0.1078088 0.02669454
Moved 1383.224 268.6294 244 -0.1586295 0.01736111
Moved 1383.279 250.1412 243 -0.190727 0.01302083
Moved 1383.338 238.2099 242 -0.2114411 0.008680689
Moved 1383.401 230.3391 242 -0.2251058 0.008680689
Moved 1383.483 224.5 242 -0.2352431 0.008680689
Moved 1383.545 222.7515 242 -0.2382786 0.008680689
Moved 1383.612 220.7738 242 -0.2417121 0.008680689
Moved 1383.711 218.6811 242 -0.2453453 0.008680689
Stationary 1383.773 219 242 -0.2447917 0.008680689
Moved 1383.834 228.4577 254.5793 -0.228372 0.06327855
Moved 1383.896 263.5168 269.7584 -0.1675055 0.1291598
Moved 1383.971 299.2218 283.8887 -0.1055177 0.1904894
Moved 1384.029 312.5 288.5 -0.08246525 0.2105034
Moved 1384.087 325.3674 294.1224 -0.06012611 0.2349064
Moved 1384.144 332.5526 298.5526 -0.04765172 0.2541348
Moved 1384.2 335.5 300.5 -0.04253473 0.2625868
Ended 1384.254 337 301 -0.03993057 0.2647568
Began 1384.625 410 152 0.08680553 -0.3819445
Stationary 1384.691 410 152 0.08680553 -0.3819445
Moved 1384.753 399.9484 164.3712 0.06935478 -0.3282498
Moved 1384.817 334.443 222.557 -0.04436981 -0.07570744
Moved 1384.886 309.6414 246.3585 -0.08742806 0.02759775
Moved 1384.953 291.7613 264.2387 -0.1184699 0.1052027
Moved 1385.031 273.3081 283.6919 -0.1505067 0.1896351
Moved 1385.14 254.8821 300.059 -0.1824964 0.2606727
Moved 1385.208 248.548 305.452 -0.1934931 0.2840801
Moved 1385.266 242.5 309.5 -0.2039931 0.3016495
Moved 1385.324 239.7256 311.2744 -0.2088096 0.3093505
Ended 1385.381 240 311 -0.2083333 0.3081597
Began 1385.666 112 222 -0.4305556 -0.07812487
Moved 1385.731 150.0285 222 -0.3645339 -0.07812487
Moved 1385.797 209.9576 217.3616 -0.2604902 -0.09825707
Moved 1385.858 269.9288 200.3491 -0.1563736 -0.1720957
Moved 1385.919 323.916 187.5955 -0.0626459 -0.2274503
Moved 1385.977 362.0407 173.6968 0.003542975 -0.2877743
Moved 1386.035 395.3375 167.1324 0.06134987 -0.3162653
Moved 1386.096 419.5803 160.8065 0.103438 -0.3437217
Moved 1386.165 433.0074 158 0.1267491 -0.3559029
Moved 1386.222 442.7372 156 0.1436409 -0.3645834
Moved 1386.278 448.1053 154 0.1529606 -0.3732637
Moved 1386.336 450.3213 152.6787 0.1568078 -0.3789985
Moved 1386.392 452.3734 153 0.1603706 -0.3776042
Moved 1386.448 454.2224 152 0.1635805 -0.3819445
Moved 1386.51 456.1867 152 0.1669908 -0.3819445
Moved 1386.57 457.1408 152 0.1686472 -0.3819445
Moved 1386.668 458 150.8115 0.1701389 -0.3871027
Stationary 1386.73 458 150.8115 0.1701389 -0.3871027
Moved 1386.787 459 151 0.171875 -0.3862847
Moved 1386.851 398.2682 177.8927 0.06643788 -0.269563
Moved 1386.912 347.8154 197.6505 -0.02115387 -0.1838084
Moved 1386.98 304 212.5 -0.09722222 -0.1193577
Moved 1387.042 280.0113 222.9944 -0.1388693 -0.0738091
Moved 1387.1 263.0166 228.3278 -0.168374 -0.05066077
Moved 1387.154 249.6834 231.1583 -0.1915219 -0.0383752
Moved 1387.211 239.7171 232 -0.2088245 -0.03472222
Moved 1387.314 211.4565 238.8479 -0.2578881 -0.005000565
Moved 1387.377 200.4799 239 -0.2769446 -0.004340146
Moved 1387.437 194.0642 241 -0.288083 0.004340278
Moved 1387.495 189.3371 243.6628 -0.2962898 0.01589775
Moved 1387.554 183.9729 249.0542 -0.3056026 0.03929774
Moved 1387.614 174.2318 260.5363 -0.3225142 0.08913332
Moved 1387.672 167.4786 270.5214 -0.3342385 0.1324712
Moved 1387.728 159.5126 285.9749 -0.3480684 0.1995437
Moved 1387.784 155.127 295.746 -0.3556823 0.2419534
Moved 1387.846 152.8287 300.1713 -0.3596725 0.2611603
Moved 1387.936 152 305.5 -0.3611111 0.2842882
Moved 1388 152 310.2502 -0.3611111 0.3049056
Moved 1388.064 169.9253 313 -0.3299908 0.3168403
Moved 1388.131 188.07 316.3567 -0.2984895 0.3314093
Moved 1388.203 209.4999 318 -0.2612849 0.3385417
Moved 1388.265 217.9459 319 -0.2466216 0.342882
Moved 1388.34 223.3389 319 -0.2372589 0.342882
Moved 1388.403 235.5 321.5 -0.2161459 0.3537328
Moved 1388.473 250.7522 322 -0.1896664 0.3559029
Moved 1388.549 264.4226 322 -0.1659329 0.3559029
Moved 1388.666 276.8102 322 -0.1444267 0.3559029
Moved 1388.735 279.0545 322 -0.1405304 0.3559029
Moved 1388.795 281.2334 322 -0.1367475 0.3559029
Stationary 1388.855 281 322 -0.1371528 0.3559029
Moved 1388.914 271.1191 322 -0.1543071 0.3559029
Moved 1388.978 255.5 322 -0.1814236 0.3559029
Moved 1389.043 240.4172 322 -0.207609 0.3559029
Moved 1389.122 224.0667 322 -0.2359953 0.3559029
Moved 1389.193 218.7986 315 -0.2451412 0.3255209
Moved 1389.255 217 315 -0.2482639 0.3255209
Moved 1389.377 214 315 -0.2534722 0.3255209
Moved 1389.443 213 314 -0.2552083 0.3211807
Moved 1389.502 211.7868 314 -0.2573146 0.3211807
Stationary 1389.562 212 314 -0.2569445 0.3211807
Stationary 1389.62 212 314 -0.2569445 0.3211807
Moved 1389.683 222.9078 306.2731 -0.2380073 0.2876437
Moved 1389.76 233.1268 287.7463 -0.220266 0.2072325
Moved 1389.853 243.7726 272.2274 -0.2017838 0.1398759
Moved 1389.918 247 266.7953 -0.1961806 0.116299
Moved 1389.998 250.4684 263 -0.1901589 0.0998264
Moved 1390.121 252 260 -0.1875 0.08680556
Ended 1390.182 252 260 -0.1875 0.08680556
PhraseEnd 1391
