one heck of a question
Basic
0.4 0.4
288 217.6
Began 455.8663 500 399 0.4861111 0.1424633
Stationary 455.9101 500 399 0.4861111 0.1424633
Stationary 455.9495 500 399 0.4861111 0.1424633
Stationary 455.9818 500 399 0.4861111 0.1424633
Stationary 456.0164 500 399 0.4861111 0.1424633
Moved 456.0497 488.5846 390.5847 0.4464744 0.1037898
Moved 456.0841 483.4259 386.4259 0.4285622 0.08467788
Moved 456.1198 478.4243 383.2122 0.4111956 0.06990896
Moved 456.1565 470.8152 376.8152 0.3847751 0.04051097
Moved 456.1924 466.0747 373.0746 0.3683149 0.02332099
Moved 456.2355 455.2272 363.1704 0.3306499 -0.02219495
Moved 456.2722 446.7621 354.5716 0.3012576 -0.06171129
Moved 456.3075 431.7355 339.7355 0.2490816 -0.129892
Moved 456.342 420.471 326.8387 0.2099688 -0.18916
Moved 456.3799 410.5102 315.0136 0.1753826 -0.2435035
Moved 456.4168 398.5 300 0.1336806 -0.3125
Moved 456.4539 393.6342 292.2683 0.1167853 -0.3480317
Moved 456.4919 386.6525 282.6525 0.09254337 -0.3922219
Moved 456.5267 383.5 278 0.08159727 -0.413603
Moved 456.5601 382 274.9188 0.07638887 -0.4277627
Moved 456.6151 378.5 270.5 0.06423608 -0.4480699
Moved 456.6487 379 269.8726 0.06597222 -0.4509531
Moved 456.6822 377.6845 270 0.06140471 -0.4503677
Moved 456.7161 376.9361 269 0.05880595 -0.4549633
Stationary 456.7494 377 269 0.05902782 -0.4549633
Moved 456.7818 373.5269 269 0.04696846 -0.4549633
Moved 456.8175 355.093 297.4698 -0.01703836 -0.3241276
Moved 456.8531 341.7308 318.2307 -0.06343462 -0.2287193
Moved 456.8895 329.1505 336.1894 -0.1071165 -0.1461885
Moved 456.925 316.0511 358.8978 -0.1526003 -0.04182998
Moved 456.9808 305 374.5 -0.1909722 0.02987147
Moved 457.0154 296.4323 391.3516 -0.2207211 0.1073141
Moved 457.0518 291.7061 400.9409 -0.2371318 0.151383
Moved 457.0872 286 409.5 -0.2569445 0.1907171
Moved 457.1236 282.5127 416.9746 -0.2690531 0.2250672
Moved 457.1605 279.6481 421.3519 -0.2789997 0.2451835
Moved 457.1958 277.7801 426.4399 -0.2854859 0.2685657
Moved 457.2307 276 431.1647 -0.2916667 0.2902789
Moved 457.2646 275 433.0346 -0.2951389 0.2988722
Moved 457.2984 274 434.9048 -0.2986111 0.3074669
Moved 457.3518 274 436 -0.2986111 0.3125
Ended 457.3862 274 437 -0.2986111 0.3170957
Began 457.6651 383 297 0.07986113 -0.3262866
Stationary 457.7086 383 297 0.07986113 -0.3262866
Stationary 457.7408 383 297 0.07986113 -0.3262866
Stationary 457.7742 383 297 0.07986113 -0.3262866
Moved 457.8147 359.9418 327.4304 -0.0002020597 -0.1864414
Moved 457.849 352.3163 341.245 -0.02667971 -0.1229549
Moved 457.8831 346.1619 353.6761 -0.04804887 -0.06582654
Moved 457.9162 340.0086 362.9827 -0.06941445 -0.02305746
Moved 457.9556 332.3955 376.9068 -0.09584904 0.04093213
Moved 457.9894 328.8301 385.5098 -0.1082289 0.08046775
Moved 458.0256 324.588 392.118 -0.1229583 0.1108365
Moved 458.0609 316.981 403.019 -0.1493716 0.1609331
Moved 458.0997 312.2478 408.7522 -0.1658063 0.1872804
Moved 458.1343 308.2589 413.7411 -0.1796567 0.2102075
Moved 458.1842 303 420.1075 -0.1979167 0.2394648
Moved 458.2201 300.257 422.7429 -0.2074408 0.2515759
Moved 458.2555 298.7354 424.2645 -0.2127241 0.2585686
Moved 458.2891 298 426.3974 -0.2152778 0.2683704
Moved 458.3219 297 427.2669 -0.21875 0.2723664
Moved 458.3538 295.7778 428.2222 -0.2229937 0.2767563
Moved 458.3861 294.9796 429.0204 -0.2257654 0.280425
Stationary 458.4183 294.9796 429.0204 -0.2257654 0.280425
Stationary 458.4497 294.9796 429.0204 -0.2257654 0.280425
Moved 458.4821 294 430.5 -0.2291667 0.2872243
Stationary 458.5338 294 430.5 -0.2291667 0.2872243
Moved 458.5653 294 430 -0.2291667 0.2849265
Moved 458.6026 291.5 409.5 -0.2378472 0.1907171
Moved 458.6372 292 393.9426 -0.2361111 0.1192218
Moved 458.6728 292 382.3131 -0.2361111 0.06577717
Moved 458.7096 292 362.3285 -0.2361111 -0.02606392
Moved 458.7453 292 350.6372 -0.2361111 -0.07979225
Moved 458.7812 292 341.8546 -0.2361111 -0.1201534
Moved 458.8362 299 326.8702 -0.2118056 -0.1890155
Moved 458.8738 300 322.5102 -0.2083334 -0.2090524
Moved 458.9292 302.6259 314.3741 -0.1992157 -0.2464427
Moved 458.9624 304 310.0166 -0.1944444 -0.2664678
Moved 458.9956 305 305.2783 -0.1909722 -0.2882433
Moved 459.028 305.9288 303.0712 -0.1877471 -0.2983862
Moved 459.0612 307 298.7634 -0.1840278 -0.3181828
Moved 459.0937 308 296.9445 -0.1805556 -0.3265418
Moved 459.1277 309 295.3556 -0.1770833 -0.3338437
Moved 459.161 310.2562 293.7438 -0.1727217 -0.3412508
Moved 459.1952 311.3819 293 -0.168813 -0.3446691
Moved 459.2286 312.5 293 -0.1649305 -0.3446691
Moved 459.2829 341.9929 303.4965 -0.06252468 -0.2964316
Moved 459.317 373.5 316.5 0.04687503 -0.2366727
Moved 459.3503 408.5988 333.2794 0.1687458 -0.1595615
Moved 459.3859 438.7063 347.6826 0.2732858 -0.09337047
Moved 459.4218 447.6403 352.2134 0.3043066 -0.07254854
Moved 459.4584 453.4694 355.4694 0.3245465 -0.05758567
Moved 459.4972 460.0765 359.0383 0.3474878 -0.04118429
Moved 459.5327 461.9027 359.9028 0.353829 -0.03721153
Moved 459.5718 464 361 0.3611112 -0.03216912
Moved 459.6124 465.3708 361 0.3658707 -0.03216912
Moved 459.6671 466.5 362 0.3697917 -0.02757339
Moved 459.702 467.1402 362 0.3720147 -0.02757339
Moved 459.7381 467 363.248 0.3715278 -0.0218383
Stationary 459.7721 467 363.248 0.3715278 -0.0218383
Moved 459.8057 468.1391 363 0.3754829 -0.02297794
Ended 459.841 468 363 0.375 -0.02297794
Began 460.1261 487 443 0.4409722 0.3446691
Stationary 460.1716 487 443 0.4409722 0.3446691
Stationary 460.2051 487 443 0.4409722 0.3446691
Stationary 460.2381 487 443 0.4409722 0.3446691
Moved 460.2711 474.4041 437.4143 0.3972364 0.3189997
Moved 460.3061 466.9914 432.3305 0.371498 0.2956365
Moved 460.341 453.1142 426.2786 0.3233132 0.2678244
Moved 460.3761 443.5339 422.5113 0.2900483 0.2505115
Moved 460.4109 433.918 418.6393 0.2566597 0.2327176
Moved 460.4461 423.5 412 0.2204861 0.202206
Moved 460.4826 414.0403 408.5201 0.1876398 0.1862139
Moved 460.5176 402.5525 403.7762 0.1477516 0.164413
Moved 460.5517 388.1408 398.0469 0.09771124 0.1380835
Moved 460.5875 365.3492 388.1164 0.01857355 0.09244667
Moved 460.6254 348.9148 381.3659 -0.03849037 0.06142421
Moved 460.6632 331.492 372.746 -0.09898612 0.02181067
Moved 460.6989 324.108 370.3693 -0.1246251 0.01088858
Moved 460.7542 309.9488 363.6496 -0.173789 -0.01999266
Moved 460.7882 306.1283 362 -0.1870546 -0.02757339
Moved 460.8238 302.2178 360 -0.2006325 -0.03676471
Moved 460.8606 297.9106 356.9106 -0.2155883 -0.05096225
Moved 460.8959 295.292 356.292 -0.2246805 -0.05380519
Moved 460.9309 292.5269 356 -0.2342817 -0.05514707
Moved 460.9685 290.6551 355 -0.240781 -0.05974251
Moved 461.0027 288.5 355 -0.2482639 -0.05974251
Moved 461.0364 287.8944 354 -0.2503665 -0.0643381
Moved 461.0772 286.5 354 -0.2552083 -0.0643381
Moved 461.1375 285.6378 354 -0.2582019 -0.0643381
Moved 461.1792 285.2119 353 -0.2596811 -0.06893383
Moved 461.2141 284.5 353 -0.2621528 -0.06893383
Moved 461.2516 284 353 -0.2638889 -0.06893383
Stationary 461.2881 284 353 -0.2638889 -0.06893383
Ended 461.3234 284 353 -0.2638889 -0.06893383
Began 462.1604 204 354 -0.5416667 -0.0643381
Stationary 462.2032 204 354 -0.5416667 -0.0643381
Stationary 462.2373 204 354 -0.5416667 -0.0643381
Stationary 462.2697 204 354 -0.5416667 -0.0643381
Moved 462.3033 215.831 363.4648 -0.500587 -0.02084199
Moved 462.3386 222.0968 366.0968 -0.4788306 -0.008746317
Moved 462.3729 235.0664 370.7109 -0.4337971 0.01245849
Moved 462.4083 241.614 372.8713 -0.4110626 0.02238666
Moved 462.4435 249.2303 374.7434 -0.3846171 0.03098993
Moved 462.4808 258.0918 378.0459 -0.3538478 0.04616681
Moved 462.519 262.6178 379 -0.3381325 0.05055162
Moved 462.553 266.4884 380 -0.3246931 0.0551472
Moved 462.5879 270.7888 381 -0.309761 0.05974266
Moved 462.6367 273.7598 382.7598 -0.299445 0.06783009
Moved 462.6694 276.6292 383.6293 -0.2894818 0.07182571
Moved 462.7027 278.4994 384.4993 -0.2829883 0.07582406
Moved 462.7358 281.9931 385.9965 -0.2708574 0.08270468
Moved 462.7704 285.3062 388.3062 -0.2593533 0.09331893
Moved 462.8064 286.5 388 -0.2552083 0.09191184
Moved 462.8433 287.2018 388 -0.2527714 0.09191184
Ended 462.8841 288.1492 388 -0.249482 0.09191184
Began 463.8087 221 441 -0.4826389 0.3354779
Stationary 463.8529 221 441 -0.4826389 0.3354779
Stationary 463.8867 221 441 -0.4826389 0.3354779
Moved 463.9224 232.1699 441 -0.4438545 0.3354779
Moved 463.9585 249.1432 441 -0.3849196 0.3354779
Moved 463.9939 264.4839 441 -0.3316533 0.3354779
Moved 464.0286 279.8016 441 -0.2784666 0.3354779
Moved 464.0646 300.8383 441 -0.2054227 0.3354779
Moved 464.1037 311.1021 441 -0.1697846 0.3354779
Moved 464.1378 320.7141 441 -0.1364096 0.3354779
Moved 464.1786 331.6168 441 -0.0985527 0.3354779
Moved 464.2144 338.4835 441 -0.07471018 0.3354779
Moved 464.2499 347.5215 441 -0.04332826 0.3354779
Moved 464.2849 354.0944 441 -0.02050556 0.3354779
Moved 464.3198 360.8267 441 0.00287056 0.3354779
Moved 464.3543 367.8471 441 0.02724707 0.3354779
Moved 464.3905 375.5352 441 0.05394146 0.3354779
Moved 464.4273 381.2712 441 0.07385836 0.3354779
Moved 464.4626 387.0096 441 0.09378315 0.3354779
Moved 464.4967 393.9149 441 0.11776 0.3354779
Moved 464.5553 399.2485 441 0.1362795 0.3354779
Moved 464.5898 402.1143 441 0.1462303 0.3354779
Moved 464.624 404.0654 441 0.1530048 0.3354779
Stationary 464.6625 404.0654 441 0.1530048 0.3354779
Moved 464.6956 405.1082 441 0.1566257 0.3354779
Stationary 464.7286 405 441 0.15625 0.3354779
Stationary 464.7613 405 441 0.15625 0.3354779
Moved 464.799 388.133 441 0.09768397 0.3354779
Moved 464.8377 361.5 430.5 0.005208403 0.2872243
Moved 464.8796 333.9427 431 -0.09047687 0.289522
Moved 464.9413 307.9495 429 -0.1807309 0.280331
Moved 464.9789 299.8265 428 -0.2089358 0.2757353
Moved 465.0155 293.0869 428 -0.232337 0.2757353
Moved 465.0526 288.0928 428 -0.2496778 0.2757353
Moved 465.0876 285.2249 428 -0.2596356 0.2757353
Moved 465.1259 282.9639 428 -0.2674865 0.2757353
Stationary 465.1632 282.9639 428 -0.2674865 0.2757353
Moved 465.1983 281.7742 428 -0.2716174 0.2757353
Stationary 465.2331 281.7742 428 -0.2716174 0.2757353
Moved 465.2675 281 428 -0.2743056 0.2757353
Stationary 465.3234 281 428 -0.2743056 0.2757353
Stationary 465.3571 281 428 -0.2743056 0.2757353
Stationary 465.3899 281 428 -0.2743056 0.2757353
Moved 465.4238 281 418.0272 -0.2743056 0.2299043
Moved 465.4589 279.8071 407.4213 -0.2784477 0.1811639
Moved 465.4953 279 394.3025 -0.2812501 0.1208754
Moved 465.5308 276.9602 385.8807 -0.2883326 0.08217258
Moved 465.5704 275.0911 378.2733 -0.2948226 0.04721165
Moved 465.6079 274 371.2786 -0.2986111 0.01506707
Moved 465.6449 273 367.274 -0.3020833 -0.003336177
Moved 465.7064 272 361.9294 -0.3055556 -0.02789792
Moved 465.7442 272 358.5325 -0.3055556 -0.04350859
Moved 465.7825 271 358 -0.3090279 -0.04595589
Moved 465.8218 271 355.9356 -0.3090279 -0.05544299
Stationary 465.857 271 356 -0.3090279 -0.05514707
Moved 465.8914 271 355 -0.3090279 -0.05974251
Moved 465.9284 271 353.5 -0.3090279 -0.06663603
Moved 465.9651 271 354 -0.3090279 -0.0643381
Stationary 466.0021 271 354 -0.3090279 -0.0643381
Stationary 466.0378 271 354 -0.3090279 -0.0643381
Stationary 466.1032 271 354 -0.3090279 -0.0643381
Stationary 466.1381 271 354 -0.3090279 -0.0643381
Moved 466.1728 283.8324 368.8324 -0.2644707 0.003825356
Moved 466.2084 292.2452 379.3269 -0.2352598 0.05205379
Moved 466.2432 300.9425 389.9234 -0.2050606 0.100751
Moved 466.2773 307.1007 397.651 -0.1836782 0.1362638
Moved 466.3123 318.5186 408.5186 -0.1440328 0.1862066
Moved 466.3469 324.4337 414.4337 -0.1234941 0.2133902
Moved 466.3857 328.5072 418.2536 -0.1093501 0.2309449
Moved 466.4211 335.5542 425.5542 -0.08488134 0.2644954
Moved 466.4778 339.5 429.5 -0.07118054 0.2826287
Moved 466.5176 343 433.7943 -0.05902775 0.3023637
Moved 466.552 344.6629 435 -0.05325385 0.3079045
Moved 466.5881 346 436.6382 -0.04861109 0.3154328
Moved 466.6223 347 437 -0.0451389 0.3170957
Moved 466.6563 348.3737 438 -0.04036926 0.3216912
Moved 466.6905 349.3734 439.3734 -0.03689774 0.3280028
Moved 466.7248 359.7657 440 -0.0008136779 0.3308824
Moved 466.7584 372.3304 441 0.04281387 0.3354779
Moved 466.7915 386.6682 442.9337 0.09259791 0.3443643
Moved 466.8451 405.779 443 0.1589549 0.3446691
Moved 466.8795 418.6827 443 0.2037594 0.3446691
Moved 466.9128 423.6556 443 0.2210266 0.3446691
Moved 466.9464 429.2761 443 0.2405422 0.3446691
Moved 466.9799 432.5 443 0.251736 0.3446691
Moved 467.0132 435.3806 443 0.2617383 0.3446691
Moved 467.0484 439.5 443 0.2760417 0.3446691
Moved 467.0843 442.1809 443 0.2853505 0.3446691
Moved 467.1193 444.025 443 0.2917534 0.3446691
Moved 467.158 446.014 443 0.2986597 0.3446691
Moved 467.2175 447.7643 443 0.3047373 0.3446691
Moved 467.2532 449.1199 443 0.3094442 0.3446691
Moved 467.2904 454.2966 443 0.3274187 0.3446691
Moved 467.3267 460.9011 443 0.3503509 0.3446691
Moved 467.364 463.0199 443 0.3577079 0.3446691
Moved 467.3997 465.8921 443 0.3676808 0.3446691
Moved 467.4338 469.5 443 0.3802084 0.3446691
Moved 467.4678 470.3111 443 0.3830247 0.3446691
Moved 467.5018 470 433.8364 0.3819445 0.3025572
Moved 467.5362 470 425.2131 0.3819445 0.262928
Moved 467.5922 456.5496 394.2824 0.3352417 0.1207833
Moved 467.6276 446.249 372.498 0.2994757 0.02067089
Moved 467.6618 437.3201 353.6403 0.2684727 -0.06599146
Moved 467.6967 425.9417 332.3541 0.2289641 -0.1638141
Moved 467.7299 419.1956 317.989 0.2055402 -0.2298299
Moved 467.7635 413.4543 305.9086 0.1856053 -0.2853464
Moved 467.7971 409.8564 297.5692 0.1731125 -0.3236711
Moved 467.8347 405.9016 288.8032 0.1593805 -0.3639559
Moved 467.8716 403.0323 285.0323 0.1494178 -0.381285
Moved 467.9196 400.5 280 0.1406249 -0.4044116
Moved 467.9797 398.2925 276 0.1329599 -0.4227943
Moved 468.0203 396.5 274 0.1267362 -0.4319852
Moved 468.0549 397 272.9575 0.1284722 -0.4367764
Ended 468.0918 397 272 0.1284722 -0.4411764
PhraseEnd 469.4267
