breathing is difficult
Basic
0.4 0.4
288 217.6
Began 470.658 404 249 0.1527777 -0.5468749
Stationary 470.7054 404 249 0.1527777 -0.5468749
Stationary 470.7424 404 249 0.1527777 -0.5468749
Stationary 470.7771 404 249 0.1527777 -0.5468749
Stationary 470.811 404 249 0.1527777 -0.5468749
Stationary 470.8436 404 249 0.1527777 -0.5468749
Moved 470.8781 393.5 259 0.1163195 -0.500919
Moved 470.9157 388.2647 267.4706 0.09814128 -0.4619919
Moved 470.9535 384.3903 276.4388 0.08468867 -0.4207776
Moved 470.9907 380.5222 286.4333 0.07125766 -0.3748469
Moved 471.0282 374.5703 299.2891 0.05059123 -0.3157668
Moved 471.0668 369.4023 307.8965 0.03264695 -0.2762109
Moved 471.1035 361.5406 320.9188 0.005349368 -0.2163659
Moved 471.154 350.2013 337.7987 -0.0340233 -0.1387927
Moved 471.1921 342.5892 346.4108 -0.06045409 -0.09921523
Moved 471.2281 334.1327 358.7346 -0.08981705 -0.04257974
Moved 471.2639 327.3847 366.9229 -0.1132475 -0.00494985
Moved 471.3011 321.3852 374.6147 -0.1340791 0.03039865
Moved 471.3369 318.8843 379.2314 -0.1427628 0.05161482
Moved 471.3721 317 384.9643 -0.1493056 0.07796099
Moved 471.4086 313.7167 392.5665 -0.1607058 0.1128977
Moved 471.4457 313 395.8276 -0.1631945 0.1278844
Moved 471.4828 312 401.3964 -0.1666667 0.1534761
Moved 471.5421 310.5729 410.8542 -0.171622 0.1969406
Moved 471.5798 311 417.7629 -0.1701389 0.2286897
Moved 471.6142 311 423.4885 -0.1701389 0.2550022
Moved 471.6488 311 428.1138 -0.1701389 0.2762584
Moved 471.6842 311 434.1154 -0.1701389 0.3038392
Moved 471.7196 311 436.9917 -0.1701389 0.3170574
Moved 471.7531 311 438.3724 -0.1701389 0.3234026
Stationary 471.7865 311 438.3724 -0.1701389 0.3234026
Moved 471.8242 311 439.1722 -0.1701389 0.3270784
Stationary 471.8579 311 439 -0.1701389 0.3262869
Stationary 471.913 311 439 -0.1701389 0.3262869
Moved 471.9463 309.6298 439 -0.1748966 0.3262869
Moved 471.9797 308.943 439 -0.1772813 0.3262869
Moved 472.0127 307.7758 439 -0.1813342 0.3262869
Moved 472.0464 305.5 439 -0.1892361 0.3262869
Moved 472.0805 303.5 439 -0.1961806 0.3262869
Moved 472.114 301.6617 439 -0.2025634 0.3262869
Moved 472.1483 298.5 439 -0.2135417 0.3262869
Moved 472.1817 296.5 439 -0.2204861 0.3262869
Moved 472.2154 294.8462 439 -0.2262286 0.3262869
Moved 472.2705 291.6276 439 -0.2374041 0.3262869
Moved 472.3078 291.1975 439 -0.2388977 0.3262869
Moved 472.3489 290.2335 439 -0.2422449 0.3262869
Moved 472.3823 289.5 439 -0.2447917 0.3262869
Moved 472.4159 289.4983 439 -0.2447977 0.3262869
Moved 472.4496 287.9935 439 -0.2500225 0.3262869
Moved 472.4844 280.363 429.363 -0.2765172 0.2819993
Moved 472.5216 272.4495 419.2659 -0.303995 0.2355971
Moved 472.5582 265.8083 411.8083 -0.3270546 0.2013249
Moved 472.593 255.9385 399.9077 -0.3613247 0.1466348
Moved 472.6512 247.3361 388.0042 -0.391194 0.09193127
Moved 472.691 242.7111 381.7111 -0.4072532 0.06301039
Moved 472.7273 239.8536 376.7072 -0.417175 0.04001477
Moved 472.7635 236.8924 371.7849 -0.4274569 0.01739376
Moved 472.7997 234.9868 368.9868 -0.4340735 0.004535002
Moved 472.8387 233 364.6844 -0.4409722 -0.01523691
Moved 472.8737 232 363.1144 -0.4444444 -0.02245202
Moved 472.9097 232 361.6442 -0.4444444 -0.02920852
Moved 472.9464 231 361 -0.4479167 -0.03216912
Stationary 472.9834 231 361 -0.4479167 -0.03216912
Stationary 473.0399 231 361 -0.4479167 -0.03216912
Moved 473.0723 244.3714 370.2476 -0.4014881 0.01032913
Moved 473.106 256.3252 375.9951 -0.3599819 0.03674227
Moved 473.1431 269.6139 385.0759 -0.3138407 0.07847387
Moved 473.1786 285.3767 396.5325 -0.2591088 0.1311238
Moved 473.2146 292.7994 402.533 -0.2333353 0.1586993
Moved 473.2538 304.3085 415.3085 -0.1933733 0.2174106
Moved 473.2901 310.0446 421.0446 -0.1734563 0.2437712
Moved 473.3275 314.0683 426.1366 -0.1594851 0.2671718
Moved 473.3647 320.3943 432.3943 -0.1375196 0.2959299
Moved 473.4266 326.8467 439.8467 -0.1151155 0.330178
Moved 473.4624 329.6612 443.3224 -0.1053429 0.346151
Moved 473.4981 332.5 446.5 -0.09548612 0.3607538
Moved 473.536 336.5 450.5 -0.08159719 0.3791361
Moved 473.5736 339.3356 454.6711 -0.07175148 0.3983049
Moved 473.611 342.2054 457.2054 -0.06178699 0.4099512
Moved 473.6458 345.5 460.5 -0.05034723 0.425092
Moved 473.6886 347 462.4877 -0.0451389 0.4342265
Moved 473.7232 348.1177 462 -0.04125796 0.4319854
Stationary 473.7583 348.1177 462 -0.04125796 0.4319854
Moved 473.8136 350.588 462 -0.03268071 0.4319854
Moved 473.8483 354.9742 450.0258 -0.01745075 0.376957
Moved 473.8829 357.0347 442.8959 -0.01029626 0.3441909
Moved 473.9198 362.3497 432.9508 0.008158833 0.2984873
Moved 473.9548 366.2173 423.3481 0.02158776 0.2543574
Moved 473.9941 371.1879 410.4364 0.03884673 0.1950202
Moved 474.0331 374.0535 402.893 0.04879683 0.1603539
Moved 474.0686 377.3614 394.2772 0.06028266 0.1207594
Moved 474.1062 378.8669 389.2662 0.06551012 0.09773052
Moved 474.1486 382 382.6684 0.07638887 0.06740992
Moved 474.2059 385.4666 377.5333 0.08842588 0.04381138
Moved 474.2403 386 373.5549 0.09027779 0.02552818
Moved 474.2741 387 372.5 0.09375007 0.02068015
Moved 474.3064 388 372 0.09722218 0.0183825
Moved 474.3391 389 372 0.1006945 0.0183825
Moved 474.3714 390.5675 372 0.1061371 0.0183825
Moved 474.404 393.431 372 0.1160799 0.0183825
Moved 474.4372 398.0034 384.0067 0.131956 0.07356034
Moved 474.4709 410.9417 407.8834 0.1768808 0.1832877
Moved 474.5056 417.4968 417.4968 0.1996416 0.2274671
Moved 474.5618 428.7248 441.2997 0.2386276 0.3368551
Moved 474.5988 433.444 448.888 0.2550139 0.3717281
Moved 474.6376 435 452.3116 0.2604167 0.3874616
Moved 474.678 437 455.2478 0.2673611 0.400955
Moved 474.7165 438 456 0.2708334 0.4044117
Stationary 474.7524 438 456 0.2708334 0.4044117
Stationary 474.7875 438 456 0.2708334 0.4044117
Moved 474.8242 438 444.5941 0.2708334 0.3519951
Moved 474.861 438 431.3206 0.2708334 0.2909953
Moved 474.8998 438 406.601 0.2708334 0.1773945
Moved 474.9601 427.6171 382.0855 0.2347817 0.06473121
Moved 474.9979 424.6151 361.0753 0.2243579 -0.03182327
Moved 475.0399 420.3005 345.9015 0.2093768 -0.1015557
Moved 475.0816 418.4475 336.895 0.2029428 -0.1429457
Moved 475.1212 414.5 324.5 0.1892361 -0.199908
Moved 475.1566 412.6093 319.2186 0.1826712 -0.224179
Moved 475.1918 411 312 0.1770833 -0.2573528
Moved 475.2288 408.807 307.614 0.1694688 -0.277509
Moved 475.2667 408 304.9378 0.1666667 -0.2898078
Moved 475.3049 406.5 302.5 0.1614584 -0.3010111
Moved 475.3629 404.233 300.233 0.1535869 -0.3114291
Moved 475.3994 401.7188 299.3594 0.144857 -0.3154438
Moved 475.4352 397.7621 299 0.1311186 -0.3170955
Moved 475.4716 390.0732 299 0.1044206 -0.3170955
Moved 475.5084 384.335 299 0.08449645 -0.3170955
Moved 475.5523 374.9907 310.6729 0.05205095 -0.2634517
Moved 475.589 369.5889 316.4111 0.03329486 -0.2370815
Moved 475.6237 361.9864 325.5204 0.006897151 -0.1952185
Moved 475.6584 358.9578 333.1266 -0.003618747 -0.1602639
Moved 475.6942 356.0919 341.7243 -0.01356982 -0.1207522
Moved 475.7556 352.5 353 -0.02604165 -0.06893383
Moved 475.7911 352 359.1592 -0.02777778 -0.04062877
Moved 475.8256 352 362.4528 -0.02777778 -0.0254927
Moved 475.8597 350.6908 365.3092 -0.0323236 -0.01236565
Moved 475.8938 351 366.3212 -0.03124997 -0.007714946
Moved 475.9294 351 367 -0.03124997 -0.004595448
Ended 475.9631 351 367 -0.03124997 -0.004595448
Began 476.2586 448 423 0.3055556 0.2527574
Stationary 476.3009 448 423 0.3055556 0.2527574
Stationary 476.334 448 423 0.3055556 0.2527574
Stationary 476.3672 448 423 0.3055556 0.2527574
Moved 476.4046 439.9824 423 0.2777165 0.2527574
Moved 476.4424 430.4247 423 0.2445303 0.2527574
Moved 476.4773 423.8739 423 0.2217844 0.2527574
Moved 476.5139 416.4846 418.5981 0.1961273 0.2325283
Moved 476.5502 403.1356 413 0.1497764 0.2068015
Moved 476.5877 392.8114 411.2029 0.1139286 0.1985428
Moved 476.6257 376.9428 406.2357 0.05882934 0.1757157
Moved 476.6629 365.4659 402.3665 0.01897886 0.1579341
Moved 476.6997 352.9476 397.3159 -0.0244876 0.1347238
Moved 476.742 343.2661 394.5665 -0.05810395 0.1220889
Moved 476.7793 330.0628 389.5314 -0.1039485 0.09894968
Moved 476.8346 320.8858 385.5905 -0.1358132 0.08083877
Moved 476.8712 312.9866 380.9866 -0.163241 0.05968123
Moved 476.909 307.238 379.119 -0.1832015 0.05109857
Moved 476.9462 301.339 375.1695 -0.2036842 0.03294805
Moved 476.9827 298.2994 373.2994 -0.2142381 0.02435404
Moved 477.0232 292.9897 371 -0.2326748 0.01378677
Moved 477.0616 290.4301 369 -0.2415622 0.004595589
Moved 477.0998 286.1239 367 -0.2565143 -0.004595448
Moved 477.1396 283.2551 365.2551 -0.2664754 -0.01261459
Moved 477.1758 280.7224 363.7225 -0.2752693 -0.01965775
Moved 477.2332 277.6266 363 -0.286019 -0.02297794
Ended 477.2694 277 362 -0.2881944 -0.02757339
Began 477.7084 306 305 -0.1875 -0.2895219
Stationary 477.7491 306 305 -0.1875 -0.2895219
Stationary 477.7836 306 305 -0.1875 -0.2895219
Stationary 477.8219 306 305 -0.1875 -0.2895219
Moved 477.8573 314.0778 316.5396 -0.1594523 -0.2364908
Moved 477.8929 319.9943 323.9943 -0.1389087 -0.2022318
Moved 477.9291 328.6048 336.8064 -0.1090111 -0.1433528
Moved 477.9656 342.4769 351.4769 -0.06084412 -0.07593352
Moved 478.0014 351.0664 360.0664 -0.03101945 -0.03645939
Moved 478.0384 358.7478 366.7478 -0.00434801 -0.005754584
Moved 478.0744 368.6392 374.7595 0.02999723 0.03106356
Moved 478.1204 379.5453 383.1818 0.06786555 0.06976914
Moved 478.1587 385.3669 389.3669 0.08807958 0.09819375
Moved 478.195 396.0603 398.0602 0.1252092 0.1381445
Moved 478.2322 403.659 403.7726 0.1515937 0.1643965
Moved 478.2697 413.6579 411.6579 0.1863122 0.2006337
Moved 478.317 423.2439 419.1219 0.2195968 0.2349354
Moved 478.3545 426.9778 421.9778 0.232562 0.24806
Moved 478.3942 431.9555 425 0.2498457 0.2619486
Moved 478.4321 434.8234 427 0.2598034 0.2711398
Moved 478.4691 437 429 0.2673611 0.280331
Moved 478.5316 438.5 430.5 0.2725695 0.2872243
Moved 478.5674 439.1492 430 0.2748236 0.2849265
Stationary 478.6061 439.1492 430 0.2748236 0.2849265
Stationary 478.6401 439.1492 430 0.2748236 0.2849265
Stationary 478.674 439.1492 430 0.2748236 0.2849265
Stationary 478.7104 439 430 0.2743055 0.2849265
Stationary 478.7499 439 430 0.2743055 0.2849265
Moved 478.7852 428.5564 430 0.2380431 0.2849265
Moved 478.8217 421.5 430 0.2135417 0.2849265
Moved 478.8582 403.5394 416.7697 0.1511784 0.2241252
Moved 478.9192 378.5931 406.6483 0.06455943 0.1776115
Moved 478.9546 367.413 400.2065 0.02573952 0.1480078
Moved 478.99 358.7079 395.472 -0.004486293 0.12625
Moved 479.0244 345.8069 388.8712 -0.04928179 0.09591559
Moved 479.0593 339.4213 386.4213 -0.07145397 0.08465669
Moved 479.0959 333.1028 383.5514 -0.09339325 0.07146794
Moved 479.1332 325.494 378.247 -0.1198123 0.04709104
Moved 479.1709 321.6848 376.6848 -0.1330388 0.03991184
Moved 479.2079 317.3846 374 -0.1479703 0.02757367
Moved 479.2427 315.518 372.518 -0.1544514 0.02076289
Moved 479.2988 313.5518 372 -0.1612783 0.0183825
Moved 479.3327 313 371.2459 -0.1631945 0.01491687
Moved 479.3668 311.6908 371 -0.1677402 0.01378677
Stationary 479.4037 312 371 -0.1666667 0.01378677
Moved 479.4395 311 371 -0.1701389 0.01378677
Stationary 479.4763 311 371 -0.1701389 0.01378677
Stationary 479.512 311 371 -0.1701389 0.01378677
Moved 479.5439 310 370 -0.1736111 0.009191178
Stationary 479.5802 310 370 -0.1736111 0.009191178
Stationary 479.6121 310 370 -0.1736111 0.009191178
Stationary 479.6634 310 370 -0.1736111 0.009191178
Stationary 479.6954 310 370 -0.1736111 0.009191178
Stationary 479.7268 310 370 -0.1736111 0.009191178
Moved 479.7643 332 384 -0.09722225 0.07352956
Moved 479.8001 346.1162 393.2697 -0.04820756 0.1161294
Moved 479.8361 359.7708 402.809 -0.000795871 0.1599681
Moved 479.8744 379.083 414.5415 0.0662604 0.2138857
Moved 479.9136 392.6464 423.3878 0.1133557 0.2545397
Moved 479.9522 408.2321 433.1161 0.1674727 0.2992467
Moved 479.9879 416.8601 439.9301 0.197431 0.3305609
Moved 480.05 428.4985 449.2493 0.2378422 0.3733882
Moved 480.0869 433.6402 453 0.2556952 0.390625
Moved 480.1257 434 454.0758 0.2569445 0.395569
Moved 480.1631 435 454 0.2604167 0.3952207
Stationary 480.1972 435 454 0.2604167 0.3952207
Stationary 480.2306 435 454 0.2604167 0.3952207
Stationary 480.2651 435 454 0.2604167 0.3952207
Moved 480.3013 418.7493 431.6866 0.2039907 0.2926776
Moved 480.3397 409.2784 418.348 0.1711057 0.2313787
Moved 480.3831 389.6047 394.7054 0.102794 0.1227272
Moved 480.4464 363.4618 363.8272 0.01202002 -0.01917629
Moved 480.4839 352.0071 349.5089 -0.02775319 -0.08497757
Moved 480.5186 338.2477 333.2477 -0.07552877 -0.1597074
Moved 480.5535 328.7689 320.7689 -0.1084415 -0.2170549
Moved 480.5877 322.6526 311.4789 -0.1296786 -0.2597477
Moved 480.6243 314.7012 300.5518 -0.1572875 -0.3099639
Moved 480.6591 311.9803 296.9607 -0.1667349 -0.3264674
Moved 480.6942 310 293.1118 -0.1736111 -0.3441553
Moved 480.7289 307.5996 290.5996 -0.1819458 -0.3557005
Moved 480.7654 305.3008 287 -0.1899278 -0.3722425
Moved 480.8217 304.2296 285 -0.1936472 -0.3814338
Moved 480.855 304 283.626 -0.1944444 -0.387748
Stationary 480.8895 304 284 -0.1944444 -0.3860293
Stationary 480.9246 304 284 -0.1944444 -0.3860293
Stationary 480.9571 304 284 -0.1944444 -0.3860293
Moved 480.9952 304 292.7855 -0.1944444 -0.3456551
Moved 481.0327 314.8965 303.793 -0.1566094 -0.2950687
Moved 481.0714 330.5533 330.7182 -0.1022457 -0.1713318
Moved 481.1139 338.8099 345.6198 -0.07357672 -0.1028501
Moved 481.1532 349.5327 363.7103 -0.03634461 -0.01971357
Moved 481.2133 362.9358 387.9036 0.01019359 0.09146895
Moved 481.251 368.6733 395.6733 0.0301157 0.1271752
Moved 481.2883 375.7872 404.7872 0.05481661 0.1690588
Moved 481.3244 379.3239 410.3239 0.06709695 0.1945033
Moved 481.3633 383.7343 415.7344 0.08241087 0.2193675
Moved 481.3991 386.5221 419.0441 0.09209052 0.2345778
Moved 481.4351 390.7816 422.3908 0.1068805 0.2499578
Moved 481.4717 393.5 427.5 0.1163195 0.2734375
Moved 481.5084 396.2279 430.228 0.1257914 0.2859741
Moved 481.5451 398.0974 432 0.1322827 0.2941177
Moved 481.6031 401.3415 435 0.1435469 0.3079045
Moved 481.639 402.1663 436 0.1464108 0.3125
Moved 481.674 403 437 0.1493056 0.3170957
Stationary 481.7091 403 437 0.1493056 0.3170957
Moved 481.7455 407.1046 437 0.1635575 0.3170957
Moved 481.7855 419.0764 427.4883 0.2051264 0.2733839
Moved 481.8281 432.2296 420.0778 0.2507974 0.2393279
Moved 481.8653 438.3434 413.6566 0.2720258 0.209819
Moved 481.9033 451.4314 401.5687 0.31747 0.1542679
Moved 481.9408 456.0968 397.9032 0.3336693 0.1374229
Moved 482.0011 462.7771 392.223 0.3568648 0.1113189
Moved 482.0353 465.5 389.5 0.3663194 0.09880515
Moved 482.071 468 387.3978 0.375 0.08914457
Moved 482.1067 470.4735 386 0.3835885 0.08272059
Moved 482.1414 471.1678 383.8322 0.3859996 0.07275821
Moved 482.1768 472 382.5 0.3888889 0.06663603
Moved 482.2123 473 381.5 0.3923612 0.06204045
Moved 482.2473 474.5 380.5 0.3975694 0.05744486
Stationary 482.2818 474.5 380.5 0.3975694 0.05744486
Moved 482.3154 474 380 0.3958334 0.0551472
Moved 482.3747 461.9781 379 0.3540907 0.05055162
Moved 482.413 429.3309 379 0.2407323 0.05055162
Moved 482.4487 411.2366 379 0.1779048 0.05055162
Moved 482.4885 389.2254 390.9099 0.1014772 0.1052843
Moved 482.5253 379.5278 393.8241 0.06780475 0.1186769
Moved 482.5615 367.6135 399.1288 0.0264357 0.1430554
Moved 482.6007 362.0057 402.6647 0.006964356 0.1593048
Moved 482.6368 356 405.5 -0.01388892 0.1723345
Moved 482.6734 350.1666 410.8334 -0.03414363 0.1968446
Moved 482.7124 347.4888 412.2556 -0.04344181 0.2033807
Moved 482.7756 343.626 416.374 -0.05685404 0.222307
Moved 482.8167 343 418.5 -0.05902775 0.2320772
Moved 482.8536 342 420.5 -0.06250002 0.2412683
Moved 482.8893 342 421.2485 -0.06250002 0.2447081
Moved 482.926 341 422 -0.06597222 0.2481619
Moved 482.9625 341 423.5 -0.06597222 0.2550551
Moved 482.9981 341 424.1561 -0.06597222 0.2580704
Moved 483.0342 341 425.1134 -0.06597222 0.2624698
Moved 483.071 341 428.7844 -0.06597222 0.2793399
Moved 483.1128 341 430.6515 -0.06597222 0.2879204
Moved 483.1724 341 433.461 -0.06597222 0.3008318
Moved 483.2122 341 435.1768 -0.06597222 0.308717
Stationary 483.2503 341 435.1768 -0.06597222 0.308717
Moved 483.2866 341 436.0654 -0.06597222 0.3128009
Ended 483.3217 341 436 -0.06597222 0.3125
PhraseEnd 484.3692
