my favorite place to visit
Basic
0.8 0.8
575.9999 435.2
Began 849.7626 514 207 0.2673611 -0.3699449
Stationary 849.8197 514 207 0.2673611 -0.3699449
Moved 849.8702 483.6585 235.3416 0.2146848 -0.3048218
Moved 849.9217 453.3181 274.8032 0.1620107 -0.2141472
Moved 849.9714 421.9237 324.1335 0.1075065 -0.1007962
Moved 850.0209 406.9448 352.0966 0.08150138 -0.03654263
Moved 850.0918 382.972 392.299 0.03988199 0.05583406
Moved 850.1558 358.5454 425.6061 -0.002525263 0.1323669
Moved 850.2209 339.0944 452.8585 -0.0362945 0.1949873
Moved 850.2718 330.513 463.7305 -0.05119276 0.2199691
Moved 850.3244 325.5 472 -0.05989585 0.2389706
Moved 850.378 320.0394 481.9213 -0.06937608 0.2617677
Moved 850.4341 317.7459 490.5082 -0.07335787 0.2814987
Moved 850.485 317 496.6404 -0.07465278 0.2955893
Moved 850.5367 317 501.9393 -0.07465278 0.3077649
Ended 850.5875 317 504.5 -0.07465278 0.3136489
Began 851.2109 265 318 -0.1649306 -0.1148897
Stationary 851.265 265 318 -0.1649306 -0.1148897
Stationary 851.314 265 318 -0.1649306 -0.1148897
Stationary 851.364 265 318 -0.1649306 -0.1148897
Moved 851.4201 247.8355 318 -0.1947301 -0.1148897
Moved 851.4734 211.8459 332.7693 -0.2572121 -0.08095293
Moved 851.5283 173.5 346.5 -0.3237847 -0.04940251
Moved 851.5808 155.6156 353.9538 -0.3548341 -0.03227529
Moved 851.6357 131.3992 362.2003 -0.3968765 -0.01332662
Moved 851.6892 121.693 367.1535 -0.4137274 -0.001945075
Moved 851.7426 115.1096 370.8904 -0.425157 0.006641641
Moved 851.7935 113.5 372 -0.4279514 0.009191248
Moved 851.843 112.7515 373.2485 -0.4292508 0.01205998
Moved 851.894 131.8394 354.0406 -0.3961121 -0.03207572
Moved 851.9446 175.191 311.5778 -0.3208489 -0.1296465
Moved 851.9951 202.0555 284.9445 -0.2742091 -0.1908446
Moved 852.0702 274.8649 245.0492 -0.1478041 -0.2825156
Moved 852.1228 315.6574 233.0762 -0.07698372 -0.3100272
Moved 852.1769 343.401 224.2996 -0.02881777 -0.3301941
Moved 852.2303 350.2919 223 -0.01685429 -0.3331802
Moved 852.2832 355.3738 220.6262 -0.008031652 -0.3386346
Moved 852.3335 357.1257 221 -0.004990139 -0.3377758
Moved 852.3839 365.0255 233.0509 0.008724779 -0.3100852
Moved 852.4349 402.5371 293.7758 0.07384912 -0.1705518
Moved 852.486 444.9623 349.7029 0.1475041 -0.04204281
Moved 852.5369 475.341 390.6774 0.2002447 0.05210796
Moved 852.616 505.3995 429.866 0.2524297 0.1421554
Moved 852.6692 515.8701 443.8701 0.2706078 0.1743338
Moved 852.7217 519.1694 448.1694 0.2763357 0.1842127
Moved 852.7709 520 450.4742 0.2777778 0.1895087
Moved 852.8207 521 452.5 0.2795139 0.1941636
Moved 852.8743 522 454.0745 0.2812501 0.1977815
Moved 852.9291 495.0101 461.165 0.2343925 0.214074
Moved 852.9836 438.2731 472.7878 0.1358908 0.2407808
Moved 853.0381 368.5166 487.5519 0.01478575 0.2747056
Moved 853.0934 335.0911 493.5818 -0.0432447 0.2885611
Moved 853.174 301.5583 498.8139 -0.1014613 0.3005835
Moved 853.2265 295.2152 500.7849 -0.1124736 0.3051123
Moved 853.2781 291.9159 501 -0.1182016 0.3056066
Moved 853.3325 288.801 502 -0.1236094 0.3079045
Moved 853.391 288 502 -0.125 0.3079045
Moved 853.4437 288 504.153 -0.125 0.3128515
Moved 853.4961 288 506.2491 -0.125 0.3176681
Moved 853.5499 309.5958 509.9192 -0.08750726 0.3261011
Moved 853.6053 348.6179 512 -0.01976054 0.3308824
Moved 853.6582 380.7365 513 0.03600091 0.3331802
Moved 853.7414 428.7311 513 0.1193249 0.3331802
Moved 853.7947 445.3799 513 0.1482289 0.3331802
Moved 853.8478 457.7292 513 0.1696688 0.3331802
Moved 853.8994 462.807 513 0.1784845 0.3331802
Moved 853.9565 467.107 513 0.1859497 0.3331802
Moved 854.0121 468.2482 513 0.187931 0.3331802
Stationary 854.0677 468 513 0.1875 0.3331802
Moved 854.1212 447.7993 513 0.1524293 0.3331802
Moved 854.1744 415.139 504 0.09572752 0.3125001
Moved 854.2262 393.6115 504 0.05835325 0.3125001
Moved 854.3068 365.6826 504 0.009865686 0.3125001
Moved 854.3589 350.0295 504 -0.01730982 0.3125001
Moved 854.4126 341.2151 504 -0.03261276 0.3125001
Moved 854.4639 335.8338 504 -0.04195527 0.3125001
Moved 854.515 333.9629 504 -0.04520331 0.3125001
Moved 854.5657 332 504 -0.04861113 0.3125001
Moved 854.6162 328.7945 504 -0.05417623 0.3125001
Moved 854.6699 320.3261 504 -0.06887828 0.3125001
Moved 854.7279 284.4652 504 -0.1311367 0.3125001
Moved 854.7799 261.0927 504 -0.1717142 0.3125001
Moved 854.8605 234.9693 504 -0.2170672 0.3125001
Moved 854.9114 228.5826 504 -0.2281552 0.3125001
Moved 854.9623 227 504 -0.2309028 0.3125001
Moved 855.0129 225.3318 511 -0.2337989 0.3285846
Moved 855.0648 223.6255 511 -0.2367612 0.3285846
Moved 855.1207 222.9242 511 -0.2379789 0.3285846
Ended 855.1759 223 512 -0.2378472 0.3308824
Began 855.5771 610 470 0.4340278 0.234375
Stationary 855.6393 610 470 0.4340278 0.234375
Stationary 855.6914 610 470 0.4340278 0.234375
Moved 855.7454 596 457 0.4097223 0.2045037
Moved 855.7983 585.3832 419.7244 0.3912903 0.1188519
Moved 855.8495 577.8237 384.4711 0.3781661 0.03784713
Moved 855.9062 573.5317 364.5952 0.3707148 -0.007823426
Moved 855.9612 570.1083 350.2167 0.3647714 -0.04086242
Moved 856.0131 568 340.6384 0.3611111 -0.0628714
Moved 856.0645 550.1366 326.282 0.3300983 -0.09585942
Moved 856.116 489.9796 322 0.2256591 -0.1056985
Moved 856.1677 402.6479 350.0732 0.07404157 -0.041192
Moved 856.2192 320.1011 371.4304 -0.0692689 0.007882469
Moved 856.2902 262.9677 384.0036 -0.1684588 0.03677299
Moved 856.3417 228.3472 391.7305 -0.2285639 0.05452791
Moved 856.3935 209.3505 393.6624 -0.2615443 0.05896681
Moved 856.4449 192.1256 394 -0.2914486 0.05974269
Moved 856.4965 173.8865 394 -0.3231137 0.05974269
Moved 856.5468 160.6703 394 -0.3460586 0.05974269
Moved 856.598 152.3924 394 -0.3604298 0.05974269
Moved 856.6498 145.5 394 -0.3723958 0.05974269
Moved 856.7003 142.8122 394 -0.3770621 0.05974269
Moved 856.7501 140.9107 394 -0.3803633 0.05974269
Moved 856.8273 139.9862 394 -0.3819685 0.05974269
Moved 856.8763 140 395.0353 -0.3819444 0.06212154
Moved 856.9265 140 398.3151 -0.3819444 0.06965778
Moved 856.9769 140 400 -0.3819444 0.07352945
Moved 857.0292 156.5 401 -0.3532987 0.07582718
Moved 857.0901 215.6016 360.4736 -0.2506917 -0.01729418
Moved 857.1445 250.0157 329.9843 -0.190945 -0.08735222
Moved 857.2012 272.3884 304.4175 -0.1521035 -0.1460995
Moved 857.2568 279.1497 295.7005 -0.140365 -0.1661294
Moved 857.3091 285.93 287.07 -0.1285937 -0.1859605
Moved 857.3903 290.759 279.241 -0.1202101 -0.2039499
Moved 857.4417 292 275.9355 -0.1180556 -0.2115451
Moved 857.4935 294 274 -0.1145833 -0.2159926
Moved 857.5457 294 273 -0.1145833 -0.2182904
Moved 857.5996 285.9897 325.0206 -0.1284901 -0.09875775
Moved 857.6503 282.5599 379.721 -0.1344446 0.02693246
Moved 857.7008 271.1314 435.7639 -0.1542858 0.1557076
Moved 857.752 264.3081 469.4594 -0.1661318 0.2331329
Moved 857.8049 260 488.2955 -0.1736111 0.2764143
Moved 857.8594 258 499.3104 -0.1770834 0.3017243
Moved 857.9454 256 507.6923 -0.1805556 0.3209841
Ended 858.0042 256 509 -0.1805556 0.323989
Began 858.4376 312 473 -0.08333334 0.2412684
Moved 858.4974 322.9228 473 -0.06437011 0.2412684
Moved 858.5507 369.7844 473 0.01698688 0.2412684
Moved 858.6031 426.6204 473 0.1156604 0.2412684
Moved 858.6566 457.6374 473 0.1695094 0.2412684
Moved 858.711 489.7964 473 0.2253409 0.2412684
Moved 858.7725 517.0024 473 0.2725736 0.2412684
Moved 858.827 533.0649 473 0.30046 0.2412684
Moved 858.8803 548.5 473 0.3272569 0.2412684
Moved 858.9334 552.7566 473 0.3346469 0.2412684
Moved 858.9882 556.0278 473 0.340326 0.2412684
Moved 859.0417 558.152 473 0.344014 0.2412684
Ended 859.0923 559 473 0.3454861 0.2412684
Began 859.5899 311 259 -0.08506946 -0.2504595
Stationary 859.6523 311 259 -0.08506946 -0.2504595
Moved 859.7034 311 276.7847 -0.08506946 -0.2095939
Moved 859.7554 354.057 342.5856 -0.01031764 -0.05839713
Moved 859.8073 379.1519 381.8693 0.03324993 0.03186871
Moved 859.8596 403.4932 409.5918 0.07550896 0.09556939
Moved 859.9155 431.5 441 0.124132 0.167739
Moved 859.9718 461.0562 468.8449 0.1754447 0.2317209
Moved 860.0313 480.1797 487.1797 0.2086453 0.2738504
Moved 860.0859 491.8688 496.9344 0.2289389 0.2962647
Moved 860.142 498 504.2498 0.2395833 0.313074
Moved 860.1959 502.6285 507.6285 0.247619 0.3208377
Moved 860.2637 508.5 512.5 0.2578125 0.3320313
Moved 860.3178 510.5 514 0.2612847 0.3354781
Moved 860.3691 511.1864 515.1865 0.2624764 0.3382042
Moved 860.424 511 516 0.2621528 0.3400735
Moved 860.4795 511 517 0.2621528 0.3423713
Moved 860.5364 499.5626 517 0.2422961 0.3423713
Moved 860.5908 439.2455 488.0449 0.137579 0.2758386
Moved 860.6467 361.1519 453.5759 0.001999811 0.1966359
Moved 860.7026 325.3886 442.4628 -0.06008927 0.1711003
Moved 860.762 291.074 429.037 -0.1196631 0.1402506
Moved 860.845 262.7571 417.2524 -0.1688245 0.1131719
Moved 860.8981 245.5063 410.5021 -0.1987738 0.09766106
Moved 860.9481 230.075 403.0375 -0.2255642 0.08050909
Moved 860.9987 215.6912 396.2304 -0.2505361 0.06486768
Moved 861.0511 202.6986 390.8493 -0.2730928 0.05250303
Moved 861.1047 199.5474 390 -0.2785635 0.05055147
Moved 861.1555 272.482 425.9669 -0.151941 0.1331961
Moved 861.2087 417.9446 483.3889 0.1005983 0.26514
Moved 861.2602 445.7478 489.1068 0.1488677 0.2782786
Moved 861.3135 477.5002 491 0.2039933 0.2826287
Moved 861.3939 498.349 495.6745 0.2401892 0.2933698
Moved 861.4484 506.4124 499.4124 0.2541881 0.3019585
Moved 861.5105 511.5 501.5 0.2630208 0.3067556
Moved 861.5638 512 502.5 0.2638889 0.3090533
Moved 861.6152 513 502 0.265625 0.3079045
Moved 861.6663 502.8086 502.7979 0.2479316 0.3097378
Moved 861.7219 474.4286 506.7959 0.1986608 0.3189244
Moved 861.7773 424.7325 513.5334 0.1123829 0.3344059
Moved 861.8304 384.474 519.9323 0.04248954 0.3491093
Moved 861.9106 352.7788 524 -0.01253679 0.3584559
Moved 862.0083 337.6631 526 -0.03877942 0.3630515
Moved 862.0629 333.638 527.362 -0.04576736 0.3661811
Ended 862.1134 334 527 -0.0451389 0.3653493
PhraseEnd 863.3337
