question that must be answered
Basic
0.6 0.6
432 326.4
Began 1225.952 143 503 -0.5023148 0.413603
Stationary 1226.046 143 503 -0.5023148 0.413603
Moved 1226.113 175.3043 503 -0.4275364 0.413603
Moved 1226.179 201.3873 511 -0.3671592 0.4381127
Moved 1226.249 223.6227 512 -0.3156882 0.4411765
Moved 1226.317 258.4308 512 -0.2351138 0.4411765
Moved 1226.383 305.2764 498.383 -0.1266749 0.3994577
Moved 1226.45 351.5893 493.8013 -0.01946931 0.3854208
Moved 1226.517 395.0657 491 0.0811705 0.3768382
Moved 1226.588 417.9754 487.2562 0.1342022 0.3653682
Moved 1226.655 437.1646 483 0.1786216 0.3523284
Moved 1226.719 444.3166 480 0.1951773 0.3431373
Moved 1226.783 446.5 479 0.2002315 0.3400736
Moved 1226.846 432.5319 474.9064 0.1678978 0.3275318
Moved 1226.911 379.2961 472.144 0.04466703 0.3190688
Moved 1226.976 334.6231 472 -0.05874271 0.3186275
Moved 1227.042 299.2745 472 -0.1405683 0.3186275
Moved 1227.106 281.4047 472 -0.1819336 0.3186275
Moved 1227.172 269 472 -0.2106481 0.3186275
Moved 1227.273 259.7785 472 -0.2319943 0.3186275
Moved 1227.338 256.5 472 -0.2395834 0.3186275
Moved 1227.404 252.9776 465.9329 -0.247737 0.3000394
Moved 1227.472 243.8001 427.0005 -0.2689812 0.1807615
Moved 1227.54 239.4051 403.8102 -0.2791549 0.1097127
Moved 1227.61 236 388 -0.287037 0.06127456
Moved 1227.675 234 380.873 -0.2916667 0.03943948
Moved 1227.741 231.5975 374.5975 -0.2972279 0.02021313
Moved 1227.805 232 371.9122 -0.2962963 0.01198572
Moved 1227.869 232 371 -0.2962963 0.009191177
Moved 1227.966 269.8684 414.2421 -0.208638 0.141673
Moved 1228.034 291.3112 439.415 -0.1590018 0.2187959
Moved 1228.102 315.7508 464.8131 -0.1024287 0.2966089
Moved 1228.167 331.5 481.5 -0.06597221 0.347733
Moved 1228.233 339.9912 488.9956 -0.04631673 0.3706973
Moved 1228.299 347.7189 497.7189 -0.02842839 0.3974232
Moved 1228.366 352.3547 501 -0.01769736 0.4074755
Moved 1228.434 361.0781 506 0.002495647 0.4227941
Moved 1228.502 402.5971 506 0.09860446 0.4227941
Moved 1228.572 437.588 497.2354 0.1796018 0.3959416
Moved 1228.673 473.8216 487.7261 0.263476 0.366808
Moved 1228.742 485.3213 483.3394 0.2900956 0.3533681
Moved 1228.81 496.6398 479.1801 0.3162958 0.3406254
Moved 1228.882 504.22 475.78 0.3338426 0.3302082
Moved 1228.948 511.0088 473 0.3495575 0.3216912
Moved 1229.017 503.7411 451.2427 0.3327339 0.2550327
Moved 1229.088 441.3349 361.5024 0.1882753 -0.01990692
Moved 1229.155 423.2894 333.5787 0.1465031 -0.1054573
Moved 1229.23 411.6361 316.6362 0.1195281 -0.1573647
Moved 1229.297 407.0201 306.0402 0.1088427 -0.1898279
Moved 1229.399 403 294.8074 0.09953707 -0.2242419
Moved 1229.469 399 284.1731 0.09027779 -0.2568226
Moved 1229.536 396.6328 280.6328 0.08479813 -0.2676693
Moved 1229.601 394.5 274.5 0.07986108 -0.2864583
Ended 1229.665 395 275 0.08101851 -0.2849265
Began 1229.886 305 524 -0.1273148 0.4779412
Moved 1229.954 317.3672 493.6874 -0.0986869 0.3850716
Moved 1230.02 336.2533 427.9869 -0.05496924 0.1837833
Moved 1230.117 351.7168 387.4249 -0.01917417 0.05951246
Moved 1230.178 360.5 365 0.001157423 -0.009191177
Moved 1230.239 369.0157 347.9686 0.02086967 -0.06137082
Moved 1230.3 374.2804 337.4392 0.03305644 -0.09362988
Moved 1230.362 376 330.8806 0.03703703 -0.1137235
Moved 1230.423 361.2686 325.4537 0.002936721 -0.1303502
Moved 1230.484 317.9872 325 -0.09725188 -0.1317402
Moved 1230.544 280.1614 342.3824 -0.1848117 -0.07848516
Moved 1230.605 252.3217 348.4196 -0.2492553 -0.05998902
Moved 1230.667 225.879 355.7803 -0.3104653 -0.03743789
Moved 1230.762 200.9106 361 -0.3682625 -0.02144608
Moved 1230.824 195.2316 363.7684 -0.3814083 -0.01296445
Moved 1230.885 194 375.583 -0.3842593 0.02323226
Moved 1230.947 243.1876 407.5358 -0.2703992 0.1211268
Moved 1231.014 286.1803 426.9344 -0.1708789 0.1805588
Moved 1231.08 320.5573 440.2786 -0.0913025 0.2214419
Moved 1231.147 336.7489 447.8745 -0.053822 0.2447134
Moved 1231.214 344.2393 451 -0.03648321 0.2542892
Moved 1231.278 348.5 453.5 -0.02662038 0.2619485
Ended 1231.346 348 453 -0.0277778 0.2604167
Began 1231.61 479 247 0.275463 -0.3707107
Stationary 1231.672 479 247 0.275463 -0.3707107
Moved 1231.737 467.9525 262.91 0.2498901 -0.321967
Moved 1231.805 435.1128 308.359 0.1738722 -0.1827236
Moved 1231.872 418.1688 336.6624 0.13465 -0.09600977
Moved 1231.94 406.7004 358.8989 0.1081028 -0.02788338
Moved 1232.005 398.516 382.9361 0.08915731 0.0457601
Moved 1232.068 395.1435 397.7131 0.0813506 0.0910328
Moved 1232.133 395 415.362 0.08101851 0.1451042
Moved 1232.203 395 436.2842 0.08101851 0.209204
Moved 1232.267 408.1664 452.1664 0.1114962 0.2578627
Moved 1232.33 414.5644 465.1288 0.1263065 0.2975762
Moved 1232.392 417.5 469.5 0.1331019 0.3109682
Moved 1232.455 417 470 0.1319444 0.3125
Moved 1232.518 372.5577 443.1124 0.02906879 0.2301238
Moved 1232.582 324.1654 405.8741 -0.08295039 0.1160358
Moved 1232.646 297.0727 386.5364 -0.145665 0.05679033
Moved 1232.711 276.6178 374.6177 -0.1930145 0.02027493
Moved 1232.774 267.2126 369.2126 -0.2147855 0.003715216
Moved 1232.872 257.9624 365 -0.2361981 -0.009191177
Moved 1232.938 253.2262 363 -0.2471616 -0.01531863
Moved 1233.001 251 363 -0.2523148 -0.01531863
Moved 1233.067 276.166 392.1423 -0.1940601 0.07396549
Moved 1233.136 310.0248 423.0248 -0.1156834 0.1685809
Moved 1233.204 334.6682 452.2242 -0.05863855 0.2580398
Moved 1233.277 345.288 464.576 -0.03405551 0.2958825
Moved 1233.341 353.1387 472.1387 -0.01588255 0.3190526
Moved 1233.404 356.5 476.5 -0.008101861 0.3324143
Moved 1233.468 357 478 -0.006944438 0.3370098
Ended 1233.561 358 478 -0.004629641 0.3370098
Began 1233.945 389 262 0.06712963 -0.3247548
Stationary 1234.021 389 262 0.06712963 -0.3247548
Moved 1234.088 371.1274 289.8726 0.02575785 -0.2393607
Moved 1234.155 354.9515 315.4141 -0.01168623 -0.1611089
Moved 1234.224 339.0316 343.9368 -0.04853795 -0.07372314
Moved 1234.291 327.3259 366.4568 -0.07563452 -0.004727794
Moved 1234.358 306.8328 404.2787 -0.1230722 0.1111479
Moved 1234.426 291.6996 427.7339 -0.1581029 0.1830082
Moved 1234.493 278.6663 448.5005 -0.1882724 0.2466317
Moved 1234.558 268.9773 461.0227 -0.2107007 0.2849962
Moved 1234.622 265 467.4113 -0.2199074 0.304569
Moved 1234.691 258.8466 476.3067 -0.2341513 0.331822
Moved 1234.755 255 483.9261 -0.2430556 0.355166
Moved 1234.816 254 486 -0.2453704 0.3615196
Ended 1234.885 254 487 -0.2453704 0.3645834
Began 1235.159 129 402 -0.5347222 0.1041667
Stationary 1235.221 129 402 -0.5347222 0.1041667
Moved 1235.29 156.0675 393.1318 -0.4720659 0.07699705
Moved 1235.357 190.2417 375.1033 -0.392959 0.02176266
Moved 1235.423 217.3623 359.2551 -0.33018 -0.02679208
Moved 1235.509 272.0282 330.4859 -0.2036385 -0.1149328
Moved 1235.574 316.8733 311.4225 -0.09983032 -0.173338
Moved 1235.639 348.1063 294.3362 -0.02753173 -0.2256855
Moved 1235.703 372.8583 279.8563 0.02976467 -0.2700482
Moved 1235.767 388.719 271.6405 0.06647905 -0.295219
Moved 1235.841 401.3228 266.8386 0.09565473 -0.3099308
Moved 1235.906 407.5 265 0.1099537 -0.3155637
Moved 1235.971 411.3734 264 0.11892 -0.3186274
Stationary 1236.034 411 264 0.1180555 -0.3186274
Moved 1236.101 380.4602 298.5398 0.04736155 -0.2128069
Moved 1236.167 363.5276 316.7086 0.008165738 -0.1571427
Moved 1236.236 346.1909 334.8091 -0.03196552 -0.1016879
Moved 1236.303 331.394 350.803 -0.06621748 -0.05268686
Moved 1236.368 320 361 -0.09259259 -0.02144608
Moved 1236.432 304.3099 369.345 -0.1289122 0.004120808
Moved 1236.529 286.7504 379.2496 -0.1695592 0.0344656
Moved 1236.598 276.971 384.0145 -0.1921967 0.04906393
Moved 1236.662 260.6342 389.1829 -0.2300135 0.06489876
Moved 1236.726 248.9204 390.5398 -0.2571286 0.0690557
Moved 1236.792 238.4519 393.274 -0.2813613 0.07743275
Moved 1236.857 231.3208 399.3583 -0.2978685 0.0960733
Moved 1236.92 224.6057 414.5774 -0.3134128 0.1427004
Moved 1236.983 220 436.8713 -0.3240741 0.2110029
Moved 1237.047 217 458.9028 -0.3310185 0.2785013
Moved 1237.11 216 470.728 -0.3333333 0.3147303
Moved 1237.206 215 476.1888 -0.3356481 0.3314609
Moved 1237.269 215 478.9778 -0.3356481 0.3400054
Moved 1237.332 215 481.3536 -0.3356481 0.3472845
Moved 1237.394 215 482.5 -0.3356481 0.3507966
Moved 1237.455 224.5465 483 -0.3135498 0.3523284
Moved 1237.517 244.6759 483 -0.266954 0.3523284
Moved 1237.58 265.856 483 -0.2179258 0.3523284
Moved 1237.642 284.7736 483 -0.1741353 0.3523284
Moved 1237.706 298.6723 483 -0.1419623 0.3523284
Moved 1237.769 308.9579 483 -0.118153 0.3523284
Moved 1237.865 312 483 -0.1111111 0.3523284
Moved 1237.928 313.2022 483 -0.1083282 0.3523284
Stationary 1237.99 313 483 -0.1087963 0.3523284
Moved 1238.054 299.6341 483 -0.1397359 0.3523284
Moved 1238.121 280.2986 483 -0.1844941 0.3523284
Moved 1238.192 265.4397 483 -0.2188896 0.3523284
Moved 1238.261 251.7852 483 -0.2504972 0.3523284
Moved 1238.329 246.1615 483 -0.2635151 0.3523284
Moved 1238.399 243 472.0961 -0.2708333 0.3189218
Moved 1238.464 243 447.1391 -0.2708333 0.2424605
Moved 1238.566 261.2272 407.5457 -0.2286408 0.1211571
Moved 1238.631 271.4271 383.7188 -0.2050299 0.04815812
Moved 1238.698 276 373.1123 -0.1944444 0.0156627
Moved 1238.762 279 367.4193 -0.1875 -0.001779257
Ended 1238.825 280.223 365.777 -0.1846689 -0.006810731
PhraseEnd 1240.27
