yes you are very smart
Basic
0.6 0.6
432 326.4
Began 1147.948 408 416 0.1111111 0.1470588
Stationary 1148.014 408 416 0.1111111 0.1470588
Stationary 1148.078 408 416 0.1111111 0.1470588
Moved 1148.141 446.5971 416 0.2004562 0.1470588
Moved 1148.205 463.3141 416 0.2391531 0.1470588
Moved 1148.268 478.5 416 0.2743055 0.1470588
Moved 1148.33 496.6076 423.9019 0.3162212 0.1712681
Moved 1148.391 519 431 0.3680556 0.1930147
Moved 1148.453 530.9779 434.9926 0.3957822 0.2052469
Moved 1148.513 537.3262 438 0.4104775 0.2144608
Moved 1148.572 541.1517 440 0.4193325 0.2205883
Moved 1148.63 541 441.5 0.4189815 0.2251839
Moved 1148.69 541 442 0.4189815 0.2267157
Moved 1148.749 522.1553 442 0.3753594 0.2267157
Moved 1148.808 507.1072 442 0.3405259 0.2267157
Moved 1148.868 497.6474 442 0.3186283 0.2267157
Moved 1148.957 487.5919 442 0.2953515 0.2267157
Moved 1149.016 485.5399 442 0.2906018 0.2267157
Moved 1149.075 482.9028 442 0.2844972 0.2267157
Ended 1149.135 482 442 0.2824074 0.2267157
Backspace 1149.933
Began 1150.766 330 525 -0.06944443 0.481005
Stationary 1150.838 330 525 -0.06944443 0.481005
Moved 1150.902 350.8155 525 -0.02126043 0.481005
Moved 1150.966 373.3864 534 0.03098696 0.5085785
Moved 1151.03 392.3061 536 0.07478257 0.5147059
Moved 1151.093 407.1084 536 0.1090473 0.5147059
Moved 1151.155 419.9152 536 0.1386926 0.5147059
Moved 1151.215 427.2555 536 0.1556839 0.5147059
Moved 1151.277 430.2485 536 0.1626122 0.5147059
Moved 1151.337 431.2485 536 0.1649271 0.5147059
Moved 1151.397 432 536 0.1666667 0.5147059
Moved 1151.457 433 529 0.1689814 0.4932599
Ended 1151.516 433 529 0.1689814 0.4932599
Backspace 1152.336
Began 1154.511 411 475 0.1180555 0.3278186
Stationary 1154.59 411 475 0.1180555 0.3278186
Stationary 1154.648 411 475 0.1180555 0.3278186
Stationary 1154.705 411 475 0.1180555 0.3278186
Stationary 1154.762 411 475 0.1180555 0.3278186
Stationary 1154.821 411 475 0.1180555 0.3278186
Stationary 1154.885 411 475 0.1180555 0.3278186
Moved 1154.962 399.7637 475 0.09204558 0.3278186
Moved 1155.022 396.8264 475 0.08524616 0.3278186
Moved 1155.08 376.1519 475 0.0373888 0.3278186
Moved 1155.145 331.0961 475 -0.06690726 0.3278186
Moved 1155.206 302.9599 467 -0.1320373 0.3033088
Moved 1155.265 286.2068 467 -0.1708176 0.3033088
Moved 1155.345 275.8319 467 -0.1948336 0.3033088
Moved 1155.411 271.2848 467 -0.2053594 0.3033088
Moved 1155.477 268 467 -0.212963 0.3033088
Moved 1155.54 265.8121 467 -0.2180275 0.3033088
Moved 1155.601 262.0825 450.5773 -0.2266609 0.2529943
Moved 1155.663 258 416.0052 -0.2361111 0.1470747
Moved 1155.722 256 390.9369 -0.2407407 0.07027233
Moved 1155.784 255 369.7366 -0.2430556 0.005320381
Moved 1155.846 255 359.2966 -0.2430556 -0.02666492
Moved 1155.907 255 355.902 -0.2430556 -0.03706484
Ended 1155.999 255 355 -0.2430556 -0.03982834
Began 1156.308 362 522 0.004629592 0.4718138
Stationary 1156.391 362 522 0.004629592 0.4718138
Moved 1156.454 376.1611 522 0.03741006 0.4718138
Moved 1156.514 403.9589 522 0.1017566 0.4718138
Moved 1156.573 434.2952 522 0.1719797 0.4718138
Moved 1156.633 468.0389 522 0.25009 0.4718138
Moved 1156.693 498.4162 522 0.3204079 0.4718138
Moved 1156.752 522.3727 512 0.3758627 0.4411765
Moved 1156.811 532.4151 509 0.399109 0.4319853
Moved 1156.869 536.2616 506.7384 0.4080129 0.4250564
Moved 1156.928 538.0289 504.9711 0.412104 0.4196419
Moved 1156.987 538 502.4822 0.4120371 0.4120165
Moved 1157.048 511.7447 490.4979 0.3512609 0.3752998
Moved 1157.107 476.7951 484.359 0.270359 0.3564921
Moved 1157.19 451.5 483 0.2118056 0.3523284
Moved 1157.251 444.8329 483 0.1963724 0.3523284
Moved 1157.316 438.4223 482 0.1815332 0.3492648
Moved 1157.378 432.6924 482 0.1682695 0.3492648
Moved 1157.439 431 482 0.1643519 0.3492648
Ended 1157.498 431 482 0.1643519 0.3492648
Began 1157.896 205 371 -0.3587963 0.009191177
Stationary 1157.963 205 371 -0.3587963 0.009191177
Stationary 1158.026 205 371 -0.3587963 0.009191177
Moved 1158.09 253.7166 429.7166 -0.2460264 0.1890828
Moved 1158.153 281.9544 452.2158 -0.1806612 0.258014
Moved 1158.216 298.4076 464.9384 -0.142575 0.2969927
Moved 1158.278 310.4846 474.6564 -0.1146191 0.3267659
Moved 1158.342 320.5 483.5 -0.09143516 0.3538603
Moved 1158.404 326 487.9568 -0.07870371 0.3675148
Moved 1158.464 328.0991 489 -0.07384479 0.3707108
Moved 1158.524 328 490.3713 -0.07407407 0.3749121
Stationary 1158.584 328 490 -0.07407407 0.3737745
Moved 1158.648 304.9645 490 -0.1273969 0.3737745
Moved 1158.732 275.9486 482.8201 -0.1945635 0.3517771
Moved 1158.796 264.1766 483 -0.2218133 0.3523284
Ended 1158.856 264 483 -0.2222222 0.3523284
Began 1159.122 391 276 0.07175922 -0.2818629
Stationary 1159.191 391 276 0.07175922 -0.2818629
Stationary 1159.254 391 276 0.07175922 -0.2818629
Moved 1159.317 376.1111 302.7779 0.03729413 -0.1998226
Moved 1159.38 363.451 323.8235 0.007988414 -0.1353445
Moved 1159.445 354.9819 347.0452 -0.01161595 -0.06419967
Moved 1159.507 345.1342 378.0304 -0.0344117 0.03073038
Moved 1159.568 331.3972 417.9407 -0.06621013 0.1530048
Moved 1159.631 318.4487 451.2054 -0.09618362 0.2549184
Moved 1159.694 311.104 465.7919 -0.1131851 0.2996076
Moved 1159.761 306.3753 473.6247 -0.1241313 0.3236051
Moved 1159.821 301.9784 479.0217 -0.1343093 0.34014
Moved 1159.882 298.6255 482.3745 -0.1420707 0.3504121
Moved 1159.952 294.8758 484 -0.1507505 0.3553922
Moved 1160.013 290.5 485 -0.1608796 0.3584559
Moved 1160.102 286 486 -0.1712963 0.3615196
Moved 1160.165 284.7308 486 -0.1742343 0.3615196
Moved 1160.23 283.7365 487 -0.176536 0.3645834
Stationary 1160.289 283.7365 487 -0.176536 0.3645834
Moved 1160.348 283 488.349 -0.1782407 0.3687163
Stationary 1160.408 283 488 -0.1782407 0.3676471
Stationary 1160.466 283 488 -0.1782407 0.3676471
Stationary 1160.526 283 488 -0.1782407 0.3676471
Stationary 1160.584 283 488 -0.1782407 0.3676471
Moved 1160.643 283 489 -0.1782407 0.3707108
Stationary 1160.743 283 489 -0.1782407 0.3707108
Stationary 1160.806 283 489 -0.1782407 0.3707108
Stationary 1160.866 283 489 -0.1782407 0.3707108
Stationary 1160.926 283 489 -0.1782407 0.3707108
Stationary 1160.984 283 489 -0.1782407 0.3707108
Stationary 1161.045 283 489 -0.1782407 0.3707108
Stationary 1161.105 283 489 -0.1782407 0.3707108
Stationary 1161.166 283 489 -0.1782407 0.3707108
Stationary 1161.227 283 489 -0.1782407 0.3707108
Stationary 1161.289 283 489 -0.1782407 0.3707108
Moved 1161.382 283 490 -0.1782407 0.3737745
Stationary 1161.441 283 490 -0.1782407 0.3737745
Stationary 1161.499 283 490 -0.1782407 0.3737745
Stationary 1161.561 283 490 -0.1782407 0.3737745
Stationary 1161.625 283 490 -0.1782407 0.3737745
Moved 1161.687 299.0307 490 -0.1411326 0.3737745
Moved 1161.751 316.2016 490 -0.1013851 0.3737745
Moved 1161.815 328.2651 482 -0.07346039 0.3492648
Moved 1161.88 335.8568 480.1432 -0.0558871 0.343576
Moved 1161.941 341.2226 478.7774 -0.04346619 0.3393915
Moved 1162.033 347.2072 478 -0.02961288 0.3370098
Moved 1162.092 349.3719 476.6282 -0.02460216 0.332807
Moved 1162.151 351.5 477 -0.01967594 0.3339461
Ended 1162.209 351.5 477 -0.01967594 0.3339461
Began 1162.476 259 338 -0.2337963 -0.09191177
Stationary 1162.551 259 338 -0.2337963 -0.09191177
Stationary 1162.61 259 338 -0.2337963 -0.09191177
Stationary 1162.67 259 338 -0.2337963 -0.09191177
Moved 1162.735 250.7778 348 -0.252829 -0.06127451
Moved 1162.795 243.2379 352.7621 -0.2702826 -0.04668479
Moved 1162.856 240 356.0556 -0.2777777 -0.03659436
Moved 1162.917 259.6089 360.6341 -0.2323868 -0.02256711
Moved 1162.98 377.4427 336.0209 0.04037648 -0.09797518
Moved 1163.042 444.384 311.0089 0.1953333 -0.1746053
Moved 1163.107 482.639 285.6888 0.2838865 -0.252179
Moved 1163.167 500.5178 274.2411 0.3252727 -0.2872515
Moved 1163.226 506.4724 271 0.3390566 -0.2971814
Moved 1163.286 509 268.1435 0.3449074 -0.3059329
Moved 1163.367 510 266.6287 0.3472221 -0.3105737
Moved 1163.427 426.6311 297.5055 0.1542386 -0.2159758
Moved 1163.487 338.7771 330.5836 -0.04912714 -0.1146335
Moved 1163.548 273.1276 356.4617 -0.2010936 -0.03535009
Moved 1163.609 235.802 369.7327 -0.2874954 0.005308413
Moved 1163.67 213.213 376.1913 -0.3397848 0.02509603
Moved 1163.731 196.9414 380 -0.3774504 0.0367648
Moved 1163.789 190.6848 382.3152 -0.3919334 0.0438578
Moved 1163.848 185.5 384.5 -0.4039352 0.05055156
Moved 1163.912 184 387.4246 -0.4074074 0.05951171
Moved 1164.007 230.3958 432.3167 -0.3000098 0.1970486
Moved 1164.069 252.9581 450.4686 -0.2477822 0.252661
Moved 1164.129 268.4375 463.4376 -0.2119501 0.2923945
Moved 1164.19 275.1628 469.1628 -0.1963825 0.3099351
Moved 1164.251 281.8936 474.8936 -0.1808019 0.3274927
Moved 1164.31 287.3214 479.3215 -0.1682374 0.3410585
Moved 1164.368 290 481.7927 -0.162037 0.3486297
Moved 1164.427 292.3729 483.3729 -0.1565442 0.3534709
Moved 1164.486 297.6435 485.8217 -0.1443438 0.3609734
Moved 1164.546 312.1255 487 -0.1108206 0.3645834
Moved 1164.637 331.6395 487 -0.0656494 0.3645834
Moved 1164.696 336.1247 487 -0.05526696 0.3645834
Moved 1164.755 339.0696 487 -0.04845003 0.3645834
Ended 1164.814 341.5 487 -0.04282405 0.3645834
PhraseEnd 1165.584
