a problem with the engine
Basic
0.8 0.8
575.9999 230.4
Began 1359.932 138 288 -0.3854167 0.2083334
Stationary 1359.997 138 288 -0.3854167 0.2083334
Stationary 1360.054 138 288 -0.3854167 0.2083334
Stationary 1360.107 138 288 -0.3854167 0.2083334
Stationary 1360.161 138 288 -0.3854167 0.2083334
Ended 1360.222 138 288 -0.3854167 0.2083334
Began 1360.911 623 389 0.4565972 0.6467016
Stationary 1360.967 623 389 0.4565972 0.6467016
Moved 1361.023 583.6051 380.7605 0.3882034 0.6109397
Moved 1361.078 543.3715 381 0.3183532 0.6119792
Moved 1361.135 510.953 381 0.2620711 0.6119792
Moved 1361.192 480.2599 390 0.2087845 0.6510417
Moved 1361.248 462.5929 390 0.1781127 0.6510417
Moved 1361.304 437.59 390 0.1347049 0.6510417
Moved 1361.365 409.7286 380.1214 0.08633435 0.6081657
Moved 1361.42 374.6681 368.7623 0.02546541 0.5588644
Moved 1361.479 348.1479 360.3491 -0.02057664 0.5223482
Moved 1361.549 302.4034 342.2807 -0.09999413 0.4439267
Moved 1361.609 275.5158 331.7579 -0.1466739 0.398255
Moved 1361.665 263.1555 325.5778 -0.1681328 0.3714314
Moved 1361.722 253.1977 322 -0.1854206 0.3559029
Moved 1361.777 251 322 -0.1892361 0.3559029
Moved 1361.831 282.3383 316.3676 -0.1348294 0.3314567
Moved 1361.886 383.602 301.4459 0.04097574 0.2666921
Moved 1361.942 419.8913 295.5272 0.1039779 0.2410033
Moved 1361.996 461.8264 291 0.1767819 0.2213542
Moved 1362.05 475.7125 291 0.2008898 0.2213542
Moved 1362.135 494.277 291 0.2331198 0.2213542
Moved 1362.189 500.9095 299 0.2446345 0.2560765
Moved 1362.243 504.8913 300 0.2515474 0.2604167
Moved 1362.298 515.1801 302 0.26941 0.2690972
Moved 1362.353 520.6849 302 0.2789669 0.2690972
Moved 1362.409 527.3238 302 0.2904927 0.2690972
Moved 1362.465 531.5 302 0.2977431 0.2690972
Moved 1362.52 538.0311 302 0.3090818 0.2690972
Moved 1362.576 542.1636 302 0.3162562 0.2690972
Moved 1362.63 544.5 295 0.3203126 0.2387153
Moved 1362.715 547.2224 292.7776 0.3250388 0.2290697
Moved 1362.769 548.0535 293 0.3264817 0.2300348
Moved 1362.822 549.0908 292 0.3282826 0.2256946
Moved 1362.877 549 290.8508 0.328125 0.2207065
Moved 1362.933 550.249 291 0.3302933 0.2213542
Moved 1362.994 550 289.9101 0.3298611 0.2166237
Moved 1363.051 550 288.9182 0.3298611 0.2123188
Stationary 1363.105 550 288.9182 0.3298611 0.2123188
Moved 1363.158 550 287.9203 0.3298611 0.2079876
Moved 1363.212 550 286.8386 0.3298611 0.2032924
Moved 1363.296 550 284.8137 0.3298611 0.1945037
Stationary 1363.349 550 284.8137 0.3298611 0.1945037
Moved 1363.401 550 283.8607 0.3298611 0.1903677
Moved 1363.455 550 282.8935 0.3298611 0.1861697
Stationary 1363.508 550 282.8935 0.3298611 0.1861697
Moved 1363.562 550 281.9275 0.3298611 0.181977
Stationary 1363.618 550 281.9275 0.3298611 0.181977
Stationary 1363.67 550 281.9275 0.3298611 0.181977
Moved 1363.724 550 280.9946 0.3298611 0.1779278
Stationary 1363.78 550 280.9946 0.3298611 0.1779278
Moved 1363.862 544.1813 276.707 0.3197592 0.1593185
Moved 1363.919 512.7949 254.8535 0.265269 0.06446853
Moved 1363.974 476.4032 228.7015 0.2020889 -0.04903847
Moved 1364.028 457.9544 220.4772 0.1700597 -0.08473437
Moved 1364.082 436.5104 210.5035 0.1328306 -0.1280228
Moved 1364.138 427.3139 204.657 0.1168645 -0.1533985
Moved 1364.195 417.6065 198.8032 0.1000112 -0.1788055
Moved 1364.253 409.443 193.443 0.08583851 -0.2020702
Moved 1364.311 398.4218 187.7109 0.06670452 -0.2269489
Moved 1364.369 392.7307 184.7307 0.0568241 -0.239884
Moved 1364.459 386.5 182 0.04600696 -0.251736
Moved 1364.526 452.8826 199.0681 0.1612545 -0.1776558
Moved 1364.587 510.659 216.2197 0.2615608 -0.103213
Moved 1364.645 530.5963 221.399 0.2961741 -0.08073331
Moved 1364.703 544.4004 225.8002 0.3201396 -0.06163121
Moved 1364.761 554 227 0.3368056 -0.05642362
Moved 1364.821 561.8905 227 0.3505044 -0.05642362
Moved 1364.883 565.6085 227 0.3569591 -0.05642362
Moved 1364.943 567.1724 227 0.3596742 -0.05642362
Stationary 1364.998 567 227 0.359375 -0.05642362
Moved 1365.082 536.6692 227.5276 0.3067173 -0.05413374
Moved 1365.137 496.5579 241.6326 0.2370797 0.007085933
Moved 1365.192 449.9922 258.8605 0.1562364 0.08185983
Moved 1365.247 424.9507 262 0.1127617 0.09548625
Moved 1365.302 409.133 264.9667 0.08530036 0.1083626
Moved 1365.357 387.2772 268 0.04735626 0.1215278
Moved 1365.41 365.7782 270.6443 0.01003161 0.133005
Moved 1365.472 344.7589 276.0602 -0.02646018 0.1565115
Moved 1365.528 326.6346 278 -0.05792596 0.1649306
Moved 1365.589 312.4891 279.1703 -0.08248414 0.1700101
Moved 1365.684 295.9101 280 -0.1112672 0.1736113
Moved 1365.739 278.177 282 -0.1420538 0.1822917
Moved 1365.792 268.7516 282 -0.1584174 0.1822917
Moved 1365.85 257.189 283 -0.1784913 0.186632
Moved 1365.908 245.1734 284 -0.1993517 0.1909724
Moved 1365.966 235.8652 288.5674 -0.2155119 0.2107962
Moved 1366.023 227.0561 292.9719 -0.2308054 0.2299129
Moved 1366.079 218.2991 297 -0.2460085 0.247396
Moved 1366.136 214.354 299 -0.2528576 0.2560765
Moved 1366.194 212 301 -0.2569445 0.2647568
Moved 1366.281 272.4753 278.2817 -0.1519525 0.1661531
Moved 1366.343 330.7439 250.6033 -0.05079192 0.04602101
Moved 1366.401 388.6721 222.3794 0.04977792 -0.07647833
Moved 1366.459 417.8141 211.5929 0.1003718 -0.1232947
Moved 1366.516 439.933 206 0.1387726 -0.1475695
Moved 1366.575 455.5008 203 0.1658 -0.1605903
Moved 1366.634 474.792 200 0.1992916 -0.1736111
Moved 1366.689 486.2205 197.5931 0.2191328 -0.1840574
Moved 1366.746 497.5629 194.7186 0.2388244 -0.1965336
Moved 1366.803 503.7197 191.2803 0.2495134 -0.211457
Moved 1366.889 509 187.1136 0.2586806 -0.2295414
Ended 1366.943 510 187 0.2604167 -0.2300346
Began 1367.403 167 319 -0.3350694 0.342882
Stationary 1367.471 167 319 -0.3350694 0.342882
Moved 1367.529 240.1987 307.6501 -0.2079883 0.2936202
Moved 1367.586 293.6292 299.9101 -0.1152271 0.2600265
Moved 1367.642 335.2649 294.8946 -0.04294295 0.2382579
Moved 1367.704 379.8766 290.1605 0.03450796 0.2177104
Moved 1367.763 413.8756 288 0.09353399 0.2083334
Moved 1367.828 433.8715 288 0.1282491 0.2083334
Moved 1367.882 448.1542 288 0.1530454 0.2083334
Moved 1367.941 465.3686 288 0.1829315 0.2083334
Moved 1367.998 479.3409 288 0.207189 0.2083334
Moved 1368.053 500.2739 287 0.2435311 0.2039932
Moved 1368.115 509.1864 286 0.2590042 0.1996528
Moved 1368.191 512 286 0.2638889 0.1996528
Moved 1368.246 488.6803 286 0.2234033 0.1996528
Moved 1368.307 442.7279 295.1414 0.1436249 0.2393288
Moved 1368.365 415.7953 299.4409 0.0968668 0.2579901
Moved 1368.424 385.6198 303 0.04447893 0.2734375
Moved 1368.483 365.7783 305.6108 0.01003169 0.2847694
Moved 1368.541 350.9789 309.007 -0.01566172 0.2995096
Moved 1368.602 338.516 312.742 -0.03729861 0.3157205
Moved 1368.663 331.8993 315 -0.04878596 0.3255209
Moved 1368.722 330 316.5 -0.05208332 0.3320314
Moved 1368.815 368.9501 276.0499 0.01553841 0.1564666
Moved 1368.871 390.3141 255.6859 0.0526286 0.06808136
Moved 1368.925 404.6021 243.199 0.07743426 0.01388444
Moved 1368.981 409.2328 238.7672 0.08547351 -0.005350643
Moved 1369.036 411 236.469 0.08854166 -0.01532542
Ended 1369.09 412 235 0.09027779 -0.02170139
Began 1369.368 258 341 -0.1770834 0.4383681
Stationary 1369.426 258 341 -0.1770834 0.4383681
Moved 1369.482 299.4445 312.861 -0.105131 0.3162371
Moved 1369.541 348.1387 272.024 -0.02059259 0.1389931
Moved 1369.6 380.9185 240.0814 0.03631696 0.0003533893
Moved 1369.661 398.6467 224.3533 0.06709494 -0.06791116
Moved 1369.724 412.0927 213.6049 0.09043872 -0.1145623
Moved 1369.783 421.4286 203.5713 0.1066469 -0.1581107
Moved 1369.84 424.4315 200 0.1118603 -0.1736111
Moved 1369.899 408.8028 199 0.08472712 -0.1779513
Moved 1369.967 360.0339 225.9774 5.878508E-05 -0.06086191
Moved 1370.027 332.251 242.166 -0.04817538 0.009401243
Moved 1370.085 297.0504 259.3165 -0.1092876 0.0838391
Moved 1370.146 273.8493 271.0502 -0.1495672 0.1347666
Moved 1370.206 255.5941 279.802 -0.1812603 0.1727519
Moved 1370.264 243.638 286.3621 -0.2020174 0.2012244
Moved 1370.32 235.0892 292.9108 -0.2168591 0.2296478
Moved 1370.376 230.0882 296.9117 -0.2255413 0.2470128
Moved 1370.434 223.3567 301.6433 -0.237228 0.2675491
Moved 1370.491 217.9596 305.0404 -0.246598 0.2822934
Moved 1370.578 214.9155 307 -0.2518829 0.2907986
Ended 1370.633 215 308 -0.2517361 0.2951389
Began 1370.863 227 351 -0.2309028 0.4817707
Stationary 1370.919 227 351 -0.2309028 0.4817707
Moved 1370.975 254.8256 318.3671 -0.1825944 0.340135
Moved 1371.032 310.3529 269.4641 -0.08619294 0.1278824
Moved 1371.1 358.8519 236.9197 -0.001993291 -0.01336946
Moved 1371.157 403.6261 212.2136 0.07573978 -0.1206005
Moved 1371.217 434.9476 191.4419 0.1301174 -0.2107558
Moved 1371.279 449.2479 179.7521 0.1549443 -0.2614926
Moved 1371.345 455.5 174.5 0.1657986 -0.2842881
Moved 1371.404 461.2387 171 0.1757617 -0.2994793
Moved 1371.464 464 169 0.1805556 -0.3081596
Moved 1371.524 466.3201 168 0.1845836 -0.3125
Moved 1371.583 467 166 0.1857639 -0.3211806
Moved 1371.641 468 164.5 0.1875 -0.327691
Moved 1371.698 469.1968 163.8031 0.1895779 -0.3307156
Stationary 1371.753 469.1968 163.8031 0.1895779 -0.3307156
Stationary 1371.808 469 164 0.1892361 -0.3298611
Moved 1371.868 429.5 187 0.1206597 -0.2300346
Moved 1371.955 369.2821 217.359 0.01611471 -0.0982682
Moved 1372.011 341.5731 227.9708 -0.03199123 -0.05220997
Moved 1372.076 326.5536 232 -0.0580667 -0.03472222
Moved 1372.131 321.8037 234.1963 -0.06631296 -0.02518972
Moved 1372.189 317.5 236.5 -0.07378475 -0.01519084
Moved 1372.245 315.5 237 -0.07725693 -0.0130207
Moved 1372.302 314.69 238 -0.07866316 -0.008680556
Moved 1372.361 315 239 -0.078125 -0.004340146
Moved 1372.417 314 240.3723 -0.0798611 0.001615948
Moved 1372.474 314 241.5 -0.0798611 0.00651055
Moved 1372.561 384.6524 246.9768 0.04279934 0.03028128
Moved 1372.617 433.3556 253.726 0.1273535 0.05957445
Moved 1372.671 461.7931 262.2643 0.1767241 0.09663344
Moved 1372.727 473.8212 267.8212 0.1976062 0.1207516
Moved 1372.783 483.8011 271.8011 0.2149324 0.1380256
Moved 1372.838 487.1022 273 0.2206635 0.1432292
Moved 1372.891 489.0437 274.0437 0.2240342 0.1477591
Moved 1372.946 490.2492 274 0.2261271 0.1475696
Moved 1373.005 491.249 274 0.2278628 0.1475696
Moved 1373.063 491 259.1957 0.2274306 0.08331458
Moved 1373.147 454.7739 200.2899 0.1645381 -0.1723528
Moved 1373.202 445.8564 183.7128 0.1490563 -0.2443022
Moved 1373.258 441.0841 176.0841 0.1407711 -0.2774128
Moved 1373.312 439 172.0988 0.1371527 -0.2947102
Moved 1373.373 436.4006 168.4006 0.1326399 -0.3107612
Moved 1373.427 435 165.5 0.1302084 -0.3233507
Moved 1373.481 431.6575 164 0.1244054 -0.3298611
Moved 1373.536 391.5708 184.1943 0.0548105 -0.2422121
Moved 1373.59 350.6707 214.2469 -0.01619674 -0.1117754
Moved 1373.648 312.872 241.2161 -0.08181949 0.005277926
Moved 1373.731 262.9319 269.0341 -0.168521 0.1260159
Moved 1373.785 252.0085 273.9957 -0.1874852 0.1475509
Moved 1373.84 237.5366 280.7317 -0.2126101 0.176787
Moved 1373.894 231.3255 285.6746 -0.2233933 0.1982403
Moved 1373.949 225.5959 290.4041 -0.2333405 0.218768
Moved 1374.003 222.6113 292 -0.238522 0.2256946
Moved 1374.057 221 296.0582 -0.2413195 0.2433083
Moved 1374.111 220 297.0226 -0.2430556 0.2474939
Ended 1374.164 220 297 -0.2430556 0.247396
PhraseEnd 1374.982
