my favorite place to visit
Basic
0.6 0.6
432 172.8
Began 1853.367 533 150 0.4004629 -0.5208332
Stationary 1853.45 533 150 0.4004629 -0.5208332
Moved 1853.522 505.7458 159.9263 0.3373746 -0.4633895
Moved 1853.599 478.0285 173.5829 0.2732142 -0.3843581
Moved 1853.676 440.7586 199.4943 0.1869412 -0.2344082
Moved 1853.751 404.3621 225.4784 0.1026901 -0.08403708
Moved 1853.824 382.9992 244.0009 0.05323887 0.02315309
Moved 1853.896 374.2573 253.7427 0.03300309 0.07952955
Moved 1853.974 368.4482 262.5518 0.01955609 0.130508
Moved 1854.047 366 272.4184 0.01388888 0.1876066
Moved 1854.122 365 284.1819 0.01157403 0.2556824
Moved 1854.198 365 293.8373 0.01157403 0.3115584
Moved 1854.277 365 297.5 0.01157403 0.3327546
Ended 1854.349 365 297 0.01157403 0.3298613
Began 1854.613 315 205 -0.1041667 -0.2025461
Stationary 1854.685 315 205 -0.1041667 -0.2025461
Stationary 1854.756 315 205 -0.1041667 -0.2025461
Stationary 1854.828 315 205 -0.1041667 -0.2025461
Stationary 1854.901 315 205 -0.1041667 -0.2025461
Moved 1854.972 300.8689 215.7103 -0.1368776 -0.1405651
Moved 1855.083 239.1935 229.142 -0.2796448 -0.06283584
Moved 1855.156 198.7276 237.5681 -0.3733157 -0.01407323
Moved 1855.231 169.8977 248.3674 -0.4400516 0.04842264
Moved 1855.306 149.4187 255.1937 -0.4874567 0.08792666
Moved 1855.381 135.2739 260 -0.5201992 0.1157407
Moved 1855.455 129.9121 262 -0.5326108 0.127315
Moved 1855.527 129 263 -0.5347222 0.1331019
Moved 1855.598 128 264.7736 -0.5370371 0.143366
Stationary 1855.689 128 265 -0.5370371 0.1446759
Stationary 1855.774 128 265 -0.5370371 0.1446759
Moved 1855.897 134.6588 265 -0.5216232 0.1446759
Moved 1855.978 204.1111 247.1555 -0.3608538 0.04140925
Moved 1856.059 264.4728 224.8818 -0.2211277 -0.08748938
Moved 1856.14 307.9011 212.7748 -0.1205993 -0.1575534
Moved 1856.219 329.1269 205 -0.07146561 -0.2025461
Moved 1856.292 339.8594 201.1406 -0.04662176 -0.2248806
Moved 1856.365 346.0215 198.9785 -0.03235767 -0.2373928
Moved 1856.438 350.4297 198 -0.02215355 -0.2430556
Moved 1856.513 363.087 201.7682 0.007145803 -0.2212487
Moved 1856.585 427.5233 244.2897 0.1563038 0.0248245
Moved 1856.695 504.326 294.2173 0.3340881 0.3137578
Moved 1856.771 513 300 0.3541666 0.3472222
Moved 1856.843 517.3154 302 0.3641561 0.3587963
Moved 1856.917 519 304 0.3680556 0.3703706
Moved 1856.991 521.2919 305.2919 0.3733608 0.3778465
Stationary 1857.067 521 305 0.3726852 0.3761576
Moved 1857.148 521 306.1241 0.3726852 0.3826625
Moved 1857.221 507.8242 306 0.3421857 0.3819445
Moved 1857.302 459.6103 308.3766 0.2305794 0.3956982
Moved 1857.376 410.5 313.5 0.1168981 0.4253471
Moved 1857.483 370.3817 317.2061 0.0240318 0.4467943
Moved 1857.555 356.2058 317 -0.008782794 0.4456021
Moved 1857.629 336.7395 319 -0.05384366 0.4571759
Moved 1857.704 315.2736 319 -0.1035333 0.4571759
Moved 1857.783 300.1213 319 -0.1386081 0.4571759
Moved 1857.861 292.7309 319 -0.1557156 0.4571759
Moved 1857.935 290.751 319 -0.1602986 0.4571759
Moved 1858.011 288.8835 319 -0.1646215 0.4571759
Moved 1858.084 289 320.0094 -0.1643519 0.4630172
Moved 1858.159 289 321 -0.1643519 0.46875
Moved 1858.274 348.9107 322 -0.02566973 0.4745372
Moved 1858.352 388.0918 309.2271 0.06502737 0.4006197
Moved 1858.43 413.7944 302.8037 0.124524 0.3634476
Moved 1858.506 431.5708 296.7146 0.1656732 0.3282095
Moved 1858.583 441.5578 294 0.1887913 0.3125
Moved 1858.66 449.5 291.5 0.2071759 0.2980326
Moved 1858.736 453.0887 291 0.2154831 0.2951389
Moved 1858.811 453 288.8144 0.2152778 0.2824907
Moved 1858.888 438.2851 284.7617 0.1812155 0.2590379
Moved 1858.959 401.6328 284 0.09637206 0.2546298
Moved 1859.067 363.5548 284 0.008228819 0.2546298
Moved 1859.139 355.0782 292 -0.01139293 0.3009261
Moved 1859.211 350.7026 294 -0.02152175 0.3125
Moved 1859.282 347.8857 296 -0.02804235 0.3240741
Moved 1859.353 347 297 -0.0300926 0.3298613
Moved 1859.422 344.8352 297 -0.03510371 0.3298613
Moved 1859.494 338.396 297 -0.05000934 0.3298613
Moved 1859.566 312.3777 297 -0.1102369 0.3298613
Moved 1859.638 279.7131 297 -0.1858492 0.3298613
Moved 1859.715 260.1348 290 -0.2311695 0.2893519
Moved 1859.826 248.307 290 -0.2585486 0.2893519
Moved 1859.901 243.6773 290 -0.2692654 0.2893519
Moved 1859.982 241 290 -0.275463 0.2893519
Ended 1860.056 241 290 -0.275463 0.2893519
Began 1860.258 571 276 0.4884259 0.2083332
Stationary 1860.329 571 276 0.4884259 0.2083332
Moved 1860.399 549.3671 269.6423 0.4383496 0.1715415
Moved 1860.472 529.8765 263.9382 0.3932326 0.1385314
Moved 1860.547 519.1306 261 0.3683579 0.1215278
Moved 1860.619 515 259.2847 0.3587963 0.1116014
Moved 1860.692 512.6266 259 0.3533023 0.1099539
Moved 1860.77 503.6364 247.6364 0.3324916 0.04419186
Moved 1860.851 491.3466 236.4489 0.304043 -0.02055045
Moved 1860.931 441.5365 230 0.1887419 -0.05787019
Moved 1861.022 333.4159 243.948 -0.06153722 0.02284721
Moved 1861.097 287.101 248.7798 -0.1687478 0.05080912
Moved 1861.174 253.5233 249 -0.2464738 0.05208351
Moved 1861.253 229.5 249 -0.3020833 0.05208351
Moved 1861.333 211.8322 249 -0.3429812 0.05208351
Moved 1861.406 200.5538 249 -0.3690884 0.05208351
Moved 1861.481 192.7887 239.7887 -0.3870631 -0.001222646
Moved 1861.557 185.5578 236 -0.4038014 -0.02314815
Moved 1861.635 177.7487 230.7487 -0.421878 -0.05353769
Moved 1861.709 172.9635 229 -0.4329548 -0.06365723
Moved 1861.824 180.4982 229 -0.4155134 -0.06365723
Moved 1861.901 228.5598 220.1467 -0.3042598 -0.1148918
Moved 1861.973 266.9052 211.219 -0.2154972 -0.1665568
Moved 1862.045 298.0258 205 -0.1434589 -0.2025461
Moved 1862.123 317.5443 200.2278 -0.09827699 -0.2301633
Moved 1862.202 326.5715 198 -0.07738069 -0.2430556
Moved 1862.275 331.206 197 -0.06665275 -0.2488424
Stationary 1862.347 331 197 -0.06712963 -0.2488424
Moved 1862.42 316.0871 216.8693 -0.1016502 -0.1338583
Moved 1862.494 299.3499 239.4751 -0.1403937 -0.003037629
Moved 1862.602 283.5126 259.9748 -0.1770542 0.1155949
Moved 1862.679 277 269.6803 -0.1921296 0.171761
Moved 1862.751 274 274.4801 -0.199074 0.1995376
Moved 1862.825 272 276 -0.2037037 0.2083332
Ended 1862.897 271 277 -0.2060186 0.2141204
Began 1863.558 368 276 0.01851857 0.2083332
Stationary 1863.636 368 276 0.01851857 0.2083332
Stationary 1863.71 368 276 0.01851857 0.2083332
Moved 1863.798 391.9012 276 0.07384548 0.2083332
Moved 1863.878 415.6256 276 0.128763 0.2083332
Moved 1863.948 431.8742 276 0.1663754 0.2083332
Moved 1864.015 459.3234 276 0.2299154 0.2083332
Moved 1864.085 473.7968 276 0.2634186 0.2083332
Moved 1864.155 482.6362 276 0.2838801 0.2083332
Moved 1864.231 487.1943 276 0.2944311 0.2083332
Moved 1864.309 491.6204 276 0.3046768 0.2083332
Moved 1864.384 494.0171 276 0.3102248 0.2083332
Moved 1864.46 496.3729 276 0.315678 0.2083332
Ended 1864.535 497.1722 276 0.3175283 0.2083332
Began 1864.909 338 149 -0.05092591 -0.5266202
Stationary 1864.99 338 149 -0.05092591 -0.5266202
Moved 1865.062 344.0012 166.5719 -0.03703421 -0.4249313
Moved 1865.138 359.4142 189.4142 -0.001355906 -0.292742
Moved 1865.217 375.5863 208.7242 0.03607938 -0.180994
Moved 1865.299 398.0342 234.7123 0.08804213 -0.03060005
Moved 1865.372 419.0922 255.0922 0.1367875 0.08733891
Moved 1865.445 435.4201 268.4201 0.1745836 0.1644684
Moved 1865.519 448.2238 281.2238 0.2042218 0.2385637
Moved 1865.595 462.8098 295.8098 0.2379857 0.3229736
Moved 1865.67 471.0728 304.0728 0.2571129 0.3707916
Moved 1865.749 475 308 0.2662037 0.3935185
Moved 1865.826 477 310 0.2708333 0.4050926
Moved 1865.899 477 311.4299 0.2708333 0.4133673
Stationary 1865.978 477 311 0.2708333 0.4108796
Moved 1866.09 406.1212 296.3203 0.1067621 0.3259278
Moved 1866.17 357.5187 286.7196 -0.005743802 0.2703681
Moved 1866.251 319.1887 279.6378 -0.09447063 0.2293852
Moved 1866.331 290.7132 272.3566 -0.1603861 0.1872492
Moved 1866.407 275.0953 269 -0.1965387 0.1678241
Moved 1866.48 264.3578 263.6789 -0.2213941 0.1370306
Moved 1866.553 254.5217 260 -0.2441627 0.1157407
Moved 1866.63 242.6823 252.6823 -0.2715688 0.07339266
Moved 1866.706 228.7557 243.8779 -0.3038062 0.02244172
Moved 1866.779 224.9049 243 -0.3127201 0.01736111
Moved 1866.89 274.9103 261.972 -0.1969669 0.1271527
Moved 1866.965 368.5871 290.5963 0.01987755 0.2928028
Moved 1867.037 409.586 301.4531 0.1147825 0.3556317
Moved 1867.113 433.7944 306 0.1708204 0.3819445
Moved 1867.191 446.2121 309 0.1995651 0.3993057
Moved 1867.266 453.9984 310.9984 0.2175887 0.4108701
Moved 1867.342 464.1571 313 0.2411044 0.4224537
Moved 1867.422 474.9866 316 0.2661728 0.4398148
Moved 1867.496 482.6012 317 0.283799 0.4456021
Moved 1867.569 488.5 318 0.2974537 0.4513889
Moved 1867.677 491.1368 318 0.3035574 0.4513889
Stationary 1867.748 491 318 0.3032407 0.4513889
Moved 1867.818 475.4799 318 0.2673147 0.4513889
Moved 1867.89 439.7657 318 0.1846427 0.4513889
Moved 1867.964 406.4844 318 0.1076027 0.4513889
Moved 1868.035 386.2281 318 0.06071309 0.4513889
Moved 1868.109 367.185 318 0.01663188 0.4513889
Moved 1868.184 358.72 318 -0.002962947 0.4513889
Moved 1868.263 351.8775 318 -0.01880209 0.4513889
Moved 1868.338 344.7143 318 -0.0353836 0.4513889
Moved 1868.453 335.0502 318 -0.05775417 0.4513889
Moved 1868.528 329.5 318 -0.07060184 0.4513889
Ended 1868.599 329.5 318 -0.07060184 0.4513889
PhraseEnd 1869.509
