breathing is difficult
Basic
0.6 0.6
432 172.8
Began 1783.125 424 190 0.1481481 -0.2893519
Stationary 1783.2 424 190 0.1481481 -0.2893519
Stationary 1783.27 424 190 0.1481481 -0.2893519
Moved 1783.339 404.381 208.619 0.1027337 -0.1816029
Moved 1783.419 387.2906 230.4189 0.06317258 -0.0554461
Moved 1783.489 378.4704 240.5297 0.0427555 0.00306518
Moved 1783.559 374 246.2678 0.03240744 0.03627212
Moved 1783.63 366.8665 252 0.01589477 0.06944445
Moved 1783.709 360.0413 257.9587 9.556612E-05 0.1039279
Moved 1783.785 351.8732 263.1268 -0.01881197 0.1338355
Moved 1783.861 341.1289 268.9355 -0.0436831 0.1674511
Moved 1783.931 332.3215 274.6785 -0.06407052 0.2006856
Moved 1784.004 317.9778 281.0222 -0.09727358 0.2373967
Moved 1784.076 305.3497 288.3252 -0.1265054 0.2796599
Moved 1784.152 298.8115 292.1885 -0.14164 0.3020169
Moved 1784.253 295 294 -0.150463 0.3125
Moved 1784.325 290.3811 294 -0.1611549 0.3125
Moved 1784.404 284.5815 294 -0.17458 0.3125
Moved 1784.477 277.7347 294 -0.190429 0.3125
Moved 1784.554 267.1415 294 -0.2149501 0.3125
Moved 1784.627 260.7592 286 -0.2297241 0.2662037
Moved 1784.698 256.5 285 -0.2395834 0.2604167
Moved 1784.769 254.5 284 -0.244213 0.2546298
Moved 1784.842 249.3233 280.3233 -0.2561961 0.2333525
Moved 1784.919 232.0816 264.5612 -0.2961073 0.1421367
Moved 1785.027 209.6319 240.6318 -0.3480744 0.003656458
Moved 1785.107 201.5 233.5 -0.3668981 -0.03761574
Moved 1785.176 198.5 232 -0.3738426 -0.0462963
Moved 1785.244 197.5276 232 -0.3760934 -0.0462963
Stationary 1785.31 197.5276 232 -0.3760934 -0.0462963
Moved 1785.38 208.6103 243.7157 -0.3504392 0.02150288
Moved 1785.448 247.5717 265.743 -0.2602506 0.1489758
Moved 1785.515 292.2935 285.1467 -0.1567281 0.2612658
Moved 1785.581 318.7288 296.3644 -0.09553527 0.3261826
Moved 1785.647 335.7288 302.8644 -0.05618344 0.3637985
Moved 1785.748 346.544 307.5441 -0.03114805 0.39088
Moved 1785.815 348.2043 308 -0.02730474 0.3935185
Moved 1785.881 350 309 -0.02314816 0.3993057
Moved 1785.948 361.0765 297.9235 0.002491871 0.3352054
Moved 1786.014 375.8158 282.1228 0.03661066 0.2437662
Moved 1786.081 391.2957 270.7043 0.07244368 0.1776874
Moved 1786.15 402.9609 264.5195 0.09944657 0.1418954
Moved 1786.22 409.2116 261.7883 0.1139158 0.1260899
Moved 1786.288 414.0331 261 0.1250767 0.1215278
Moved 1786.355 418.3682 260 0.1351116 0.1157407
Moved 1786.471 468.7973 291.1982 0.2518456 0.296286
Moved 1786.544 482.3366 301.3366 0.2831866 0.3549572
Moved 1786.615 488.1382 305 0.2966161 0.3761576
Moved 1786.684 489 307.3734 0.2986111 0.3898926
Moved 1786.752 490 307 0.300926 0.3877315
Moved 1786.831 490 294.4164 0.300926 0.3149096
Moved 1786.904 477.7124 271.8497 0.2724824 0.1843158
Moved 1786.976 466.4568 244.3702 0.2464277 0.02529074
Moved 1787.044 459.0537 230.1074 0.2292909 -0.05724872
Moved 1787.111 455.3345 220.3345 0.2206816 -0.1138051
Moved 1787.214 451 210.6721 0.2106482 -0.1697215
Moved 1787.282 447.8328 204.8329 0.2033167 -0.2035134
Moved 1787.349 443.4431 201 0.1931552 -0.2256946
Moved 1787.418 426.5645 194.4258 0.1540845 -0.2637397
Moved 1787.488 390.0765 194 0.0696216 -0.2662037
Moved 1787.558 364.0193 206.9935 0.009304087 -0.1910097
Moved 1787.629 349.5594 213.7203 -0.024168 -0.1520814
Moved 1787.711 341.4739 220 -0.04288455 -0.1157407
Moved 1787.784 335.5 224 -0.05671298 -0.09259242
Moved 1787.854 333 227.5375 -0.06249999 -0.0721211
Ended 1787.966 333 228 -0.06249999 -0.06944445
Began 1788.191 490 297 0.300926 0.3298613
Stationary 1788.265 490 297 0.300926 0.3298613
Moved 1788.339 477.0359 291.7624 0.2709164 0.2995509
Moved 1788.411 459.5 283.5 0.2303241 0.2517361
Moved 1788.481 447.347 280 0.2021922 0.2314817
Moved 1788.553 435.9504 274.9835 0.1758112 0.2024506
Moved 1788.628 409.2361 263.618 0.1139724 0.1366785
Moved 1788.702 377.8549 251.9637 0.04133065 0.06923464
Moved 1788.776 345.7381 243 -0.03301357 0.01736111
Moved 1788.85 315.0934 236.2186 -0.1039504 -0.02188276
Moved 1788.935 293.2277 233 -0.1545655 -0.04050926
Moved 1789.007 279.5627 232 -0.1861974 -0.0462963
Moved 1789.08 271.5455 232 -0.2047557 -0.0462963
Moved 1789.152 265.5 232 -0.21875 -0.0462963
Moved 1789.225 260.5 232 -0.2303241 -0.0462963
Moved 1789.324 254.6649 232 -0.2438313 -0.0462963
Moved 1789.396 249.5 231 -0.255787 -0.05208334
Moved 1789.469 243.6313 230 -0.269372 -0.05787019
Moved 1789.541 235.4591 230 -0.2882891 -0.05787019
Moved 1789.609 229.5117 230 -0.3020563 -0.05787019
Ended 1789.715 229 230 -0.3032407 -0.05787019
Began 1789.933 305 246 -0.1273148 0.03472222
Stationary 1790.015 305 246 -0.1273148 0.03472222
Stationary 1790.088 305 246 -0.1273148 0.03472222
Moved 1790.157 337.5 255.5 -0.05208333 0.08969907
Moved 1790.226 353.7207 262.4805 -0.01453534 0.1300953
Moved 1790.298 370.2697 267.0899 0.02377232 0.1567705
Moved 1790.37 395.2001 275.7333 0.08148164 0.2067901
Moved 1790.441 420.9706 285.6569 0.1411356 0.264218
Moved 1790.512 435.9129 291 0.1757243 0.2951389
Moved 1790.589 443.2938 293 0.1928098 0.306713
Moved 1790.67 449.0253 295 0.2060772 0.318287
Moved 1790.737 456.6833 295.8417 0.223804 0.323158
Moved 1790.81 466.5 296 0.2465278 0.3240741
Moved 1790.881 468 296 0.25 0.3240741
Moved 1790.96 457.8684 296 0.2265471 0.3240741
Moved 1791.031 433.7219 280.8887 0.1706526 0.2366248
Moved 1791.101 383.2881 264.5109 0.05390773 0.1418456
Moved 1791.172 349.6471 255 -0.02396499 0.08680573
Moved 1791.244 328.5 248.5 -0.07291664 0.04918982
Moved 1791.318 312.3634 242.3634 -0.1102699 0.0136771
Moved 1791.426 302.6327 239 -0.1327948 -0.00578686
Moved 1791.504 295.8055 235.8055 -0.1485984 -0.02427348
Moved 1791.574 291.999 235 -0.1574097 -0.02893519
Moved 1791.643 289.7555 234 -0.162603 -0.03472205
Moved 1791.714 288.8134 234 -0.1647837 -0.03472205
Moved 1791.785 286.8759 234 -0.1692687 -0.03472205
Moved 1791.855 287 232.5 -0.1689815 -0.04340278
Moved 1791.943 285.8934 233 -0.1715431 -0.04050926
Stationary 1792.012 285.8934 233 -0.1715431 -0.04050926
Stationary 1792.08 285.8934 233 -0.1715431 -0.04050926
Moved 1792.187 292.5181 242.3036 -0.1562081 0.01333096
Moved 1792.258 330.8699 259.3163 -0.06743068 0.1117844
Moved 1792.328 393.9028 279.7136 0.07847875 0.2298239
Moved 1792.425 437.4499 300.4833 0.1792821 0.350019
Moved 1792.503 454.6696 309.3348 0.2191425 0.4012431
Moved 1792.573 463.1192 312.1193 0.2387019 0.4173568
Moved 1792.643 467 313 0.2476852 0.4224537
Moved 1792.715 470.2017 314 0.2550965 0.4282409
Stationary 1792.791 470 314 0.2546296 0.4282409
Moved 1792.863 448.6846 297.3477 0.2052885 0.3318735
Moved 1792.968 386.9658 252.3048 0.06242077 0.07120839
Moved 1793.038 365.6838 237.4559 0.01315693 -0.01472244
Moved 1793.108 349.1398 226.0698 -0.0251394 -0.08061427
Moved 1793.177 338.3322 219.3322 -0.05015706 -0.1196056
Moved 1793.246 327.7412 213.8706 -0.07467305 -0.1512116
Moved 1793.317 321.1374 209.1373 -0.08995979 -0.1786032
Moved 1793.388 315.2955 206 -0.1034827 -0.1967593
Moved 1793.462 313 204 -0.1087963 -0.2083332
Moved 1793.53 312 204 -0.1111111 -0.2083332
Moved 1793.598 328.77 216.4399 -0.07229174 -0.1363429
Moved 1793.708 377.2409 250.6205 0.03990949 0.06146131
Moved 1793.779 399.1312 267.5984 0.09058157 0.1597134
Moved 1793.847 421.981 285.981 0.1434746 0.2660939
Moved 1793.917 431.4944 296.7472 0.1654964 0.3283983
Moved 1793.984 438.9045 304.9045 0.1826493 0.3756047
Moved 1794.053 442.5 309.5 0.1909722 0.4021993
Moved 1794.123 445.1027 313 0.1969969 0.4224537
Moved 1794.197 446 315.5 0.199074 0.4369213
Moved 1794.265 447.1718 315 0.2017865 0.4340278
Moved 1794.335 459.5 315 0.2303241 0.4340278
Moved 1794.441 506.1898 282.9051 0.3384024 0.2482933
Moved 1794.515 527.7867 276 0.3883951 0.2083332
Moved 1794.596 536.5 272.5 0.4085648 0.1880787
Moved 1794.669 539 272 0.4143518 0.1851854
Moved 1794.787 529.183 265.4732 0.3916273 0.1474144
Moved 1794.897 472.5 258 0.2604167 0.1041667
Moved 1795.012 403.5124 272.7438 0.100723 0.1894898
Moved 1795.139 358.8271 287.5865 -0.00271514 0.2753848
Moved 1795.267 341.2552 292 -0.04339064 0.3009261
Moved 1795.34 334.3195 294.6805 -0.05944565 0.3164382
Moved 1795.45 329.7979 296 -0.06991217 0.3240741
Ended 1795.53 329 297 -0.07175927 0.3298613
PhraseEnd 1796.392
