are you talking to me
Basic
0.6 0.6
432 326.4
Began 1215.586 194 407 -0.3842593 0.1194853
Stationary 1215.659 194 407 -0.3842593 0.1194853
Moved 1215.723 218.4635 430.4635 -0.3276308 0.191371
Moved 1215.792 243.491 457.491 -0.2696967 0.274176
Moved 1215.857 261.8469 477.8469 -0.2272064 0.3365407
Moved 1215.924 269.8718 486.7437 -0.20863 0.363798
Moved 1215.989 276.5662 492.5662 -0.1931339 0.3816365
Moved 1216.052 281.9499 497.9499 -0.1806716 0.3981309
Moved 1216.118 288.1184 504 -0.1663925 0.4166667
Moved 1216.188 291.5 507 -0.1585648 0.4258579
Moved 1216.25 293.249 508 -0.1545163 0.4289215
Moved 1216.312 294.3729 509 -0.1519146 0.4319853
Stationary 1216.375 294 509 -0.1527778 0.4319853
Stationary 1216.437 294 509 -0.1527778 0.4319853
Moved 1216.498 268.2496 497.8124 -0.2123851 0.3977096
Moved 1216.562 255.1596 493.0798 -0.2426861 0.3832103
Moved 1216.629 248.2663 491 -0.2586429 0.3768382
Moved 1216.694 246 491 -0.2638889 0.3768382
Ended 1216.758 245 490 -0.2662037 0.3737745
Began 1217.091 322 510 -0.08796295 0.4350491
Stationary 1217.162 322 510 -0.08796295 0.4350491
Moved 1217.227 352.904 510 -0.016426 0.4350491
Moved 1217.292 386.5873 510 0.06154468 0.4350491
Moved 1217.358 416.8507 510 0.1315988 0.4350491
Moved 1217.424 451.2216 501 0.2111612 0.4074755
Moved 1217.489 480.2596 493.8702 0.2783788 0.3856317
Moved 1217.552 507.6313 487.1229 0.3417393 0.3649599
Moved 1217.616 526.4678 481.8441 0.385342 0.348787
Moved 1217.677 533.5811 479.4189 0.4018081 0.3413568
Moved 1217.742 537.3233 478 0.4104705 0.3370098
Moved 1217.808 538 477 0.4120371 0.3339461
Moved 1217.872 519.1888 474 0.3684927 0.324755
Moved 1217.942 486.6086 472 0.2930755 0.3186275
Moved 1218.005 456.7597 472 0.2239808 0.3186275
Moved 1218.096 432.1611 480 0.1670396 0.3431373
Moved 1218.157 426.8015 480 0.1546331 0.3431373
Ended 1218.227 424 481 0.1481481 0.3462009
Began 1218.519 330 480 -0.06944443 0.3431373
Stationary 1218.595 330 480 -0.06944443 0.3431373
Moved 1218.66 317.7863 475.752 -0.09771694 0.3301227
Moved 1218.724 300.8927 461.2618 -0.1368224 0.2857287
Moved 1218.789 285.5283 448.5283 -0.1723883 0.2467165
Moved 1218.855 265.2677 431.6902 -0.2192878 0.1951295
Moved 1218.917 244.0475 406.73 -0.2684087 0.118658
Moved 1218.98 227.906 386.9059 -0.3057732 0.05792268
Moved 1219.042 215.5699 372.1397 -0.3343291 0.01268293
Moved 1219.102 208 364.1377 -0.3518518 -0.01183304
Moved 1219.163 204.9236 360.9236 -0.3589732 -0.0216802
Moved 1219.234 221.8098 361 -0.3198848 -0.02144608
Moved 1219.301 327.0952 379.7831 -0.07616863 0.03610022
Moved 1219.387 416.5727 372.0427 0.1309553 0.01238589
Moved 1219.454 472.5732 365.2038 0.2605862 -0.008566801
Moved 1219.522 496.5142 362.8715 0.3160049 -0.01571235
Moved 1219.589 517.8137 363 0.3653094 -0.01531863
Moved 1219.658 530.7625 363 0.3952836 -0.01531863
Moved 1219.723 534 362 0.4027778 -0.01838226
Moved 1219.794 536 362 0.4074074 -0.01838226
Moved 1219.864 520.2677 366.7816 0.37099 -0.003732981
Moved 1219.927 496.3036 372 0.3155176 0.012255
Moved 1219.995 479.7336 373 0.2771611 0.01531863
Moved 1220.097 472.5 374 0.2604167 0.01838245
Moved 1220.16 469 385.6741 0.2523148 0.0541487
Moved 1220.229 468 413.5815 0.25 0.1396491
Moved 1220.294 468 444.5 0.25 0.2343751
Moved 1220.36 467.336 460.664 0.2484629 0.283897
Moved 1220.427 465.9813 463 0.245327 0.291054
Moved 1220.494 453.4793 409.1567 0.2163872 0.126093
Moved 1220.556 444 358.8541 0.1944444 -0.02802064
Moved 1220.622 442 331.059 0.1898148 -0.1131771
Moved 1220.686 442 316.5767 0.1898148 -0.1575468
Moved 1220.782 440 304.0104 0.1851852 -0.1960465
Moved 1220.846 439 296.5 0.1828703 -0.2190563
Moved 1220.909 438 289.8535 0.1805556 -0.2394194
Moved 1220.977 436 283.0542 0.1759259 -0.2602506
Moved 1221.04 434 277.3214 0.1712963 -0.2778144
Moved 1221.104 424.7143 271.9048 0.1498016 -0.2944094
Moved 1221.168 397.9008 286.9191 0.08773328 -0.2484097
Moved 1221.231 374.3864 318.4317 0.03330191 -0.1518637
Moved 1221.295 364.278 338.8882 0.009902717 -0.08919062
Moved 1221.358 360.6146 354.7708 0.001422664 -0.0405306
Moved 1221.465 358 371.0733 -0.004629641 0.009415758
Ended 1221.536 358 373 -0.004629641 0.01531863
Began 1221.857 318 486 -0.09722222 0.3615196
Stationary 1221.927 318 486 -0.09722222 0.3615196
Moved 1221.99 329.315 486 -0.07103011 0.3615196
Moved 1222.056 355.8412 486 -0.009626945 0.3615196
Moved 1222.126 380.146 486 0.04663428 0.3615196
Moved 1222.191 412.8427 477.8315 0.122321 0.3364936
Moved 1222.257 450.6778 474 0.2099023 0.324755
Moved 1222.321 478.7362 472.6528 0.2748524 0.3206275
Moved 1222.384 498.2138 471 0.3199393 0.3155637
Moved 1222.45 509.8572 470 0.3468917 0.3125
Moved 1222.516 515.5 469 0.3599537 0.3094364
Moved 1222.582 517.9863 468.0137 0.3657091 0.3064145
Ended 1222.668 518 468 0.3657407 0.3063726
Began 1223.041 491 256 0.3032407 -0.3431373
Moved 1223.113 474.988 282.521 0.266176 -0.2618842
Moved 1223.179 444.2912 324.5923 0.1951185 -0.1329892
Moved 1223.246 421.301 350.699 0.1419005 -0.05300559
Moved 1223.314 401.0097 370.9904 0.09492983 0.009161725
Moved 1223.379 389.4008 383.5991 0.06805748 0.04779143
Moved 1223.446 369.1797 403.8204 0.02124925 0.1097438
Moved 1223.51 345.9472 421.0396 -0.03252953 0.1624986
Moved 1223.574 320.4635 438.3577 -0.09151965 0.2155566
Moved 1223.637 306.8829 447.5585 -0.1229562 0.2437455
Moved 1223.701 295.0188 455.9875 -0.1504195 0.2695695
Moved 1223.778 279.7525 465.2476 -0.1857582 0.2979399
Moved 1223.842 268.9067 471.5466 -0.2108641 0.3172385
Moved 1223.906 261.72 476.28 -0.2275 0.3317402
Moved 1223.97 258.7923 478.2077 -0.2342772 0.3376462
Ended 1224.035 258 479 -0.2361111 0.3400736
PhraseEnd 1224.919
