the power of denial
Basic
0.8 0.8
575.9999 435.2
Began 796.1408 315 451 -0.078125 0.1907169
Stationary 796.2007 315 451 -0.078125 0.1907169
Stationary 796.2492 315 451 -0.078125 0.1907169
Moved 796.2997 343.8882 431.6671 -0.02797194 0.1462939
Moved 796.3514 370.5 413 0.01822919 0.1034007
Moved 796.4039 383.3094 401.6906 0.04046775 0.0774141
Moved 796.4556 400.9725 388.7706 0.07113286 0.04772663
Moved 796.5078 423.4137 373.7242 0.1100933 0.01315299
Moved 796.5594 433.8813 365.5593 0.1282662 -0.005608167
Moved 796.6107 437.3848 360.6152 0.1343486 -0.0169686
Moved 796.667 440 356.8819 0.1388889 -0.02554704
Moved 796.7178 441 356 0.140625 -0.02757353
Moved 796.7831 430.7349 355 0.1228036 -0.02987126
Moved 796.832 395.7908 377.9819 0.06213673 0.02293629
Moved 796.8795 363.1554 400.7462 0.005478114 0.07524396
Moved 796.9282 339.2198 417.0681 -0.03607675 0.1127484
Moved 796.9764 314.8655 437.3509 -0.07835849 0.1593541
Moved 797.0241 298.7567 451.2433 -0.1063253 0.1912762
Moved 797.0728 285.032 462.968 -0.1301528 0.218217
Moved 797.1209 276.4298 468.7851 -0.1450871 0.2315834
Moved 797.1687 269.5333 473.7333 -0.1570602 0.2429534
Moved 797.2222 260.9321 479.0339 -0.1719929 0.2551332
Moved 797.3018 250.1084 486 -0.1907841 0.2711397
Moved 797.3514 244.5 488 -0.2005208 0.2757353
Moved 797.4005 241.4126 490 -0.205881 0.2803309
Moved 797.4517 240 491.8935 -0.2083333 0.2846818
Ended 797.5024 238.671 493.329 -0.2106406 0.2879802
Began 797.7931 594 471 0.40625 0.2366728
Stationary 797.8416 594 471 0.40625 0.2366728
Stationary 797.8885 594 471 0.40625 0.2366728
Moved 797.9371 573.6523 471 0.3709242 0.2366728
Moved 797.9898 558.3544 471 0.3443653 0.2366728
Moved 798.0377 546.9578 479.3474 0.3245796 0.2558534
Moved 798.0848 535.0981 482.634 0.3039897 0.2634053
Moved 798.1319 522.1583 485.4209 0.2815248 0.2698091
Moved 798.18 481.3523 488 0.2106811 0.2757353
Moved 798.2299 431.5 489 0.124132 0.2780331
Moved 798.2893 358.4606 489 -0.002672523 0.2780331
Moved 798.3367 314.7138 492.7303 -0.07862188 0.2866046
Moved 798.3842 285.9309 496.2956 -0.1285922 0.2947969
Moved 798.433 264.6209 501.5948 -0.1655887 0.3069733
Moved 798.4808 245.1369 505.5726 -0.1994151 0.3161136
Moved 798.5292 222.4998 508 -0.2387156 0.3216912
Moved 798.5773 208.2812 508 -0.2634006 0.3216912
Moved 798.6304 199.4532 508 -0.2787271 0.3216912
Moved 798.6851 197.8058 508 -0.2815872 0.3216912
Moved 798.7326 195.5949 508 -0.2854255 0.3216912
Moved 798.8073 193 508.6569 -0.2899306 0.3232005
Moved 798.8554 193 510.5 -0.2899306 0.3274357
Moved 798.9023 203.5321 514.2661 -0.2716457 0.3360893
Moved 798.9498 221.843 516 -0.2398559 0.3400735
Moved 798.9973 234.7373 516 -0.21747 0.3400735
Moved 799.045 243.7699 516 -0.2017884 0.3400735
Moved 799.0921 252.3791 517 -0.1868419 0.3423713
Moved 799.1396 258.1349 517 -0.176849 0.3423713
Moved 799.1878 262.4341 517 -0.1693853 0.3423713
Moved 799.2343 264.3019 517 -0.1661425 0.3423713
Moved 799.3103 267.5 517 -0.1605903 0.3423713
Moved 799.3596 270.1223 517 -0.1560377 0.3423713
Moved 799.4066 285.3109 510.9648 -0.1296687 0.3285038
Moved 799.4539 315.9907 510 -0.076405 0.3262868
Moved 799.501 328.2726 510 -0.05508222 0.3262868
Moved 799.548 333.3016 509 -0.04635137 0.323989
Ended 799.5951 334 508 -0.0451389 0.3216912
Began 800.1084 545 496 0.3211805 0.2941177
Stationary 800.1718 545 496 0.3211805 0.2941177
Moved 800.2242 521.7277 487.1456 0.2807773 0.273772
Moved 800.2754 479.0833 475.4405 0.2067419 0.2468762
Moved 800.3256 452.7141 469.0178 0.160962 0.2321182
Moved 800.3763 426.8605 458.4302 0.1160773 0.2077902
Moved 800.4258 407.3317 450.6659 0.08217313 0.1899492
Moved 800.4746 387.7761 442.8881 0.04822247 0.1720774
Moved 800.5233 367.7033 434.2813 0.01337379 0.1523009
Moved 800.5727 349.6168 426.4112 -0.01802634 0.134217
Moved 800.6221 330.5317 416.7191 -0.0511602 0.1119464
Moved 800.6848 313.5 406 -0.08072916 0.08731615
Moved 800.7356 300.527 397.7635 -0.1032518 0.06839038
Moved 800.7842 295.8143 395 -0.1114335 0.06204048
Moved 800.8335 293 391.5229 -0.1163194 0.05405086
Moved 800.8828 289.5 391 -0.1223958 0.05284927
Moved 800.9313 288 389.2195 -0.125 0.04875822
Ended 800.9792 288 389 -0.125 0.04825375
Began 801.4481 298 322 -0.1076389 -0.1056985
Stationary 801.5047 298 322 -0.1076389 -0.1056985
Stationary 801.5526 298 322 -0.1076389 -0.1056985
Moved 801.6011 285.9266 335.6835 -0.1285996 -0.07425673
Moved 801.652 276.3174 359.048 -0.1452824 -0.02056991
Moved 801.7014 267.4543 383.8643 -0.1606697 0.03645301
Moved 801.7507 256.9933 416.5167 -0.178831 0.1114815
Moved 801.8012 252.5216 433.9136 -0.1865944 0.1514559
Moved 801.8515 249 452.1363 -0.1927084 0.1933279
Moved 801.9008 246.2054 461.5893 -0.1975602 0.2150489
Moved 801.9508 243.6664 470.3337 -0.2019681 0.2351417
Moved 802.0027 243 474.5 -0.203125 0.2447151
Moved 802.0571 242 478.9038 -0.2048611 0.2548341
Moved 802.1087 242 482.0897 -0.2048611 0.2621548
Moved 802.1585 271.6275 462.3725 -0.1534245 0.2168486
Moved 802.2101 317.7762 404.3233 -0.07330523 0.08346351
Moved 802.2859 373.0163 317.3144 0.02259769 -0.1164651
Moved 802.3389 397.951 287.0734 0.06588728 -0.1859525
Moved 802.3878 409.5501 278.7249 0.08602456 -0.2051358
Moved 802.4386 418.1385 272.4308 0.1009348 -0.2195983
Moved 802.4915 425.946 266.054 0.1144895 -0.2342509
Moved 802.5409 433.4849 261.7576 0.1275779 -0.2441232
Moved 802.5873 438.2466 257.7534 0.1358449 -0.253324
Moved 802.6353 440 257 0.1388889 -0.2550552
Moved 802.6835 441 257 0.140625 -0.2550552
Moved 802.7318 453.0168 349.1428 0.1614875 -0.04333005
Moved 802.8229 464.4282 448.2847 0.181299 0.1844777
Moved 802.8723 470.1268 473.3805 0.1911924 0.2421427
Moved 802.9218 477.8994 497.7987 0.2046864 0.2982507
Moved 802.9763 482.1352 508.2704 0.2120403 0.3223126
Moved 803.0251 485 514.0297 0.2170139 0.3355461
Moved 803.0778 487 519 0.2204861 0.346967
Moved 803.1297 487 520 0.2204861 0.3492647
Moved 803.1824 456.3301 520 0.1672398 0.3492647
Moved 803.2343 404.8735 499.7303 0.07790536 0.3026891
Moved 803.2897 316.8515 475.3389 -0.07491064 0.2466428
Moved 803.3693 246.5348 446.3056 -0.1969882 0.1799302
Moved 803.417 217.4818 429.9879 -0.2474274 0.1424354
Moved 803.4654 200.0525 419.2894 -0.2776866 0.1178526
Moved 803.5137 186.4082 410.4694 -0.3013746 0.09758607
Moved 803.561 174.5 403 -0.3220486 0.0804228
Moved 803.612 156.3667 391.5778 -0.35353 0.05417705
Moved 803.6666 146 386.5 -0.3715278 0.04250923
Moved 803.7197 144 385 -0.375 0.0390625
Moved 803.7712 177.7772 385 -0.316359 0.0390625
Moved 803.8221 279.3254 382.5562 -0.1400601 0.03344725
Moved 803.9023 404.91 366.0208 0.07796884 -0.004547975
Moved 803.9503 461.1943 346.7739 0.1756846 -0.04877329
Moved 803.9969 485.9504 335.6298 0.2186639 -0.07438008
Moved 804.0445 508.0945 331 0.2571085 -0.08501839
Moved 804.0927 521.6317 330 0.2806106 -0.08731611
Moved 804.1421 530.5298 330 0.2960587 -0.08731611
Moved 804.202 536.5 330 0.3064236 -0.08731611
Moved 804.2527 538.4328 330 0.3097792 -0.08731611
Ended 804.301 539.3734 330 0.3114122 -0.08731611
PhraseEnd 805.1428
