the world is a stage
Basic
0.8 0.8
575.9999 230.4
Began 1324.115 265 358 -0.1649306 0.5121529
Stationary 1324.181 265 358 -0.1649306 0.5121529
Moved 1324.234 271.2892 358 -0.1540118 0.5121529
Moved 1324.291 286.7824 347.1088 -0.1271139 0.4648822
Moved 1324.346 302.7404 336.7532 -0.09940897 0.4199357
Moved 1324.401 316.1323 326.8677 -0.07615916 0.3770299
Moved 1324.458 331.0341 314.9745 -0.0502881 0.3254101
Moved 1324.514 368.0757 287.2027 0.01402036 0.2048728
Moved 1324.567 388.4175 273.3883 0.04933603 0.1449145
Moved 1324.626 404.974 261.0259 0.07807993 0.09125843
Moved 1324.679 413.7788 254.2212 0.09336599 0.06172393
Moved 1324.731 419.1814 247.6372 0.1027455 0.0331476
Moved 1324.784 423 243.5153 0.109375 0.0152572
Moved 1324.836 426.2096 240.7904 0.1149472 0.003430579
Moved 1324.888 427 238.6378 0.1163194 -0.005912251
Moved 1324.945 421.2534 239 0.1063427 -0.004340146
Moved 1325 391.156 249.948 0.05409025 0.04317721
Moved 1325.056 361.9144 261.7821 0.003323555 0.09454039
Moved 1325.111 331.1422 277.3147 -0.05010032 0.1619562
Moved 1325.197 294.7531 296.5481 -0.1132758 0.2454345
Moved 1325.251 274.1787 307.2737 -0.1489953 0.2919869
Moved 1325.307 264.4265 313 -0.1659262 0.3168403
Moved 1325.365 258.0611 317.9389 -0.1769773 0.3382767
Moved 1325.428 252.315 320.685 -0.1869531 0.3501955
Moved 1325.486 247.9067 323.0933 -0.1946064 0.3606479
Moved 1325.542 240.3289 326 -0.2077624 0.3732638
Moved 1325.601 230.3877 330.2041 -0.2250214 0.3915109
Moved 1325.654 225.4886 332 -0.2335268 0.3993056
Moved 1325.712 221.5 334 -0.2404514 0.4079863
Ended 1325.79 221 334 -0.2413195 0.4079863
Began 1326.022 127 304 -0.4045139 0.2777779
Moved 1326.077 140.1229 304 -0.3817312 0.2777779
Moved 1326.131 177 321.5 -0.3177083 0.3537328
Moved 1326.186 234.4977 329 -0.217886 0.3862849
Moved 1326.243 279.5 331 -0.1397569 0.3949653
Moved 1326.302 313.7296 331 -0.08033053 0.3949653
Moved 1326.356 350.5237 332 -0.016452 0.3993056
Moved 1326.409 389.9048 333 0.05191796 0.4036459
Moved 1326.465 439.9413 333 0.138787 0.4036459
Moved 1326.517 466.2589 333 0.1844772 0.4036459
Moved 1326.571 493.3353 333 0.2314849 0.4036459
Moved 1326.627 510.3243 324.1689 0.2609797 0.3653165
Moved 1326.682 532 319.5 0.2986111 0.3450521
Moved 1326.738 545.8843 314.0579 0.3227158 0.3214317
Moved 1326.793 550.2462 311.7538 0.3302885 0.3114316
Moved 1326.851 553.5 311 0.3359375 0.3081597
Moved 1326.904 554.9638 310 0.3384788 0.3038195
Moved 1326.956 555 309 0.3385417 0.2994793
Moved 1327.043 507.8222 300.5645 0.2566357 0.2628667
Moved 1327.099 458.4231 296.094 0.1708734 0.2434635
Moved 1327.155 411.4878 293 0.08938856 0.2300348
Moved 1327.21 383.698 290 0.04114233 0.2170139
Moved 1327.265 357.8389 288 -0.003751927 0.2083334
Moved 1327.319 343.0015 288 -0.0295113 0.2083334
Moved 1327.372 324.761 286.2537 -0.06117888 0.2007537
Moved 1327.427 313.9059 285 -0.08002456 0.1953125
Moved 1327.485 304.1395 284 -0.09698004 0.1909724
Moved 1327.541 298.8273 284 -0.1062026 0.1909724
Moved 1327.626 292.962 284 -0.1163854 0.1909724
Moved 1327.68 291 284 -0.1197917 0.1909724
Moved 1327.731 289.2603 284 -0.1228121 0.1909724
Moved 1327.783 289 284 -0.1232639 0.1909724
Stationary 1327.837 289 284 -0.1232639 0.1909724
Stationary 1327.892 289 284 -0.1232639 0.1909724
Moved 1327.948 326.0508 280.5898 -0.05893961 0.1761711
Moved 1328.004 420.4885 266.2519 0.1050147 0.1139405
Moved 1328.06 475.7647 262.7479 0.2009805 0.09873232
Moved 1328.115 505.2417 262 0.2521558 0.09548625
Moved 1328.202 531.6754 259 0.2980475 0.08246542
Moved 1328.255 538.5926 257.2037 0.3100566 0.07466913
Moved 1328.309 549.0775 252.4612 0.3282596 0.054085
Moved 1328.366 557.9022 247.0978 0.3435803 0.03080633
Moved 1328.424 563.2132 242.7869 0.3528007 0.0120959
Moved 1328.481 570 236.3887 0.3645834 -0.01567417
Moved 1328.538 573 232.6644 0.3697917 -0.03183842
Moved 1328.592 575.282 230.718 0.3737536 -0.04028652
Moved 1328.645 575 226.9783 0.3732639 -0.05651793
Moved 1328.697 536.8289 222.9857 0.3069946 -0.07384659
Moved 1328.779 473.5934 222 0.1972107 -0.07812487
Moved 1328.831 439.0668 222 0.1372688 -0.07812487
Moved 1328.883 410.6853 228.2004 0.08799539 -0.05121324
Moved 1328.945 384.7065 233.2587 0.04289322 -0.02925926
Moved 1329.006 361.0071 236.9976 0.001748502 -0.01303143
Moved 1329.063 340.356 241.411 -0.03410425 0.006124312
Moved 1329.118 328.8758 243.7081 -0.05403507 0.01609432
Moved 1329.171 316.8155 245 -0.07497307 0.02170139
Moved 1329.227 309.2113 246 -0.08817486 0.02604167
Moved 1329.282 303.17 248 -0.09866313 0.03472222
Moved 1329.367 287.7114 251.0962 -0.1255011 0.04816056
Moved 1329.42 278.2097 252.3951 -0.141997 0.05379836
Moved 1329.473 261.7017 252 -0.1706569 0.05208334
Moved 1329.528 251.8722 252 -0.1877218 0.05208334
Moved 1329.594 246.5179 252 -0.1970175 0.05208334
Moved 1329.649 242.5 252 -0.2039931 0.05208334
Moved 1329.707 242 252 -0.2048611 0.05208334
Ended 1329.758 242 252 -0.2048611 0.05208334
Began 1330.078 550 337 0.3298611 0.4210071
Stationary 1330.139 550 337 0.3298611 0.4210071
Moved 1330.192 523.855 328.171 0.2844705 0.3826867
Moved 1330.247 481.8363 312.9454 0.2115214 0.3166036
Moved 1330.307 453.3307 306.0662 0.1620325 0.2867455
Moved 1330.364 428.3462 299.3365 0.1186566 0.2575371
Moved 1330.421 409.5867 293.7933 0.08608796 0.233478
Moved 1330.479 380.2451 285.649 0.03514775 0.1981296
Moved 1330.535 347.711 274.4889 -0.02133504 0.1496915
Moved 1330.59 324.7923 266.9481 -0.06112449 0.1169621
Moved 1330.648 302.2286 260.5572 -0.1002975 0.08922392
Moved 1330.706 280.2716 255.8179 -0.1384173 0.06865409
Moved 1330.765 262.5351 253.3838 -0.16921 0.05808937
Moved 1330.821 249.2542 250.0847 -0.1922671 0.04377048
Moved 1330.878 233.3505 248 -0.2198776 0.03472222
Moved 1330.933 218.8561 245 -0.2450415 0.02170139
Moved 1331.015 208.2823 244 -0.2633989 0.01736111
Moved 1331.072 204 243 -0.2708333 0.01302083
Moved 1331.128 199.4267 242 -0.2787732 0.008680689
Moved 1331.186 196 241.0291 -0.2847222 0.004466508
Moved 1331.242 191.6487 241 -0.2922765 0.004340278
Moved 1331.298 189.625 240 -0.29579 0
Ended 1331.354 189 240 -0.296875 0
Began 1331.679 88 223 -0.4722222 -0.07378473
Stationary 1331.738 88 223 -0.4722222 -0.07378473
Stationary 1331.792 88 223 -0.4722222 -0.07378473
Stationary 1331.844 88 223 -0.4722222 -0.07378473
Stationary 1331.898 88 223 -0.4722222 -0.07378473
Ended 1331.956 88 223 -0.4722222 -0.07378473
Began 1332.92 371 379 0.01909725 0.6032988
Stationary 1332.975 371 379 0.01909725 0.6032988
Stationary 1333.03 371 379 0.01909725 0.6032988
Stationary 1333.09 371 379 0.01909725 0.6032988
Stationary 1333.15 371 379 0.01909725 0.6032988
Stationary 1333.209 371 379 0.01909725 0.6032988
Stationary 1333.264 371 379 0.01909725 0.6032988
Stationary 1333.321 371 379 0.01909725 0.6032988
Stationary 1333.374 371 379 0.01909725 0.6032988
Stationary 1333.428 371 379 0.01909725 0.6032988
Moved 1333.482 364 370 0.006944462 0.5642362
Moved 1333.536 363 370 0.005208328 0.5642362
Moved 1333.608 363 369.2552 0.005208328 0.5610039
Moved 1333.662 362 369 0.003472194 0.5598959
Moved 1333.714 360.6841 369 0.001187772 0.5598959
Moved 1333.767 358.6266 366.6266 -0.002384447 0.5495946
Moved 1333.823 356.951 365.951 -0.005293302 0.5466626
Moved 1333.878 355.5355 366 -0.007750877 0.5468751
Moved 1333.937 355 365 -0.00868056 0.5425348
Moved 1333.995 350.9624 362.9625 -0.01569021 0.5336913
Moved 1334.05 342.0873 357.0582 -0.03109846 0.5080651
Moved 1334.105 332.2967 349.2967 -0.04809608 0.474378
Moved 1334.19 328.7263 347 -0.05429465 0.4644099
Moved 1334.242 327.751 346 -0.0559878 0.4600695
Moved 1334.295 326.7683 345 -0.05769395 0.4557292
Stationary 1334.351 327 345 -0.05729165 0.4557292
Moved 1334.404 326 343.5 -0.05902778 0.4492188
Stationary 1334.458 326 343.5 -0.05902778 0.4492188
Moved 1334.512 324.5 344 -0.06163195 0.451389
Moved 1334.566 325 343 -0.06076388 0.4470487
Moved 1334.618 323.6849 343 -0.06304704 0.4470487
Stationary 1334.672 324 343 -0.06250002 0.4470487
Ended 1334.754 324 343 -0.06250002 0.4470487
Backspace 1335.494
Began 1336.882 335 321 -0.04340276 0.3515625
Stationary 1336.94 335 321 -0.04340276 0.3515625
Stationary 1336.992 335 321 -0.04340276 0.3515625
Moved 1337.049 343.1104 310.8896 -0.02932224 0.3076805
Moved 1337.108 358.017 293.983 -0.003442653 0.2343011
Moved 1337.165 364.6096 286.6952 0.008002743 0.2026701
Moved 1337.221 368.7869 281.2131 0.01525507 0.1788763
Moved 1337.279 373.4445 275.5555 0.02334118 0.1543208
Moved 1337.336 377.5 270.5 0.03038198 0.1323785
Moved 1337.394 381 265.8842 0.0364583 0.1123447
Moved 1337.449 384.5262 262 0.0425803 0.09548625
Moved 1337.502 386.394 259.6061 0.04582286 0.08509597
Moved 1337.563 389.1307 255.8693 0.05057417 0.06887701
Moved 1337.625 391.9541 251.0459 0.05547591 0.0479424
Moved 1337.679 392 250 0.05555556 0.04340278
Moved 1337.734 353.1537 255.7789 -0.01188602 0.06848495
Moved 1337.792 302.4875 277.2563 -0.0998481 0.1617026
Moved 1337.879 269 293.5 -0.1579861 0.2322049
Moved 1337.931 260.7573 298.6213 -0.1722963 0.2544329
Moved 1337.983 249.2934 306.7066 -0.192199 0.2895254
Moved 1338.034 239.0331 313.3223 -0.210012 0.3182394
Moved 1338.094 232.9252 320.0748 -0.2206161 0.3475472
Moved 1338.152 228.549 324.451 -0.2282137 0.3665412
Moved 1338.208 227.2489 326 -0.2304707 0.3732638
Moved 1338.263 226 327 -0.2326389 0.3776042
Ended 1338.317 226 327 -0.2326389 0.3776042
Began 1338.48 135 294 -0.390625 0.234375
Stationary 1338.542 135 294 -0.390625 0.234375
Moved 1338.598 196.8608 305.4861 -0.2832278 0.2842277
Moved 1338.654 262.5244 310 -0.1692285 0.3038195
Moved 1338.732 336.5002 310 -0.04079834 0.3038195
Moved 1338.785 373.1533 303 0.02283566 0.2734375
Moved 1338.838 406.6628 300.4337 0.08101173 0.2622993
Moved 1338.893 452.4531 295.6934 0.1605088 0.2417247
Moved 1338.948 478.808 291.7417 0.2062639 0.2245734
Moved 1339.003 496.9669 289 0.2377898 0.2126738
Moved 1339.055 503.9597 287 0.2499301 0.2039932
Moved 1339.109 517.4435 283.2782 0.2733395 0.1878394
Moved 1339.168 529.2261 281 0.2937954 0.1779514
Moved 1339.225 535.4181 280 0.3045453 0.1736113
Moved 1339.302 539.5 279 0.3116319 0.169271
Moved 1339.355 503.8326 272.1665 0.2497094 0.1396117
Moved 1339.409 432.9946 266.0829 0.1267268 0.113207
Moved 1339.466 385.4533 266 0.04418969 0.1128472
Moved 1339.521 357.8411 266 -0.003748164 0.1128472
Moved 1339.576 344.9932 266 -0.02605353 0.1128472
Moved 1339.638 315.1253 274.775 -0.07790744 0.150933
Moved 1339.695 295.5 278.5 -0.1119792 0.1671007
Moved 1339.75 286.0827 281.9174 -0.1283287 0.1819329
Moved 1339.803 280.7861 285.2139 -0.1375241 0.1962408
Moved 1339.887 274.5 290.5 -0.1484375 0.2191841
Moved 1339.94 273 294.5 -0.1510417 0.2365452
Moved 1339.994 272 297.3613 -0.1527778 0.2489639
Moved 1340.048 294.3144 297 -0.1140375 0.247396
Moved 1340.102 367.4073 270.0574 0.01285985 0.1304576
Moved 1340.157 439.8828 248.4886 0.1386854 0.03684309
Moved 1340.213 489.4866 227.8378 0.2248031 -0.05278747
Moved 1340.274 521.7655 221.0334 0.2808429 -0.08232012
Moved 1340.331 539.8348 216.7217 0.3122132 -0.1010344
Moved 1340.394 549.6337 214 0.3292252 -0.1128471
Moved 1340.496 558.3317 212 0.3443259 -0.1215277
Moved 1340.553 559 210.955 0.3454861 -0.1260634
Moved 1340.61 538.4382 211 0.3097885 -0.1258681
Moved 1340.665 453.3539 220.7604 0.1620728 -0.08350532
Moved 1340.723 379.0041 239.7983 0.03299326 -0.0008751287
Moved 1340.78 342.2762 249.9309 -0.03077056 0.04310291
Moved 1340.836 330.3061 253.8979 -0.05155199 0.06032097
Moved 1340.891 317.7454 256 -0.07335868 0.06944445
Moved 1340.945 309.8828 257 -0.087009 0.07378473
Moved 1341 298.4019 258 -0.1069412 0.07812501
Moved 1341.085 283.7406 259 -0.1323948 0.08246542
Moved 1341.141 272.708 259 -0.1515486 0.08246542
Moved 1341.196 261.2446 259 -0.1714504 0.08246542
Moved 1341.25 254 259 -0.1840278 0.08246542
Moved 1341.304 241.0331 248.0166 -0.2065397 0.03479428
Moved 1341.365 232.7113 245 -0.2209873 0.02170139
Moved 1341.419 230.8751 244 -0.2241752 0.01736111
Ended 1341.473 230 244 -0.2256944 0.01736111
Began 1341.8 474 319 0.1979167 0.342882
Stationary 1341.861 474 319 0.1979167 0.342882
Stationary 1341.914 474 319 0.1979167 0.342882
Moved 1341.967 437.0879 302.0352 0.1338332 0.2692498
Moved 1342.024 408.5407 293.4163 0.08427211 0.2318418
Moved 1342.08 382.0183 286.3394 0.03822618 0.2011259
Moved 1342.136 366.7787 281.9262 0.01176864 0.1819714
Moved 1342.191 346.0405 275.2162 -0.02423521 0.152848
Moved 1342.246 315.7591 266.3036 -0.07680707 0.1141652
Moved 1342.302 287.8446 259.4612 -0.1252698 0.08446694
Moved 1342.36 273 255.5 -0.1510417 0.06727431
Moved 1342.415 254.1851 249.7963 -0.1837064 0.04251851
Moved 1342.469 242.5 247.5 -0.2039931 0.03255209
Moved 1342.521 222.3548 244.0887 -0.2389675 0.01774629
Moved 1342.595 203.5407 240.2704 -0.2716307 0.001173549
Moved 1342.648 196.9707 239 -0.283037 -0.004340146
Moved 1342.704 192.5541 239 -0.2907046 -0.004340146
Moved 1342.759 190.625 239 -0.2940539 -0.004340146
Ended 1342.818 191 239 -0.2934028 -0.004340146
Began 1343.23 95 237 -0.4600695 -0.0130207
Stationary 1343.288 95 237 -0.4600695 -0.0130207
Stationary 1343.342 95 237 -0.4600695 -0.0130207
Ended 1343.4 95 237 -0.4600695 -0.0130207
Began 1344.184 282 286 -0.1354167 0.1996528
Stationary 1344.247 282 286 -0.1354167 0.1996528
Stationary 1344.305 282 286 -0.1354167 0.1996528
Stationary 1344.359 282 286 -0.1354167 0.1996528
Stationary 1344.412 282 286 -0.1354167 0.1996528
Moved 1344.469 301.4261 299.6174 -0.1016907 0.2587563
Moved 1344.526 311.1816 306.1816 -0.08475419 0.2872465
Moved 1344.582 318.9782 311.9783 -0.07121836 0.3124057
Moved 1344.64 325.3748 316 -0.06011323 0.3298611
Moved 1344.699 328.6706 318.6706 -0.05439129 0.3414522
Moved 1344.755 331 320 -0.05034723 0.3472222
Moved 1344.823 333.7725 322 -0.04553382 0.3559029
Moved 1344.877 335.036 322 -0.04334021 0.3559029
Stationary 1344.929 335.036 322 -0.04334021 0.3559029
Stationary 1344.981 335.036 322 -0.04334021 0.3559029
Stationary 1345.034 335.036 322 -0.04334021 0.3559029
Moved 1345.087 330.8393 322 -0.05062629 0.3559029
Moved 1345.141 311.6423 312.2141 -0.0839543 0.3134295
Moved 1345.197 266.6397 296.1149 -0.1620838 0.2435541
Moved 1345.259 222.8332 281.9523 -0.2381368 0.1820848
Moved 1345.312 201.2211 276.0443 -0.2756578 0.1564419
Moved 1345.396 166.5 269 -0.3359375 0.1258681
Moved 1345.45 155.5 266.5 -0.3550347 0.1150175
Moved 1345.506 143.6556 265 -0.3755979 0.108507
Moved 1345.563 135.4482 263.4482 -0.3898469 0.1017716
Moved 1345.629 129.0101 262 -0.4010241 0.09548625
Moved 1345.684 123.7079 261 -0.4102293 0.09114584
Moved 1345.739 122.8491 261 -0.4117203 0.09114584
Moved 1345.794 174.6534 273.4059 -0.3217822 0.1449912
Moved 1345.851 218.5 274 -0.2456597 0.1475696
Moved 1345.91 262.5987 274 -0.1690995 0.1475696
Moved 1345.996 301.0677 264.5088 -0.1023131 0.106375
Moved 1346.056 321.2738 265 -0.067233 0.108507
Moved 1346.113 332.0813 264 -0.0484699 0.1041668
Moved 1346.172 348.0445 262 -0.02075613 0.09548625
Moved 1346.228 359.1929 261 -0.001401156 0.09114584
Moved 1346.283 363.4879 260 0.006055385 0.08680556
Moved 1346.338 366.887 259 0.01195662 0.08246542
Moved 1346.391 368 259 0.01388892 0.08246542
Moved 1346.445 363.528 259 0.006125048 0.08246542
Moved 1346.499 342.7061 270.5764 -0.0300242 0.13271
Moved 1346.585 300.4521 290.274 -0.1033818 0.2182031
Moved 1346.639 280.4309 302.046 -0.1381407 0.269297
Moved 1346.692 267.5626 308.8125 -0.1604816 0.2986653
Moved 1346.746 254.5213 314.2393 -0.1831227 0.3222193
Moved 1346.798 245.9243 317.5378 -0.198048 0.3365358
Moved 1346.853 237 320.5 -0.2135416 0.3493924
Moved 1346.906 227.759 323 -0.2295851 0.3602431
Moved 1346.966 221.3882 325 -0.2406455 0.3689236
Moved 1347.026 216.6537 325 -0.2488651 0.3689236
Moved 1347.085 216 326 -0.25 0.3732638
Ended 1347.168 216 326 -0.25 0.3732638
PhraseEnd 1347.908
