an offer you cannot refuse
Basic
0.4 0.4
288 115.2
Began 772.0259 290 277 -0.2430555 0.3211806
Stationary 772.0617 290 277 -0.2430555 0.3211806
Stationary 772.0972 290 277 -0.2430555 0.3211806
Stationary 772.1256 290 277 -0.2430555 0.3211806
Stationary 772.1565 290 277 -0.2430555 0.3211806
Stationary 772.1842 290 277 -0.2430555 0.3211806
Stationary 772.2118 290 277 -0.2430555 0.3211806
Stationary 772.2392 290 277 -0.2430555 0.3211806
Stationary 772.2689 290 277 -0.2430555 0.3211806
Stationary 772.3047 290 277 -0.2430555 0.3211806
Stationary 772.3358 290 277 -0.2430555 0.3211806
Stationary 772.3684 290 277 -0.2430555 0.3211806
Stationary 772.3943 290 277 -0.2430555 0.3211806
Stationary 772.4204 290 277 -0.2430555 0.3211806
Stationary 772.4468 290 277 -0.2430555 0.3211806
Stationary 772.4869 290 277 -0.2430555 0.3211806
Stationary 772.5137 290 277 -0.2430555 0.3211806
Stationary 772.5404 290 277 -0.2430555 0.3211806
Stationary 772.567 290 277 -0.2430555 0.3211806
Stationary 772.5932 290 277 -0.2430555 0.3211806
Moved 772.62 303.898 277 -0.1947987 0.3211806
Moved 772.6472 316.2477 277 -0.1519179 0.3211806
Moved 772.6741 336.3839 269.436 -0.08200042 0.2555212
Moved 772.7011 349.4958 267.9008 -0.03647276 0.2421946
Moved 772.7287 359.9974 265.0009 -9.015203E-06 0.2170213
Moved 772.7726 369.6141 262 0.03338233 0.1909725
Moved 772.8052 373.8827 259.1173 0.04820392 0.1659492
Moved 772.8362 380.4297 255.2852 0.07093668 0.1326837
Moved 772.8665 386.7673 250.8218 0.09294197 0.09393904
Moved 772.8962 392.9195 246.0806 0.1143037 0.05278243
Moved 772.9257 394.9606 244.0394 0.121391 0.03506449
Moved 772.9558 397.833 242.167 0.1313648 0.0188107
Moved 772.9866 400 241 0.138889 0.008680556
Moved 773.0181 401.1386 239.8613 0.1428425 -0.001203749
Moved 773.0491 403.121 237.879 0.1497255 -0.01841121
Moved 773.0962 404 235.5925 0.1527777 -0.03825903
Moved 773.1248 405 233.7036 0.15625 -0.05465614
Moved 773.1532 406.274 232.7261 0.1606734 -0.06314199
Moved 773.1818 407 229.7601 0.1631944 -0.08888775
Moved 773.2097 407 226.8843 0.1631944 -0.1138518
Moved 773.2376 408 223.0162 0.1666667 -0.1474283
Moved 773.2656 408 220.4509 0.1666667 -0.1696968
Moved 773.2943 408 217.5669 0.1666667 -0.1947316
Moved 773.322 408 216.1337 0.1666667 -0.2071733
Moved 773.3502 408 214.691 0.1666667 -0.2196956
Moved 773.3958 408 212 0.1666667 -0.2430553
Moved 773.4238 408 211 0.1666667 -0.2517361
Moved 773.4516 408 209.9827 0.1666667 -0.2605669
Moved 773.479 408 209 0.1666667 -0.269097
Moved 773.5065 408 207.6141 0.1666667 -0.2811273
Moved 773.5339 408 207 0.1666667 -0.2864584
Stationary 773.561 408 207 0.1666667 -0.2864584
Moved 773.5878 408 205.5 0.1666667 -0.2994792
Stationary 773.6144 408 205.5 0.1666667 -0.2994792
Stationary 773.6411 408 205.5 0.1666667 -0.2994792
Moved 773.6856 408 205 0.1666667 -0.3038192
Stationary 773.7147 408 205 0.1666667 -0.3038192
Moved 773.7494 408 204.311 0.1666667 -0.3098001
Stationary 773.7776 408 204 0.1666667 -0.3124998
Stationary 773.8047 408 204 0.1666667 -0.3124998
Stationary 773.8351 408 204 0.1666667 -0.3124998
Moved 773.8685 408 202.5 0.1666667 -0.3255209
Moved 773.8975 408 203 0.1666667 -0.3211806
Stationary 773.9285 408 203 0.1666667 -0.3211806
Stationary 773.9616 408 203 0.1666667 -0.3211806
Stationary 774.0089 408 203 0.1666667 -0.3211806
Stationary 774.0378 408 203 0.1666667 -0.3211806
Stationary 774.0655 408 203 0.1666667 -0.3211806
Stationary 774.0958 408 203 0.1666667 -0.3211806
Ended 774.127 408 203 0.1666667 -0.3211806
Began 774.5154 517 359 0.5451389 1.032986
Stationary 774.5577 517 359 0.5451389 1.032986
Stationary 774.5868 517 359 0.5451389 1.032986
Moved 774.6163 507.9343 351.9489 0.5136607 0.9717783
Moved 774.6458 501.3086 345.8724 0.4906547 0.9190314
Moved 774.6751 492.5559 338.5559 0.4602637 0.8555201
Moved 774.7043 484.0196 332.3464 0.4306238 0.8016184
Moved 774.7382 475.4412 326.2206 0.4008374 0.7484429
Moved 774.7701 467.5536 321.2768 0.3734499 0.7055278
Moved 774.8024 458.934 315.967 0.3435207 0.6594359
Moved 774.8337 455.3089 314 0.3309337 0.6423614
Moved 774.8638 451.5311 311.5311 0.3178164 0.6209303
Moved 774.9048 439.6176 306.3088 0.2764501 0.5755976
Moved 774.9383 419.321 295.1605 0.2059755 0.4788232
Moved 774.972 392.9538 280.4769 0.1144229 0.351362
Moved 775.0043 379.7913 272.8956 0.06871969 0.2855524
Moved 775.0383 369.2381 267.0793 0.03207669 0.2350641
Moved 775.0692 363.3829 263.6915 0.01174629 0.2056551
Moved 775.1006 358.7055 259.7055 -0.004494786 0.1710548
Moved 775.1331 354.8335 259 -0.01793914 0.1649308
Moved 775.1663 351.9655 257 -0.02789773 0.1475695
Moved 775.2 349.4181 255.4181 -0.03674284 0.1338379
Moved 775.2512 347 254 -0.0451389 0.1215281
Moved 775.2833 346 253.1218 -0.04861109 0.113905
Moved 775.3136 345 253 -0.05208336 0.1128472
Moved 775.3436 343.9297 253 -0.05579948 0.1128472
Moved 775.3726 342.5479 252 -0.06059766 0.1041667
Stationary 775.4038 343 252 -0.05902775 0.1041667
Moved 775.4326 342 251.1156 -0.06250002 0.09648986
Moved 775.4616 342 250.5 -0.06250002 0.09114584
Moved 775.4914 339.8109 250 -0.0701011 0.08680556
Moved 775.5251 335.8368 245.8368 -0.08389995 0.0506666
Moved 775.5735 331.5362 242.5363 -0.09883256 0.0220161
Moved 775.6041 329.6633 242 -0.1053359 0.01736138
Moved 775.6334 329 241 -0.1076389 0.008680556
Moved 775.6628 328 241 -0.1111111 0.008680556
Moved 775.6917 326.9292 241 -0.1148292 0.008680556
Moved 775.7224 327 239.5 -0.1145833 -0.004340278
Moved 775.7524 325.9627 240 -0.1181851 0
Stationary 775.7811 325.9627 240 -0.1181851 0
Moved 775.8112 324.9562 240 -0.1216798 0
Stationary 775.8403 324.9562 240 -0.1216798 0
Moved 775.8885 324 240 -0.125 0
Moved 775.9202 321.0035 240 -0.1354044 0
Moved 775.952 314.9949 248.3367 -0.1562676 0.0723672
Moved 775.9836 307.7065 252.4312 -0.1815746 0.1079093
Moved 776.0137 301.3767 258.6233 -0.203553 0.1616603
Moved 776.045 297.8252 260 -0.2158848 0.1736111
Moved 776.0753 294.2829 262.7171 -0.2281844 0.1971971
Moved 776.1077 291.5 265.5 -0.2378472 0.2213542
Moved 776.1389 289.5417 267.4583 -0.2446468 0.2383532
Moved 776.1693 289 268 -0.2465278 0.2430556
Moved 776.2209 286 271 -0.2569445 0.2690972
Moved 776.2567 285 272 -0.2604167 0.2777781
Moved 776.294 283.5 273 -0.265625 0.2864584
Moved 776.3249 284 274.3729 -0.2638889 0.2983756
Stationary 776.3547 284 274.3729 -0.2638889 0.2983756
Moved 776.3865 284 275 -0.2638889 0.3038195
Moved 776.4164 284 276.103 -0.2638889 0.3133938
Moved 776.4448 284 278.1199 -0.2638889 0.330902
Moved 776.4749 295.9825 280 -0.2222831 0.3472225
Moved 776.505 300.6637 281 -0.206029 0.3559028
Moved 776.555 307.8725 281 -0.1809982 0.3559028
Moved 776.5878 313.1784 281 -0.1625749 0.3559028
Moved 776.6191 315.7029 281 -0.1538093 0.3559028
Moved 776.6531 317.1353 281 -0.1488359 0.3559028
Moved 776.6835 319 281 -0.1423611 0.3559028
Moved 776.7134 322.3175 281 -0.130842 0.3559028
Ended 776.7506 324.6302 281 -0.122812 0.3559028
Began 777.0693 386 280 0.09027779 0.3472225
Stationary 777.1099 386 280 0.09027779 0.3472225
Moved 777.14 393.7488 280 0.1171835 0.3472225
Moved 777.1754 413 280 0.1840278 0.3472225
Moved 777.2078 435.1595 280 0.2609706 0.3472225
Moved 777.2402 451.4886 280 0.3176688 0.3472225
Moved 777.2701 461.7878 273 0.3534299 0.2864584
Moved 777.2988 470.0053 273 0.3819628 0.2864584
Moved 777.3279 478.9865 271.6711 0.4131477 0.2749231
Moved 777.3578 483.1972 272 0.4277681 0.2777781
Moved 777.3877 486.0685 271 0.4377379 0.2690972
Moved 777.417 489.2776 271 0.4488805 0.2690972
Moved 777.445 491.0691 271 0.4551011 0.2690972
Moved 777.4744 494.939 270 0.4685381 0.2604167
Moved 777.503 497.5 270 0.4774306 0.2604167
Moved 777.5319 498.1051 270 0.4795315 0.2604167
Moved 777.5612 499.1086 269 0.4830161 0.2517361
Stationary 777.6085 499 269 0.4826389 0.2517361
Moved 777.6384 499 268 0.4826389 0.2430556
Moved 777.668 491.1089 267 0.4552393 0.2343753
Moved 777.6989 479.2339 265.2468 0.4140066 0.2191562
Moved 777.7281 467 263.5 0.3715278 0.2039928
Moved 777.7575 457.2916 264 0.3378181 0.2083336
Moved 777.7864 447.8927 264 0.305183 0.2083336
Moved 777.8199 440.1852 264 0.2784211 0.2083336
Moved 777.8486 434.367 263 0.2582189 0.1996528
Moved 777.8777 430.2745 263 0.2440087 0.1996528
Moved 777.9254 419.4004 262.4004 0.2062513 0.1944478
Moved 777.9559 415.7455 262 0.1935606 0.1909725
Moved 777.9868 411.9662 262 0.1804382 0.1909725
Moved 778.0156 410.5345 262 0.175467 0.1909725
Moved 778.055 407 262 0.1631944 0.1909725
Moved 778.0855 404.6949 262 0.1551905 0.1909725
Moved 778.1159 402.8301 262 0.1487157 0.1909725
Moved 778.1456 402 262 0.1458333 0.1909725
Moved 778.1751 401 262 0.1423611 0.1909725
Ended 778.2045 401 262 0.1423611 0.1909725
Began 778.5453 320 196 -0.1388889 -0.3819445
Stationary 778.5891 320 196 -0.1388889 -0.3819445
Stationary 778.6187 320 196 -0.1388889 -0.3819445
Stationary 778.6489 320 196 -0.1388889 -0.3819445
Stationary 778.6792 320 196 -0.1388889 -0.3819445
Stationary 778.7084 320 196 -0.1388889 -0.3819445
Moved 778.7391 306.2479 209.8141 -0.1866393 -0.2620305
Moved 778.7725 286.5095 225.5924 -0.2551753 -0.1250657
Moved 778.8052 276.7024 233.5317 -0.2892278 -0.05614838
Moved 778.8384 270.3624 237.6376 -0.3112418 -0.02050718
Moved 778.8701 266.7935 240.2064 -0.3236335 0.001791848
Moved 778.9108 260 243.5 -0.3472223 0.03038195
Moved 778.946 253.8568 245.3811 -0.3685527 0.04671097
Moved 778.9775 247.232 247.9227 -0.3915556 0.06877396
Moved 779.0079 239.4283 251.7859 -0.4186516 0.1023081
Moved 779.0403 233.6857 254.6572 -0.4385915 0.1272329
Moved 779.0711 229.5 256.5 -0.453125 0.1432292
Moved 779.1014 226.9702 257 -0.4619092 0.1475695
Moved 779.1318 224.096 259 -0.471889 0.1649308
Moved 779.1613 221.2259 260 -0.4818546 0.1736111
Moved 779.1931 219.7592 260 -0.4869472 0.1736111
Moved 779.2454 217.6881 261 -0.4941387 0.1822917
Moved 779.2759 218 262.0292 -0.4930556 0.191226
Stationary 779.3073 218 262 -0.4930556 0.1909725
Moved 779.3383 218 263 -0.4930556 0.1996528
Moved 779.3696 236.5487 263 -0.4286503 0.1996528
Moved 779.4015 259.54 263 -0.3488195 0.1996528
Moved 779.4338 295.219 251.1343 -0.2249341 0.09665146
Moved 779.4656 317.4904 242.5042 -0.1476026 0.02173742
Moved 779.4985 341.5612 236.2682 -0.06402366 -0.0323942
Moved 779.5294 361.2093 229.2965 0.004198849 -0.09291226
Moved 779.5807 384.6404 220.7865 0.08555681 -0.1667836
Moved 779.614 392.1597 219 0.1116657 -0.1822917
Moved 779.6458 398.159 217 0.1324967 -0.1996525
Moved 779.6803 403.8866 217 0.1523839 -0.1996525
Moved 779.7139 406.7552 216 0.1623446 -0.2083334
Moved 779.7498 408.1909 216 0.1673293 -0.2083334
Moved 779.7859 411.1771 215 0.1776982 -0.2170139
Moved 779.8186 412.0131 215 0.180601 -0.2170139
Moved 779.8492 413.3734 215 0.1853244 -0.2170139
Moved 779.879 414.1263 215 0.1879387 -0.2170139
Moved 779.9298 415 213.5 0.1909722 -0.230035
Moved 779.9664 416.1903 214 0.1951052 -0.2256942
Moved 779.9982 417.0536 214 0.1981026 -0.2256942
Moved 780.0287 421.9304 214 0.215036 -0.2256942
Moved 780.0615 434.334 225.0005 0.2581044 -0.1302038
Moved 780.0946 448.9837 238.9838 0.3089713 -0.008821488
Moved 780.1254 460.7567 250.7567 0.3498498 0.09337452
Moved 780.1556 469.1356 261.1356 0.378943 0.1834687
Moved 780.1845 473.4211 266.8949 0.3938234 0.2334629
Moved 780.2144 477.9804 272.9411 0.4096541 0.2859471
Moved 780.2621 485.2887 282.5775 0.4350303 0.369596
Moved 780.293 488.1604 287.3207 0.4450013 0.4107703
Moved 780.3246 489 289.1422 0.4479167 0.4265812
Moved 780.3574 490.0138 290 0.4514368 0.4340278
Moved 780.3878 490 291.3729 0.451389 0.4459453
Stationary 780.418 490 291.3729 0.451389 0.4459453
Moved 780.4517 490 292 0.451389 0.4513892
Stationary 780.4845 490 292 0.451389 0.4513892
Stationary 780.5147 490 292 0.451389 0.4513892
Moved 780.5474 475.4806 287.894 0.4009742 0.4157464
Moved 780.5987 447.6786 276.1939 0.3044395 0.3141835
Moved 780.6345 419.916 266.1309 0.2080417 0.2268304
Moved 780.6654 405.3135 262.2627 0.1573385 0.1932526
Moved 780.6964 391.9693 260.3939 0.1110044 0.17703
Moved 780.7292 381.0833 260 0.07320598 0.1736111
Moved 780.7621 376.037 259 0.05568385 0.1649308
Moved 780.7965 372.1446 258 0.0421688 0.15625
Moved 780.8397 368.5 258 0.02951384 0.15625
Moved 780.8714 366.2937 258 0.02185315 0.15625
Moved 780.9019 364.7131 258 0.01636505 0.15625
Moved 780.9513 362.626 258 0.00911817 0.15625
Moved 780.981 361.8831 258 0.006538779 0.15625
Moved 781.0099 360.9112 258 0.003163815 0.15625
Moved 781.0399 360 258 0 0.15625
Moved 781.0681 357.5 258 -0.008680523 0.15625
Moved 781.0965 354.8405 258 -0.01791477 0.15625
Moved 781.125 351.5491 258 -0.02934337 0.15625
Moved 781.1578 349.6713 265 -0.03586345 0.2170139
Moved 781.1867 347.5 267.5 -0.04340276 0.2387156
Moved 781.2171 346.8547 268.1453 -0.0456433 0.2443165
Moved 781.2661 343.9917 270.0082 -0.05558424 0.2604882
Stationary 781.2957 343.9917 270.0082 -0.05558424 0.2604882
Stationary 781.3231 343.9917 270.0082 -0.05558424 0.2604882
Ended 781.3514 344 270 -0.05555556 0.2604167
Began 781.6824 320 271 -0.1388889 0.2690972
Stationary 781.7228 320 271 -0.1388889 0.2690972
Stationary 781.7554 320 271 -0.1388889 0.2690972
Stationary 781.7905 320 271 -0.1388889 0.2690972
Stationary 781.83 320 271 -0.1388889 0.2690972
Stationary 781.8599 320 271 -0.1388889 0.2690972
Moved 781.89 310.2175 271 -0.1728559 0.2690972
Moved 781.9205 305.7889 271 -0.1882328 0.2690972
Moved 781.9519 301.0536 271 -0.2046748 0.2690972
Moved 781.9819 297.6507 271 -0.2164906 0.2690972
Moved 782.0123 294.7818 271 -0.226452 0.2690972
Moved 782.0486 291.7699 271 -0.2369102 0.2690972
Moved 782.0798 288.9029 271 -0.2468649 0.2690972
Moved 782.1116 286.0283 271 -0.2568462 0.2690972
Moved 782.1445 283.5 271 -0.265625 0.2690972
Moved 782.1761 281.619 278 -0.2721561 0.3298611
Moved 782.2075 281 278 -0.2743056 0.3298611
Moved 782.2576 278.9245 279 -0.2815123 0.338542
Stationary 782.2876 279 279 -0.2812501 0.338542
Stationary 782.3167 279 279 -0.2812501 0.338542
Stationary 782.351 279 279 -0.2812501 0.338542
Moved 782.3843 293.8254 266.8701 -0.2297729 0.2332476
Moved 782.4146 307.2995 261.3502 -0.1829879 0.1853318
Moved 782.4453 320.3347 253.749 -0.1377269 0.1193492
Moved 782.4775 327.8066 249.7955 -0.1117825 0.08503067
Moved 782.5103 336.9107 246.0894 -0.08017131 0.05285926
Moved 782.5449 339.7815 245 -0.07020317 0.04340278
Moved 782.5994 343.7844 243.2156 -0.05630412 0.02791299
Moved 782.6322 346.0458 241.9542 -0.04845217 0.01696401
Moved 782.6675 347.3734 242 -0.0438422 0.01736138
Moved 782.6985 348.0261 242 -0.04157618 0.01736138
Moved 782.7297 349.2489 242 -0.03733009 0.01736138
Moved 782.7626 351.2403 242 -0.03041566 0.01736138
Moved 782.7944 355.6301 242 -0.0151734 0.01736138
Moved 782.825 363.848 246.3119 0.01336098 0.05479072
Moved 782.859 372.4565 251.4855 0.04325182 0.0997003
Moved 782.8902 378.7366 253 0.06505758 0.1128472
Moved 782.9425 385.7831 256 0.08952484 0.1388889
Moved 782.9753 389.6507 257.6506 0.1029538 0.1532176
Moved 783.0065 392.5 259.5 0.1128472 0.1692711
Moved 783.0378 395.0376 260 0.1216582 0.1736111
Moved 783.0676 396.9058 261 0.1281451 0.1822917
Moved 783.0995 398.7762 262 0.1346396 0.1909725
Moved 783.1294 400.209 262 0.1396148 0.1909725
Moved 783.1602 402.1043 263 0.1461955 0.1996528
Moved 783.1901 404.0833 264 0.153067 0.2083336
Moved 783.2244 405.9519 264.9519 0.1595552 0.2165964
Moved 783.2751 408.3734 266.3734 0.1679634 0.2289359
Moved 783.307 409.171 266 0.1707324 0.2256945
Moved 783.3413 411.3248 267.3248 0.178211 0.2371942
Moved 783.3737 412.0416 267 0.1807001 0.2343753
Moved 783.4053 413 268.2307 0.1840278 0.2450583
Stationary 783.4359 413 268.2307 0.1840278 0.2450583
Stationary 783.4666 413 268 0.1840278 0.2430556
Stationary 783.4966 413 268 0.1840278 0.2430556
Moved 783.5256 407.5567 268 0.1651274 0.2430556
Moved 783.557 391.6111 268 0.1097609 0.2430556
Moved 783.6051 367.0078 256.5726 0.0243327 0.1438591
Moved 783.6358 348.8701 257 -0.03864564 0.1475695
Moved 783.6654 333.1237 256 -0.09332047 0.1388889
Moved 783.7002 322.7694 255 -0.129273 0.1302086
Moved 783.7338 313.1615 253.3872 -0.1626337 0.1162084
Moved 783.7667 307.0316 252 -0.1839179 0.1041667
Moved 783.8029 301.5417 251 -0.20298 0.09548585
Moved 783.8369 298.6664 250 -0.2129641 0.08680556
Moved 783.869 296.5 250 -0.2204861 0.08680556
Moved 783.9008 295.6823 248.6823 -0.2233253 0.07536677
Moved 783.9518 293 247.9954 -0.2326389 0.06940445
Moved 783.9824 291.5526 248 -0.2376647 0.06944445
Moved 784.016 287.1386 246.1387 -0.2529908 0.05328735
Moved 784.0474 284.2743 246 -0.2629365 0.05208334
Moved 784.0794 281.4016 245 -0.272911 0.04340278
Moved 784.1097 278.5304 244 -0.2828806 0.03472222
Moved 784.1411 275.0151 242.0151 -0.2950864 0.01749277
Moved 784.1736 272.1457 241 -0.3050497 0.008680556
Moved 784.2053 269.2749 240 -0.3150178 0
Moved 784.2368 267.8731 238.8732 -0.319885 -0.009781255
Moved 784.2883 265.8379 239 -0.3269517 -0.008680291
Stationary 784.3204 266 239 -0.326389 -0.008680291
Moved 784.3562 266 250.868 -0.326389 0.09434065
Moved 784.3929 275.6076 257.9114 -0.2930292 0.155481
Moved 784.4248 280.1754 262.3507 -0.2771689 0.1940166
Moved 784.4565 283.7622 264.7622 -0.2647146 0.2149497
Moved 784.4879 286.5 267.5 -0.2552083 0.2387156
Moved 784.5202 288.5 269.5 -0.2482639 0.2560764
Moved 784.5507 290.5 271.5 -0.2413195 0.2734378
Moved 784.5811 291.3611 272.3611 -0.2383295 0.2809122
Moved 784.6312 293.5 274 -0.2309028 0.2951392
Moved 784.6617 294.006 275 -0.2291457 0.3038195
Moved 784.6925 294.9609 276 -0.2258303 0.3124998
Moved 784.721 295.5 276 -0.2239584 0.3124998
Ended 784.7532 295 276 -0.2256945 0.3124998
PhraseEnd 785.7642
