the quick brown fox jumps over the lazy dog
Basic
0.8 0.8
575.9999 230.4
Began 1254.867 327 293 -0.05729165 0.2300348
Stationary 1254.92 327 293 -0.05729165 0.2300348
Stationary 1254.973 327 293 -0.05729165 0.2300348
Stationary 1255.022 327 293 -0.05729165 0.2300348
Stationary 1255.07 327 293 -0.05729165 0.2300348
Stationary 1255.118 327 293 -0.05729165 0.2300348
Stationary 1255.166 327 293 -0.05729165 0.2300348
Stationary 1255.216 327 293 -0.05729165 0.2300348
Moved 1255.272 343.8916 274.1083 -0.02796591 0.1480398
Moved 1255.329 354.7996 265.8003 -0.00902854 0.1119805
Moved 1255.39 371.0126 250.325 0.01911908 0.04481316
Moved 1255.441 380.4137 240.2931 0.03544047 0.001272096
Moved 1255.489 386.0096 234.9904 0.04515558 -0.02174325
Moved 1255.539 391.9878 229.0244 0.0555344 -0.04763696
Moved 1255.589 397.2916 225.7084 0.06474235 -0.0620295
Moved 1255.648 400 223 0.06944448 -0.07378473
Moved 1255.698 400 221.5 0.06944448 -0.08029501
Moved 1255.746 360.8224 237.0887 0.001427829 -0.01263566
Moved 1255.796 320.1956 253.701 -0.06910478 0.05946637
Moved 1255.845 303.983 261.0085 -0.0972518 0.09118266
Moved 1255.927 283.6286 270.8428 -0.1325893 0.1338665
Moved 1255.978 267.5602 279.2932 -0.1604857 0.1705435
Moved 1256.026 253.9721 285.5139 -0.1840762 0.1975431
Moved 1256.075 247.1838 289 -0.1958615 0.2126738
Moved 1256.124 243.2066 292 -0.2027664 0.2256946
Moved 1256.174 239.9022 296.0978 -0.208503 0.2434801
Moved 1256.222 234.9526 300.0474 -0.2170962 0.2606224
Moved 1256.275 228.2285 304.7715 -0.2287699 0.2811264
Moved 1256.324 224.5 308.5 -0.2352431 0.297309
Moved 1256.374 223 310.0717 -0.2378472 0.3041305
Ended 1256.452 221 311 -0.2413195 0.3081597
Began 1256.797 111 256 -0.4322917 0.06944445
Stationary 1256.867 111 256 -0.4322917 0.06944445
Moved 1256.918 165.3533 272.4511 -0.3379283 0.1408468
Moved 1256.971 240.1061 284.2737 -0.2081491 0.1921605
Moved 1257.025 288.1198 285 -0.1247921 0.1953125
Moved 1257.073 303.9468 285 -0.09731464 0.1953125
Moved 1257.121 313.8527 285 -0.08011691 0.1953125
Moved 1257.17 323.7038 285 -0.0630143 0.1953125
Moved 1257.218 345.7448 285 -0.02474863 0.1953125
Moved 1257.269 372 285 0.02083331 0.1953125
Moved 1257.329 388.829 286 0.0500504 0.1996528
Moved 1257.383 403.0339 287 0.07471159 0.2039932
Moved 1257.443 416.829 288.4145 0.09866149 0.2101325
Moved 1257.496 429.3793 289 0.1204501 0.2126738
Moved 1257.55 453.352 291.088 0.1620694 0.2217363
Moved 1257.601 467.1847 292.0616 0.1860846 0.2259618
Moved 1257.652 478.7369 293 0.2061405 0.2300348
Moved 1257.703 487.7525 295 0.2217925 0.2387153
Moved 1257.752 491.5 295 0.2282986 0.2387153
Moved 1257.799 493.3734 295 0.2315511 0.2387153
Moved 1257.879 496.0567 295 0.2362095 0.2387153
Moved 1257.928 497.1924 295 0.2381814 0.2387153
Stationary 1257.976 497 295 0.2378472 0.2387153
Moved 1258.023 498.3618 295 0.2402115 0.2387153
Stationary 1258.081 498 295 0.2395833 0.2387153
Moved 1258.141 475.7616 278.0898 0.200975 0.1653204
Moved 1258.199 417.1846 241.4359 0.09927884 0.006232394
Moved 1258.252 398.2447 230.4335 0.06639704 -0.04152139
Moved 1258.302 376.9956 217.9978 0.02950624 -0.09549552
Moved 1258.352 365.0013 211.0009 0.008682833 -0.1258644
Moved 1258.434 342.3024 202.8256 -0.030725 -0.1613474
Moved 1258.483 327.4417 197.8605 -0.05652476 -0.1828973
Moved 1258.533 309.3803 189.2535 -0.08788143 -0.2202538
Moved 1258.583 296.5717 185.1906 -0.1101185 -0.2378883
Moved 1258.636 286.7645 182 -0.1271449 -0.251736
Moved 1258.685 280 181 -0.1388889 -0.2560764
Moved 1258.734 279 181 -0.140625 -0.2560764
Moved 1258.784 347.2926 208.5394 -0.02206139 -0.1365476
Moved 1258.833 385.6464 215.0923 0.04452497 -0.1081064
Moved 1258.881 409.9371 217.3875 0.0866963 -0.09814462
Moved 1258.958 438.5085 219 0.1362994 -0.09114584
Moved 1259.007 449.4866 221 0.1553588 -0.08246528
Moved 1259.056 457.9166 222.9583 0.1699941 -0.0739658
Moved 1259.105 466.5248 224.2625 0.1849388 -0.06830521
Moved 1259.155 473.4039 226.2019 0.1968818 -0.05988757
Moved 1259.205 483.5 228 0.2144098 -0.05208334
Moved 1259.254 497.7444 231.9148 0.2391395 -0.03509204
Moved 1259.304 505.4306 234.2153 0.2524836 -0.0251072
Moved 1259.355 511.1206 235.1206 0.2623622 -0.0211778
Moved 1259.405 514 235 0.2673611 -0.02170139
Moved 1259.482 517 236 0.2725694 -0.01736111
Ended 1259.531 518 236 0.2743056 -0.01736111
Began 1259.813 376 93 0.02777778 -0.6380209
Stationary 1259.877 376 93 0.02777778 -0.6380209
Stationary 1259.925 376 93 0.02777778 -0.6380209
Moved 1259.975 376 105.6731 0.02777778 -0.5830162
Moved 1260.028 385.9826 130.9478 0.04510865 -0.4733169
Moved 1260.079 387 143.74 0.04687503 -0.417795
Moved 1260.13 388 159.963 0.04861109 -0.3473828
Moved 1260.183 388 173.5046 0.04861109 -0.2886082
Moved 1260.241 372.9075 198.8208 0.02240889 -0.1787292
Moved 1260.294 354.4365 217.5635 -0.009658859 -0.09738075
Moved 1260.348 330.8522 242.0985 -0.05060386 0.009108121
Moved 1260.401 317.8589 253.094 -0.07316153 0.05683158
Moved 1260.454 301.6449 268.3551 -0.1013109 0.123069
Moved 1260.507 294.4989 277.5012 -0.1137173 0.1627655
Moved 1260.581 286.0804 286.9196 -0.1283326 0.2036439
Moved 1260.631 284 290.8486 -0.1319444 0.2206972
Moved 1260.679 281.9251 293.0748 -0.1355466 0.2303595
Moved 1260.732 282 294 -0.1354167 0.234375
Moved 1260.782 281 295 -0.1371528 0.2387153
Moved 1260.833 281 296.291 -0.1371528 0.2443187
Moved 1260.883 281 297.3734 -0.1371528 0.2490167
Moved 1260.933 280 297 -0.1388889 0.247396
Moved 1260.981 280 298.3734 -0.1388889 0.2533568
Stationary 1261.03 280 298 -0.1388889 0.2517361
Moved 1261.105 322.8815 303.9901 -0.06444179 0.2777349
Moved 1261.155 365.4231 305 0.009415151 0.2821182
Moved 1261.206 428.5538 306 0.119017 0.2864584
Moved 1261.257 461.6191 306 0.1764222 0.2864584
Moved 1261.306 483.7017 299 0.2147599 0.2560765
Moved 1261.357 500.9806 299 0.244758 0.2560765
Moved 1261.411 514.2407 299 0.2677789 0.2560765
Moved 1261.467 521.3592 299 0.2801375 0.2560765
Moved 1261.527 523.5 306 0.2838542 0.2864584
Moved 1261.582 529.0961 306 0.2935696 0.2864584
Moved 1261.663 541.916 306 0.3158263 0.2864584
Moved 1261.717 546.2972 299 0.3234327 0.2560765
Moved 1261.772 524.9844 291.1953 0.2864313 0.2222019
Moved 1261.826 428.7357 281 0.1193327 0.1779514
Moved 1261.883 351.9969 280 -0.01389425 0.1736113
Moved 1261.936 314.6764 284.9184 -0.07868689 0.1949585
Moved 1261.991 280.2666 295.8667 -0.1384261 0.242477
Moved 1262.043 264.6511 298.3372 -0.1655363 0.2531998
Moved 1262.094 250.7842 301.7386 -0.1896107 0.2679626
Moved 1262.145 237.7987 306.1006 -0.212155 0.2868953
Moved 1262.224 228.7064 309 -0.2279403 0.2994793
Moved 1262.273 223.7724 311 -0.2365063 0.3081597
Moved 1262.322 216.4747 313 -0.2491758 0.3168403
Moved 1262.374 210.0639 314.9361 -0.2603057 0.3252435
Moved 1262.424 202.757 315 -0.2729914 0.3255209
Moved 1262.474 194 316 -0.2881945 0.3298611
Moved 1262.523 183.5022 316 -0.3064198 0.3298611
Moved 1262.572 177.2009 316 -0.3173596 0.3298611
Moved 1262.621 174.6759 316 -0.3217431 0.3298611
Moved 1262.67 186.8291 316 -0.300644 0.3298611
Moved 1262.746 278.9834 281.0833 -0.1406538 0.178313
Moved 1262.794 327.3047 260.0107 -0.05676258 0.08685232
Moved 1262.843 355.9855 242.6116 -0.006969647 0.01133508
Moved 1262.891 377.6374 229.1813 0.0306204 -0.04695614
Moved 1262.94 388.7649 223.1176 0.04993908 -0.07327438
Moved 1263 400.2021 217.3989 0.0697954 -0.09809495
Moved 1263.049 405.9838 214.0162 0.0798329 -0.1127768
Moved 1263.103 411.2838 210.7162 0.08903436 -0.1270999
Moved 1263.151 413.1539 210 0.09228104 -0.1302083
Moved 1263.199 416.5864 207.4136 0.09824024 -0.1414341
Moved 1263.275 424.8329 197.1671 0.1125572 -0.1859065
Moved 1263.324 430.721 188.5579 0.1227796 -0.2232732
Moved 1263.374 436.0826 182.9174 0.1320879 -0.2477545
Moved 1263.423 438.3835 178.6166 0.1360824 -0.2664211
Ended 1263.472 440.5 177 0.1397569 -0.2734375
Began 1263.669 367 226 0.01215279 -0.06076403
Stationary 1263.728 367 226 0.01215279 -0.06076403
Stationary 1263.776 367 226 0.01215279 -0.06076403
Moved 1263.827 349.9223 226 -0.01749605 -0.06076403
Moved 1263.88 334.5 214 -0.04427083 -0.1128471
Moved 1263.941 321.7832 206 -0.06634861 -0.1475695
Moved 1263.994 318.5 204 -0.0720486 -0.1562499
Moved 1264.044 319 204 -0.07118054 -0.1562499
Moved 1264.094 329.278 211.1946 -0.05333677 -0.1250235
Moved 1264.146 356.049 228.7493 -0.006859452 -0.04883118
Moved 1264.202 402.0924 251.5461 0.07307701 0.05011347
Moved 1264.257 438.5837 262.5751 0.1364301 0.0979825
Moved 1264.308 473.2388 271.3097 0.1965952 0.1358928
Moved 1264.362 514.5 283 0.2682292 0.186632
Moved 1264.414 531.3069 290.6535 0.2974079 0.2198503
Moved 1264.489 541.5237 296.2619 0.3151454 0.2441923
Moved 1264.544 545 298 0.3211805 0.2517361
Moved 1264.595 546 299.2 0.3229167 0.2569443
Moved 1264.645 547.3724 299 0.3252993 0.2560765
Stationary 1264.698 547 299 0.3246528 0.2560765
Moved 1264.746 533.9712 289.5245 0.3020334 0.2149504
Moved 1264.796 456.6678 245.8007 0.167826 0.02517661
Moved 1264.849 387.1435 214.6573 0.04712411 -0.1099942
Moved 1264.901 352.6947 201.9084 -0.01268286 -0.1653279
Moved 1264.949 324.3425 192.337 -0.06190535 -0.2068705
Moved 1265.026 295.4046 182.8015 -0.1121448 -0.2482573
Moved 1265.075 283.5 181 -0.1328125 -0.2560764
Moved 1265.125 273.184 179 -0.1507222 -0.2647567
Moved 1265.187 260.7184 177.3593 -0.1723638 -0.2718783
Moved 1265.238 250.2823 175.4275 -0.1904821 -0.2802626
Moved 1265.288 240.2566 172.1283 -0.2078879 -0.2945819
Moved 1265.347 230.7273 171 -0.2244318 -0.2994793
Moved 1265.398 225.4259 170 -0.2336355 -0.3038193
Moved 1265.448 221.5 169 -0.2404514 -0.3081596
Moved 1265.497 219.6261 169 -0.2437048 -0.3081596
Moved 1265.582 216.9724 169 -0.2483119 -0.3081596
Moved 1265.635 215.8506 169 -0.2502593 -0.3081596
Stationary 1265.682 215.8506 169 -0.2502593 -0.3081596
Ended 1265.73 216 169 -0.25 -0.3081596
Began 1266.083 409 211 0.08506946 -0.1258681
Stationary 1266.146 409 211 0.08506946 -0.1258681
Stationary 1266.196 409 211 0.08506946 -0.1258681
Stationary 1266.246 409 211 0.08506946 -0.1258681
Moved 1266.297 403.0412 218.6614 0.07472426 -0.09261543
Moved 1266.348 393.7858 240.5354 0.05865596 0.002323787
Moved 1266.399 387.2055 257.5889 0.04723184 0.07634084
Moved 1266.452 385 282.8897 0.04340276 0.1861533
Moved 1266.506 384 300.2598 0.04166671 0.2615444
Moved 1266.559 384 317.5 0.04166671 0.3363717
Moved 1266.61 384 322.8085 0.04166671 0.3594118
Moved 1266.659 384 325.2565 0.04166671 0.3700368
Moved 1266.709 384 327.5 0.04166671 0.3797743
Stationary 1266.777 384 327.5 0.04166671 0.3797743
Moved 1266.828 413.6445 290.6246 0.09313285 0.2197247
Moved 1266.884 449.931 217.5518 0.1561302 -0.09743161
Moved 1266.94 470.2459 179.1311 0.1913992 -0.2641879
Moved 1267.025 488.2552 148.7449 0.2226652 -0.3960724
Moved 1267.078 495.433 141.567 0.2351267 -0.4272265
Moved 1267.129 497 138.1431 0.2378472 -0.4420872
Moved 1267.18 499.5 137 0.2421875 -0.4470485
Moved 1267.239 500.0615 137 0.2431623 -0.4470485
Moved 1267.294 501 144.6039 0.2447917 -0.4140455
Moved 1267.346 501 153.6807 0.2447917 -0.3746499
Moved 1267.4 507.7276 174.9105 0.2564716 -0.2825064
Moved 1267.452 521.7639 200.5869 0.2808401 -0.1710636
Moved 1267.507 543 230.5 0.3177083 -0.04123264
Moved 1267.592 567.4214 264.8953 0.3601067 0.1080524
Moved 1267.645 576.9218 278.8436 0.3766004 0.168592
Moved 1267.698 581 286.2089 0.3836806 0.2005596
Moved 1267.751 584.1263 290.1263 0.3891082 0.2175623
Moved 1267.802 586.9081 295 0.3939377 0.2387153
Moved 1267.852 589.8795 298.8795 0.3990963 0.2555534
Moved 1267.901 593.1301 301 0.4047397 0.2647568
Moved 1267.95 594 303.2109 0.40625 0.2743528
Moved 1267.998 560.3154 290.3456 0.3477699 0.2185142
Moved 1268.047 444.7603 258.3001 0.1471533 0.07942757
Moved 1268.124 350.0203 238.17 -0.01732584 -0.007942386
Moved 1268.174 311.6932 234 -0.08386597 -0.02604154
Moved 1268.224 290.6873 233 -0.1203345 -0.03038195
Moved 1268.284 264.9793 233 -0.1649664 -0.03038195
Moved 1268.345 249.1967 233 -0.1923668 -0.03038195
Moved 1268.396 237.913 237.8698 -0.2119567 -0.009245741
Moved 1268.447 226.8762 241 -0.2311177 0.004340278
Moved 1268.498 219.2691 241 -0.2443245 0.004340278
Moved 1268.551 213.6426 241 -0.2540928 0.004340278
Moved 1268.605 203.8225 241 -0.2711415 0.004340278
Moved 1268.69 196.5 241 -0.2838542 0.004340278
Moved 1268.746 193.8007 241 -0.2885404 0.004340278
Moved 1268.796 191.5 241 -0.2925347 0.004340278
Moved 1268.852 190.5 241 -0.2942708 0.004340278
Moved 1268.905 190 241.7637 -0.2951389 0.007654959
Ended 1268.953 190 242.5 -0.2951389 0.01085083
Began 1269.203 536 270 0.3055556 0.1302083
Stationary 1269.276 536 270 0.3055556 0.1302083
Moved 1269.327 519.8964 262.2241 0.2775978 0.09645887
Moved 1269.379 503.6197 258 0.2493397 0.07812501
Moved 1269.437 483.4689 252.6172 0.2143558 0.05476211
Moved 1269.507 459.3025 244.3257 0.1724002 0.01877467
Moved 1269.56 443.4808 236.7404 0.1449319 -0.01414776
Moved 1269.612 424.3963 228.1981 0.1117992 -0.05122331
Moved 1269.665 400.1532 219.6306 0.06971039 -0.08840866
Moved 1269.719 380.3141 210.657 0.03526748 -0.1273569
Moved 1269.772 359.7322 202.933 -0.0004649535 -0.1608812
Moved 1269.837 341.3944 196.1971 -0.03230144 -0.1901166
Moved 1269.889 334.8315 195 -0.04369535 -0.1953125
Moved 1269.939 331.5352 193.5352 -0.04941814 -0.2016703
Moved 1269.989 329.8084 194 -0.05241595 -0.1996528
Moved 1270.039 328.6898 192.6898 -0.05435806 -0.2053393
Moved 1270.089 327.8479 193 -0.0558196 -0.2039931
Moved 1270.138 326.8706 193 -0.05751625 -0.2039931
Moved 1270.186 325.8507 193 -0.05928695 -0.2039931
Moved 1270.239 324.8832 193 -0.06096669 -0.2039931
Moved 1270.291 305.6379 193 -0.09437863 -0.2039931
Moved 1270.372 249.1938 227.2472 -0.192372 -0.05535074
Moved 1270.428 220.9824 247.3451 -0.2413499 0.03187975
Moved 1270.477 209.0514 256.9486 -0.2620636 0.07356168
Moved 1270.526 201.465 264.535 -0.2752343 0.1064887
Moved 1270.576 198.7572 269.2428 -0.2799355 0.1269219
Moved 1270.627 196 275.9739 -0.2847222 0.1561369
Moved 1270.677 195 279.9241 -0.2864583 0.1732817
Moved 1270.726 195 284.2269 -0.2864583 0.191957
Moved 1270.776 195 287.0995 -0.2864583 0.2044249
Moved 1270.825 195 289.0947 -0.2864583 0.2130849
Moved 1270.902 195 294.379 -0.2864583 0.2360203
Moved 1270.951 218.4232 303.2116 -0.245793 0.274356
Moved 1271 236.1675 307.0419 -0.214987 0.2909804
Moved 1271.048 249.9952 310.3317 -0.1909805 0.3052593
Moved 1271.098 256.222 311.222 -0.1801702 0.3091234
Moved 1271.147 260.3574 311 -0.1729906 0.3081597
Moved 1271.196 264.3745 311 -0.1660165 0.3081597
Ended 1271.245 265 311 -0.1649306 0.3081597
Began 1271.496 282 332 -0.1354167 0.3993056
Stationary 1271.545 282 332 -0.1354167 0.3993056
Stationary 1271.595 282 332 -0.1354167 0.3993056
Moved 1271.646 334.7005 299.1996 -0.0439227 0.2569429
Moved 1271.7 360.1101 282.1339 0.0001911819 0.1828729
Moved 1271.754 384.0787 264.9606 0.04180327 0.1083361
Moved 1271.805 395.6306 254.3694 0.06185874 0.06236713
Moved 1271.86 403.6862 246.3137 0.07584415 0.0274033
Moved 1271.917 409.975 240.0125 0.08676209 5.404155E-05
Moved 1271.97 415.4025 233.5975 0.09618483 -0.02778848
Moved 1272.031 417 230.9348 0.09895831 -0.03934529
Moved 1272.09 403.5 229 0.0755208 -0.04774293
Moved 1272.144 373.499 235.5011 0.02343573 -0.01952648
Moved 1272.2 326.0548 257.9726 -0.05893264 0.07800619
Moved 1272.255 291.5 276.5 -0.1189236 0.1584203
Moved 1272.307 262.2026 292.8987 -0.1697872 0.229595
Moved 1272.359 247.2883 302.7117 -0.1956801 0.2721864
Moved 1272.412 235.7875 310.6063 -0.2156467 0.306451
Moved 1272.466 230.0981 313.9019 -0.2255242 0.3207549
Moved 1272.52 224.682 317 -0.2349271 0.3342015
Moved 1272.6 219.519 321.481 -0.2438907 0.3536504
Moved 1272.651 217.6266 322.3734 -0.2471761 0.3575236
Moved 1272.702 216 323.7304 -0.25 0.3634132
Moved 1272.756 214.8709 324 -0.2519602 0.3645835
Moved 1272.806 213.5 325 -0.2543403 0.3689236
Moved 1272.858 214 326.0682 -0.2534722 0.37356
Ended 1272.905 214 326 -0.2534722 0.3732638
Began 1273.141 556 235 0.3402778 -0.02170139
Stationary 1273.206 556 235 0.3402778 -0.02170139
Moved 1273.262 510.0689 235 0.2605363 -0.02170139
Moved 1273.314 471.4872 235 0.1935542 -0.02170139
Moved 1273.368 432.9206 235 0.1265982 -0.02170139
Moved 1273.421 408.3591 235 0.0839568 -0.02170139
Moved 1273.473 379 235 0.03298611 -0.02170139
Moved 1273.529 345.2867 235 -0.02554395 -0.02170139
Moved 1273.583 311 235 -0.08506946 -0.02170139
Moved 1273.636 282.1172 235 -0.1352132 -0.02170139
Moved 1273.689 249.5347 235 -0.1917801 -0.02170139
Moved 1273.754 221.5342 227.3069 -0.2403919 -0.05509165
Moved 1273.805 202.036 226 -0.274243 -0.06076403
Moved 1273.854 189.3137 225 -0.2963303 -0.06510417
Moved 1273.906 176.0377 225 -0.319379 -0.06510417
Moved 1273.959 167.1511 225 -0.3348071 -0.06510417
Moved 1274.015 155.2914 225 -0.355397 -0.06510417
Moved 1274.068 148.3869 225 -0.3673838 -0.06510417
Moved 1274.125 143.9672 225 -0.375057 -0.06510417
Moved 1274.178 142.5 232 -0.3776042 -0.03472222
Moved 1274.229 143 232 -0.3767361 -0.03472222
Moved 1274.312 161.9034 219.2579 -0.3439178 -0.09002633
Moved 1274.366 183.8603 203.1047 -0.305798 -0.1601357
Moved 1274.419 197.7352 191.5099 -0.2817097 -0.2104605
Moved 1274.477 203.7369 186 -0.2712902 -0.234375
Moved 1274.531 206.937 184.063 -0.2657344 -0.2427822
Moved 1274.581 216 184 -0.25 -0.2430554
Moved 1274.632 237.1365 215.1365 -0.2133047 -0.1079146
Moved 1274.683 261.7088 239.7816 -0.1706444 -0.0009478464
Moved 1274.738 289.4772 262.1079 -0.1224354 0.09595461
Moved 1274.792 311.4124 275.2062 -0.08435354 0.1528047
Moved 1274.875 330.8376 288.8376 -0.05062919 0.2119687
Moved 1274.93 338.9106 294.9106 -0.03661357 0.2383272
Moved 1274.984 345.6191 299 -0.02496686 0.2560765
Moved 1275.038 348.6964 301 -0.01962427 0.2647568
Moved 1275.093 354.3387 304 -0.009828658 0.2777779
Moved 1275.147 363.1558 308.7186 0.005478859 0.2982579
Moved 1275.201 371.0427 313.0427 0.01917131 0.3170258
Moved 1275.252 376 315.5 0.02777778 0.327691
Moved 1275.306 379.756 317 0.03429852 0.3342015
Moved 1275.36 381.249 318.249 0.03689058 0.3396224
Ended 1275.445 382 318 0.03819443 0.3385417
Began 1275.753 245 186 -0.1996528 -0.234375
Stationary 1275.811 245 186 -0.1996528 -0.234375
Stationary 1275.866 245 186 -0.1996528 -0.234375
Moved 1275.921 269.9034 206.8157 -0.1564178 -0.1440292
Moved 1275.974 297.1326 219.6266 -0.1091447 -0.08842628
Moved 1276.03 330.4208 232.2104 -0.05135272 -0.03380869
Moved 1276.084 356.291 241.7637 -0.006439277 0.007654959
Moved 1276.136 390.6949 254.3474 0.05328976 0.06227189
Moved 1276.19 415.3668 264.1467 0.09612292 0.1048035
Moved 1276.242 445.5 273.5 0.1484375 0.1453993
Moved 1276.294 465.0872 282.6349 0.182443 0.1850473
Moved 1276.348 487.9568 293.2392 0.2221473 0.2310731
Moved 1276.418 504.9568 300.9784 0.251661 0.2646632
Moved 1276.471 514.6827 305.3414 0.2685464 0.2835997
Moved 1276.521 519.6454 307 0.2771621 0.2907986
Moved 1276.575 523.6126 308.6126 0.2840497 0.2977977
Moved 1276.628 528.5 310 0.2925348 0.3038195
Moved 1276.683 530.1363 310 0.2953755 0.3038195
Stationary 1276.74 530 310 0.2951389 0.3038195
Moved 1276.792 487.4554 288.6708 0.2212768 0.2112447
Moved 1276.845 457.558 280.2596 0.1693715 0.174738
Moved 1276.897 434.173 272.2933 0.1287726 0.1401619
Moved 1276.984 403.1817 264.0605 0.0749682 0.1044295
Moved 1277.035 393.5038 263 0.05816632 0.0998264
Moved 1277.085 381.7786 260.2595 0.03781014 0.08793196
Moved 1277.137 369.1146 255.0382 0.01582399 0.06527001
Moved 1277.193 357 251 -0.005208328 0.04774293
Moved 1277.249 352.3524 249 -0.01327716 0.03906263
Moved 1277.304 348.8057 248 -0.01943454 0.03472222
Moved 1277.36 347.1765 248 -0.02226304 0.03472222
Stationary 1277.41 347 248 -0.02256945 0.03472222
Ended 1277.46 347 248 -0.02256945 0.03472222
PhraseEnd 1278.683
