the five boxing wizards jump quickly
Basic
0.6 0.6
432 326.4
Began 1241.114 357 531 -0.006944438 0.4993872
Stationary 1241.189 357 531 -0.006944438 0.4993872
Stationary 1241.256 357 531 -0.006944438 0.4993872
Moved 1241.325 367.2725 500.4551 0.01683444 0.4058061
Moved 1241.392 380.9534 469.6165 0.04850328 0.3113251
Moved 1241.464 394.5801 438.8398 0.08004656 0.2170337
Moved 1241.532 409.0582 408.8546 0.1135607 0.1251672
Moved 1241.599 418.9377 390.5934 0.1364299 0.06922016
Moved 1241.663 422 382.7733 0.1435185 0.04526148
Moved 1241.727 424 378 0.1481481 0.03063726
Moved 1241.798 425 375 0.150463 0.02144608
Moved 1241.874 425 370.874 0.150463 0.008805032
Moved 1241.938 375.2377 391.8416 0.03527244 0.07304398
Moved 1242 335.5 420.5 -0.05671298 0.1608455
Moved 1242.063 304.554 445.446 -0.1283473 0.2372735
Moved 1242.126 279.2111 464.8417 -0.1870114 0.2966964
Moved 1242.191 261.9405 476.6865 -0.2269896 0.3329857
Moved 1242.259 250.8328 484.0836 -0.2527017 0.3556482
Moved 1242.326 243.0947 488.9053 -0.2706142 0.3704208
Ended 1242.391 241 491 -0.275463 0.3768382
Began 1242.661 312 345 -0.1111111 -0.07046569
Stationary 1242.725 312 345 -0.1111111 -0.07046569
Moved 1242.791 335.4191 364.6127 -0.05690029 -0.01037766
Moved 1242.858 369.4474 385.812 0.02186884 0.05457112
Moved 1242.925 419.7556 413.3778 0.1383231 0.1390252
Moved 1243 443.6445 431.6445 0.1936216 0.1949893
Moved 1243.071 469.184 458.184 0.2527407 0.2762989
Moved 1243.136 479.9243 469.9243 0.2776026 0.3122682
Moved 1243.203 485.5 476.5 0.2905093 0.3324143
Moved 1243.27 487 478.9873 0.2939814 0.3400347
Moved 1243.349 477.1996 465.4664 0.2712954 0.2986104
Moved 1243.417 417.0368 391.0474 0.1320298 0.07061084
Moved 1243.483 390.4896 358.4896 0.07057787 -0.02913718
Moved 1243.55 377.2987 340.2987 0.04004329 -0.08486917
Moved 1243.614 369.5 329.5 0.02199074 -0.1179533
Moved 1243.679 361.6268 314.2537 0.003765821 -0.164664
Moved 1243.745 356.889 305.889 -0.007201384 -0.1902909
Moved 1243.814 355 298.5249 -0.01157408 -0.2128526
Moved 1243.88 350.7567 290.7567 -0.02139648 -0.2366522
Moved 1243.947 347.9436 286 -0.02790824 -0.2512255
Moved 1244.044 339.7262 277.7261 -0.04693016 -0.2765744
Moved 1244.11 335.9281 274.928 -0.05572205 -0.285147
Moved 1244.182 329.1935 284.0322 -0.07131124 -0.2572543
Moved 1244.251 303.0626 343.1406 -0.1317996 -0.07616249
Moved 1244.321 288.0661 383.8018 -0.1665137 0.04841235
Moved 1244.39 273.7336 418.7992 -0.1996908 0.1556348
Moved 1244.457 260.977 439.0231 -0.22922 0.2175952
Moved 1244.523 248.1671 456.6658 -0.2588724 0.2716476
Moved 1244.588 245 462.2261 -0.2662037 0.2886828
Ended 1244.651 245 462.2261 -0.2662037 0.2886828
Began 1244.909 304 229 -0.1296296 -0.4258578
Moved 1244.974 333.1472 254.1289 -0.06215915 -0.3488697
Moved 1245.041 370.7249 285.8167 0.02482623 -0.2517871
Moved 1245.112 395.4778 305.4778 0.08212456 -0.1915508
Moved 1245.18 409.1022 317.1022 0.1136625 -0.155937
Moved 1245.248 424.6844 337.5266 0.1497323 -0.09336201
Moved 1245.317 436.1577 353.1577 0.176291 -0.0454726
Moved 1245.383 450.6582 381.3165 0.209857 0.040798
Moved 1245.448 458.6306 398.8918 0.2283116 0.09464414
Moved 1245.512 465.2798 412.5595 0.2437031 0.1365181
Moved 1245.587 470 423.0097 0.2546296 0.1685347
Moved 1245.65 477.7338 438.4677 0.272532 0.2158935
Moved 1245.714 486.6903 454.3806 0.2932646 0.2646464
Moved 1245.776 492 463 0.3055556 0.291054
Moved 1245.839 493 466 0.3078704 0.300245
Moved 1245.9 426.2988 414.249 0.1534695 0.1416944
Moved 1245.968 355.645 357.6894 -0.01008098 -0.03158878
Moved 1246.035 329.6902 336.0177 -0.07016152 -0.09798499
Moved 1246.108 311.0957 316.1435 -0.1132045 -0.158874
Moved 1246.175 298.584 302.168 -0.1421667 -0.2016912
Moved 1246.278 287.0361 290.0361 -0.1688979 -0.2388599
Moved 1246.346 281.5847 283.7924 -0.1815168 -0.2579891
Moved 1246.409 275.0568 277.0284 -0.1966277 -0.278712
Moved 1246.477 267.1885 270.1885 -0.2148414 -0.2996675
Moved 1246.554 259.3787 265.3787 -0.2329196 -0.3144034
Moved 1246.623 255.6266 264 -0.2416051 -0.3186274
Moved 1246.695 288.6775 307.9006 -0.1650985 -0.1841282
Moved 1246.762 351.5422 367.588 -0.01957829 -0.00126231
Moved 1246.833 406.6992 428.4824 0.1081001 0.1853016
Moved 1246.903 432.6122 458.6122 0.1680838 0.277611
Moved 1247.006 458.6509 482.6509 0.2283585 0.3512588
Moved 1247.076 467.0114 489 0.2477114 0.3707108
Moved 1247.143 470.1946 491 0.2550802 0.3768382
Moved 1247.21 472.3755 492 0.2601286 0.379902
Moved 1247.279 450.1171 378.3513 0.2086044 0.03171369
Moved 1247.347 437.2438 317.4629 0.1788051 -0.1548318
Moved 1247.414 436 290.894 0.1759259 -0.2362314
Moved 1247.48 436 281.1677 0.1759259 -0.2660303
Moved 1247.545 434.5 273.5 0.1724537 -0.2895221
Moved 1247.613 433 265.5073 0.1689814 -0.3140094
Moved 1247.721 424.6558 258.8279 0.1496661 -0.3344733
Moved 1247.787 409.333 258 0.1141967 -0.3370098
Moved 1247.858 359.4002 293.8331 -0.001388341 -0.2272269
Moved 1247.927 341.6562 313.5156 -0.04246245 -0.1669252
Moved 1247.994 332.5 328.5 -0.06365741 -0.1210172
Moved 1248.064 327 339.7003 -0.07638887 -0.08670247
Moved 1248.131 324.8848 344.1152 -0.08128528 -0.07317646
Moved 1248.198 325 345 -0.08101851 -0.07046569
Ended 1248.26 325 345 -0.08101851 -0.07046569
Began 1248.549 260 483 -0.2314815 0.3523284
Stationary 1248.616 260 483 -0.2314815 0.3523284
Moved 1248.681 251.9575 455.7448 -0.2500985 0.2688258
Moved 1248.748 247.2173 431.6519 -0.2610711 0.1950118
Moved 1248.816 247 410.7729 -0.2615741 0.1310444
Moved 1248.886 266.8258 394.0995 -0.2156811 0.07996185
Moved 1248.953 344.8599 386 -0.03504649 0.05514706
Moved 1249.02 413.5848 414.6754 0.1240389 0.1430007
Moved 1249.089 460.0536 430.2634 0.2316056 0.1907579
Moved 1249.154 481.1856 446.0928 0.2805222 0.2392548
Moved 1249.231 491.9631 456.9631 0.3054702 0.2725586
Moved 1249.297 495.3435 460.3435 0.3132951 0.2829152
Moved 1249.362 497.0288 462.0288 0.3171962 0.2880785
Moved 1249.427 498.5 463 0.3206019 0.291054
Moved 1249.491 499.3011 464 0.3224562 0.2941177
Stationary 1249.555 499.3011 464 0.3224562 0.2941177
Moved 1249.621 499 465.0622 0.3217593 0.2973719
Moved 1249.69 500 465 0.324074 0.2971814
Stationary 1249.755 500 465 0.324074 0.2971814
Stationary 1249.818 500 465 0.324074 0.2971814
Stationary 1249.916 500 465 0.324074 0.2971814
Moved 1249.984 455.0073 425.4434 0.2199242 0.1759909
Moved 1250.054 384 375 0.0555556 0.02144608
Moved 1250.12 322.4994 337.6663 -0.08680697 -0.09293426
Moved 1250.192 294.5014 323.7507 -0.1516171 -0.1355677
Moved 1250.258 266.2075 306.2075 -0.2171123 -0.1893153
Moved 1250.326 253.2851 296.285 -0.2470253 -0.2197151
Moved 1250.392 243.9084 289.9083 -0.2687307 -0.2392514
Moved 1250.46 232.1572 281.0786 -0.2959324 -0.2663033
Moved 1250.525 220.5 274.5 -0.3229167 -0.2864583
Moved 1250.633 207.7116 269 -0.3525195 -0.3033088
Moved 1250.7 199.8156 275.5531 -0.3707972 -0.2832319
Moved 1250.769 181.5 311 -0.4131944 -0.1746324
Moved 1250.839 167.4751 338.7873 -0.4456593 -0.08949963
Moved 1250.908 159.8783 353.1217 -0.4632448 -0.04558302
Moved 1250.978 158 359.5 -0.4675925 -0.02604157
Moved 1251.049 156 363.5 -0.4722222 -0.01378686
Moved 1251.117 156 369.9926 -0.4722222 0.006104731
Moved 1251.182 201.997 407.5977 -0.3657476 0.1213164
Moved 1251.252 239.485 431.8637 -0.27897 0.1956609
Moved 1251.354 275.5405 462.8108 -0.1955081 0.2904742
Moved 1251.422 286.7841 474.5681 -0.1694813 0.3264954
Moved 1251.491 296.8895 484.8895 -0.1460892 0.3581172
Moved 1251.558 301.2852 491.2852 -0.135914 0.377712
Moved 1251.627 303 493 -0.1319445 0.3829657
Moved 1251.696 304 493 -0.1296296 0.3829657
Moved 1251.763 304 477.0302 -0.1296296 0.3340387
Moved 1251.83 294.2656 443.6562 -0.1521631 0.2317899
Moved 1251.899 291.2211 411.8845 -0.1592104 0.1344502
Moved 1251.967 287 391.2799 -0.1689815 0.0713233
Moved 1252.073 286 375.5 -0.1712963 0.02297794
Moved 1252.14 285 370.9275 -0.1736111 0.008969121
Moved 1252.207 284 367.8127 -0.1759259 -0.0005737006
Moved 1252.274 283 365.5 -0.1782407 -0.007659314
Moved 1252.339 275.955 364 -0.1945485 -0.01225481
Moved 1252.407 256.2586 364 -0.240142 -0.01225481
Moved 1252.476 238.4344 364 -0.2814018 -0.01225481
Moved 1252.543 231.0019 364 -0.2986068 -0.01225481
Ended 1252.611 228 364 -0.3055556 -0.01225481
Began 1252.906 422 365 0.1435185 -0.009191177
Stationary 1252.972 422 365 0.1435185 -0.009191177
Stationary 1253.036 422 365 0.1435185 -0.009191177
Moved 1253.102 422 393.2164 0.1435185 0.07725627
Moved 1253.177 422 417.2714 0.1435185 0.1509539
Moved 1253.246 422 441.8054 0.1435185 0.2261196
Moved 1253.317 422 467.2898 0.1435185 0.3041967
Moved 1253.386 422 477.8147 0.1435185 0.3364422
Moved 1253.461 422 483.5 0.1435185 0.3538603
Moved 1253.531 422 485.1068 0.1435185 0.3587832
Moved 1253.596 430.6436 449.1216 0.1635267 0.2485345
Moved 1253.662 445.9534 390.163 0.1989662 0.06790152
Moved 1253.731 458.7885 342.6345 0.228677 -0.07771286
Moved 1253.801 465 326.7049 0.2430555 -0.1265168
Moved 1253.87 473.3465 310.3071 0.2623761 -0.1767553
Moved 1253.942 475.7293 304 0.2678919 -0.1960783
Moved 1254.01 477 300.3032 0.2708333 -0.2074043
Moved 1254.076 477 299 0.2708333 -0.211397
Moved 1254.177 490.1554 333.373 0.3012857 -0.1060876
Moved 1254.243 517.8163 399.9354 0.3653156 0.09784143
Moved 1254.314 545.153 464.7294 0.4285949 0.2963524
Moved 1254.384 551.9775 484.955 0.4443923 0.3583181
Moved 1254.452 555.5 492 0.4525463 0.379902
Moved 1254.521 556.5 495 0.4548612 0.3890932
Moved 1254.589 556 497.3729 0.4537037 0.396363
Stationary 1254.656 556 497 0.4537037 0.3952206
Moved 1254.72 548.8802 497 0.4372228 0.3952206
Ended 1254.784 546.7515 497 0.4322952 0.3952206
Began 1255.365 183 495 -0.4097222 0.3890932
Moved 1255.444 206.874 495 -0.3544583 0.3890932
Moved 1255.512 240.9694 504 -0.2755338 0.4166667
Moved 1255.581 274.2928 505 -0.1983964 0.4197304
Moved 1255.65 299.2722 505 -0.1405736 0.4197304
Moved 1255.718 330.075 505 -0.06927093 0.4197304
Moved 1255.786 356.5915 498 -0.007890066 0.3982843
Moved 1255.853 380.9402 493.0199 0.04847278 0.3830267
Moved 1255.922 397.4468 491 0.08668254 0.3768382
Moved 1255.994 417.7227 486.6387 0.1336173 0.3634764
Moved 1256.057 433.0444 482.3185 0.1690843 0.3502406
Moved 1256.124 441.3285 478.6715 0.1882604 0.3390671
Moved 1256.193 452.4835 476 0.2140822 0.3308824
Moved 1256.261 459.0659 475 0.2293192 0.3278186
Moved 1256.329 464 474 0.2407408 0.324755
Moved 1256.397 466.2258 472.7742 0.245893 0.3209995
Moved 1256.466 466 469.8118 0.2453704 0.3119234
Moved 1256.532 408.1359 412.119 0.1114257 0.1351684
Moved 1256.6 371.6328 374.6328 0.02692779 0.02032102
Moved 1256.711 340.8653 340.8653 -0.0442932 -0.08313329
Moved 1256.779 330.5143 328.7571 -0.06825402 -0.1202294
Moved 1256.847 325.3319 319.3319 -0.0802503 -0.1491058
Moved 1256.913 318.5927 309.1853 -0.09585033 -0.1801921
Moved 1256.979 310.7758 294.3273 -0.113945 -0.2257129
Moved 1257.046 304.4002 283.8004 -0.1287032 -0.2579643
Moved 1257.112 300 273.3273 -0.1388889 -0.290051
Moved 1257.176 297 268.911 -0.1458333 -0.3035815
Moved 1257.241 326.2158 284.7925 -0.07820413 -0.2549247
Moved 1257.307 398.4098 322.5062 0.08891165 -0.1393805
Moved 1257.406 454.1318 361.1318 0.2178976 -0.02104226
Moved 1257.472 466.6475 373.9713 0.2468692 0.01829437
Moved 1257.539 476.161 382.1611 0.2688912 0.04338564
Moved 1257.606 486.9268 389.9634 0.2938119 0.06728977
Moved 1257.673 492.5 394.5 0.306713 0.08118878
Moved 1257.74 496.1004 396 0.3150473 0.08578432
Moved 1257.808 519.6321 386.184 0.3695187 0.05571071
Moved 1257.878 535.6392 379.3608 0.4065721 0.03480659
Moved 1257.947 542.5 377 0.4224537 0.02757353
Moved 1258.027 544 376 0.4259259 0.02450971
Moved 1258.132 460.0218 422.9855 0.2315319 0.1684604
Moved 1258.204 418.1764 444.6589 0.1346676 0.2348618
Moved 1258.274 395.2726 459.1516 0.08164942 0.2792636
Moved 1258.344 373.5 472 0.03125002 0.3186275
Moved 1258.412 361.8818 477.1182 0.004356007 0.3343083
Moved 1258.481 356 479.9806 -0.009259283 0.3430778
Ended 1258.549 355 481 -0.01157408 0.3462009
PhraseEnd 1259.919
