the world is a stage
Basic
0.8 0.8
575.9999 435.2
Began 768.8739 279 486 -0.140625 0.2711397
Stationary 768.9365 279 486 -0.140625 0.2711397
Stationary 768.9869 279 486 -0.140625 0.2711397
Moved 769.0327 307.1661 470.8671 -0.09172545 0.2363674
Moved 769.0808 322.442 456.9185 -0.06520495 0.2043165
Moved 769.1295 332.7714 446.2286 -0.04727193 0.1797533
Moved 769.1782 348.9438 433.0562 -0.01919471 0.1494857
Moved 769.2249 363.7106 421.2894 0.006441996 0.1224482
Moved 769.2736 384.4194 402.8171 0.04239485 0.0800027
Moved 769.3221 399.7065 390.4702 0.06893486 0.05163183
Moved 769.3693 412.5 383.5 0.09114587 0.03561581
Moved 769.4309 422.8966 378.0517 0.1091956 0.02309673
Moved 769.4803 427.2239 374.7761 0.1167082 0.01557007
Moved 769.5302 429.0806 373.9194 0.1199316 0.01360157
Moved 769.5776 430 371 0.1215278 0.006893383
Moved 769.6245 412.7064 370 0.09150423 0.004595589
Moved 769.6721 355.5815 411.9348 -0.007670969 0.1009532
Moved 769.7205 314.6535 453.8245 -0.07872656 0.1972071
Moved 769.7683 293.4726 479.8328 -0.1154989 0.2569689
Moved 769.8156 280.2931 497.4138 -0.13838 0.2973662
Moved 769.8632 273.9911 505.0179 -0.1493211 0.3148389
Moved 769.9371 268.1199 512.8801 -0.1595141 0.3329047
Moved 769.9843 266 515.8787 -0.1631945 0.3397948
Moved 770.0304 264 518.1285 -0.1666667 0.3449645
Moved 770.0773 263 519.0005 -0.1684028 0.346968
Ended 770.1234 263 520 -0.1684028 0.3492647
Began 770.4917 173 484 -0.3246528 0.2665442
Stationary 770.5394 173 484 -0.3246528 0.2665442
Stationary 770.5911 173 484 -0.3246528 0.2665442
Moved 770.64 222.2793 492.7279 -0.2390984 0.286599
Moved 770.6895 265.5143 500.0468 -0.1640376 0.3034163
Moved 770.7399 302.9304 506.993 -0.09907924 0.3193774
Moved 770.7871 330.7964 511.2994 -0.05070068 0.3292725
Moved 770.8348 358.9534 511 -0.001817085 0.3285846
Moved 770.8837 396.3742 511 0.06314971 0.3285846
Moved 770.9319 433.919 511 0.1283316 0.3285846
Moved 770.9943 473.3302 505.9481 0.1967539 0.3169763
Moved 771.045 494.2721 500.3456 0.2331113 0.3041029
Moved 771.0949 514.8646 497.0338 0.2688622 0.2964932
Moved 771.1454 527.5076 493.7462 0.2908119 0.2889388
Moved 771.196 540.3297 491 0.3130724 0.2826287
Moved 771.2448 544.5 490 0.3203126 0.2803309
Moved 771.2965 544 489 0.3194445 0.2780331
Moved 771.3453 481.2631 489 0.2105262 0.2780331
Moved 771.3952 419.5634 489 0.1034087 0.2780331
Moved 771.4447 374.7042 489 0.02552815 0.2780331
Moved 771.5221 332.4138 502.7172 -0.04789263 0.3095524
Moved 771.5707 318.8942 505 -0.07136431 0.3147978
Moved 771.6197 309.0319 508.9841 -0.0884863 0.3239524
Moved 771.6686 302.5 511 -0.09982639 0.3285846
Moved 771.7181 300.5 512 -0.1032986 0.3308824
Moved 771.7638 299 513 -0.1059028 0.3331802
Moved 771.8126 297.6276 513 -0.1082854 0.3331802
Moved 771.8608 297 513 -0.109375 0.3331802
Moved 771.9081 295.9496 513 -0.1111986 0.3331802
Stationary 771.9546 295.9496 513 -0.1111986 0.3331802
Moved 772.0333 311 487.5 -0.08506946 0.2745864
Moved 772.0828 375.1024 440.2856 0.02621934 0.1660974
Moved 772.1341 448.4796 406.9638 0.1536105 0.08953085
Moved 772.1844 480.6729 391.6635 0.2095016 0.05437389
Moved 772.2337 509.3239 380.7646 0.2592429 0.0293304
Moved 772.2857 539.2064 365.9175 0.3111222 -0.004785202
Moved 772.3335 548.6568 359.6716 0.3275292 -0.01913688
Moved 772.3837 552.2739 356.7261 0.3338088 -0.02590495
Moved 772.4315 554.1469 356 0.3370606 -0.02757353
Moved 772.4816 542.2849 355 0.3164668 -0.02987126
Moved 772.5575 431.1534 369.4744 0.1235302 0.003387928
Moved 772.6033 384.7117 376.3814 0.04290231 0.01925882
Moved 772.6489 347.055 385.9878 -0.02247401 0.04133225
Moved 772.6954 324.5202 392.296 -0.06159682 0.05582712
Moved 772.7428 311.3264 395 -0.08450285 0.06204048
Moved 772.7891 301.9532 398 -0.1007758 0.06893383
Moved 772.8351 294 400.5 -0.1145833 0.07467835
Moved 772.8811 285.3982 402 -0.1295171 0.07812501
Moved 772.933 273.6462 403 -0.1499197 0.0804228
Moved 772.983 260.5622 404 -0.1726351 0.08272067
Moved 773.064 240.9511 404 -0.2066821 0.08272067
Moved 773.1103 236.3723 396 -0.2146313 0.06433824
Ended 773.1564 236 396 -0.2152778 0.06433824
Began 773.3806 536 522 0.3055556 0.3538603
Moved 773.4384 523.7698 522 0.2843225 0.3538603
Moved 773.4855 504.7719 511.0125 0.2513401 0.3286133
Moved 773.5345 477.7014 501.9005 0.2043428 0.3076759
Moved 773.5878 446.1157 492.9184 0.1495063 0.2870368
Moved 773.6376 398.5732 482.4495 0.06696731 0.2629813
Moved 773.6857 365.4876 472.8536 0.009527132 0.2409321
Moved 773.733 330.7769 457.9163 -0.05073458 0.2066092
Moved 773.7811 300.7932 440.739 -0.1027895 0.1671393
Moved 773.8315 276.0765 424.3971 -0.1457005 0.1295889
Moved 773.8813 255.5283 409.5283 -0.1813745 0.09542347
Moved 773.9333 237.9979 395.9986 -0.2118092 0.06433505
Moved 773.9812 227.4019 388.7009 -0.2302051 0.04756654
Moved 774.0312 217 380 -0.2482639 0.0275736
Moved 774.0792 210.5 376.5 -0.2595486 0.01953132
Moved 774.1277 205.1691 372.1691 -0.2688037 0.009579659
Moved 774.2042 200.3314 368 -0.2772025 0
Ended 774.2547 200 368 -0.2777778 0
Began 774.5512 105 361 -0.4427084 -0.01608456
Stationary 774.61 105 361 -0.4427084 -0.01608456
Stationary 774.661 105 361 -0.4427084 -0.01608456
Ended 774.7081 105 361 -0.4427084 -0.01608456
Began 775.6622 209 369 -0.2621528 0.002297794
Stationary 775.7159 209 369 -0.2621528 0.002297794
Moved 775.7651 242.7372 396.3898 -0.2035812 0.06523389
Moved 775.8155 291.296 425.8247 -0.1192778 0.1328693
Moved 775.8627 331.3234 445.4771 -0.04978583 0.1780264
Moved 775.9105 356.7827 463.2733 -0.005585664 0.2189185
Moved 775.9586 378.1514 476.6135 0.03151283 0.2495716
Moved 776.0073 393.5 487 0.05815975 0.2734376
Moved 776.0614 408.477 499.477 0.08416146 0.3021071
Moved 776.1107 411.5 503.5 0.08940973 0.3113511
Moved 776.1599 413.2459 504 0.09244078 0.3125001
Moved 776.2122 414.5 506 0.09461805 0.3170956
Moved 776.2647 414 507 0.09374999 0.3193934
Stationary 776.3187 414 507 0.09374999 0.3193934
Moved 776.3902 383.6062 495.316 0.04098296 0.2925461
Moved 776.4413 322.7866 463.5005 -0.06460655 0.2194405
Moved 776.491 264.8798 430.9299 -0.1651392 0.1445999
Moved 776.5424 222.5632 406.7816 -0.2386056 0.089112
Moved 776.5918 196.5546 390.1328 -0.2837594 0.05085651
Moved 776.6401 174.9886 380.9943 -0.3212004 0.02985814
Moved 776.6917 166.0965 376.0483 -0.336638 0.01849329
Moved 776.7443 158.7499 373 -0.3493926 0.01148897
Moved 776.7976 157 372 -0.3524306 0.009191248
Moved 776.8464 193.6497 372 -0.2888026 0.009191248
Moved 776.9185 278.8133 380 -0.1409492 0.0275736
Moved 776.9632 316.9936 380 -0.07466395 0.0275736
Moved 777.0085 338.196 380 -0.03785421 0.0275736
Moved 777.0549 357.3082 380 -0.004673265 0.0275736
Moved 777.1028 368 380 0.01388892 0.0275736
Moved 777.1503 372.6119 380 0.02189569 0.0275736
Moved 777.1976 375.4789 380 0.02687298 0.0275736
Moved 777.2468 376 380 0.02777778 0.0275736
Moved 777.2963 363.3985 393.7519 0.005900115 0.05917262
Moved 777.3474 335.532 422.468 -0.04247915 0.1251563
Moved 777.4246 304.0338 453.9662 -0.09716363 0.1975328
Moved 777.4713 287.8676 469.1324 -0.1252298 0.2323815
Moved 777.5264 277.986 479.028 -0.1423854 0.2551194
Moved 777.5749 271.1064 484.9468 -0.1543292 0.2687198
Moved 777.6221 268 489.2408 -0.1597222 0.2785864
Ended 777.6699 266 491.5 -0.1631945 0.2837776
PhraseEnd 778.5092
