do not say anything
Basic
0.4 0.4
288 115.2
Began 798.7689 372 221 0.04166663 -0.1649306
Stationary 798.8084 372 221 0.04166663 -0.1649306
Stationary 798.8408 372 221 0.04166663 -0.1649306
Stationary 798.8713 372 221 0.04166663 -0.1649306
Stationary 798.9031 372 221 0.04166663 -0.1649306
Stationary 798.9332 372 221 0.04166663 -0.1649306
Stationary 798.9635 372 221 0.04166663 -0.1649306
Stationary 798.994 372 221 0.04166663 -0.1649306
Moved 799.0259 385.213 229.1064 0.08754507 -0.09456211
Moved 799.0577 392.9627 233.9626 0.1144537 -0.05240759
Moved 799.0958 402.5518 239.7012 0.1477493 -0.002593994
Moved 799.1291 411.5245 246.1434 0.1789045 0.05332841
Moved 799.1647 425.7141 254.3571 0.228174 0.1246275
Moved 799.1984 433.5 258.5 0.2552083 0.1605903
Moved 799.2317 440.2976 264.2976 0.278811 0.2109168
Moved 799.2611 449.9196 268.9464 0.3122208 0.2512709
Moved 799.291 458.6951 275.6951 0.3426913 0.309853
Moved 799.3209 464 280 0.3611112 0.3472225
Moved 799.3503 468.2566 283.2566 0.3758911 0.3754915
Moved 799.3794 472.2564 285 0.3897794 0.390625
Moved 799.4265 474 288.4315 0.3958334 0.4204125
Moved 799.4562 475.9371 289 0.4025595 0.4253475
Moved 799.4908 477.3734 290.3734 0.4075466 0.4372695
Moved 799.5228 478.2253 290 0.4105045 0.4340278
Moved 799.5627 478 291.0662 0.4097222 0.4432832
Moved 799.5926 479.374 291 0.414493 0.4427084
Stationary 799.6213 479.374 291 0.414493 0.4427084
Moved 799.6491 479 292.0802 0.4131945 0.4520851
Moved 799.6782 480.3734 292 0.4179634 0.4513892
Stationary 799.7073 480.3734 292 0.4179634 0.4513892
Moved 799.7711 480 293 0.4166667 0.4600695
Stationary 799.8041 480 293 0.4166667 0.4600695
Stationary 799.8398 480 293 0.4166667 0.4600695
Stationary 799.8732 480 293 0.4166667 0.4600695
Ended 799.9025 480 293 0.4166667 0.4600695
Began 800.2435 429 163 0.2395834 -0.6684029
Stationary 800.3003 429 163 0.2395834 -0.6684029
Stationary 800.3322 429 163 0.2395834 -0.6684029
Stationary 800.3637 429 163 0.2395834 -0.6684029
Stationary 800.3954 429 163 0.2395834 -0.6684029
Stationary 800.4273 429 163 0.2395834 -0.6684029
Moved 800.4595 429 179.0577 0.2395834 -0.5290124
Moved 800.4921 429 186.9388 0.2395834 -0.4606001
Moved 800.5256 429 194.9651 0.2395834 -0.3909278
Moved 800.5583 429 200.4048 0.2395834 -0.3437085
Moved 800.5899 429 205.425 0.2395834 -0.3001301
Moved 800.6221 438.1583 214.3167 0.2713831 -0.2229458
Moved 800.656 445.7778 230.5555 0.2978395 -0.08198315
Moved 800.6893 449.3528 239.4114 0.3102529 -0.005109311
Moved 800.7366 458.7484 252.4967 0.3428763 0.1084786
Moved 800.7717 462.6154 259.2309 0.3563036 0.1669349
Moved 800.8102 466.5852 265.1705 0.3700877 0.218494
Moved 800.8443 468 268.4524 0.375 0.2469826
Moved 800.8787 469 270.1633 0.3784722 0.2618347
Moved 800.9108 470.5 271.5 0.3836806 0.2734378
Moved 800.9445 471 272.6943 0.3854166 0.283805
Moved 800.9846 471 274.2487 0.3854166 0.2972982
Stationary 801.0164 471 274 0.3854166 0.2951392
Stationary 801.047 471 274 0.3854166 0.2951392
Moved 801.1082 445.211 274 0.2958716 0.2951392
Moved 801.1414 430.9837 274 0.246471 0.2951392
Moved 801.1719 414.797 274 0.1902674 0.2951392
Moved 801.2023 398.9695 274 0.1353107 0.2951392
Moved 801.2333 384.6339 274 0.0855343 0.2951392
Moved 801.2664 374.4371 274 0.0501287 0.2951392
Moved 801.299 365.135 268.9863 0.01782984 0.2516169
Moved 801.3328 353.9183 267 -0.02111703 0.2343753
Moved 801.3638 348.4423 266 -0.04013084 0.2256945
Moved 801.4006 343.1364 266 -0.05855412 0.2256945
Moved 801.4539 339.2706 266 -0.07197724 0.2256945
Moved 801.4883 336.5 266 -0.08159719 0.2256945
Moved 801.5215 335.9482 266 -0.08351304 0.2256945
Moved 801.554 334.6266 266 -0.08810222 0.2256945
Moved 801.5848 333.7515 266 -0.09114057 0.2256945
Stationary 801.618 333.7515 266 -0.09114057 0.2256945
Ended 801.6488 334 266 -0.09027779 0.2256945
Began 802.5601 332 253 -0.09722225 0.1128472
Stationary 802.5945 332 253 -0.09722225 0.1128472
Stationary 802.6245 332 253 -0.09722225 0.1128472
Stationary 802.6555 332 253 -0.09722225 0.1128472
Stationary 802.6852 332 253 -0.09722225 0.1128472
Stationary 802.7158 332 253 -0.09722225 0.1128472
Moved 802.7465 318.0785 253 -0.1455609 0.1128472
Moved 802.7798 302.3517 253 -0.2001675 0.1128472
Moved 802.812 291 253 -0.2395833 0.1128472
Moved 802.8428 282.2211 253 -0.2700656 0.1128472
Moved 802.8746 274.2247 253 -0.2978309 0.1128472
Moved 802.9054 268.4043 253 -0.3180408 0.1128472
Moved 802.9372 262.6733 253 -0.33794 0.1128472
Moved 802.9683 255.9178 253 -0.3613964 0.1128472
Moved 802.9999 250.1723 253 -0.3813463 0.1128472
Moved 803.0452 246.6675 253 -0.3935155 0.1128472
Moved 803.0762 244.8973 253 -0.399662 0.1128472
Moved 803.1071 244 253 -0.4027778 0.1128472
Moved 803.1383 244 260.6299 -0.4027778 0.1790797
Moved 803.1696 253.9946 264.9973 -0.3680743 0.2169909
Moved 803.2004 270.8185 271.7274 -0.3096581 0.2754116
Moved 803.2307 288.4119 274.916 -0.2485697 0.3030905
Moved 803.2607 304.0463 277.7616 -0.1942836 0.3277917
Moved 803.2921 317.5251 279.6313 -0.1474823 0.3440216
Moved 803.3222 330.013 282.5032 -0.1041215 0.368952
Moved 803.3729 344.5191 285 -0.05375311 0.390625
Moved 803.4049 352.7563 286 -0.02515159 0.3993056
Moved 803.4379 359.4925 286 -0.001762286 0.3993056
Moved 803.4755 366.2111 287 0.02156645 0.4079864
Moved 803.5087 370.0771 287 0.03499001 0.4079864
Moved 803.5421 371.9483 287 0.04148722 0.4079864
Moved 803.5756 373.384 287 0.04647225 0.4079864
Moved 803.607 375.1617 287 0.05264476 0.4079864
Moved 803.6395 376.0652 287 0.05578176 0.4079864
Moved 803.6713 377.0204 287 0.0590986 0.4079864
Moved 803.7243 378.2246 287 0.06328002 0.4079864
Moved 803.7594 379.1866 287 0.06662011 0.4079864
Ended 803.8068 380.0561 287 0.06963909 0.4079864
Began 804.2762 213 261 -0.5104167 0.1822917
Stationary 804.3167 213 261 -0.5104167 0.1822917
Moved 804.3489 236.2544 261 -0.4296722 0.1822917
Moved 804.3817 257.1393 250.2582 -0.3571554 0.08904669
Moved 804.4158 280.3094 242.483 -0.2767035 0.0215541
Moved 804.4491 297.5044 236.3739 -0.2169985 -0.03147655
Moved 804.4839 311.4981 231.5004 -0.1684093 -0.07378155
Moved 804.5167 323.1401 225.965 -0.1279856 -0.1218319
Moved 804.5511 339.3876 220.6531 -0.0715708 -0.1679421
Moved 804.589 346.6154 217.7948 -0.04647411 -0.1927535
Moved 804.6213 353.1219 216.2927 -0.02388231 -0.2057923
Moved 804.654 360.7173 213.4276 0.002490729 -0.2306629
Moved 804.6848 369.3491 209.1006 0.03246203 -0.2682241
Moved 804.7165 377.9518 204.3655 0.06233275 -0.3093275
Moved 804.7486 389.901 199.6997 0.1038231 -0.349829
Moved 804.781 396.344 195.828 0.1261944 -0.3834375
Moved 804.8133 401.035 192.9651 0.1424825 -0.4082892
Moved 804.8463 405.1214 191 0.1566717 -0.4253473
Moved 804.8782 408.4308 188.5692 0.1681623 -0.4464478
Moved 804.9327 413.7332 187 0.1865736 -0.4600692
Moved 804.9659 416.5 186 0.1961805 -0.4687501
Moved 804.9998 417.0807 184.9193 0.1981969 -0.478131
Moved 805.0314 418.3745 185 0.2026893 -0.4774306
Moved 805.063 419.249 183.7511 0.2057256 -0.4882715
Stationary 805.0944 419 184 0.2048612 -0.4861109
Stationary 805.1241 419 184 0.2048612 -0.4861109
Moved 805.1583 408.5 195 0.1684028 -0.390625
Moved 805.1967 398.8896 211.6655 0.1350334 -0.2459587
Moved 805.2386 393.1575 221.2637 0.1151303 -0.162642
Moved 805.293 383.1554 242.3783 0.08040086 0.0206452
Moved 805.3306 379.2906 251.1281 0.06698147 0.09659768
Moved 805.3652 374.9862 264.0276 0.05203545 0.2085731
Moved 805.3989 375 270 0.05208329 0.2604167
Moved 805.4339 374 276.7988 0.04861116 0.3194343
Moved 805.4632 373 281.2771 0.0451389 0.3583082
Moved 805.4933 373 283.8768 0.0451389 0.3808748
Moved 805.5228 372 285.7168 0.04166663 0.396847
Moved 805.553 372 287 0.04166663 0.4079864
Moved 805.5827 372 288.2297 0.04166663 0.4186604
Moved 805.6318 372 289.0953 0.04166663 0.4261743
Moved 805.6619 370.625 289 0.03689229 0.4253475
Stationary 805.692 370.625 289 0.03689229 0.4253475
Stationary 805.7206 370.625 289 0.03689229 0.4253475
Moved 805.7494 369.9886 289 0.03468275 0.4253475
Stationary 805.7781 369.9886 289 0.03468275 0.4253475
Moved 805.8067 369 289 0.03124997 0.4253475
Moved 805.8356 367.8582 289 0.02728552 0.4253475
Moved 805.865 364.7367 289 0.01644671 0.4253475
Moved 805.8946 359.7319 289 -0.0009310246 0.4253475
Moved 805.943 352.8781 289 -0.0247287 0.4253475
Moved 805.9735 347.0911 289 -0.04482269 0.4253475
Moved 806.0037 342.1714 289 -0.06190472 0.4253475
Moved 806.0326 337.3002 289 -0.07881872 0.4253475
Moved 806.0624 334.7302 289 -0.08774229 0.4253475
Moved 806.0915 333.6276 289 -0.09157076 0.4253475
Moved 806.1206 332.7127 289 -0.09474754 0.4253475
Moved 806.1552 333 280.5 -0.09374999 0.3515625
Moved 806.186 333 275.1602 -0.09374999 0.3052102
Moved 806.217 345.8678 262.8429 -0.04907005 0.198289
Moved 806.2667 359.5 248 -0.001736134 0.06944445
Moved 806.2986 365.191 241.7135 0.01802444 0.01487388
Moved 806.3294 371.9354 236.0647 0.04144222 -0.03416088
Moved 806.3601 375.8349 231.3302 0.05498246 -0.07525869
Moved 806.3943 379.5 228.5 0.06770834 -0.0998264
Moved 806.4256 381 227.3125 0.0729166 -0.1101346
Moved 806.4561 382.1199 227 0.07680506 -0.1128472
Moved 806.485 383.9945 226 0.08331434 -0.1215281
Moved 806.5144 384.5 226 0.08506939 -0.1215281
Moved 806.5438 385.2227 224.7772 0.0875789 -0.1321422
Moved 806.592 387.6877 225 0.09613768 -0.1302083
Moved 806.6222 390.2544 225 0.1050499 -0.1302083
Moved 806.6526 395.2456 233.9824 0.1223806 -0.05223593
Moved 806.6821 402.0055 241.0082 0.1458523 0.008751817
Moved 806.7119 409.973 248.973 0.1735175 0.07789083
Moved 806.7418 417.2459 255.8306 0.1987705 0.1374184
Moved 806.7743 424.5447 264.5447 0.2241136 0.2130623
Moved 806.8056 430.288 272.432 0.2440555 0.2815281
Moved 806.8394 435.2901 277.2902 0.2614241 0.3236994
Moved 806.8704 438.5184 282.0369 0.2726334 0.3649034
Moved 806.9251 443 288.2458 0.2881944 0.4188003
Moved 806.9617 444.2781 289.2781 0.2926324 0.4277619
Moved 806.9943 445 291.2487 0.295139 0.4448674
Moved 807.0265 446 291 0.2986111 0.4427084
Stationary 807.0579 446 291 0.2986111 0.4427084
Stationary 807.0896 446 291 0.2986111 0.4427084
Moved 807.121 446 282.0767 0.2986111 0.3652488
Moved 807.152 437.3161 268.9483 0.2684587 0.2512874
Moved 807.1845 428.6746 251.6865 0.2384535 0.1014455
Moved 807.2161 420.9461 236.3652 0.2116184 -0.03155152
Moved 807.2668 413 222 0.1840278 -0.1562497
Moved 807.2999 407.259 214.259 0.1640938 -0.2234457
Moved 807.3324 400.3326 203.6652 0.1400437 -0.3154066
Moved 807.3638 396.5 198 0.1267362 -0.3645834
Moved 807.3956 395 195.9625 0.1215278 -0.3822698
Moved 807.4266 392.0859 193.0859 0.1114096 -0.4072399
Moved 807.4582 391 192 0.1076388 -0.4166664
Moved 807.4901 389.7557 191 0.1033184 -0.4253473
Moved 807.5214 390 189.5 0.1041667 -0.4383681
Moved 807.5549 389 188.9667 0.1006945 -0.4429977
Moved 807.6151 387.6271 189 0.09592742 -0.4427081
Moved 807.6486 386.8287 189 0.09315506 -0.4427081
Moved 807.6802 386 189 0.09027779 -0.4427081
Moved 807.7117 384.6899 189 0.08572877 -0.4427081
Moved 807.7474 379.9496 200.1007 0.06926954 -0.346348
Moved 807.7786 377.0784 204.8433 0.05929992 -0.30518
Moved 807.8105 374.5 209 0.05034715 -0.269097
Moved 807.8422 370.3394 213.6605 0.03590092 -0.2286413
Moved 807.8741 367.807 217.193 0.0271076 -0.1979775
Moved 807.9056 364.9349 222.1302 0.01713514 -0.1551194
Moved 807.9586 360.0043 228.9915 1.490116E-05 -0.09556029
Moved 807.9926 356.1357 232.8643 -0.01341768 -0.06194195
Moved 808.0281 352.5 236.5 -0.02604165 -0.03038168
Moved 808.0615 352 237.7113 -0.02777778 -0.01986716
Moved 808.0966 351 238.5793 -0.03124997 -0.01233233
Moved 808.1275 351 239 -0.03124997 -0.008680291
Ended 808.1583 351 239 -0.03124997 -0.008680291
PhraseEnd 809.0641
