you must be getting old
Basic
0.6 0.6
432 326.4
Began 1203.433 280 457 -0.1851852 0.2726716
Stationary 1203.51 280 457 -0.1851852 0.2726716
Moved 1203.574 303.0551 465.7638 -0.1318168 0.2995214
Moved 1203.642 321.5 469.5 -0.08912037 0.3109682
Moved 1203.712 345.4411 472.3603 -0.03370116 0.3197314
Moved 1203.778 364.7572 474.7515 0.01101206 0.3270572
Moved 1203.844 404.6022 479 0.1032458 0.3400736
Moved 1203.911 429.7081 482 0.1613613 0.3492648
Moved 1203.976 454.1799 485.06 0.2180091 0.3586398
Moved 1204.047 476.5512 487 0.2697946 0.3645834
Moved 1204.115 492.7451 489 0.3072803 0.3707108
Moved 1204.178 504.9901 490 0.3356252 0.3737745
Moved 1204.24 510.3994 491 0.3481467 0.3768382
Moved 1204.306 512 491 0.3518519 0.3768382
Stationary 1204.367 512 491 0.3518519 0.3768382
Moved 1204.43 477.958 491 0.273051 0.3768382
Moved 1204.494 448.4163 491 0.2046674 0.3768382
Moved 1204.56 426.9199 491 0.1549072 0.3768382
Moved 1204.622 410.2431 491 0.1163036 0.3768382
Moved 1204.721 397.5 491 0.08680551 0.3768382
Moved 1204.782 395.6791 491 0.08259059 0.3768382
Moved 1204.846 395 491 0.08101851 0.3768382
Ended 1204.908 395 491 0.08101851 0.3768382
Began 1205.109 461 257 0.2337964 -0.3400736
Stationary 1205.177 461 257 0.2337964 -0.3400736
Moved 1205.242 445.7523 287.4954 0.1985007 -0.2466441
Moved 1205.308 424.5283 338.6793 0.1493709 -0.08983052
Moved 1205.37 416.8342 363.9946 0.1315608 -0.01227155
Moved 1205.435 410.0955 389.6181 0.1159617 0.06623198
Moved 1205.498 403.6906 411.9283 0.1011356 0.1345843
Moved 1205.561 397.2456 432.2631 0.08621673 0.1968845
Moved 1205.623 393.6046 446.7908 0.07778843 0.2413933
Moved 1205.689 393 458.4952 0.07638891 0.2772524
Moved 1205.765 393 466.4142 0.07638891 0.3015141
Moved 1205.828 393 471.7908 0.07638891 0.3179865
Moved 1205.891 393 474.0455 0.07638891 0.3248943
Moved 1205.958 393 475.26 0.07638891 0.3286152
Moved 1206.021 365.7935 458.8623 0.01341075 0.2783772
Moved 1206.084 317.263 425.4473 -0.09892817 0.1760027
Moved 1206.164 279.4736 396.4736 -0.1864037 0.0872354
Moved 1206.229 258.549 381.2745 -0.2348402 0.04066953
Moved 1206.293 249.5411 375.5411 -0.2556918 0.02310407
Moved 1206.354 245.1573 374 -0.2658396 0.01838245
Moved 1206.447 242 372 -0.2731481 0.012255
Stationary 1206.508 242 372 -0.2731481 0.012255
Moved 1206.57 263.8895 392.6196 -0.2224781 0.07542755
Moved 1206.638 294.0077 415.0058 -0.15276 0.1440129
Moved 1206.703 323.3933 440.3933 -0.08473779 0.2217932
Moved 1206.767 340 458.5 -0.04629632 0.2772671
Moved 1206.833 351.8844 471.8844 -0.01878604 0.3182733
Moved 1206.898 359.2336 480.2336 -0.001774182 0.3438528
Moved 1206.962 363 486.053 0.006944438 0.3616822
Moved 1207.027 366 489.5 0.01388888 0.3722427
Ended 1207.12 367 489 0.01620372 0.3707108
Began 1207.39 310 257 -0.1157407 -0.3400736
Stationary 1207.458 310 257 -0.1157407 -0.3400736
Moved 1207.532 321.0734 268.0734 -0.09010797 -0.3061478
Moved 1207.599 343.9099 297.1832 -0.03724555 -0.2169632
Moved 1207.663 353.003 314.0089 -0.01619687 -0.1654141
Moved 1207.73 358 331.5 -0.004629641 -0.111826
Moved 1207.798 360 365.0518 0 -0.009032511
Moved 1207.865 349.0466 395.7671 -0.02535517 0.08507084
Moved 1207.93 342.3585 419.566 -0.04083678 0.157984
Moved 1207.995 332.6911 447.2355 -0.06321499 0.2427558
Moved 1208.06 328.5 459 -0.07291664 0.2787991
Moved 1208.128 326 467.8154 -0.07870371 0.3058071
Moved 1208.196 323 473.3089 -0.08564815 0.3226376
Moved 1208.262 320.626 476.374 -0.09114345 0.3320282
Moved 1208.328 319 479 -0.09490739 0.3400736
Moved 1208.391 316.9884 480 -0.0995639 0.3431373
Moved 1208.456 310.8293 483 -0.1138212 0.3523284
Moved 1208.555 303.5381 486 -0.1306988 0.3615196
Moved 1208.62 301 487.9059 -0.1365741 0.367359
Moved 1208.681 298.9462 488 -0.1413283 0.3676471
Moved 1208.745 297.5408 489 -0.1445815 0.3707108
Moved 1208.814 297 490.5 -0.1458333 0.3753064
Ended 1208.885 297 490 -0.1458333 0.3737745
Began 1209.339 342 330 -0.04166668 -0.1164215
Stationary 1209.408 342 330 -0.04166668 -0.1164215
Moved 1209.475 351.8191 343.6382 -0.01893724 -0.07463773
Moved 1209.545 356.5 361 -0.008101861 -0.02144608
Moved 1209.617 357 389.2324 -0.006944438 0.06505027
Moved 1209.684 347.2866 409.5701 -0.0294292 0.1273595
Moved 1209.752 324.0863 433.9353 -0.08313363 0.2020078
Moved 1209.819 306.9523 446.6985 -0.1227956 0.2411106
Moved 1209.886 286 461.5 -0.1712963 0.2864584
Moved 1209.953 276.0797 469.9203 -0.1942601 0.312256
Moved 1210.032 268.5 475.5 -0.2118056 0.3293505
Moved 1210.093 267 478.4631 -0.2152778 0.3384288
Moved 1210.153 266 480.2029 -0.2175926 0.343759
Moved 1210.216 281.5544 484.6386 -0.1815871 0.3573487
Moved 1210.279 303.0957 487 -0.1317228 0.3645834
Moved 1210.343 320 488 -0.09259259 0.3676471
Moved 1210.408 329.1304 489 -0.07145732 0.3707108
Moved 1210.474 334.401 490 -0.05925685 0.3737745
Moved 1210.539 346.7974 491.6993 -0.03056153 0.3789808
Moved 1210.604 380.5203 494 0.04750063 0.3860295
Moved 1210.704 436.1044 495 0.1761675 0.3890932
Moved 1210.772 454.121 495 0.2178727 0.3890932
Moved 1210.839 468.8732 495 0.2520213 0.3890932
Moved 1210.907 477.757 495 0.2725856 0.3890932
Moved 1210.974 482.2493 488 0.2829846 0.3676471
Moved 1211.039 483 460.609 0.2847222 0.2837286
Moved 1211.103 452.6636 400.3945 0.2144991 0.09924781
Moved 1211.17 429.6586 351.8701 0.1612467 -0.04941753
Moved 1211.235 419.1715 330.343 0.136971 -0.1153708
Moved 1211.301 410.9458 312.8915 0.11793 -0.1688372
Moved 1211.4 403.6826 296.3652 0.1011172 -0.2194692
Moved 1211.464 401 288.3103 0.09490739 -0.2441473
Moved 1211.529 397.574 281.574 0.08697689 -0.2647855
Moved 1211.592 395.746 278 0.08274535 -0.2757353
Moved 1211.653 394.0023 277 0.07870892 -0.278799
Moved 1211.719 369.7061 299.2939 0.02246777 -0.2104966
Moved 1211.784 349.4264 330.1472 -0.02447585 -0.1159706
Moved 1211.852 337.5 360 -0.05208333 -0.0245098
Moved 1211.919 331 383.1511 -0.06712963 0.04641898
Moved 1211.989 329 392.1207 -0.07175927 0.07389939
Ended 1212.094 328 396 -0.07407407 0.08578432
Began 1212.384 534 472 0.4027778 0.3186275
Stationary 1212.454 534 472 0.4027778 0.3186275
Stationary 1212.516 534 472 0.4027778 0.3186275
Moved 1212.579 523.6503 438.2518 0.3788202 0.2152321
Moved 1212.644 524 403.7767 0.3796296 0.1096099
Moved 1212.71 524 381.1605 0.3796296 0.04032014
Moved 1212.772 524 363.4844 0.3796296 -0.01383445
Moved 1212.839 524 339.5473 0.3796296 -0.08717126
Moved 1212.904 521.5513 329.5513 0.3739614 -0.1177962
Moved 1212.969 503.4329 326 0.3320206 -0.1286766
Moved 1213.034 445.7692 347.5693 0.1985397 -0.06259413
Moved 1213.099 385.3718 364.7509 0.05873094 -0.009954304
Moved 1213.163 354.9324 369.627 -0.01173049 0.004984725
Moved 1213.228 331.075 372 -0.06695613 0.012255
Moved 1213.292 319.1742 373.9129 -0.09450416 0.01811551
Moved 1213.357 311.3534 375 -0.1126079 0.02144608
Moved 1213.455 304.6636 375 -0.1280936 0.02144608
Moved 1213.524 303 376 -0.1319445 0.02450971
Moved 1213.59 302 376 -0.1342593 0.02450971
Moved 1213.656 296.715 376 -0.1464931 0.02450971
Moved 1213.722 291.2496 376 -0.1591445 0.02450971
Moved 1213.789 287.626 376 -0.1675323 0.02450971
Ended 1213.853 287 376 -0.1689815 0.02450971
PhraseEnd 1214.804
