the power of denial
Basic
0.8 0.8
575.9999 230.4
Began 1391.848 310 403 -0.08680557 0.7074654
Stationary 1391.926 310 403 -0.08680557 0.7074654
Moved 1391.988 327.6984 381.3016 -0.05607922 0.6132884
Moved 1392.044 345.7581 358.2419 -0.0247255 0.5132027
Moved 1392.104 357.6659 345.2227 -0.004052259 0.4566959
Moved 1392.166 371.8332 328.5557 0.02054378 0.3843565
Moved 1392.234 396.9544 294.0684 0.06415703 0.2346719
Moved 1392.297 409.8159 279.1841 0.0864859 0.1700702
Moved 1392.358 420.2178 264.7822 0.1045448 0.1075616
Moved 1392.418 426.9751 252.0499 0.1162761 0.05230017
Moved 1392.48 430 244.2889 0.1215278 0.01861519
Moved 1392.544 430 240.9451 0.1215278 0.004101859
Moved 1392.605 381.4668 250.4132 0.03726877 0.04519635
Moved 1392.679 319.666 274.3336 -0.07002439 0.1490175
Moved 1392.749 295.6976 285.1512 -0.1116361 0.1959687
Moved 1392.824 274.4664 296.2668 -0.1484959 0.2442135
Moved 1392.913 259 302 -0.1753472 0.2690972
Moved 1393.006 251.2469 307.7531 -0.1888074 0.2940672
Moved 1393.076 247 310 -0.1961806 0.3038195
Moved 1393.141 245 312 -0.1996528 0.3125001
Ended 1393.216 245 312 -0.1996528 0.3125001
Began 1393.432 601 313 0.4184028 0.3168403
Stationary 1393.494 601 313 0.4184028 0.3168403
Moved 1393.551 574.5306 313 0.372449 0.3168403
Moved 1393.609 552.9871 313 0.3350469 0.3168403
Moved 1393.678 519.841 305 0.2775017 0.2821182
Moved 1393.738 503.8359 304 0.2497152 0.2777779
Moved 1393.8 493.0938 304 0.2310655 0.2777779
Moved 1393.858 485.3214 303 0.2175719 0.2734375
Moved 1393.917 482 303 0.2118056 0.2734375
Moved 1393.974 478.8096 303 0.2062667 0.2734375
Moved 1394.034 477.2372 302.2372 0.2035368 0.2701267
Moved 1394.094 476 300.7504 0.2013889 0.2636739
Moved 1394.214 468.7588 292.7589 0.1888174 0.2289882
Moved 1394.283 451.7694 284.9423 0.1593219 0.1950623
Moved 1394.341 399.5536 277 0.06866939 0.1605903
Moved 1394.401 300.7101 308.916 -0.1029339 0.2991144
Moved 1394.494 245.7183 331.4272 -0.1984057 0.3968197
Moved 1394.548 233.3818 337.8091 -0.2198233 0.4245186
Moved 1394.605 222.6532 342.1156 -0.2384493 0.4432101
Moved 1394.67 212.9173 344 -0.255352 0.451389
Moved 1394.732 206.73 345 -0.2660937 0.4557292
Moved 1394.79 200.5 345 -0.2769097 0.4557292
Moved 1394.849 195.5965 345 -0.2854229 0.4557292
Moved 1394.909 191.228 345 -0.2930071 0.4557292
Moved 1394.974 178.537 333.0247 -0.31504 0.403753
Moved 1395.05 166.6638 324.6638 -0.3356531 0.3674645
Moved 1395.146 160.7296 321 -0.3459556 0.3515625
Stationary 1395.203 161 321 -0.3454861 0.3515625
Moved 1395.278 192.875 316.825 -0.2901476 0.3334421
Moved 1395.359 233.0328 311 -0.2204292 0.3081597
Moved 1395.43 274.2491 307 -0.1488731 0.2907986
Moved 1395.499 292 305 -0.1180556 0.2821182
Moved 1395.552 298.9303 305 -0.1060239 0.2821182
Moved 1395.607 303.2301 304 -0.09855882 0.2777779
Ended 1395.661 306.5 304 -0.09288196 0.2777779
Began 1395.951 571 310 0.3663194 0.3038195
Moved 1396.041 542.5993 296.8855 0.3170127 0.2468989
Moved 1396.103 475.2486 286.5178 0.2000843 0.2019
Moved 1396.166 436.257 283.0514 0.1323906 0.186855
Moved 1396.229 401.3419 282 0.07177413 0.1822917
Moved 1396.289 381.885 279.9713 0.03799476 0.1734864
Moved 1396.362 350.0315 275.8063 -0.01730647 0.1554092
Moved 1396.429 323.0016 269.8007 -0.06423325 0.1293432
Moved 1396.491 300.0145 264.6715 -0.1041415 0.1070813
Moved 1396.55 287.2813 264 -0.1262477 0.1041668
Moved 1396.628 281.7503 263 -0.1358502 0.0998264
Moved 1396.708 278.6266 263 -0.1412733 0.0998264
Ended 1396.776 277.7513 263 -0.1427929 0.0998264
Began 1397.259 272 253 -0.1527778 0.05642362
Stationary 1397.325 272 253 -0.1527778 0.05642362
Stationary 1397.386 272 253 -0.1527778 0.05642362
Moved 1397.444 263.7538 285.9846 -0.167094 0.199586
Moved 1397.503 260 299.3019 -0.1736111 0.2573869
Moved 1397.562 257.0475 305.9525 -0.1787369 0.286252
Moved 1397.632 254 315.5362 -0.1840278 0.3278482
Moved 1397.694 252 321.5 -0.1875 0.3537328
Moved 1397.755 250 325.9344 -0.1909722 0.3729794
Moved 1397.822 249 328.0742 -0.1927084 0.3822663
Moved 1397.88 258.5764 329 -0.1760826 0.3862849
Moved 1397.943 322.5683 273.7167 -0.0649856 0.1463397
Moved 1398.029 380.8867 229.668 0.03626168 -0.04484389
Moved 1398.102 406.5773 215.1409 0.08086339 -0.1078955
Moved 1398.169 418.2385 207.7616 0.1011085 -0.1399235
Moved 1398.248 437.2224 195.1851 0.1340667 -0.1945093
Moved 1398.303 449.6643 185.3357 0.1556672 -0.2372583
Moved 1398.359 455.134 180.866 0.1651633 -0.256658
Moved 1398.423 458.9641 178 0.1718126 -0.2690972
Moved 1398.489 460.5 176.5 0.1744792 -0.2756077
Moved 1398.544 461.2212 177 0.1757313 -0.2734375
Moved 1398.604 463.0389 188.1168 0.1788871 -0.2251873
Moved 1398.666 465.7624 216.0494 0.1836153 -0.1039521
Moved 1398.726 471.2916 241.7289 0.1932145 0.007503961
Moved 1398.784 479.7327 262.4654 0.2078693 0.09750619
Moved 1398.875 490.1544 288.3088 0.2259625 0.2096737
Moved 1398.936 492 294.5581 0.2291667 0.2367974
Moved 1398.995 493 298 0.2309028 0.2517361
Moved 1399.058 433.266 288.0443 0.127198 0.2085257
Moved 1399.119 353.9673 269.8386 -0.01047339 0.1295081
Moved 1399.181 301.6493 260.2062 -0.1013033 0.08770043
Moved 1399.242 266.5 254 -0.1623264 0.06076403
Moved 1399.303 246.2415 254 -0.1974973 0.06076403
Moved 1399.36 225.9799 254 -0.2326738 0.06076403
Moved 1399.416 211.0964 252.3655 -0.2585132 0.05366975
Moved 1399.499 186.4328 249.1082 -0.301332 0.03953192
Moved 1399.554 170.2913 246.8229 -0.3293553 0.02961318
Moved 1399.609 151.3743 244 -0.3621974 0.01736111
Moved 1399.664 141.1636 243 -0.3799244 0.01302083
Moved 1399.719 130.5219 242 -0.3983994 0.008680689
Moved 1399.774 127.9009 242 -0.4029499 0.008680689
Moved 1399.83 126 242 -0.40625 0.008680689
Moved 1399.884 220.273 272.2526 -0.2425816 0.1399852
Moved 1399.939 305.0224 273 -0.09544723 0.1432292
Moved 1399.993 391.5993 252.9386 0.05485982 0.05615712
Moved 1400.078 463.2762 236.8177 0.1792989 -0.01381185
Moved 1400.133 504.0596 227.3234 0.2501034 -0.05501999
Moved 1400.188 525.403 224 0.2871581 -0.06944432
Moved 1400.244 542.5 221 0.3168403 -0.08246528
Moved 1400.299 553.0013 216.9994 0.3350717 -0.09982905
Moved 1400.355 560.5961 216 0.3482572 -0.1041667
Moved 1400.41 568.6706 215 0.3622754 -0.108507
Moved 1400.467 575.076 214 0.3733958 -0.1128471
Moved 1400.522 577.3987 213 0.3774284 -0.1171875
Ended 1400.577 577 213 0.3767361 -0.1171875
PhraseEnd 1401.288
