the quick brown fox jumps over the lazy dog
Basic
0.6 0.6
432 172.8
Began 1718.221 324 330 -0.08333336 0.5208336
Stationary 1718.302 324 330 -0.08333336 0.5208336
Stationary 1718.366 324 330 -0.08333336 0.5208336
Moved 1718.432 334.4625 322.2687 -0.05911454 0.4760925
Moved 1718.501 344.2871 314.8564 -0.03637249 0.4331972
Moved 1718.57 362.8674 298.1326 0.006637474 0.3364157
Moved 1718.64 384.801 278.8992 0.0574098 0.2251113
Moved 1718.709 400.5538 267.4462 0.09387454 0.158832
Moved 1718.778 406 262.7109 0.1064815 0.1314292
Moved 1718.845 409 260 0.113426 0.1157407
Moved 1718.912 410 257.626 0.1157407 0.1020027
Moved 1718.981 394.106 258 0.07894903 0.1041667
Moved 1719.052 356.688 269.0624 -0.007666697 0.1681851
Moved 1719.12 328.4648 278.8838 -0.07299811 0.2250219
Moved 1719.211 307.9099 286.045 -0.120579 0.2664644
Moved 1719.287 295.0899 291.9101 -0.1502549 0.3004057
Moved 1719.355 285.5219 296.739 -0.1724029 0.3283508
Moved 1719.425 277.0517 300.4742 -0.19201 0.3499663
Moved 1719.495 264.4542 304.2729 -0.2211709 0.3719501
Moved 1719.568 252.755 306 -0.2482524 0.3819445
Moved 1719.638 246.1609 308 -0.2635164 0.3935185
Moved 1719.707 243 310 -0.2708333 0.4050926
Ended 1719.772 242 310 -0.2731481 0.4050926
Began 1720.039 135 284 -0.5208333 0.2546298
Moved 1720.111 146.7899 284 -0.4935417 0.2546298
Moved 1720.178 167.3002 295.3251 -0.4460644 0.3201684
Moved 1720.244 189.3897 300 -0.3949312 0.3472222
Moved 1720.313 208.6284 304 -0.3503972 0.3703706
Moved 1720.379 230.4133 307.2827 -0.2999693 0.3893672
Moved 1720.454 279.1145 310.4449 -0.1872349 0.4076675
Moved 1720.534 353.5861 311 -0.01484692 0.4108796
Moved 1720.605 373.3076 311 0.03080457 0.4108796
Moved 1720.676 387.5429 311 0.06375681 0.4108796
Moved 1720.757 398.134 303 0.08827318 0.3645834
Moved 1720.824 403.5 302 0.1006944 0.3587963
Moved 1720.888 407 301 0.1087963 0.3530091
Moved 1720.953 409.0712 299.9288 0.1135908 0.3468102
Moved 1721.016 410.2487 300 0.1163165 0.3472222
Moved 1721.081 411 298.5 0.1180555 0.3385417
Moved 1721.145 414.5 299 0.1261574 0.3414354
Moved 1721.212 423.5318 297 0.1470643 0.3298613
Moved 1721.279 436.6178 296 0.1773561 0.3240741
Moved 1721.346 447.8709 296 0.2034048 0.3240741
Moved 1721.446 462.6353 296 0.2375817 0.3240741
Moved 1721.51 466 296 0.2453704 0.3240741
Moved 1721.576 468.099 296 0.2502292 0.3240741
Moved 1721.641 469 296 0.2523148 0.3240741
Moved 1721.706 459.1556 293.1038 0.2295269 0.3073134
Moved 1721.774 425.9192 274.9596 0.1525908 0.2023125
Moved 1721.843 381.1904 251.8231 0.04905194 0.06842101
Moved 1721.912 359.1382 238.046 -0.001994868 -0.01130775
Moved 1721.981 344.8901 231 -0.0349766 -0.05208334
Moved 1722.047 338.5363 226.5363 -0.04968459 -0.07791502
Moved 1722.146 330.2674 222 -0.06882554 -0.1041665
Moved 1722.21 324.0957 217.0957 -0.08311187 -0.132548
Moved 1722.275 317.442 213.7211 -0.09851386 -0.152077
Moved 1722.341 309.9771 208.9885 -0.1157937 -0.1794646
Moved 1722.405 304.5588 206 -0.1283361 -0.1967593
Moved 1722.469 299.1231 203 -0.1409188 -0.2141204
Moved 1722.533 294.751 202 -0.1510393 -0.2199074
Moved 1722.597 318.7665 211.6366 -0.09544795 -0.1641401
Moved 1722.668 380.9384 226.2085 0.04846841 -0.07981195
Moved 1722.745 418.7632 237.9408 0.1360261 -0.01191669
Moved 1722.851 452.2036 248.6018 0.2134341 0.04977898
Moved 1722.925 464.9367 253.4684 0.2429091 0.07794222
Moved 1722.995 472.6223 256.6223 0.2606997 0.09619395
Moved 1723.071 476 258 0.2685185 0.1041667
Moved 1723.138 478.7948 259 0.2749879 0.1099539
Moved 1723.21 484.9555 259 0.2892488 0.1099539
Moved 1723.28 488.5 259 0.2974537 0.1099539
Moved 1723.348 491.0514 259 0.3033597 0.1099539
Ended 1723.424 491.0514 259 0.3033597 0.1099539
Began 1723.749 384 158 0.0555556 -0.4745372
Stationary 1723.826 384 158 0.0555556 -0.4745372
Moved 1723.891 384 178.8285 0.0555556 -0.3540018
Moved 1723.985 371.5684 210.8633 0.02677858 -0.1686155
Moved 1724.053 349.24 236.14 -0.02490744 -0.02233788
Moved 1724.121 336.2469 250.5061 -0.0549839 0.06079921
Moved 1724.189 327.0302 259.4849 -0.07631887 0.1127596
Moved 1724.261 317.6849 273.6301 -0.09795154 0.194619
Moved 1724.334 309.8806 285.1194 -0.1160172 0.2611079
Moved 1724.404 308 290 -0.1203704 0.2893519
Moved 1724.473 308 296.7054 -0.1203704 0.3281565
Moved 1724.544 387.937 305.2039 0.06466905 0.3773377
Moved 1724.611 437.3118 307 0.1789625 0.3877315
Moved 1724.712 467.4688 307 0.2487703 0.3877315
Moved 1724.783 480.3261 307 0.2785326 0.3877315
Moved 1724.857 489.0933 308 0.2988271 0.3935185
Moved 1724.936 494.5 308 0.3113426 0.3935185
Moved 1725.011 500.1205 308 0.324353 0.3935185
Moved 1725.078 502 308 0.3287037 0.3935185
Moved 1725.147 475.4854 308 0.2673273 0.3935185
Moved 1725.216 399.2863 301 0.0909405 0.3530091
Moved 1725.287 334.5278 310.2103 -0.0589634 0.40631
Moved 1725.356 307.5552 315 -0.1214 0.4340278
Moved 1725.464 274.1369 321 -0.1987572 0.46875
Moved 1725.537 257.6918 324 -0.2368245 0.4861113
Moved 1725.608 243.6967 324 -0.2692206 0.4861113
Moved 1725.676 234.2947 324 -0.2909844 0.4861113
Moved 1725.746 225.6366 324 -0.3110263 0.4861113
Moved 1725.815 216.7704 324 -0.3315499 0.4861113
Moved 1725.892 207.9455 324 -0.3519779 0.4861113
Moved 1725.962 204 316 -0.3611111 0.4398148
Moved 1726.031 217.23 312.8378 -0.3304862 0.4215147
Moved 1726.099 300.2083 274.3958 -0.1384066 0.19905
Moved 1726.197 366.8195 232.5575 0.01578599 -0.04307006
Moved 1726.263 389.3045 216.1304 0.06783446 -0.1381344
Moved 1726.328 402.2175 207.7825 0.09772559 -0.1864439
Moved 1726.393 410.9477 201.0524 0.1179345 -0.2253914
Moved 1726.466 418.7831 194.2169 0.136072 -0.2649484
Moved 1726.539 422.1585 192 0.1438854 -0.2777776
Moved 1726.606 425.3236 189 0.1512121 -0.2951387
Ended 1726.671 426.1649 188 0.1531595 -0.3009259
Began 1726.942 276 264 -0.1944444 0.1388891
Stationary 1727.011 276 264 -0.1944444 0.1388891
Moved 1727.082 339.3917 264 -0.04770432 0.1388891
Moved 1727.151 379.5431 264 0.04523863 0.1388891
Moved 1727.22 416.6814 280.011 0.131207 0.2315456
Moved 1727.29 442.4017 295.1607 0.1907448 0.3192171
Moved 1727.363 481.2055 317.4822 0.2805683 0.4483925
Moved 1727.435 503.0401 331.0401 0.3311114 0.5268526
Moved 1727.504 507 334.4677 0.3402778 0.5466878
Moved 1727.572 510 336 0.3472221 0.5555556
Stationary 1727.649 510 336 0.3472221 0.5555556
Moved 1727.713 494.2292 328.5804 0.3107158 0.5126182
Moved 1727.778 435.3103 288.5402 0.1743295 0.2809041
Moved 1727.844 384.3329 256.2081 0.05632609 0.0937967
Moved 1727.914 348.4851 236.8713 -0.02665475 -0.01810568
Moved 1727.98 328.5067 228.0045 -0.07290105 -0.06941813
Moved 1728.052 310.267 221.6335 -0.1151226 -0.1062874
Moved 1728.121 297.8094 216.9047 -0.1439598 -0.1336534
Moved 1728.191 285.1345 213.0673 -0.1732997 -0.1558608
Moved 1728.261 277.5 211 -0.1909722 -0.1678241
Moved 1728.371 261.6807 204.6807 -0.227591 -0.2043943
Moved 1728.443 254.841 202 -0.2434235 -0.2199074
Moved 1728.511 249.5 198.5 -0.255787 -0.2401621
Moved 1728.582 247.298 198 -0.2608842 -0.2430556
Ended 1728.652 246 198 -0.2638889 -0.2430556
Began 1728.945 421 212 0.1412037 -0.1620369
Stationary 1729.027 421 212 0.1412037 -0.1620369
Moved 1729.097 421 226.6724 0.1412037 -0.07712753
Moved 1729.166 408.8248 246.5258 0.1130203 0.03776498
Moved 1729.236 403 261.9341 0.09953707 0.1269335
Moved 1729.306 399.6259 272.1224 0.09172648 0.1858937
Moved 1729.377 398 288.5369 0.08796295 0.2808847
Moved 1729.451 398 296.3492 0.08796295 0.3260948
Moved 1729.519 398 298.2137 0.08796295 0.3368849
Moved 1729.588 398 284.3351 0.08796295 0.2565688
Moved 1729.659 431.0089 217.6281 0.1643725 -0.1294673
Moved 1729.743 451 172 0.2106482 -0.3935184
Moved 1729.811 456 164 0.2222222 -0.4398148
Moved 1729.877 460.1203 158.8796 0.2317599 -0.4694465
Moved 1729.942 461 159 0.2337964 -0.4687499
Moved 1730.023 489.2393 196.535 0.2991651 -0.2515334
Moved 1730.091 518.3128 238.5474 0.3664648 -0.008406463
Moved 1730.156 542.6591 269.6591 0.4228219 0.1716381
Moved 1730.221 556.2339 287.8508 0.4542451 0.2769147
Moved 1730.286 563 297.9861 0.4699074 0.3355676
Moved 1730.352 565 301.2784 0.474537 0.3546206
Moved 1730.46 556.9283 304 0.4558525 0.3703706
Moved 1730.534 499.0759 285.3586 0.3219349 0.2624923
Moved 1730.601 440.2657 271.2188 0.1858001 0.1806642
Moved 1730.673 407.9631 266 0.1110257 0.150463
Moved 1730.744 376.455 261.3638 0.03809035 0.1236328
Moved 1730.815 348.0422 256.2084 -0.02768015 0.09379882
Moved 1730.884 322.2045 250.8409 -0.08748958 0.06273711
Moved 1730.957 301.0165 245.0055 -0.1365359 0.02896715
Moved 1731.031 286.6574 243 -0.1697746 0.01736111
Moved 1731.099 276.9233 242 -0.1923072 0.01157425
Moved 1731.208 259.4639 238 -0.2327225 -0.01157407
Moved 1731.285 245.9341 235 -0.2640415 -0.02893519
Moved 1731.358 232.5136 234 -0.2951074 -0.03472205
Moved 1731.426 227.5 234 -0.306713 -0.03472205
Moved 1731.5 223.6271 234 -0.315678 -0.03472205
Ended 1731.6 223 234 -0.3171296 -0.03472205
Began 1731.792 522 316 0.375 0.4398148
Stationary 1731.886 522 316 0.375 0.4398148
Moved 1731.961 493.0531 298.5266 0.3079933 0.3386952
Moved 1732.042 468.1972 284.7982 0.2504565 0.2592488
Moved 1732.118 452.444 277.222 0.2139908 0.2154055
Moved 1732.2 432.9017 266.9344 0.168754 0.1558707
Moved 1732.278 412.3515 252.3514 0.121184 0.07147843
Moved 1732.356 396.6886 240.6886 0.08492738 0.003984946
Moved 1732.419 386.2325 232.6162 0.06072343 -0.04273044
Moved 1732.489 376.465 225.465 0.0381134 -0.08411478
Moved 1732.556 364.0742 216.0742 0.009430946 -0.1384594
Moved 1732.627 355.2958 209.6479 -0.01088932 -0.1756485
Moved 1732.706 344.7831 199.7831 -0.03522436 -0.2327368
Moved 1732.787 339 193.5 -0.04861111 -0.2690972
Moved 1732.863 334.8595 192 -0.05819559 -0.2777776
Moved 1732.93 323.0521 201.8264 -0.08552764 -0.2209119
Moved 1732.999 299.5546 230.5939 -0.1399199 -0.05443361
Moved 1733.12 280.038 262.9241 -0.1850973 0.1326626
Moved 1733.194 274.3127 275.6873 -0.1983502 0.206524
Moved 1733.26 267.5 289 -0.2141203 0.283565
Moved 1733.324 262.7538 296.2462 -0.2251068 0.3254986
Moved 1733.393 260 302.6097 -0.2314815 0.3623246
Moved 1733.469 258 306.335 -0.2361111 0.3838829
Moved 1733.543 257 309 -0.2384259 0.3993057
Moved 1733.612 257 311.2487 -0.2384259 0.412319
Moved 1733.689 278.5226 311 -0.1886051 0.4108796
Moved 1733.758 287.9967 311 -0.1666744 0.4108796
Ended 1733.861 293 311 -0.1550926 0.4108796
Began 1734.093 335 319 -0.05787035 0.4571759
Stationary 1734.161 335 319 -0.05787035 0.4571759
Moved 1734.226 355.5858 293.0177 -0.01021792 0.3068154
Moved 1734.292 381.3494 268.6506 0.04942 0.1658019
Moved 1734.358 392.0507 257.424 0.07419129 0.1008334
Moved 1734.43 399 248.75 0.09027779 0.05063675
Moved 1734.504 404.5 242.5 0.1030092 0.01446777
Moved 1734.573 406 239.0682 0.1064815 -0.005392145
Moved 1734.645 407 235 0.1087963 -0.02893519
Moved 1734.716 395.3688 234 0.08187234 -0.03472205
Moved 1734.795 343.6229 258.1885 -0.03791004 0.1052579
Moved 1734.867 319.2059 268.897 -0.09443079 0.167228
Moved 1734.938 298.1132 279.5912 -0.1432566 0.2291162
Moved 1735.01 282.8918 289.1082 -0.1784911 0.2841909
Moved 1735.08 270.314 294.843 -0.2076066 0.3173788
Moved 1735.15 256.5859 300 -0.2393845 0.3472222
Moved 1735.218 247.898 304.102 -0.2594953 0.3709606
Moved 1735.284 243.1775 306 -0.2704225 0.3819445
Ended 1735.355 242 307 -0.2731481 0.3877315
Began 1735.651 540 237 0.4166667 -0.01736093
Stationary 1735.719 540 237 0.4166667 -0.01736093
Moved 1735.789 504.9288 237 0.3354833 -0.01736093
Moved 1735.861 466.8241 237 0.2472781 -0.01736093
Moved 1735.934 438.9301 237 0.1827087 -0.01736093
Moved 1736.002 411.5174 237 0.1192533 -0.01736093
Moved 1736.073 354.3958 237 -0.01297265 -0.01736093
Moved 1736.142 312.6043 226.6577 -0.1097122 -0.0772123
Moved 1736.216 275.4801 225 -0.1956478 -0.08680556
Moved 1736.289 245.7613 224 -0.2644415 -0.09259242
Moved 1736.367 224.5971 224 -0.3134326 -0.09259242
Moved 1736.438 211.5 224 -0.34375 -0.09259242
Moved 1736.506 197.6748 224 -0.3757527 -0.09259242
Moved 1736.574 186.8436 224 -0.4008251 -0.09259242
Moved 1736.642 175.7544 224 -0.4264944 -0.09259242
Moved 1736.712 172 224 -0.4351852 -0.09259242
Moved 1736.782 168.5729 224 -0.4431182 -0.09259242
Stationary 1736.852 168.5729 224 -0.4431182 -0.09259242
Stationary 1736.958 169 224 -0.4421296 -0.09259242
Moved 1737.033 184.2971 213.3514 -0.4067196 -0.1542162
Moved 1737.102 191.506 205.494 -0.3900324 -0.1996874
Moved 1737.175 196 199.7599 -0.3796296 -0.2328708
Moved 1737.245 199 198 -0.3726852 -0.2430556
Moved 1737.316 208.6976 198 -0.3502369 -0.2430556
Moved 1737.388 245.5333 228.3556 -0.2649691 -0.06738646
Moved 1737.46 289.1684 252.301 -0.163962 0.0711865
Moved 1737.534 321 263.5 -0.09027779 0.1359952
Moved 1737.605 340.8786 270.9595 -0.04426241 0.1791642
Moved 1737.713 361.3663 277.6832 0.003162722 0.2180741
Moved 1737.786 371.5 280 0.02662033 0.2314817
Moved 1737.859 381.6715 282 0.05016546 0.2430556
Moved 1737.931 388.4625 283 0.06588528 0.2488426
Moved 1738 390.5 284 0.0706019 0.2546298
Ended 1738.067 391.1525 284 0.07211219 0.2546298
Began 1738.396 273 227 -0.2013889 -0.07523149
Stationary 1738.481 273 227 -0.2013889 -0.07523149
Moved 1738.551 289.207 227 -0.1638727 -0.07523149
Moved 1738.627 302.2375 236.6188 -0.1337095 -0.01956728
Moved 1738.694 311.6948 240.3474 -0.1118175 0.002010487
Moved 1738.766 343.0448 250.3483 -0.03924822 0.05988598
Moved 1738.838 381.8823 261.9664 0.05065351 0.1271202
Moved 1738.912 423.4594 272.6919 0.1468967 0.189189
Moved 1738.987 468.6497 291.0599 0.251504 0.2954854
Moved 1739.057 486.5 297.5 0.2928241 0.3327546
Moved 1739.128 493.0583 298 0.3080054 0.3356482
Moved 1739.199 497.2078 298 0.3176106 0.3356482
Moved 1739.267 500.2485 298 0.3246492 0.3356482
Moved 1739.336 501.1719 298 0.3267868 0.3356482
Stationary 1739.408 501 298 0.3263889 0.3356482
Moved 1739.474 482.6821 285.8411 0.2839864 0.2652841
Moved 1739.542 430.1647 268.1899 0.1624182 0.1631361
Moved 1739.609 396.5 257 0.08449078 0.09837963
Moved 1739.711 372.144 248.144 0.02811114 0.04712988
Moved 1739.783 363.3961 244 0.007861258 0.02314815
Moved 1739.853 357.5249 240.5249 -0.005729447 0.003037629
Moved 1739.929 349.3672 236.3672 -0.02461299 -0.02102322
Moved 1739.996 343.5 234 -0.03819446 -0.03472205
Moved 1740.063 341 231.5 -0.04398147 -0.04918982
Ended 1740.131 340 232 -0.04629632 -0.0462963
PhraseEnd 1741.137
