love means many things
Basic
0.4 0.4
288 217.6
Began 409.3794 512 278 0.5277778 -0.413603
Stationary 409.4213 512 278 0.5277778 -0.413603
Stationary 409.4521 512 278 0.5277778 -0.413603
Stationary 409.4814 512 278 0.5277778 -0.413603
Stationary 409.511 512 278 0.5277778 -0.413603
Stationary 409.5467 512 278 0.5277778 -0.413603
Moved 409.5792 502 287.4572 0.4930556 -0.3701417
Moved 409.6099 499.2278 296.0887 0.4834299 -0.3304748
Moved 409.6414 496.3726 306.5098 0.4735159 -0.2825837
Moved 409.6729 493.505 322.9598 0.4635593 -0.2069862
Moved 409.7043 493 337.9998 0.4618056 -0.1378685
Moved 409.7437 490.129 355.3551 0.4518367 -0.05811075
Moved 409.7764 485.6615 380.1848 0.4363247 0.05599612
Moved 409.8067 483.2185 391.3444 0.4278422 0.1072812
Moved 409.8361 481 400.7626 0.4201388 0.1505637
Moved 409.8645 479.9802 404.0397 0.4165978 0.1656236
Moved 409.8936 479 408.7957 0.4131945 0.1874801
Moved 409.9225 478 412.5 0.4097222 0.2045037
Moved 409.952 475.7316 417.5369 0.4018458 0.227651
Moved 409.9809 474.8553 420.1447 0.3988034 0.2396354
Moved 410.016 473.9824 422 0.3957722 0.2481619
Moved 410.0675 473 425.0167 0.3923612 0.2620252
Moved 410.0995 471.9181 426.0819 0.3886044 0.2669206
Moved 410.1304 470.9366 426 0.3851967 0.2665441
Moved 410.1638 470.2714 426 0.3828869 0.2665441
Moved 410.1955 467.4029 426 0.3729267 0.2665441
Moved 410.2279 462.0636 426 0.3543875 0.2665441
Moved 410.2625 454.0675 411.09 0.3266232 0.1980239
Moved 410.2953 440.8273 394.8273 0.2806503 0.1232872
Moved 410.3284 428.8694 378.4491 0.23913 0.04801975
Moved 410.3628 415.6983 359.9312 0.193397 -0.0370811
Moved 410.4156 403.034 344.051 0.1494238 -0.1100596
Moved 410.4471 397.2785 334.5571 0.1294394 -0.1536898
Moved 410.4777 392 327.5 0.1111111 -0.1861213
Moved 410.5084 386.5144 320.2717 0.09206399 -0.2193396
Moved 410.5392 382.8845 312.6536 0.07946014 -0.2543493
Moved 410.5706 379.0132 306.0264 0.0660181 -0.2848051
Moved 410.601 376.4451 300.8903 0.0571011 -0.3084086
Moved 410.6319 373.5732 296.1464 0.04712909 -0.3302098
Moved 410.6621 371.7126 291.4253 0.04066885 -0.3519059
Moved 410.6932 369.8418 287.6835 0.03417283 -0.3691014
Moved 410.743 368 283.8707 0.02777785 -0.3866238
Moved 410.7738 366.0001 282 0.02083376 -0.3952206
Moved 410.804 364.5 279.5 0.01562506 -0.4067094
Moved 410.8345 364 280 0.01388892 -0.4044116
Moved 410.8732 357.9363 280 -0.00716567 -0.4044116
Moved 410.9073 347.8221 297.2669 -0.04228458 -0.3250602
Moved 410.9388 338.7076 315.7796 -0.07393181 -0.2399833
Moved 410.9735 329.0801 338.8398 -0.1073608 -0.1340081
Moved 411.0096 319.4505 363.0989 -0.1407968 -0.02252327
Moved 411.0416 316.2122 373.1513 -0.1520411 0.02367342
Moved 411.0961 308.8176 391.3647 -0.1777166 0.1073748
Moved 411.1306 304.6056 405.1833 -0.1923418 0.1708794
Moved 411.1634 302.0384 410.9232 -0.2012556 0.1972575
Moved 411.1955 300 415.6616 -0.2083334 0.2190329
Moved 411.2274 297.3043 418.6957 -0.2176933 0.2329765
Moved 411.2614 295.823 422.354 -0.2228368 0.2497887
Moved 411.2936 295 425.1048 -0.2256945 0.2624302
Moved 411.326 293.0252 426.9748 -0.2325514 0.2710239
Moved 411.3579 293 428.403 -0.2326389 0.2775871
Moved 411.3932 292 430.3405 -0.2361111 0.2864913
Ended 411.4461 291 432 -0.2395833 0.2941177
Began 411.6871 453 228 0.3229167 -0.6433824
Stationary 411.7265 453 228 0.3229167 -0.6433824
Stationary 411.7585 453 228 0.3229167 -0.6433824
Stationary 411.7877 453 228 0.3229167 -0.6433824
Moved 411.8185 443.5474 250.9053 0.2900951 -0.5381192
Moved 411.8501 429.5272 273.9456 0.241414 -0.4322355
Moved 411.881 416.2111 297.4623 0.1951773 -0.3241623
Moved 411.9153 400.8404 329.0923 0.1418069 -0.1788037
Moved 411.9464 389.7891 349.4219 0.1034342 -0.08537728
Moved 411.9782 382.2271 361.0305 0.07717744 -0.03202888
Moved 412.0093 374.612 372.5173 0.05073623 0.02075967
Moved 412.041 367.9033 383.7957 0.02744183 0.07259047
Moved 412.0734 360.864 392.704 0.003000051 0.1135293
Moved 412.1052 355.1198 399.8802 -0.01694508 0.1465082
Moved 412.1377 349.0442 404.9779 -0.03804103 0.1699353
Moved 412.172 343.333 410.667 -0.05787164 0.1960799
Moved 412.2056 338.2927 414.7073 -0.07537246 0.2146474
Moved 412.2575 331.9424 419.0576 -0.09742239 0.2346399
Moved 412.2896 327.0638 421.9363 -0.1143619 0.2478689
Moved 412.3216 324.192 423.808 -0.1243333 0.2564705
Moved 412.3547 320.5 425.5 -0.1371527 0.2642463
Moved 412.3911 316.3455 426.6545 -0.1515783 0.2695522
Moved 412.4229 313.5 427 -0.1614583 0.2711398
Moved 412.4528 311.5 428 -0.1684028 0.2757353
Moved 412.4873 310 429 -0.1736111 0.280331
Moved 412.5324 306.789 429 -0.1847603 0.280331
Moved 412.5648 305.6276 429 -0.1887929 0.280331
Moved 412.6207 301.9213 429 -0.2016623 0.280331
Moved 412.6545 295.2239 419.2838 -0.2249169 0.235679
Moved 412.6852 288.1874 414.1249 -0.2493494 0.2119713
Moved 412.7173 280.6626 403.8835 -0.275477 0.1649061
Moved 412.7514 273.6972 396.0458 -0.2996624 0.1288871
Moved 412.785 268.9619 388.9619 -0.3161047 0.09633219
Moved 412.8214 262.5274 381.0549 -0.3384464 0.05999496
Moved 412.8558 259.6786 376.3573 -0.3483381 0.03840671
Moved 412.8885 256.8085 373.8085 -0.358304 0.02669349
Moved 412.922 255.2614 371.2614 -0.3636757 0.01498812
Moved 412.9761 255 370 -0.3645834 0.009191178
Stationary 413.0077 255 370 -0.3645834 0.009191178
Moved 413.0389 280.9453 368.3013 -0.2744954 0.001384791
Moved 413.071 304.0208 362.5655 -0.1943722 -0.02497463
Moved 413.1028 327.6727 351.6636 -0.1122475 -0.07507521
Moved 413.1352 343.7632 342.6184 -0.0563778 -0.1166434
Moved 413.1663 358.1003 334.9498 -0.006596148 -0.151885
Moved 413.1972 370.5801 327.21 0.03673658 -0.1874541
Moved 413.2314 378.5453 322.2274 0.06439329 -0.2103521
Moved 413.265 383.6171 318.6915 0.08200393 -0.2266016
Moved 413.3188 395.0158 311.9842 0.1215826 -0.2574256
Moved 413.3514 398.6586 309.3414 0.1342313 -0.2695706
Moved 413.3828 402.4041 306.5959 0.1472366 -0.2821881
Moved 413.4154 404 305 0.1527777 -0.2895219
Moved 413.4479 406 302.8632 0.1597223 -0.2993417
Moved 413.4807 408 302 0.1666667 -0.3033088
Moved 413.5179 410 300 0.1736111 -0.3125
Moved 413.5514 410 299 0.1736111 -0.3170955
Stationary 413.5844 410 299 0.1736111 -0.3170955
Moved 413.6162 401.2993 299 0.1434006 -0.3170955
Moved 413.6687 365.1278 327.9148 0.0178048 -0.184215
Moved 413.7062 350.276 338.724 -0.03376387 -0.1345405
Moved 413.7391 335.9365 349.2381 -0.08355387 -0.08622199
Moved 413.7737 328.1465 355.569 -0.1106023 -0.0571279
Moved 413.8059 316.236 362.5093 -0.1519585 -0.02523268
Moved 413.8394 308.6532 366.1156 -0.1782874 -0.008659924
Moved 413.8736 301.0338 369.9887 -0.2047437 0.009139426
Moved 413.9064 294.5 372.5 -0.2274306 0.02068015
Moved 413.9394 287.2727 376.3636 -0.2525252 0.03843588
Moved 413.9724 280.5391 380.2305 -0.275906 0.0562062
Moved 414.0245 273.3667 384 -0.3008102 0.07352956
Moved 414.0561 271 385.511 -0.3090279 0.08047322
Moved 414.0867 268.6174 387.3826 -0.3173007 0.08907459
Moved 414.1179 268 388.2491 -0.3194445 0.09305674
Moved 414.1499 266.7549 388 -0.3237679 0.09191184
Ended 414.1817 267 389 -0.3229167 0.0965075
Began 414.4262 459 266 0.34375 -0.4687501
Stationary 414.4704 459 266 0.34375 -0.4687501
Stationary 414.5169 459 266 0.34375 -0.4687501
Moved 414.5473 435.2278 276.2342 0.2612078 -0.4217179
Moved 414.5789 418.3427 286.3259 0.2025788 -0.3753407
Moved 414.6107 403.9984 293.601 0.1527724 -0.3419073
Moved 414.6429 391.997 300.4018 0.1111007 -0.3106534
Moved 414.6752 380.5724 305.6069 0.07143214 -0.2867332
Moved 414.71 367.6485 310.9406 0.02655715 -0.2622213
Moved 414.7418 355.6314 315.6843 -0.01516864 -0.2404216
Moved 414.7758 337.614 321.5544 -0.07772915 -0.2134449
Moved 414.8081 327.5652 324.145 -0.1126209 -0.2015396
Moved 414.8547 310.6614 326.4462 -0.1713146 -0.1909639
Moved 414.8872 299.0435 328.9891 -0.2116547 -0.1792777
Moved 414.9201 288.5559 331.722 -0.2480698 -0.1667187
Moved 414.9529 277.8077 334 -0.28539 -0.1562499
Moved 414.9846 268.2783 335 -0.318478 -0.1516544
Moved 415.0178 258.6584 335 -0.3518807 -0.1516544
Moved 415.0491 250.0267 336.9911 -0.3818517 -0.1425042
Moved 415.0807 244.2791 338 -0.4018088 -0.1378677
Moved 415.1146 239.1418 339.8582 -0.4196465 -0.1293281
Moved 415.1458 236.2717 340.7283 -0.429612 -0.1253296
Moved 415.1989 234.23 342 -0.4367014 -0.1194852
Moved 415.2321 234 343.1275 -0.4375001 -0.1143036
Moved 415.2655 233 344 -0.4409722 -0.1102941
Moved 415.2987 232 345.3046 -0.4444444 -0.1042986
Moved 415.3307 232 346 -0.4444444 -0.1011029
Moved 415.3679 253.94 346 -0.368264 -0.1011029
Moved 415.4054 282.8059 333.0582 -0.2680352 -0.1605779
Moved 415.4366 317.643 319.153 -0.147073 -0.2244805
Moved 415.4727 335.9213 312.3596 -0.08360669 -0.2557006
Moved 415.5098 349.7261 306.637 -0.03567323 -0.2819993
Moved 415.5648 369.1478 296.9261 0.03176332 -0.3266265
Moved 415.602 375.8827 295 0.05514816 -0.335478
Moved 415.6378 380.9571 293 0.07276774 -0.3446691
Moved 415.6704 382.8128 292 0.07921115 -0.3492646
Moved 415.7029 384.2415 292 0.08417174 -0.3492646
Moved 415.7357 386 291 0.09027779 -0.3538603
Moved 415.7712 387.0871 290 0.09405226 -0.3584559
Moved 415.8062 388 290 0.09722218 -0.3584559
Moved 415.839 389 289 0.1006945 -0.3630514
Stationary 415.87 389 289 0.1006945 -0.3630514
Moved 415.9226 390 289 0.1041667 -0.3630514
Moved 415.9545 379.2396 313.5208 0.06680414 -0.2503639
Moved 415.9852 369.5355 332.929 0.03310949 -0.161172
Moved 416.0163 359.942 356.8214 -0.0002015382 -0.0513722
Moved 416.0474 352.3167 372.3666 -0.02667822 0.02006727
Moved 416.0782 347.7992 386.4016 -0.04236378 0.08456603
Moved 416.1093 346.3863 394.8411 -0.04726969 0.1233506
Moved 416.1401 343.5197 403.441 -0.05722345 0.1628725
Moved 416.1733 341.6444 408.7112 -0.06373473 0.1870918
Moved 416.2064 341 414.3559 -0.06597222 0.2130326
Moved 416.2602 341 419.6438 -0.06597222 0.2373336
Moved 416.2931 341 423.5 -0.06597222 0.2550551
Moved 416.3304 341 427.4931 -0.06597222 0.2734058
Moved 416.3628 341 429 -0.06597222 0.280331
Moved 416.3957 341 431.114 -0.06597222 0.290046
Moved 416.4278 341 432.3091 -0.06597222 0.2955384
Moved 416.4611 341 433.0829 -0.06597222 0.2990942
Moved 416.5068 341 434.1179 -0.06597222 0.3038509
Ended 416.5395 341 434 -0.06597222 0.3033089
Began 416.7689 305 448 -0.1909722 0.3676471
Stationary 416.807 305 448 -0.1909722 0.3676471
Stationary 416.8372 305 448 -0.1909722 0.3676471
Stationary 416.8676 305 448 -0.1909722 0.3676471
Stationary 416.8979 305 448 -0.1909722 0.3676471
Stationary 416.9279 305 448 -0.1909722 0.3676471
Moved 416.9605 323.8192 432.1808 -0.125628 0.2949488
Moved 416.9937 332.6221 424.3779 -0.09506205 0.2590895
Moved 417.0262 341.132 415.1573 -0.06551392 0.2167158
Moved 417.0593 349.7589 405.2411 -0.03555931 0.1711448
Moved 417.0991 360.5 394.5 0.001736134 0.1217832
Moved 417.1309 370.6758 382.9053 0.03706858 0.06849879
Moved 417.165 378.8727 374.1273 0.06553025 0.0281585
Moved 417.2 385.3203 364.5195 0.0879179 -0.01599508
Moved 417.2329 388.481 360.038 0.09889246 -0.03659024
Moved 417.2653 393.5 354.5 0.1163195 -0.06204031
Moved 417.2996 397.8333 349.1667 0.1313658 -0.08655016
Moved 417.3332 399.284 347.716 0.1364027 -0.0932169
Moved 417.3662 400.3734 346.6266 0.1401855 -0.09822341
Moved 417.4015 401 344.875 0.1423611 -0.106273
Moved 417.4531 403.0209 345 0.1493782 -0.1056985
Moved 417.4843 405.3722 345 0.1575422 -0.1056985
Moved 417.5202 407.251 355.0083 0.1640661 -0.05970437
Moved 417.5532 411.7079 363.4158 0.1795414 -0.02106695
Moved 417.5974 419.1093 384.4371 0.2052405 0.07553831
Moved 417.6301 424.9836 401.9591 0.2256377 0.1560622
Moved 417.6676 430.8793 419.6379 0.2461088 0.2373068
Moved 417.7017 434.8119 431.2476 0.2597634 0.2906601
Moved 417.7359 437.681 439.043 0.2697256 0.3264843
Moved 417.7697 438 442.5 0.2708334 0.3423713
Moved 417.8239 439 447.5 0.2743055 0.3653494
Moved 417.8578 439 448.2492 0.2743055 0.3687924
Stationary 417.8897 439 448.2492 0.2743055 0.3687924
Stationary 417.9232 439 448.2492 0.2743055 0.3687924
Stationary 417.9552 439 448 0.2743055 0.3676471
Moved 417.9868 439 427.4419 0.2743055 0.2731706
Moved 418.0228 432.7763 397.7763 0.2526956 0.1368397
Moved 418.0556 428.2432 378.7023 0.2369556 0.04918337
Moved 418.0888 424.3755 359.2529 0.2235261 -0.04019822
Moved 418.1237 421.8076 343.8457 0.2146098 -0.1110032
Moved 418.1757 417.0909 323.2726 0.1982322 -0.2055485
Moved 418.2103 415.5 317 0.1927084 -0.2343749
Moved 418.2428 414.6641 310.3282 0.1898059 -0.2650357
Moved 418.279 414 305.6005 0.1875 -0.2867625
Moved 418.3099 413 300.856 0.1840278 -0.3085664
Moved 418.3426 412 298.4233 0.1805556 -0.319746
Moved 418.3752 411 294.1179 0.1770833 -0.3395315
Moved 418.4082 410 291.2465 0.1736111 -0.3527277
Moved 418.4415 410 290 0.1736111 -0.3584559
Moved 418.474 409 287.9172 0.1701389 -0.3680273
Moved 418.5271 407.6276 286.6276 0.1653737 -0.373954
Moved 418.56 402.1792 286 0.1464556 -0.3768383
Moved 418.5948 395.1429 286 0.122024 -0.3768383
Moved 418.632 385.3909 295.2181 0.08816303 -0.3344755
Moved 418.6664 376.8649 300.3513 0.05855874 -0.3108854
Moved 418.7004 364.9167 309.0555 0.01707181 -0.2708843
Moved 418.7344 359.2061 313.8969 -0.002756566 -0.2486355
Moved 418.7693 353 321.5 -0.02430558 -0.2136947
Moved 418.8036 348.4088 325.5912 -0.04024707 -0.1948933
Moved 418.8374 344.4053 333.7842 -0.05414837 -0.1572417
Moved 418.8918 340.6103 341.7794 -0.06732531 -0.1204993
Moved 418.928 339.5982 346.8036 -0.07083967 -0.09740956
Moved 418.9597 339 351.7022 -0.07291667 -0.07489794
Moved 418.9923 339 355.1811 -0.07291667 -0.05891043
Moved 419.0251 339 357.0568 -0.07291667 -0.05029033
Moved 419.0584 338 358.9788 -0.07638887 -0.04145777
Moved 419.0915 338 360.374 -0.07638887 -0.03504613
Moved 419.1238 338 361.1077 -0.07638887 -0.03167405
Moved 419.1562 336.9229 361 -0.08012875 -0.03216912
Moved 419.1873 337 362.0355 -0.07986113 -0.02741056
Moved 419.2422 334.8341 362 -0.0873816 -0.02757339
Moved 419.2806 332.5871 363 -0.0951837 -0.02297794
Moved 419.3143 327.5 364.5 -0.1128472 -0.01608456
Moved 419.3478 320.499 365.2505 -0.1371562 -0.01263562
Moved 419.3814 312.7709 365 -0.16399 -0.01378677
Moved 419.4159 306.0316 366 -0.1873903 -0.009191178
Moved 419.4486 300.2985 366 -0.2072969 -0.009191178
Moved 419.4825 295.6523 366 -0.2234297 -0.009191178
Moved 419.5163 289.3409 367 -0.245344 -0.004595448
Moved 419.555 286.8491 367 -0.2539961 -0.004595448
Moved 419.6101 282.5 368.5 -0.2690972 0.002297794
Moved 419.641 279.5 368 -0.2795139 0
Moved 419.672 277.6881 368 -0.2858053 0
Moved 419.7034 276.626 369.374 -0.2894929 0.006314306
Moved 419.7412 275.6881 369 -0.2927496 0.004595589
Moved 419.7717 274.8365 369 -0.2957065 0.004595589
Moved 419.8028 273.8852 369 -0.2990098 0.004595589
Stationary 419.8334 273.8852 369 -0.2990098 0.004595589
Moved 419.8646 272.8508 370.1492 -0.3026014 0.009876981
Stationary 419.9028 272.8508 370.1492 -0.3026014 0.009876981
Moved 419.9568 271.8983 370 -0.3059088 0.009191178
Ended 419.9881 272 370 -0.3055556 0.009191178
PhraseEnd 421.3847
