the quick brown fox jumps over the lazy dog
Basic
0.4 0.4
288 217.6
Began 352.4716 364 415 0.01388892 0.2159927
Stationary 352.5273 364 415 0.01388892 0.2159927
Stationary 352.557 364 415 0.01388892 0.2159927
Stationary 352.583 364 415 0.01388892 0.2159927
Stationary 352.6117 364 415 0.01388892 0.2159927
Stationary 352.6395 364 415 0.01388892 0.2159927
Stationary 352.6661 364 415 0.01388892 0.2159927
Moved 352.6926 364 397.6655 0.01388892 0.1363306
Moved 352.7245 376.0382 388.9236 0.05568818 0.09615654
Moved 352.7646 384.6527 375.0209 0.08559973 0.03226533
Moved 352.7935 388.4043 368.5957 0.09862602 0.002737606
Moved 352.8231 390.7378 362.7867 0.1067284 -0.02395784
Moved 352.8539 394.6071 356.7857 0.1201637 -0.05153628
Moved 352.8832 398.9597 350.0403 0.1352766 -0.08253505
Moved 352.9126 399.912 346.176 0.1385833 -0.1002943
Moved 352.9409 402 341.1493 0.1458333 -0.1233948
Moved 352.9697 405.2964 337.7036 0.1572792 -0.13923
Moved 352.999 406 334.8293 0.1597223 -0.1524387
Moved 353.0457 408.1368 333 0.1671416 -0.1608456
Moved 353.0736 408 331.625 0.1666667 -0.1671645
Moved 353.1036 409.2487 330.7513 0.1710025 -0.1711798
Moved 353.1332 409 329.752 0.1701389 -0.175772
Stationary 353.1671 409 330 0.1701389 -0.1746322
Moved 353.1957 397.5681 338.0079 0.1304446 -0.1378315
Moved 353.2234 384.9481 349.0519 0.08662537 -0.08707763
Moved 353.2513 372.0989 358.3209 0.04201025 -0.04448134
Moved 353.278 364.9193 365.0807 0.0170809 -0.01341596
Moved 353.3073 348.674 380.326 -0.03932633 0.05664532
Moved 353.3522 327.9737 402.821 -0.1112024 0.1600233
Moved 353.3794 320.0524 413.4214 -0.1387071 0.2087382
Moved 353.4068 311.1872 422.8129 -0.169489 0.2518975
Moved 353.4363 305.8533 428.1467 -0.1880093 0.2764094
Moved 353.4638 298.2747 437.7253 -0.2143238 0.3204288
Moved 353.4919 290.7592 446.2408 -0.2404196 0.3595627
Moved 353.5223 286.7174 453.5652 -0.2544536 0.3932227
Moved 353.5508 282.8431 458.3137 -0.2679058 0.4150447
Moved 353.5778 280.2305 460.7695 -0.2769774 0.4263307
Stationary 353.6052 280 461 -0.2777778 0.4273897
Moved 353.6483 278 463.4448 -0.2847222 0.4386251
Moved 353.6751 276.5 464 -0.2899306 0.4411766
Moved 353.703 277 465 -0.2881944 0.4457721
Ended 353.732 277 465 -0.2881944 0.4457721
Began 353.9804 200 418 -0.5555556 0.2297794
Stationary 354.0202 200 418 -0.5555556 0.2297794
Stationary 354.049 200 418 -0.5555556 0.2297794
Moved 354.0766 217.3558 418 -0.4952923 0.2297794
Moved 354.1057 237.7085 427.3796 -0.4246234 0.2728845
Moved 354.1346 258.7278 430 -0.3516398 0.2849265
Moved 354.1613 274.8681 432.9736 -0.2955968 0.2985922
Moved 354.1906 283.4493 434.4082 -0.2658011 0.3051847
Moved 354.2193 297.5857 434.9408 -0.2167164 0.3076324
Moved 354.2474 308.2642 436 -0.1796382 0.3125
Moved 354.2762 318.7622 436 -0.1431868 0.3125
Moved 354.3172 333.1547 436 -0.09321287 0.3125
Moved 354.3469 344.9988 436 -0.0520876 0.3125
Moved 354.3739 349.7959 436 -0.03543079 0.3125
Moved 354.4022 358.4118 436 -0.005514473 0.3125
Moved 354.4301 363.5231 436 0.01223296 0.3125
Moved 354.4585 367.227 436 0.02509385 0.3125
Moved 354.485 372.1993 436 0.04235864 0.3125
Moved 354.5211 375.9737 436 0.05546406 0.3125
Moved 354.5497 379.9774 436 0.0693661 0.3125
Moved 354.5774 383.3579 436 0.0811039 0.3125
Moved 354.6233 394.002 436 0.1180625 0.3125
Moved 354.6561 400.4911 436 0.1405941 0.3125
Moved 354.684 406.2297 436 0.1605199 0.3125
Moved 354.7127 407.5 436 0.1649305 0.3125
Moved 354.7408 410.4149 436 0.1750516 0.3125
Moved 354.7691 412.9541 436 0.1838686 0.3125
Moved 354.7977 414.8228 436 0.1903568 0.3125
Moved 354.826 416.6941 431.1411 0.1968546 0.2901706
Moved 354.8557 418.2811 429 0.2023651 0.280331
Moved 354.8841 421.0675 429 0.2120401 0.280331
Moved 354.9315 426.3504 428 0.2303833 0.2757353
Moved 354.9631 428.221 427 0.2368785 0.2711398
Moved 354.9928 429 424.2352 0.2395834 0.258434
Moved 355.0202 429 422.8051 0.2395834 0.2518615
Moved 355.0491 429 411.6713 0.2395834 0.2006951
Moved 355.0779 409.3765 395.3765 0.1714462 0.1258112
Moved 355.1076 396.2673 381.2673 0.1259281 0.06097107
Moved 355.1378 382.6855 367.6855 0.07876918 -0.001445097
Moved 355.1685 372.3986 355.1981 0.04305065 -0.05883203
Moved 355.1989 364.5261 347.5261 0.01571551 -0.0940898
Moved 355.2468 353.8606 335.7909 -0.02131738 -0.1480197
Moved 355.2776 349.1136 332.0568 -0.03780007 -0.1651801
Moved 355.3078 345.5 327 -0.05034723 -0.1884191
Moved 355.3376 342.6459 324.6459 -0.06025724 -0.1992376
Moved 355.3674 338.7809 321.7809 -0.07367746 -0.2124039
Moved 355.3971 335.9068 318.9067 -0.08365706 -0.2256124
Moved 355.4286 333.4039 316.4039 -0.0923475 -0.2371143
Moved 355.4568 330.5286 313.5286 -0.1023313 -0.2503283
Moved 355.489 325.3087 308.3087 -0.1204558 -0.2743166
Moved 355.5175 322.7848 305.7847 -0.1292196 -0.2859158
Moved 355.566 317.8092 300.8093 -0.1464957 -0.3087811
Moved 355.5963 314.9416 297.9416 -0.1564528 -0.3219596
Moved 355.6258 313.0662 295.0662 -0.1629646 -0.3351739
Moved 355.6531 313 295 -0.1631945 -0.335478
Stationary 355.683 313 295 -0.1631945 -0.335478
Moved 355.7119 325.9856 301.1108 -0.1181056 -0.3073951
Moved 355.7395 370.4028 323.0148 0.03612087 -0.2067333
Moved 355.7722 395.3689 337.7822 0.1228085 -0.1388685
Moved 355.8012 410.2744 346.2058 0.174564 -0.100157
Moved 355.8294 418.8716 351.9358 0.2044152 -0.07382435
Moved 355.8735 425.901 356.901 0.228823 -0.05100629
Moved 355.8998 428.7838 358.7838 0.2388328 -0.0423538
Moved 355.9262 430.1988 360.1988 0.2437458 -0.03585115
Moved 355.9525 432.0368 361.0368 0.2501278 -0.03199998
Moved 355.9785 433.4185 362.4185 0.2549253 -0.02565019
Moved 356.0046 434.0024 362 0.2569526 -0.02757339
Moved 356.0304 435.5 363 0.2621529 -0.02297794
Moved 356.0559 436.2487 364.2487 0.2647525 -0.01723921
Stationary 356.0821 436.2487 364.2487 0.2647525 -0.01723921
Moved 356.108 437 365.5 0.2673611 -0.01148897
Moved 356.1519 438 366.0011 0.2708334 -0.009186128
Stationary 356.1777 438 366.0011 0.2708334 -0.009186128
Stationary 356.2025 438 366.0011 0.2708334 -0.009186128
Moved 356.2274 439.0801 366 0.2745835 -0.009191178
Moved 356.2531 439 367.3713 0.2743055 -0.002889213
Stationary 356.2787 439 367.3713 0.2743055 -0.002889213
Moved 356.3047 440.1172 367 0.2781846 -0.004595448
Stationary 356.3315 440.1172 367 0.2781846 -0.004595448
Stationary 356.3569 440 367 0.2777778 -0.004595448
Ended 356.3822 440 367 0.2777778 -0.004595448
Began 356.6301 384 263 0.08333341 -0.4825368
Stationary 356.6635 384 263 0.08333341 -0.4825368
Stationary 356.6903 384 263 0.08333341 -0.4825368
Stationary 356.7166 384 263 0.08333341 -0.4825368
Stationary 356.7432 384 263 0.08333341 -0.4825368
Stationary 356.7712 384 263 0.08333341 -0.4825368
Moved 356.7995 384 274.2359 0.08333341 -0.4309011
Moved 356.8305 384 279.9839 0.08333341 -0.4044856
Moved 356.8601 384 287.9933 0.08333341 -0.3676775
Moved 356.8943 384 298.4838 0.08333341 -0.3194679
Moved 356.9236 384 308.9527 0.08333341 -0.271357
Moved 356.9532 375.781 320.0475 0.05479514 -0.2203699
Moved 356.9831 371.6921 332.7697 0.04059762 -0.1619039
Moved 357.0139 364.9302 349.1163 0.01711875 -0.08678156
Moved 357.0417 357.3165 366.2614 -0.009317623 -0.007989828
Moved 357.0734 350.5 381 -0.03298611 0.05974266
Moved 357.1034 345.4294 396.712 -0.0505925 0.1319484
Moved 357.1494 336.833 413.334 -0.08044109 0.2083367
Moved 357.1758 334.9846 418.0463 -0.08685917 0.2299925
Moved 357.2025 330.8367 426.3266 -0.1012614 0.2680451
Moved 357.2296 326.1112 436.7776 -0.1176696 0.3160739
Moved 357.2561 323.6765 443.9706 -0.1261234 0.3491295
Moved 357.2821 322.2394 445.5211 -0.1311131 0.3562553
Moved 357.3109 320.7803 448.2197 -0.1361795 0.3686567
Moved 357.3381 320 450.5 -0.1388889 0.3791361
Moved 357.3659 317.9616 453.0384 -0.1459666 0.3908015
Moved 357.3922 317.0945 454 -0.1489775 0.3952207
Moved 357.4352 317 455.5 -0.1493056 0.402114
Moved 357.4615 317 457.2761 -0.1493056 0.4102763
Moved 357.4877 317 458 -0.1493056 0.4136029
Stationary 357.5145 317 458 -0.1493056 0.4136029
Moved 357.5405 345.5972 458 -0.05000964 0.4136029
Moved 357.5683 369.0291 458 0.03135085 0.4136029
Moved 357.5947 390.1586 448.2404 0.1047173 0.3687521
Moved 357.6208 400.1497 446.6929 0.1394087 0.3616402
Moved 357.6498 414.1828 442.3268 0.1881348 0.3415757
Moved 357.6859 432.5903 439 0.2520497 0.3262869
Moved 357.7353 441.899 435.5505 0.2843716 0.3104342
Moved 357.7712 446.0129 434.9871 0.2986558 0.3078452
Moved 357.8004 449.8845 434.1155 0.312099 0.3038396
Moved 357.8296 451.7534 434 0.3185883 0.3033089
Moved 357.8572 453.1242 434 0.323348 0.3033089
Moved 357.8842 454.0534 432.9466 0.3265744 0.2984678
Stationary 357.9101 454.0534 432.9466 0.3265744 0.2984678
Stationary 357.9362 454.0534 432.9466 0.3265744 0.2984678
Moved 357.963 455 432 0.329861 0.2941177
Stationary 357.9894 455 432 0.329861 0.2941177
Moved 358.0335 447.5358 430 0.3039438 0.2849265
Moved 358.0615 423.523 428 0.2205661 0.2757353
Moved 358.0916 397.8386 427 0.1313841 0.2711398
Moved 358.1225 369.2895 427 0.03225521 0.2711398
Moved 358.1514 345.2052 427 -0.05137094 0.2711398
Moved 358.1811 326.5 427 -0.1163194 0.2711398
Moved 358.2121 313.8134 427 -0.1603703 0.2711398
Moved 358.2404 303.6775 435.1075 -0.1955642 0.3083985
Moved 358.2767 296.0407 436 -0.2220809 0.3125
Moved 358.3062 289.9099 437 -0.2433685 0.3170957
Moved 358.3548 280.3045 438.8478 -0.2767206 0.3255872
Moved 358.3844 275.5634 439.7183 -0.2931826 0.3295876
Moved 358.4126 270.8076 440 -0.309696 0.3308824
Moved 358.4407 264.7493 440 -0.3307316 0.3308824
Moved 358.4697 260.0108 441 -0.3471846 0.3354779
Moved 358.5033 258 441.8606 -0.3541667 0.3394329
Moved 358.532 257 442 -0.3576389 0.3400736
Moved 358.5598 255.5 443.5 -0.3628472 0.3469669
Moved 358.5873 256 443 -0.3611111 0.3446691
Stationary 358.616 256 443 -0.3611111 0.3446691
Moved 358.6635 290 405.5 -0.2430555 0.1723345
Moved 358.692 307.2845 382.954 -0.1830399 0.06872234
Moved 358.7206 320.044 363.434 -0.1387362 -0.02098322
Moved 358.7496 331.1491 348.0637 -0.1001768 -0.09161922
Moved 358.7778 339.9551 337.0449 -0.0696002 -0.1422571
Moved 358.8055 343.164 333.836 -0.0584583 -0.1570037
Moved 358.8339 347.9536 328.0464 -0.04182786 -0.1836101
Moved 358.8634 352.0486 323.4756 -0.02760887 -0.2046156
Moved 358.8928 355.3964 319.6036 -0.01598477 -0.2224096
Moved 358.9246 360.2693 313.4614 0.0009350479 -0.2506368
Moved 358.9719 366.1836 305.4492 0.02147079 -0.2874577
Moved 359.0009 370.11 300.89 0.03510431 -0.30841
Moved 359.0314 374.9807 294.0192 0.05201653 -0.3399851
Moved 359.0597 379.8701 287.2598 0.06899342 -0.3710489
Moved 359.0899 383.3589 282.2823 0.08110717 -0.3939233
Moved 359.1186 386.2316 279.7684 0.09108201 -0.4054763
Moved 359.1476 388.1023 276.8977 0.09757742 -0.4186687
Moved 359.177 389 276.2608 0.1006945 -0.4215956
Moved 359.21 390.5308 275 0.1060097 -0.4273897
Ended 359.2365 391 275 0.1076388 -0.4273897
Began 359.4602 347 377 -0.0451389 0.0413603
Stationary 359.5155 347 377 -0.0451389 0.0413603
Stationary 359.5418 347 377 -0.0451389 0.0413603
Stationary 359.5674 347 377 -0.0451389 0.0413603
Stationary 359.5933 347 377 -0.0451389 0.0413603
Stationary 359.6191 347 377 -0.0451389 0.0413603
Stationary 359.6452 347 377 -0.0451389 0.0413603
Stationary 359.6735 347 377 -0.0451389 0.0413603
Stationary 359.7012 347 377 -0.0451389 0.0413603
Stationary 359.7282 347 377 -0.0451389 0.0413603
Stationary 359.7556 347 377 -0.0451389 0.0413603
Moved 359.7923 364.7979 377 0.0166592 0.0413603
Moved 359.8207 379.9223 389.4611 0.06917462 0.09862662
Moved 359.8504 397.1204 397.0602 0.1288903 0.1335486
Moved 359.8788 415.1469 404.4587 0.1914822 0.1675494
Moved 359.9133 428.257 410.6285 0.2370034 0.1959029
Moved 359.9436 438.2086 414.6043 0.2715577 0.2141742
Moved 359.9746 446.363 418.9087 0.2998716 0.2339554
Moved 360.0056 450.3299 420.3299 0.3136453 0.2404867
Moved 360.041 456.3141 422 0.3344241 0.2481619
Moved 360.0725 459.1754 424.1754 0.344359 0.2581592
Moved 360.1176 462 425.4415 0.3541667 0.2639776
Moved 360.1481 463.4169 425 0.3590866 0.2619486
Moved 360.179 464.3729 425 0.362406 0.2619486
Stationary 360.205 464.3729 425 0.362406 0.2619486
Stationary 360.232 464 425 0.3611112 0.2619486
Moved 360.2586 458.9909 418.5598 0.3437184 0.2323519
Moved 360.2863 439.1378 397.724 0.274784 0.1365993
Moved 360.3138 424.8502 382.8352 0.2251743 0.0681765
Moved 360.3426 403.7855 361.7855 0.152033 -0.02855918
Moved 360.3698 386.1039 345.1039 0.0906387 -0.1052207
Moved 360.415 365.1285 328.8464 0.01780749 -0.1799335
Moved 360.4426 355.6122 321.8061 -0.0152354 -0.2122882
Moved 360.4702 345.6064 315.8032 -0.04997782 -0.2398748
Moved 360.4981 341.5 313 -0.06423608 -0.2527574
Moved 360.5254 331.804 308.2027 -0.09790272 -0.2748038
Moved 360.5532 324.4525 303.4525 -0.1234288 -0.2966335
Moved 360.5799 318.3615 300.3615 -0.1445783 -0.3108389
Moved 360.6067 315.4944 298.7472 -0.1545332 -0.3182574
Moved 360.638 308.7595 293.7595 -0.1779184 -0.3411786
Moved 360.6646 303.0145 291.0072 -0.1978664 -0.3538272
Moved 360.7085 297.0577 287.0577 -0.2185496 -0.3719773
Moved 360.7357 293.3727 285.1863 -0.2313449 -0.3805775
Moved 360.7634 290.3169 283.3169 -0.2419552 -0.3891687
Moved 360.7906 288.8804 283 -0.2469431 -0.390625
Moved 360.8185 287.3135 282 -0.2523838 -0.3952206
Moved 360.8467 286 281 -0.2569445 -0.3998162
Moved 360.877 284.5 281 -0.2621528 -0.3998162
Moved 360.9081 285 281 -0.2604167 -0.3998162
Moved 360.9377 284 280 -0.2638889 -0.4044116
Stationary 360.9648 284 280 -0.2638889 -0.4044116
Stationary 361.0089 284 280 -0.2638889 -0.4044116
Ended 361.0361 284 280 -0.2638889 -0.4044116
Began 361.2894 383 376 0.07986113 0.03676457
Stationary 361.3276 383 376 0.07986113 0.03676457
Stationary 361.3529 383 376 0.07986113 0.03676457
Stationary 361.3794 383 376 0.07986113 0.03676457
Stationary 361.4166 383 376 0.07986113 0.03676457
Stationary 361.4581 383 376 0.07986113 0.03676457
Stationary 361.4863 383 376 0.07986113 0.03676457
Moved 361.5268 383 392.003 0.07986113 0.1103079
Moved 361.5543 383 402.6383 0.07986113 0.1591835
Moved 361.5815 383 412.6108 0.07986113 0.2050129
Moved 361.609 383 422.098 0.07986113 0.248612
Moved 361.636 383 426.2509 0.07986113 0.2676972
Moved 361.6718 383 438.4214 0.07986113 0.3236279
Moved 361.6983 383 441.286 0.07986113 0.3367923
Moved 361.725 383 447.0286 0.07986113 0.3631828
Moved 361.7516 383 451.5549 0.07986113 0.3839838
Moved 361.7781 383 455 0.07986113 0.3998162
Moved 361.8083 383 455.861 0.07986113 0.4037731
Moved 361.8374 383 457.2959 0.07986113 0.4103673
Moved 361.8675 383 459.5 0.07986113 0.4204964
Moved 361.897 383 460.332 0.07986113 0.42432
Moved 361.9258 383 461.1791 0.07986113 0.4282128
Stationary 361.9912 383 461 0.07986113 0.4273897
Stationary 362.022 383 461 0.07986113 0.4273897
Moved 362.0534 383 439.2831 0.07986113 0.3275881
Moved 362.0833 399.5856 415.5359 0.1374501 0.2184554
Moved 362.1128 407 393 0.1631944 0.1148897
Moved 362.1428 415.1427 368.191 0.1914677 0.0008778012
Moved 362.1716 419.2473 350.5164 0.2057196 -0.08034721
Moved 362.2024 423.6462 334.2384 0.2209936 -0.1551544
Moved 362.2334 427.6823 319.271 0.2350079 -0.2239383
Moved 362.2633 429 309 0.2395834 -0.2711396
Moved 362.3094 433.5 296.5 0.2552083 -0.3285844
Moved 362.3376 436.3962 291.2076 0.2652645 -0.3529061
Moved 362.3655 437 287.722 0.2673611 -0.3689244
Moved 362.393 437.6925 286.3075 0.2697657 -0.3754251
Moved 362.4209 438 283.8051 0.2708334 -0.386925
Moved 362.4497 439 281.9321 0.2743055 -0.3955324
Moved 362.4784 439.9321 281 0.2775419 -0.3998162
Stationary 362.511 440 281 0.2777778 -0.3998162
Moved 362.5401 441.3569 280 0.2824894 -0.4044116
Moved 362.5698 444.2382 293.1909 0.2924937 -0.3437918
Moved 362.6175 454.5 328.5 0.3281251 -0.1815258
Moved 362.6474 460.0386 361.4633 0.3473562 -0.0300399
Moved 362.677 463.9114 392.0258 0.3608036 0.1104129
Moved 362.7044 467 413.6484 0.3715278 0.2097812
Moved 362.7327 469.2609 431.5652 0.3793781 0.2921194
Moved 362.7599 470 438.0955 0.3819445 0.32213
Moved 362.7874 470.6426 445.2853 0.3841758 0.3551713
Moved 362.8157 471 450.5153 0.3854166 0.3792062
Moved 362.8437 471 453.0369 0.3854166 0.3907945
Moved 362.8718 471 454.4843 0.3854166 0.397446
Moved 362.9164 471 456.3729 0.3854166 0.4061254
Moved 362.9436 471 457.1116 0.3854166 0.4095202
Stationary 362.9729 471 457 0.3854166 0.4090075
Stationary 363.0002 471 457 0.3854166 0.4090075
Stationary 363.0335 471 457 0.3854166 0.4090075
Stationary 363.0611 471 457 0.3854166 0.4090075
Moved 363.0907 452.36 442.688 0.3206945 0.3432353
Moved 363.1216 436.0522 432.4313 0.2640703 0.2960999
Moved 363.1542 414.5455 417.7403 0.1893941 0.2285859
Moved 363.1843 397.7467 408.6652 0.1310651 0.1868807
Moved 363.2339 371.4726 394.2363 0.03983557 0.1205714
Moved 363.2628 356.9763 387.4882 -0.01049913 0.0895597
Moved 363.2932 344.739 381.2434 -0.05298942 0.06086126
Moved 363.3219 331.2157 375.6078 -0.0999456 0.0349624
Moved 363.3516 320.7357 370.934 -0.1363342 0.01348327
Moved 363.3794 313.1922 367.064 -0.1625272 -0.004301352
Moved 363.4075 310.9504 365.9752 -0.170311 -0.009305057
Moved 363.4374 306.1935 363.0967 -0.1868282 -0.02253336
Moved 363.4686 302.2269 361.2269 -0.2006012 -0.03112639
Moved 363.5041 296.2115 359 -0.2214879 -0.04136016
Moved 363.5512 290.9916 357 -0.2396126 -0.05055147
Moved 363.5787 287.2283 355.1141 -0.2526794 -0.05921813
Moved 363.6112 284.5 353.5 -0.2621528 -0.06663603
Moved 363.6411 280.7037 352.7037 -0.2753343 -0.0702952
Moved 363.6697 279.2716 353 -0.2803069 -0.06893383
Moved 363.6978 277 352.4012 -0.2881944 -0.07168546
Moved 363.7251 275.9666 352 -0.2917827 -0.07352942
Moved 363.7523 274.7663 352 -0.2959504 -0.07352942
Moved 363.7803 273.8591 352 -0.2991002 -0.07352942
Stationary 363.8077 274 352 -0.2986111 -0.07352942
Ended 363.8514 274 352 -0.2986111 -0.07352942
Began 364.1089 476 428 0.4027778 0.2757353
Stationary 364.1446 476 428 0.4027778 0.2757353
Stationary 364.1712 476 428 0.4027778 0.2757353
Stationary 364.2062 476 428 0.4027778 0.2757353
Stationary 364.2327 476 428 0.4027778 0.2757353
Moved 364.2603 463.876 411.5013 0.3606805 0.199914
Moved 364.2891 455.2461 396.9948 0.3307158 0.1332483
Moved 364.3163 450.2828 388.2449 0.3134821 0.09303746
Moved 364.3466 442.5112 374.1854 0.2864972 0.02842553
Moved 364.3763 431.8281 354.5702 0.249403 -0.06171774
Moved 364.4058 424.0723 343.1084 0.2224731 -0.1143916
Moved 364.4352 418.3405 334.3405 0.2025712 -0.1546851
Moved 364.4637 414.333 327.9996 0.1886564 -0.1838254
Moved 364.5033 406.3606 318.7211 0.1609741 -0.2264654
Moved 364.5329 403.8625 315.8625 0.1523004 -0.2396023
Moved 364.5616 397.5859 310.5859 0.1305068 -0.2638514
Moved 364.5908 393.0277 305.0277 0.1146795 -0.2893947
Moved 364.6195 388.2909 301.2909 0.09823234 -0.3065676
Moved 364.6523 382.5492 296.7746 0.07829592 -0.3273227
Moved 364.6806 377.5067 292.5067 0.0607872 -0.3469361
Moved 364.7091 371.7764 287.7764 0.04089013 -0.3686747
Moved 364.7396 367.0238 283.0238 0.02438814 -0.3905156
Moved 364.7695 363.6493 280.6493 0.0126712 -0.4014278
Moved 364.8152 358.6568 277.6568 -0.004663914 -0.4151802
Moved 364.8435 357.5 278 -0.008680523 -0.413603
Moved 364.8702 356.6702 276.6702 -0.01156196 -0.4197143
Moved 364.9039 354.8571 277 -0.01785748 -0.4181986
Moved 364.9331 353.6271 277 -0.02212808 -0.4181986
Moved 364.9613 351.0712 277 -0.03100269 -0.4181986
Moved 364.9943 346.4021 287.1958 -0.04721493 -0.3713427
Moved 365.0262 335.7718 310.1992 -0.08412585 -0.2656286
Moved 365.0583 329.7714 328.9143 -0.1049604 -0.1796218
Moved 365.0941 324.0339 346.4152 -0.1248822 -0.0991949
Moved 365.1502 313.2137 377.3588 -0.1624524 0.04300931
Moved 365.1888 308.2403 391.0387 -0.1797211 0.1058764
Moved 365.22 304 401 -0.1944444 0.1516544
Moved 365.2491 303 406.2933 -0.1979167 0.1759804
Moved 365.2776 301 411.0444 -0.2048611 0.1978145
Moved 365.3054 299 415.7807 -0.2118056 0.2195805
Moved 365.3338 298 418.355 -0.2152778 0.2314108
Moved 365.3627 296.1083 419.8917 -0.2218462 0.2384731
Moved 365.3908 295 422.764 -0.2256945 0.251673
Moved 365.4183 294 425.6345 -0.2291667 0.2648643
Moved 365.4637 292 429.6104 -0.2361111 0.2831361
Moved 365.4924 291 431.4811 -0.2395833 0.2917332
Moved 365.5203 289.6491 433.351 -0.2442741 0.300326
Moved 365.5522 290 434.5 -0.2430555 0.3056067
Moved 365.5796 290 435.5 -0.2430555 0.3102022
Stationary 365.6065 290 435.5 -0.2430555 0.3102022
Moved 365.6338 290 436 -0.2430555 0.3125
Moved 365.6618 290 438 -0.2430555 0.3216912
Moved 365.6914 300.0996 439 -0.2079876 0.3262869
Moved 365.7214 304.6219 441 -0.1922849 0.3354779
Moved 365.772 312 442 -0.1666667 0.3400736
Moved 365.8 314.1356 442 -0.1592515 0.3400736
Moved 365.8277 316.0042 442 -0.1527631 0.3400736
Moved 365.8563 317.4367 442 -0.1477893 0.3400736
Moved 365.8852 318.1026 442 -0.1454772 0.3400736
Moved 365.9134 319.3244 442 -0.1412346 0.3400736
Ended 365.9417 319.3244 442 -0.1412346 0.3400736
Began 366.1607 353 452 -0.02430558 0.3860295
Stationary 366.1914 353 452 -0.02430558 0.3860295
Stationary 366.219 353 452 -0.02430558 0.3860295
Moved 366.2466 362.9399 428.6503 0.01020789 0.2787237
Moved 366.2772 372.3881 407.2238 0.04301429 0.1802562
Moved 366.309 380.5101 387.9798 0.07121563 0.09181907
Moved 366.3392 387.0792 373.8416 0.09402499 0.02684565
Moved 366.3681 390.6624 364.0127 0.1064669 -0.01832415
Moved 366.3964 393.4116 355.7653 0.1160124 -0.0562257
Moved 366.4235 394.8385 353.3229 0.1209672 -0.06744975
Moved 366.4587 397 347.8559 0.1284722 -0.09257402
Moved 366.4879 397.6927 346.3073 0.1308773 -0.09969067
Moved 366.5232 398 344.8736 0.1319444 -0.1062796
Moved 366.5515 399 342.5638 0.1354167 -0.116894
Stationary 366.5788 399 342.5638 0.1354167 -0.116894
Moved 366.6059 399 341.6271 0.1354167 -0.1211988
Moved 366.6345 399 341 0.1354167 -0.1240809
Stationary 366.6626 399 341 0.1354167 -0.1240809
Stationary 366.6891 399 341 0.1354167 -0.1240809
Moved 366.7165 384.5041 341 0.08508369 -0.1240809
Moved 366.7607 362.0172 361.7045 0.007004142 -0.02893154
Moved 366.788 347.4955 372.2036 -0.04341834 0.01931794
Moved 366.8148 333.7157 383.4036 -0.09126492 0.07078831
Moved 366.8418 321.8661 393.1339 -0.1324093 0.1155053
Moved 366.8907 308.9632 404.0368 -0.1772111 0.1656103
Moved 366.9266 304 409 -0.1944444 0.1884193
Moved 366.956 299.2344 413.7656 -0.2109916 0.2103197
Moved 366.9851 293.2203 419.7797 -0.2318739 0.237958
Moved 367.0163 288.7412 424.1294 -0.2474265 0.2579477
Moved 367.0446 284.6481 429.3519 -0.2616385 0.281948
Moved 367.093 280.0235 434.9765 -0.2776961 0.3077964
Moved 367.1265 279 437.8476 -0.2812501 0.3209908
Moved 367.1562 278 439.2668 -0.2847222 0.3275128
Moved 367.1869 277 440.5 -0.2881944 0.3331802
Moved 367.221 275.5 441 -0.2934028 0.3354779
Ended 367.2501 276 442.5 -0.2916667 0.3423713
Began 367.4156 480 363 0.4166667 -0.02297794
Stationary 367.4558 480 363 0.4166667 -0.02297794
Stationary 367.4848 480 363 0.4166667 -0.02297794
Stationary 367.5124 480 363 0.4166667 -0.02297794
Moved 367.5475 457.3444 354.0344 0.3380014 -0.06418005
Moved 367.5767 429.6294 353 0.2417687 -0.06893383
Moved 367.6057 405.9786 353 0.1596481 -0.06893383
Moved 367.6349 387.5 353 0.09548604 -0.06893383
Moved 367.6647 369.3611 353 0.03250361 -0.06893383
Moved 367.6946 354.1774 353 -0.02021723 -0.06893383
Moved 367.7245 340.8222 353 -0.06658964 -0.06893383
Moved 367.7545 331.8471 362.0176 -0.09775311 -0.02749275
Moved 367.785 320.9973 360 -0.1354261 -0.03676471
Moved 367.8187 311.6369 360 -0.1679273 -0.03676471
Moved 367.8611 298.8564 360 -0.2123042 -0.03676471
Moved 367.8919 289.1863 360 -0.2458809 -0.03676471
Moved 367.9214 279.7457 360 -0.2786609 -0.03676471
Moved 367.9512 270.9582 360 -0.309173 -0.03676471
Moved 367.979 267.4359 360 -0.3214032 -0.03676471
Moved 368.0072 260.6347 360 -0.3450183 -0.03676471
Moved 368.0428 254.0186 360 -0.3679909 -0.03676471
Moved 368.0712 252.5786 360 -0.3729909 -0.03676471
Moved 368.0991 251.0535 360 -0.3782866 -0.03676471
Moved 368.1267 249.6271 360 -0.3832392 -0.03676471
Moved 368.1727 248.8134 360 -0.3860645 -0.03676471
Moved 368.2056 249 355.0269 -0.3854167 -0.05961882
Moved 368.2347 247.5159 344.0636 -0.3905698 -0.1100019
Moved 368.2646 248 331.5547 -0.3888889 -0.1674877
Moved 368.2955 248 322.3132 -0.3888889 -0.2099579
Moved 368.325 248 313.6716 -0.3888889 -0.2496708
Moved 368.3554 248 307.3555 -0.3888889 -0.278697
Moved 368.3862 248 303.4828 -0.3888889 -0.2964943
Moved 368.4183 248 300 -0.3888889 -0.3125
Moved 368.4486 248 298.0932 -0.3888889 -0.321263
Moved 368.4949 248 296.6276 -0.3888889 -0.3279981
Stationary 368.5249 248 297 -0.3888889 -0.3262866
Moved 368.5549 256.9454 301.5394 -0.3578284 -0.3054257
Moved 368.5895 271 317 -0.3090279 -0.2343749
Moved 368.6196 289.2945 339.0593 -0.2455053 -0.1329997
Moved 368.6515 303.5855 357.5026 -0.1958837 -0.04824148
Moved 368.6844 314.8937 375.4512 -0.1566191 0.03424252
Moved 368.7138 323.9495 390.8989 -0.1251755 0.1052341
Moved 368.7437 331 404 -0.1006945 0.1654413
Moved 368.7727 337.0441 412.0662 -0.07970788 0.2025103
Moved 368.8192 346.6575 427.9863 -0.04632816 0.2756722
Moved 368.8473 351.3929 435.3929 -0.02988562 0.3097103
Moved 368.8755 353.7438 439.4877 -0.02172277 0.328528
Moved 368.9034 355.6129 441.6129 -0.01523316 0.3382944
Moved 368.9356 356 444.4897 -0.01388892 0.3515151
Moved 368.9632 357.5 445.5 -0.008680523 0.356158
Moved 368.9922 358 446.434 -0.006944462 0.3604501
Moved 369.02 358 447 -0.006944462 0.3630516
Moved 369.0485 359.5 448 -0.001736134 0.3676471
Ended 369.0784 359 448 -0.003472194 0.3676471
Began 369.3103 299 333 -0.2118056 -0.1608456
Stationary 369.3457 299 333 -0.2118056 -0.1608456
Stationary 369.3758 299 333 -0.2118056 -0.1608456
Stationary 369.4031 299 333 -0.2118056 -0.1608456
Stationary 369.4326 299 333 -0.2118056 -0.1608456
Moved 369.4655 311.9296 349.9296 -0.1669111 -0.08304428
Moved 369.4956 320.568 358.568 -0.1369168 -0.04334548
Moved 369.5255 331.1805 366.1354 -0.1000679 -0.008569045
Moved 369.556 341.1828 373.6371 -0.06533743 0.025906
Moved 369.5842 353.6488 380.8244 -0.02205275 0.05893568
Moved 369.6124 363.8559 390.8558 0.0133884 0.105036
Moved 369.6413 368.1622 395.1622 0.02834097 0.1248265
Moved 369.6711 377.1191 401.8394 0.05944133 0.1555119
Moved 369.7012 386.4208 408.2805 0.09173886 0.1851127
Moved 369.7318 395.0356 414.0118 0.1216513 0.2114515
Moved 369.7633 402.5 420 0.1475695 0.2389706
Moved 369.7971 415.4641 428.6428 0.1925838 0.2786892
Moved 369.8464 424.2386 435.1193 0.2230507 0.3084528
Moved 369.8756 429.3836 439.3835 0.2409151 0.3280494
Moved 369.9058 435.5 444.5 0.2621529 0.3515626
Moved 369.9401 437.4348 446.4348 0.2688708 0.3604538
Moved 369.9689 440.3028 448.3027 0.278829 0.3690383
Moved 369.9973 441.3038 448 0.2823049 0.3676471
Moved 370.0251 442.2705 449 0.2856614 0.3722427
Moved 370.0535 444.1434 449 0.2921645 0.3722427
Moved 370.084 446.0089 450 0.2986421 0.3768383
Moved 370.1126 448.5 450 0.3072916 0.3768383
Moved 370.1725 450 450 0.3125 0.3768383
Stationary 370.2097 450 450 0.3125 0.3768383
Stationary 370.2397 450 450 0.3125 0.3768383
Stationary 370.2697 450 450 0.3125 0.3768383
Moved 370.3053 437.361 440.1913 0.2686146 0.3317617
Moved 370.335 417.8156 429.9078 0.2007486 0.2845027
Moved 370.3643 408.2353 424.6176 0.1674837 0.2601913
Moved 370.3951 389.334 415.3337 0.1018542 0.2175264
Moved 370.4239 372 404 0.04166663 0.1654413
Moved 370.4535 359.5831 395.6873 -0.001447648 0.1272396
Moved 370.5045 340.5174 383.3449 -0.06764807 0.07051903
Moved 370.5357 335.4385 379.7192 -0.085283 0.05385694
Moved 370.5665 330.4893 375.7447 -0.1024675 0.03559155
Moved 370.598 326.7724 373.8862 -0.1153736 0.02705055
Moved 370.6287 325.0124 372.0124 -0.1214849 0.01843943
Moved 370.659 324 372 -0.125 0.0183825
Moved 370.6886 323 371 -0.1284722 0.01378677
Moved 370.7182 322 370 -0.1319444 0.009191178
Moved 370.7481 321 370 -0.1354167 0.009191178
Stationary 370.7766 321 370 -0.1354167 0.009191178
Ended 370.8279 321 370 -0.1354167 0.009191178
PhraseEnd 373.2402
