if at first you do not succeed
Basic
0.6 0.6
432 326.4
Began 1187.76 544 500 0.4259259 0.4044118
Stationary 1187.835 544 500 0.4259259 0.4044118
Moved 1187.9 519.9316 492.8804 0.3702121 0.3825994
Moved 1187.966 489.2723 484.5089 0.2992414 0.3569513
Moved 1188.029 456.3478 475.8913 0.2230274 0.3305493
Moved 1188.091 426.8015 464.3206 0.154633 0.2950999
Moved 1188.152 392.497 450.499 0.07522444 0.2527542
Moved 1188.213 361.3804 437.5522 0.003195405 0.2130888
Moved 1188.277 324.8162 421.4081 -0.08144408 0.1636277
Moved 1188.338 304.3315 410.7772 -0.1288622 0.1310576
Moved 1188.399 289.0796 405 -0.1641675 0.1133579
Moved 1188.46 278.2832 401 -0.1891592 0.1011029
Moved 1188.537 270.9067 398 -0.2062345 0.09191177
Moved 1188.597 266.9824 396 -0.2153186 0.08578432
Moved 1188.658 263 394 -0.2245371 0.07965691
Moved 1188.721 259.7104 393 -0.2321517 0.0765931
Moved 1188.787 259 392 -0.2337963 0.07352946
Moved 1188.852 258 392 -0.2361111 0.07352946
Moved 1188.917 257 392 -0.2384259 0.07352946
Stationary 1188.979 257 392 -0.2384259 0.07352946
Ended 1189.042 257 392 -0.2384259 0.07352946
Began 1189.62 138 386 -0.513889 0.05514706
Stationary 1189.694 138 386 -0.513889 0.05514706
Moved 1189.759 153.9888 398.1933 -0.4768778 0.09250398
Moved 1189.826 188.7465 427.6221 -0.3964201 0.1826657
Moved 1189.89 216.5 452 -0.3321759 0.257353
Moved 1189.951 235.7578 467.7578 -0.2875976 0.3056305
Moved 1190.013 250.2639 478.632 -0.2540187 0.338946
Moved 1190.076 260.1008 485 -0.2312481 0.3584559
Moved 1190.137 266.798 489.798 -0.2157454 0.3731556
Moved 1190.205 273.3917 493.1959 -0.2004821 0.3835659
Moved 1190.268 280.7295 497.3647 -0.1834966 0.396338
Moved 1190.331 285.7286 501 -0.1719246 0.4074755
Moved 1190.392 289 503.4549 -0.1643519 0.4149966
Moved 1190.454 291.2148 504.2148 -0.159225 0.417325
Ended 1190.514 291 504 -0.1597222 0.4166667
Began 1190.918 268 345 -0.212963 -0.07046569
Stationary 1190.984 268 345 -0.212963 -0.07046569
Moved 1191.043 292.8416 358.9321 -0.1554591 -0.02778147
Moved 1191.117 345.2369 380.3092 -0.03417388 0.03771212
Moved 1191.188 387.1038 399.0519 0.06274015 0.09513449
Moved 1191.254 413 413.5 0.1226852 0.1393995
Moved 1191.319 444.3005 436.1379 0.19514 0.208756
Moved 1191.384 473.8669 461.9001 0.2635807 0.2876842
Moved 1191.449 482.5 469.5 0.2835648 0.3109682
Moved 1191.513 486.1044 473.1044 0.2919084 0.3220112
Moved 1191.578 486 474.2485 0.2916667 0.3255162
Moved 1191.641 486 475 0.2916667 0.3278186
Moved 1191.709 453.6785 477 0.2168482 0.3339461
Moved 1191.778 431.5532 477 0.1656325 0.3339461
Moved 1191.841 410.1273 477 0.1160353 0.3339461
Moved 1191.903 382.2519 468.0504 0.05150894 0.3065268
Moved 1191.968 354.7295 464.2432 -0.01220018 0.2948627
Moved 1192.031 340.7437 463 -0.04457479 0.291054
Moved 1192.129 326.2424 462.2424 -0.07814258 0.2887329
Moved 1192.192 319.8537 460.8537 -0.09293124 0.2844782
Moved 1192.256 314.3262 460 -0.1057264 0.2818628
Moved 1192.318 310.5 459 -0.1145833 0.2787991
Moved 1192.383 302.862 451.7239 -0.1322639 0.2565072
Moved 1192.448 287.239 431.4779 -0.1684284 0.1944789
Moved 1192.512 270.0323 408.0323 -0.2082586 0.122648
Moved 1192.574 260.0448 392.0671 -0.2313778 0.07373516
Moved 1192.636 252.2245 381.2245 -0.2494802 0.04051648
Moved 1192.701 249.1749 376.1749 -0.2565397 0.02504555
Moved 1192.8 248 374 -0.2592593 0.01838245
Moved 1192.872 279.1095 398.4063 -0.1872466 0.0931566
Moved 1192.937 318.3477 435.4172 -0.09641737 0.206548
Moved 1192.999 339.2481 457.4361 -0.04803672 0.2740077
Moved 1193.061 353.3306 472.3306 -0.0154385 0.3196402
Moved 1193.128 360.896 479.8961 0.002074142 0.3428188
Moved 1193.191 364.1482 483.1482 0.009602309 0.3527825
Ended 1193.256 365 483 0.01157403 0.3523284
Began 1193.479 345 470 -0.03472224 0.3125
Stationary 1193.549 345 470 -0.03472224 0.3125
Moved 1193.629 395.9973 470 0.083327 0.3125
Moved 1193.694 436.0741 470 0.1760973 0.3125
Moved 1193.759 474.8114 470 0.2657671 0.3125
Moved 1193.823 496.6501 470 0.3163198 0.3125
Moved 1193.896 523.6766 470 0.3788811 0.3125
Moved 1193.96 533.5682 470 0.4017783 0.3125
Moved 1194.024 538.0262 470 0.4120978 0.3125
Moved 1194.086 539 470 0.4143518 0.3125
Moved 1194.15 524.6693 470 0.3811788 0.3125
Moved 1194.212 481.1221 470 0.2803752 0.3125
Moved 1194.298 441.9192 477.8162 0.1896277 0.3364466
Moved 1194.364 418.5 479.5 0.1354167 0.3416054
Moved 1194.429 403.664 480 0.101074 0.3431373
Moved 1194.5 399.7694 481 0.09205878 0.3462009
Ended 1194.56 398 481 0.08796295 0.3462009
Began 1194.869 258 328 -0.2361111 -0.122549
Stationary 1194.935 258 328 -0.2361111 -0.122549
Moved 1195 290.254 357.1693 -0.161449 -0.03318226
Moved 1195.069 325.637 378.0913 -0.07954409 0.03091709
Moved 1195.133 368.627 402.9297 0.01996984 0.107015
Moved 1195.198 407.1969 423.1575 0.109252 0.1689876
Moved 1195.263 443.7126 449.1417 0.1937792 0.248596
Moved 1195.329 468.5706 467.4279 0.2513207 0.3046198
Moved 1195.402 483.3064 479.3064 0.2854314 0.3410123
Moved 1195.466 488.5 483 0.2974537 0.3523284
Ended 1195.542 489.5 484 0.2997685 0.3553922
Began 1195.816 345 261 -0.03472224 -0.3278186
Stationary 1195.888 345 261 -0.03472224 -0.3278186
Moved 1195.949 350.8868 277.0458 -0.02109527 -0.2786586
Moved 1196.014 376.0516 316.086 0.03715654 -0.1590502
Moved 1196.077 396.2797 349.1328 0.08398066 -0.05780398
Moved 1196.143 417.4598 378.6131 0.1330089 0.03251562
Moved 1196.208 440 408 0.1851852 0.122549
Moved 1196.273 471.7525 448.103 0.2586864 0.2454137
Moved 1196.336 489.1825 467.2737 0.2990335 0.3041475
Moved 1196.401 500.9112 477.4556 0.3261834 0.3353421
Moved 1196.465 505 483.188 0.3356481 0.3529046
Moved 1196.528 507.2002 484 0.3407412 0.3553922
Moved 1196.588 507 485.0178 0.3402778 0.3585105
Stationary 1196.649 507 485 0.3402778 0.3584559
Moved 1196.712 483.5771 486 0.2860581 0.3615196
Moved 1196.774 448.0597 486 0.2038419 0.3615196
Moved 1196.865 395.6405 486 0.08250118 0.3615196
Moved 1196.927 368.5 479 0.01967589 0.3400736
Moved 1196.988 348.1029 477 -0.02753948 0.3339461
Moved 1197.049 334.67 475 -0.05863428 0.3278186
Moved 1197.115 328.5 475 -0.07291664 0.3278186
Ended 1197.177 326 475 -0.07870371 0.3278186
Began 1197.727 248 331 -0.2592593 -0.1133578
Stationary 1197.794 248 331 -0.2592593 -0.1133578
Moved 1197.858 248 338.1997 -0.2592593 -0.09129992
Moved 1197.923 271.4549 363.8187 -0.2049655 -0.01281046
Moved 1197.99 297.0826 386.312 -0.145642 0.05610307
Moved 1198.056 325.5 404.5 -0.07986113 0.111826
Moved 1198.121 359.6289 423.9774 -0.0008589526 0.1714993
Moved 1198.186 385.0366 438.5183 0.05795509 0.2160488
Moved 1198.252 404.4835 450.989 0.102971 0.2542555
Moved 1198.316 413.8915 457.8915 0.124749 0.275403
Moved 1198.382 421.5 463.5 0.1423611 0.2925858
Moved 1198.445 424.1408 465.1408 0.1484741 0.2976128
Moved 1198.516 425 465 0.150463 0.2971814
Moved 1198.602 404.4263 418.8525 0.1028386 0.1557982
Moved 1198.664 367.9327 363.4923 0.0183628 -0.01381023
Moved 1198.732 348.5 339.5 -0.02662038 -0.08731619
Moved 1198.802 336.5844 325.5844 -0.05420287 -0.1299499
Moved 1198.868 329.189 317.3781 -0.07132168 -0.1550918
Moved 1198.934 322.0184 310.0184 -0.08792038 -0.1776396
Moved 1198.999 316.6538 303.6538 -0.1003384 -0.1971391
Moved 1199.062 312.1868 298.1868 -0.1106788 -0.2138886
Moved 1199.13 306.5073 292.5073 -0.1238256 -0.2312888
Moved 1199.194 299.6968 284.6968 -0.1395907 -0.2552182
Moved 1199.292 297 283 -0.1458333 -0.2604167
Moved 1199.358 294.5 282 -0.1516204 -0.2634804
Moved 1199.421 293.8161 281 -0.1532034 -0.2665441
Moved 1199.484 293 280 -0.1550926 -0.2696078
Stationary 1199.546 293 280 -0.1550926 -0.2696078
Moved 1199.609 293 294.5 -0.1550926 -0.2251838
Moved 1199.673 301.1774 334.1774 -0.1361634 -0.1036231
Moved 1199.739 304.526 366.6818 -0.1284121 -0.00403853
Moved 1199.816 311.1938 406.7753 -0.1129773 0.118797
Moved 1199.883 315.5 431 -0.1030092 0.1930147
Moved 1199.981 319 454.0418 -0.09490739 0.2636086
Moved 1200.05 320 458.5 -0.09259259 0.2772671
Moved 1200.113 320 460.5 -0.09259259 0.2833946
Moved 1200.18 320 462.3724 -0.09259259 0.289131
Moved 1200.243 320 463.1401 -0.09259259 0.2914833
Moved 1200.31 320 464.1181 -0.09259259 0.2944795
Moved 1200.374 320 465.0894 -0.09259259 0.2974551
Stationary 1200.442 320 465.0894 -0.09259259 0.2974551
Stationary 1200.504 320 465.0894 -0.09259259 0.2974551
Stationary 1200.568 320 465 -0.09259259 0.2971814
Moved 1200.666 300.8779 414.6947 -0.1368568 0.1430598
Moved 1200.736 290.0823 387.2469 -0.1618464 0.05896732
Moved 1200.803 285.3534 370.7068 -0.1727931 0.008292853
Moved 1200.866 282.9721 361.9442 -0.1783054 -0.01855345
Moved 1200.935 282 354.8046 -0.1805555 -0.040427
Moved 1200.997 281 352.6849 -0.1828704 -0.04692115
Ended 1201.057 281 351 -0.1828704 -0.05208343
PhraseEnd 1202.478
