do not say anything
Basic
0.6 0.6
432 326.4
Began 1260.782 320 370 -0.09259259 0.006127451
Stationary 1260.855 320 370 -0.09259259 0.006127451
Stationary 1260.918 320 370 -0.09259259 0.006127451
Stationary 1260.98 320 370 -0.09259259 0.006127451
Moved 1261.044 332.1764 379.1323 -0.06440659 0.03410629
Moved 1261.109 366.4104 399.1368 0.01483897 0.09539479
Moved 1261.175 402.9572 417.4786 0.09943783 0.1515887
Moved 1261.243 444.7249 438.8624 0.1961223 0.217103
Moved 1261.311 470.0855 456.0641 0.2548276 0.2698044
Moved 1261.376 485.9207 466.4604 0.2914832 0.3016556
Moved 1261.441 494.1861 472.1861 0.310616 0.3191976
Moved 1261.504 498.5 475 0.3206019 0.3278186
Ended 1261.565 500 476 0.324074 0.3308824
Began 1261.997 402 260 0.09722222 -0.3308824
Stationary 1262.071 402 260 0.09722222 -0.3308824
Moved 1262.138 414.4022 296.6052 0.1259311 -0.2187342
Moved 1262.208 434.4104 336.8208 0.1722463 -0.09552451
Moved 1262.278 446.3109 361.9326 0.1997937 -0.0185888
Moved 1262.343 462.25 390.5001 0.2366898 0.06893406
Moved 1262.408 479.7466 423.5777 0.2771912 0.1702748
Moved 1262.473 491.3167 448.9502 0.3039739 0.2480092
Moved 1262.536 499.1132 464.1697 0.3220212 0.2946377
Moved 1262.599 501 469.4145 0.3263889 0.3107062
Moved 1262.663 503.3568 472.3568 0.3318443 0.3197205
Moved 1262.741 503 474.0272 0.3310186 0.3248383
Moved 1262.81 452.6961 474 0.2145743 0.324755
Moved 1262.875 411.5 474 0.119213 0.324755
Moved 1262.94 384.1794 476 0.05597075 0.3308824
Moved 1263.008 370.4402 479 0.024167 0.3400736
Moved 1263.072 363.4928 480 0.008085271 0.3431373
Moved 1263.142 360 481 0 0.3462009
Ended 1263.214 359 481 -0.002314796 0.3462009
Began 1263.739 243 346 -0.2708333 -0.06740196
Stationary 1263.81 243 346 -0.2708333 -0.06740196
Stationary 1263.879 243 346 -0.2708333 -0.06740196
Moved 1263.947 210.4404 346 -0.3462028 -0.06740196
Moved 1264.016 193.173 355.2756 -0.3861736 -0.03898387
Moved 1264.085 181.8005 359.0997 -0.4124989 -0.02726798
Moved 1264.152 171.1568 362 -0.4371371 -0.01838226
Moved 1264.225 163.3661 364 -0.4551712 -0.01225481
Moved 1264.293 162 369.7518 -0.4583334 0.00536713
Moved 1264.36 222.2151 416.3754 -0.3189467 0.148209
Moved 1264.43 285.2302 448.3245 -0.1730783 0.2460923
Moved 1264.497 325.6006 464.6402 -0.07962833 0.2960791
Moved 1264.562 352.5148 472.1716 -0.01732692 0.3191531
Moved 1264.627 365.3664 476 0.0124222 0.3308824
Moved 1264.716 377.1622 480.1622 0.03972729 0.3436341
Ended 1264.782 381 480 0.04861106 0.3431373
Began 1265.135 156 419 -0.4722222 0.1562501
Stationary 1265.211 156 419 -0.4722222 0.1562501
Moved 1265.281 179.2112 408.1155 -0.4184926 0.122903
Moved 1265.357 208 383 -0.3518518 0.04595589
Moved 1265.424 239.0158 363.7905 -0.280056 -0.01289667
Moved 1265.494 266.8391 341.8292 -0.2156503 -0.08018008
Moved 1265.566 317.9305 316.0298 -0.09738316 -0.1592225
Moved 1265.636 352.5244 295.8567 -0.01730467 -0.2210272
Moved 1265.706 382.9756 281.6097 0.05318423 -0.264676
Moved 1265.775 397.8563 275.0718 0.08763025 -0.2847064
Moved 1265.853 408.0984 271 0.111339 -0.2971814
Moved 1265.919 411.4945 270 0.1192003 -0.3002451
Moved 1265.983 414.3024 269 0.1257 -0.3033088
Moved 1266.048 415 269 0.1273148 -0.3033088
Moved 1266.112 386.6573 335.5597 0.0617066 -0.0993882
Moved 1266.176 369.7068 402.0522 0.02246946 0.1043267
Moved 1266.242 366 431.2628 0.01388888 0.1938199
Moved 1266.307 366 449.1884 0.01388888 0.2487389
Moved 1266.371 366 457.7994 0.01388888 0.2751209
Moved 1266.434 366 463.5277 0.01388888 0.2926707
Moved 1266.532 366 469.1985 0.01388888 0.3100445
Moved 1266.597 366 471.2747 0.01388888 0.3164055
Moved 1266.661 363.6466 474.3533 0.008441309 0.3258374
Moved 1266.734 355.8097 478 -0.009699861 0.3370098
Moved 1266.802 350.326 482 -0.02239341 0.3492648
Moved 1266.872 345.5 484.5 -0.03356482 0.3569241
Moved 1266.941 345 484 -0.03472224 0.3553922
Moved 1267.007 355.4352 455.478 -0.01056671 0.2680087
Moved 1267.076 367.0186 426.9628 0.01624683 0.1806458
Moved 1267.143 380.1808 402.6384 0.04671484 0.1061224
Moved 1267.245 395 383.1412 0.08101851 0.04638869
Moved 1267.318 399.9768 380 0.09253879 0.0367648
Moved 1267.382 403.1629 379 0.09991418 0.03370108
Moved 1267.448 418.1989 405.3978 0.1347197 0.1145767
Moved 1267.513 437.8108 450.5271 0.1801177 0.2528404
Moved 1267.578 445 473.3996 0.1967593 0.3229154
Moved 1267.645 448 480.5 0.2037037 0.3446691
Moved 1267.711 449 481 0.2060185 0.3462009
Moved 1267.774 452 438.0098 0.2129629 0.2144907
Moved 1267.837 445 346.093 0.1967593 -0.06711717
Moved 1267.933 442 296.087 0.1898148 -0.2203218
Moved 1267.999 442 283.0822 0.1898148 -0.260165
Moved 1268.066 442 275.2682 0.1898148 -0.2841046
Moved 1268.135 442 268.9275 0.1898148 -0.3035309
Moved 1268.206 442 264 0.1898148 -0.3186274
Moved 1268.275 409.8506 281.6121 0.1153949 -0.2646689
Moved 1268.346 380.8956 313.5073 0.04836947 -0.1669506
Moved 1268.414 362.9665 344.0671 0.006866852 -0.07332381
Moved 1268.481 351.864 365.408 -0.01883328 -0.007941302
Moved 1268.547 347 376.7295 -0.0300926 0.02674486
Ended 1268.654 345 383 -0.03472224 0.04595589
PhraseEnd 1269.967
