never too rich and never too thin
Basic
0.4 0.4
288 217.6
Began 392.282 427 210 0.2326389 -0.726103
Stationary 392.3233 427 210 0.2326389 -0.726103
Stationary 392.3578 427 210 0.2326389 -0.726103
Stationary 392.3862 427 210 0.2326389 -0.726103
Stationary 392.4158 427 210 0.2326389 -0.726103
Moved 392.4475 427 229.2034 0.2326389 -0.6378522
Moved 392.4791 427 238.2732 0.2326389 -0.596171
Moved 392.5092 427 246.9276 0.2326389 -0.5563989
Moved 392.5411 427 256.4343 0.2326389 -0.5127098
Moved 392.5714 427 267.4096 0.2326389 -0.4622721
Moved 392.6028 427 277.1874 0.2326389 -0.4173374
Moved 392.6365 419.0993 288.5146 0.205206 -0.365282
Moved 392.6806 410.1727 304.2409 0.1742108 -0.2930104
Moved 392.7117 403.4292 312.8561 0.1507959 -0.2534185
Moved 392.7418 396.36 323.4601 0.1262498 -0.204687
Moved 392.7716 389.6173 331.7654 0.1028378 -0.166519
Moved 392.8018 382.3237 340.6763 0.07751271 -0.1255682
Moved 392.836 375.7229 348.2771 0.05459354 -0.09063834
Moved 392.8666 370.185 353.8766 0.03536463 -0.06490511
Moved 392.8973 362.6074 361.3926 0.009053499 -0.03036485
Moved 392.9298 354.6701 368.3299 -0.01850657 0.001516062
Moved 392.9627 348.6874 373.3126 -0.03927976 0.02441449
Moved 393.013 336.1671 384.9164 -0.08275315 0.07774109
Moved 393.0524 331.3787 389.6213 -0.09937964 0.09936291
Moved 393.0866 327.6751 393.6497 -0.1122391 0.1178756
Moved 393.1178 323.803 397.197 -0.1256839 0.1341773
Moved 393.1486 320.9347 401.0652 -0.1356433 0.1519543
Moved 393.1812 318.2868 403.7132 -0.1448376 0.1641231
Moved 393.2113 315.5033 406.4967 -0.1545025 0.1769151
Moved 393.2437 312.1986 410.8014 -0.165977 0.1966977
Moved 393.2787 310.6642 412.3359 -0.171305 0.2037495
Moved 393.312 307.7992 415.2007 -0.1812527 0.2169151
Moved 393.3647 305.5 418 -0.1892361 0.2297794
Moved 393.3954 304.5 420.5 -0.1927083 0.2412683
Moved 393.4323 303.8185 421.1815 -0.1950746 0.2444001
Moved 393.4628 302.8174 422.1826 -0.1985508 0.2490011
Moved 393.4927 301.8136 422 -0.2020362 0.2481619
Moved 393.5236 301.4141 422 -0.2034233 0.2481619
Moved 393.554 300.5 422 -0.2065972 0.2481619
Moved 393.5863 301 403.3055 -0.2048611 0.1622495
Moved 393.618 310.7718 385.7988 -0.1709314 0.08179616
Moved 393.65 316.709 366.0372 -0.1503161 -0.009020077
Moved 393.701 324.9764 343.0472 -0.1216098 -0.1146725
Moved 393.7339 329.6813 332.2748 -0.1052734 -0.164178
Moved 393.7647 333.4455 324.1091 -0.09220324 -0.2017045
Moved 393.7955 336.3138 316.3724 -0.08224368 -0.2372592
Moved 393.8253 339.1789 309.6422 -0.07229552 -0.2681882
Moved 393.8565 341 305.5651 -0.06597222 -0.2869251
Moved 393.8867 343 301.4067 -0.05902775 -0.3060351
Moved 393.925 344.8978 297.1022 -0.05243808 -0.3258173
Moved 393.9577 345 295.6678 -0.05208336 -0.3324091
Moved 393.9888 346 293.739 -0.04861109 -0.3412728
Moved 394.0408 347.136 293 -0.04466683 -0.3446691
Moved 394.075 347 292 -0.0451389 -0.3492646
Stationary 394.1058 347 292 -0.0451389 -0.3492646
Stationary 394.1343 347 292 -0.0451389 -0.3492646
Stationary 394.1626 347 292 -0.0451389 -0.3492646
Moved 394.1922 347 301.7826 -0.0451389 -0.3043078
Moved 394.2228 336.7867 307.3199 -0.08060157 -0.2788608
Moved 394.2552 331.0471 316.9293 -0.1005308 -0.2347001
Moved 394.2868 323.0519 332.2468 -0.128292 -0.1643069
Moved 394.3192 314.7682 346.6424 -0.1570549 -0.09815077
Moved 394.3725 300.5644 374.8713 -0.2063738 0.0315777
Moved 394.4034 295.6325 386.4188 -0.2234983 0.08464506
Moved 394.4343 291.4489 397.6534 -0.2380248 0.1362749
Moved 394.4655 288.5957 404.8087 -0.2479317 0.1691574
Moved 394.4972 285.7106 413.8683 -0.2579494 0.2107918
Moved 394.5272 284.2148 418.5704 -0.263143 0.2324006
Moved 394.5589 283 422 -0.2673611 0.2481619
Moved 394.5905 283 424.5 -0.2673611 0.2596508
Moved 394.6223 281.946 426 -0.2710207 0.2665441
Moved 394.6523 282 428.5 -0.2708333 0.278033
Moved 394.7056 282 430.66 -0.2708333 0.2879595
Moved 394.7376 282 432.1923 -0.2708333 0.2950014
Moved 394.7669 282 433.3729 -0.2708333 0.3004269
Moved 394.7981 282 434 -0.2708333 0.3033089
Moved 394.8285 294 436.5 -0.2291667 0.3147979
Moved 394.8582 294.7798 437 -0.2264588 0.3170957
Moved 394.8877 302.3915 438.7972 -0.2000294 0.3253547
Moved 394.9218 313.215 439 -0.1624481 0.3262869
Moved 394.9543 319.2766 440 -0.1414006 0.3308824
Moved 394.9864 324 440 -0.125 0.3308824
Moved 395.0406 327.8046 440 -0.1117895 0.3308824
Moved 395.0716 329.2287 440 -0.1068448 0.3308824
Ended 395.1032 330 440 -0.1041666 0.3308824
Began 395.497 331 424 -0.1006945 0.257353
Stationary 395.5366 331 424 -0.1006945 0.257353
Stationary 395.5691 331 424 -0.1006945 0.257353
Stationary 395.5999 331 424 -0.1006945 0.257353
Moved 395.6307 343.8919 424 -0.05593077 0.257353
Moved 395.6627 354.8416 424 -0.01791127 0.257353
Moved 395.7002 366.2777 424 0.02179772 0.257353
Moved 395.7321 376.233 424 0.05636454 0.257353
Moved 395.7644 389.6192 424 0.1028445 0.257353
Moved 395.7957 399.2222 424 0.1361881 0.257353
Moved 395.8277 406.8032 424 0.162511 0.257353
Moved 395.8581 412.5295 424 0.1823941 0.257353
Moved 395.8887 418.7422 424 0.2039662 0.257353
Moved 395.9184 423.4879 424 0.2204442 0.257353
Moved 395.9618 429.2135 424 0.2403246 0.257353
Moved 395.9922 433.08 424 0.2537498 0.257353
Moved 396.0218 438.8959 424 0.2739443 0.257353
Moved 396.0514 444 424 0.2916667 0.257353
Moved 396.0806 447.3108 424 0.3031626 0.257353
Moved 396.1113 451.1783 424 0.3165911 0.257353
Moved 396.1401 454.0358 424 0.3265132 0.257353
Moved 396.1695 456.5885 424 0.3353769 0.257353
Moved 396.1991 459.4488 424 0.3453085 0.257353
Stationary 396.2283 459.4488 424 0.3453085 0.257353
Moved 396.2753 462.0799 424 0.3544441 0.257353
Stationary 396.3048 462.0799 424 0.3544441 0.257353
Moved 396.3352 463 424 0.3576389 0.257353
Ended 396.3639 464.0065 424 0.3611338 0.257353
Began 396.6255 353 418 -0.02430558 0.2297794
Stationary 396.6906 353 418 -0.02430558 0.2297794
Stationary 396.7298 353 418 -0.02430558 0.2297794
Stationary 396.7623 353 418 -0.02430558 0.2297794
Stationary 396.791 353 418 -0.02430558 0.2297794
Stationary 396.8198 353 418 -0.02430558 0.2297794
Moved 396.8481 364.6189 418 0.01603782 0.2297794
Moved 396.8784 373.2169 425.6085 0.04589185 0.2647447
Moved 396.9091 383.8579 427.4645 0.08284003 0.2732743
Moved 396.9414 394.3351 429.3337 0.119219 0.2818646
Moved 396.9803 404.3416 430.8354 0.1539637 0.2887656
Moved 397.0115 415.1208 432.707 0.1913919 0.2973668
Moved 397.0409 427.3112 434.5778 0.2337194 0.3059644
Moved 397.0727 438.8046 436 0.2736272 0.3125
Moved 397.1092 449.8582 438.4291 0.3120078 0.3236634
Moved 397.14 454.5996 439 0.3284708 0.3262869
Moved 397.1693 457.1688 439 0.3373918 0.3262869
Moved 397.2028 459.683 439.683 0.3461215 0.3294256
Moved 397.2344 461 440 0.3506945 0.3308824
Moved 397.2673 462.4229 440 0.3556353 0.3308824
Moved 397.3226 463 440 0.3576389 0.3308824
Stationary 397.3596 463 440 0.3576389 0.3308824
Moved 397.3919 464.2487 440 0.3619747 0.3308824
Stationary 397.4239 464 440 0.3611112 0.3308824
Stationary 397.4694 464 440 0.3611112 0.3308824
Moved 397.5151 447.5 424 0.3038195 0.257353
Moved 397.5493 429.6405 408.6405 0.2418073 0.1867671
Moved 397.5804 410.3394 394.4338 0.1747896 0.1214788
Moved 397.6115 391.2437 380.1741 0.1084849 0.05594703
Moved 397.6444 374.4135 365.4135 0.05004689 -0.01188643
Moved 397.6985 343.7423 337.9938 -0.05645045 -0.1378959
Moved 397.7313 332.5135 328.6352 -0.09543904 -0.1809046
Moved 397.7591 325.1042 320.1042 -0.1211658 -0.2201092
Moved 397.7864 316.5 311 -0.1510417 -0.2619486
Moved 397.8146 311.2589 306.6295 -0.1692398 -0.2820338
Moved 397.8424 310.1954 303.3907 -0.1729328 -0.2969176
Moved 397.8701 306.6258 300.6258 -0.1853272 -0.309624
Moved 397.9016 303.7472 296.7472 -0.1953221 -0.3274485
Moved 397.9342 301.8788 293.8787 -0.2018099 -0.340631
Moved 397.9658 300.2597 292 -0.2074315 -0.3492646
Moved 398.0161 298 288.6035 -0.2152778 -0.3648736
Moved 398.0485 295.8676 286.8676 -0.2226821 -0.3728513
Moved 398.081 295 285.2418 -0.2256945 -0.3803227
Moved 398.1161 294 283.5 -0.2291667 -0.3883272
Moved 398.1478 292.5 284 -0.234375 -0.3860293
Moved 398.1786 293 284 -0.2326389 -0.3860293
Stationary 398.209 293 284 -0.2326389 -0.3860293
Moved 398.2402 311.7896 299.1931 -0.1673971 -0.3162081
Moved 398.2696 328.2652 311.6122 -0.1101903 -0.2591352
Moved 398.3008 342.6379 322.6379 -0.06028504 -0.2084654
Moved 398.3503 367.404 344.9232 0.02570823 -0.1060517
Moved 398.3805 376.0493 355.0494 0.05572692 -0.05951574
Moved 398.4103 380.8614 360.8614 0.07243545 -0.03280598
Moved 398.4406 386.5583 366.5583 0.09221644 -0.006625232
Moved 398.4705 391.6473 371.6473 0.1098865 0.01676181
Moved 398.5007 394.5155 374.5155 0.1198456 0.02994257
Moved 398.532 397.0458 377 0.1286312 0.0413603
Moved 398.5634 399 379.923 0.1354167 0.05479322
Moved 398.5936 401.5 381.5 0.1440972 0.06204045
Moved 398.6242 402.5 382 0.1475695 0.06433824
Moved 398.6727 403.5 383 0.1510416 0.06893383
Moved 398.7028 404.0304 384 0.1528834 0.07352956
Stationary 398.732 404 384 0.1527777 0.07352956
Moved 398.762 405 384 0.15625 0.07352956
Ended 398.7922 405 384 0.15625 0.07352956
Began 399.1111 239 367 -0.4201389 -0.004595448
Stationary 399.152 239 367 -0.4201389 -0.004595448
Stationary 399.1817 239 367 -0.4201389 -0.004595448
Moved 399.2188 252.5 367 -0.3732639 -0.004595448
Moved 399.2507 264.6759 357.0672 -0.3309865 -0.05024265
Moved 399.2824 277.4445 351.1333 -0.2866512 -0.07751241
Moved 399.3155 289.7937 343.5237 -0.2437718 -0.1124828
Moved 399.3507 296.4744 339.2628 -0.2205751 -0.1320643
Moved 399.3838 304.8076 334.3975 -0.1916404 -0.1544234
Moved 399.4143 313.8903 329.0549 -0.1601031 -0.1789758
Moved 399.4447 325.3065 323.3467 -0.1204636 -0.205208
Moved 399.4752 334.4614 317.404 -0.08867584 -0.2325184
Moved 399.5056 346.9397 310.5302 -0.04534818 -0.2641076
Moved 399.5372 357.798 303.8013 -0.007645712 -0.2950305
Moved 399.5671 367.2953 296.7785 0.02533093 -0.3273047
Moved 399.6121 380.2376 289.1749 0.07026941 -0.3622476
Moved 399.6414 385.5686 285.7157 0.08877993 -0.3781447
Moved 399.6712 388.8685 284.1315 0.1002377 -0.3854249
Moved 399.7026 392.7039 282.2961 0.1135551 -0.3938597
Moved 399.7346 396.5676 280.4324 0.1269709 -0.4024248
Moved 399.7658 399.4249 279 0.1368919 -0.4090073
Moved 399.8076 402.3802 278 0.1471534 -0.413603
Moved 399.8399 403 277 0.1493056 -0.4181986
Moved 399.8716 404 277 0.1527777 -0.4181986
Stationary 399.9048 404 277 0.1527777 -0.4181986
Moved 399.9551 386.2789 298.1513 0.09124622 -0.3209957
Moved 399.9862 373.8606 310.1393 0.04812718 -0.2659037
Moved 400.0252 364.7212 321.9183 0.01639292 -0.2117728
Moved 400.0571 355.2596 334.4254 -0.0164596 -0.1542948
Moved 400.0892 347.8904 345.2191 -0.04204706 -0.1046914
Moved 400.125 340.0483 356.4276 -0.06927684 -0.05318193
Moved 400.1597 335.6448 362.7103 -0.08456655 -0.02430916
Moved 400.1927 330.5539 368.6692 -0.1022435 0.00307546
Moved 400.2255 327.1739 372.6522 -0.1139796 0.02137956
Moved 400.2581 324.3643 376.6357 -0.1237352 0.03968632
Moved 400.3083 321 382.3688 -0.1354167 0.0660334
Moved 400.3395 319 383.8881 -0.1423611 0.073015
Moved 400.3732 318 384.7582 -0.1458333 0.07701391
Moved 400.4029 318 385.5 -0.1458333 0.0804228
Moved 400.4318 316.7515 386.2485 -0.1501683 0.08386255
Moved 400.4618 317 387.5 -0.1493056 0.08961405
Ended 400.4915 317 387 -0.1493056 0.08731625
Began 400.7618 429 253 0.2395834 -0.5284927
Stationary 400.7996 429 253 0.2395834 -0.5284927
Stationary 400.8293 429 253 0.2395834 -0.5284927
Stationary 400.8602 429 253 0.2395834 -0.5284927
Moved 400.8928 413.3895 280.2211 0.1853801 -0.4033959
Moved 400.929 400.7351 301.7136 0.1414414 -0.3046252
Moved 400.963 391.2596 319.4807 0.1085404 -0.2229747
Moved 400.9941 382.4534 338.0931 0.07796332 -0.1374396
Moved 401.0278 374.8403 353.2662 0.05152881 -0.0677106
Moved 401.0617 368.1566 365.7652 0.02832144 -0.01027023
Moved 401.0936 361.0724 381.7829 0.003723502 0.06334067
Moved 401.1254 355.4504 393.0992 -0.01579732 0.1153459
Moved 401.1582 350.3624 402.2753 -0.03346399 0.1575151
Moved 401.1909 345.0159 411.4761 -0.052028 0.1997984
Moved 401.224 339.9497 419.0755 -0.06961919 0.2347221
Moved 401.2555 334.2138 426.6793 -0.08953527 0.2696658
Moved 401.2867 330.2341 431.5319 -0.1033539 0.2919663
Moved 401.3398 323.8138 438.1862 -0.1256464 0.3225467
Moved 401.3712 320.9308 442.0692 -0.1356567 0.3403914
Moved 401.4027 319.067 443.933 -0.1421284 0.3489568
Moved 401.4342 318 445 -0.1458333 0.3538603
Moved 401.4677 317 446 -0.1493056 0.3584559
Moved 401.5002 316 446 -0.1527778 0.3584559
Moved 401.5305 314.6783 447.3217 -0.157367 0.3645299
Moved 401.5637 313.8681 447 -0.1601803 0.3630516
Stationary 401.5976 313.8681 447 -0.1601803 0.3630516
Stationary 401.6281 314 447 -0.1597222 0.3630516
Moved 401.6798 314 433.5554 -0.1597222 0.3012656
Moved 401.7151 314 429.4096 -0.1597222 0.2822132
Moved 401.7459 314 425.5413 -0.1597222 0.264436
Moved 401.7788 314 421.0251 -0.1597222 0.2436815
Moved 401.8115 314 417.1591 -0.1597222 0.2259151
Moved 401.8438 318.9342 413.2951 -0.1425894 0.2081577
Moved 401.8763 321 411.7117 -0.1354167 0.2008811
Moved 401.9109 322 407.4248 -0.1319444 0.1811803
Moved 401.9437 323 404.5536 -0.1284722 0.1679855
Moved 401.9767 324.3156 400.6844 -0.1239041 0.1502041
Moved 402.0292 327.2885 391.1347 -0.1135818 0.1063177
Moved 402.0607 331.1446 381.5662 -0.1001924 0.06234492
Moved 402.0912 337.0259 367.9481 -0.07977106 -0.0002384186
Moved 402.1255 343.962 347.1902 -0.05568758 -0.09563334
Moved 402.1573 348.6613 338.5081 -0.03937043 -0.1355327
Moved 402.1948 351.6932 329.9204 -0.02884306 -0.174998
Moved 402.228 354.2351 324.5298 -0.0200171 -0.1997709
Moved 402.2607 356.1013 318.7975 -0.01353733 -0.2261144
Moved 402.2935 357 314.5911 -0.01041666 -0.2454451
Moved 402.3242 358.5 313.5 -0.005208328 -0.2504597
Moved 402.3769 358 312.5 -0.006944462 -0.2550552
Stationary 402.4058 358 312.5 -0.006944462 -0.2550552
Moved 402.4348 353.3697 318.2918 -0.023022 -0.2284384
Moved 402.4664 343.5 332.5 -0.05729169 -0.1631434
Moved 402.4971 335.2133 347.9668 -0.08606501 -0.09206436
Moved 402.5304 328.4584 359.0833 -0.1095195 -0.04097757
Moved 402.5616 324.3844 366.4235 -0.1236654 -0.007245121
Moved 402.5952 320.3246 374.3508 -0.1377618 0.02918552
Moved 402.6264 316.9149 381.6277 -0.1496011 0.06262724
Moved 402.6582 313.9393 386.0607 -0.1599329 0.08299941
Moved 402.7127 310.2369 394.7631 -0.1727884 0.1229922
Moved 402.7443 309 397.6483 -0.1770833 0.1362515
Moved 402.7793 308 400.1913 -0.1805556 0.1479378
Moved 402.814 306 404.1246 -0.1875 0.166014
Moved 402.8452 304 407.9304 -0.1944444 0.1835038
Moved 402.8768 301.5 410.5 -0.203125 0.1953125
Moved 402.9081 299.2542 415.7457 -0.2109228 0.2194197
Moved 402.9394 298.3828 418.6172 -0.2139485 0.2326157
Moved 402.97 297 422.9741 -0.21875 0.2526385
Moved 403.0009 296 425.0532 -0.2222222 0.2621931
Moved 403.0568 295 429.356 -0.2256945 0.2819669
Moved 403.0863 295 431.2227 -0.2256945 0.2905453
Moved 403.1153 295 432.2388 -0.2256945 0.2952153
Moved 403.1444 295 434.1908 -0.2256945 0.3041857
Moved 403.1765 295 436 -0.2256945 0.3125
Moved 403.2064 295 438.9921 -0.2256945 0.3262506
Moved 403.2389 303.7315 441 -0.1953767 0.3354779
Moved 403.2688 309.4679 442 -0.1754587 0.3400736
Moved 403.299 316.2108 443 -0.1520458 0.3446691
Moved 403.3289 321.3037 443 -0.1343621 0.3446691
Moved 403.39 326 443 -0.1180556 0.3446691
Moved 403.4213 328.5 443 -0.109375 0.3446691
Ended 403.4508 328 443 -0.1111111 0.3446691
Began 403.7127 306 413 -0.1875 0.2068015
Stationary 403.7551 306 413 -0.1875 0.2068015
Stationary 403.7971 306 413 -0.1875 0.2068015
Stationary 403.827 306 413 -0.1875 0.2068015
Moved 403.8592 322.1214 413 -0.131523 0.2068015
Moved 403.8913 337.5687 413 -0.07788651 0.2068015
Moved 403.9269 360.4307 413 0.001495332 0.2068015
Moved 403.9587 374.6717 413 0.05094335 0.2068015
Moved 403.9912 390.0535 413 0.1043525 0.2068015
Moved 404.0259 400.7207 413 0.1413915 0.2068015
Moved 404.0574 409.5359 413 0.1719998 0.2068015
Moved 404.0883 418.1473 413 0.2019005 0.2068015
Moved 404.1201 424.8369 413 0.2251283 0.2068015
Moved 404.1677 431.9308 413 0.2497599 0.2068015
Moved 404.2011 438.4197 413 0.2722907 0.2068015
Moved 404.2338 442.1525 413 0.2852516 0.2068015
Moved 404.2677 444.6911 413 0.2940663 0.2068015
Moved 404.3001 447.4459 413 0.3036318 0.2068015
Moved 404.332 451.6229 413 0.3181351 0.2068015
Moved 404.3631 453.088 420.6161 0.3232223 0.2418022
Moved 404.3954 455.7329 420 0.3324059 0.2389706
Moved 404.4279 457.2996 420 0.337846 0.2389706
Moved 404.4626 458.4577 421 0.3418669 0.2435661
Moved 404.5174 459.3719 421 0.3450412 0.2435661
Moved 404.5493 460.1716 421 0.347818 0.2435661
Moved 404.5811 461.2504 421 0.3515639 0.2435661
Moved 404.6126 462.0191 422.0191 0.354233 0.2482497
Stationary 404.6422 462.0191 422.0191 0.354233 0.2482497
Stationary 404.6735 462.0191 422.0191 0.354233 0.2482497
Moved 404.71 463.1242 422 0.3580703 0.2481619
Stationary 404.7429 463.1242 422 0.3580703 0.2481619
Ended 404.7758 464 422 0.3611112 0.2481619
Began 405.1296 331 479 -0.1006945 0.5101104
Stationary 405.1722 331 479 -0.1006945 0.5101104
Stationary 405.2111 331 479 -0.1006945 0.5101104
Stationary 405.2411 331 479 -0.1006945 0.5101104
Moved 405.2726 339.7013 462.6494 -0.07048153 0.4349694
Moved 405.3026 344.9222 451.1556 -0.05235345 0.3821489
Moved 405.335 349.8297 440.5108 -0.03531337 0.3332298
Moved 405.3678 354.6004 433.0993 -0.01874849 0.2991696
Moved 405.4012 362.3987 416.2026 0.008328706 0.2215194
Moved 405.4341 367.1406 407.8594 0.0247936 0.1831776
Moved 405.4729 370.0797 401.8405 0.0349991 0.1555172
Moved 405.505 372.9824 396.0353 0.04507766 0.1288387
Moved 405.5405 378.2721 386.4559 0.06344468 0.08481559
Moved 405.5765 380.8361 381.3279 0.07234737 0.0612496
Moved 405.6085 383.6435 376.713 0.08209556 0.04004114
Moved 405.6414 386.5 372 0.09201392 0.0183825
Moved 405.6734 388.3816 367.6183 0.09854734 -0.00175406
Moved 405.7061 389.9237 364.0763 0.1039018 -0.0180316
Moved 405.7398 390.7943 361.2056 0.1069248 -0.03122414
Moved 405.7721 392 357.9037 0.1111111 -0.04639808
Moved 405.8234 393 356 0.1145834 -0.05514707
Moved 405.8551 393 354.5151 0.1145834 -0.06197074
Moved 405.8872 394 354 0.1180555 -0.0643381
Moved 405.9177 394 352.7902 0.1180555 -0.06989817
Moved 405.9493 394 351.7742 0.1180555 -0.07456696
Moved 405.983 394 350.9797 0.1180555 -0.07821827
Stationary 406.014 394 350.9797 0.1180555 -0.07821827
Moved 406.0477 394 349.9879 0.1180555 -0.08277627
Stationary 406.081 394 349.9879 0.1180555 -0.08277627
Moved 406.112 395 350 0.1215278 -0.08272059
Stationary 406.1633 395 350 0.1215278 -0.08272059
Stationary 406.1942 395 350 0.1215278 -0.08272059
Moved 406.2229 397.3274 360.6548 0.1296091 -0.03375531
Moved 406.2531 399.8755 373.3773 0.1384565 0.02471167
Moved 406.2826 405.5078 391.0156 0.1580133 0.1057704
Moved 406.3126 410.622 405.4882 0.175771 0.1722804
Moved 406.3441 415.9436 416.8871 0.1942486 0.2246652
Moved 406.3824 420.9964 426.991 0.2117929 0.2710982
Moved 406.4138 426.7338 437.6007 0.2317146 0.3198562
Moved 406.4455 430.7319 447.1956 0.2455968 0.3639505
Moved 406.4943 437.1542 456.1542 0.2678967 0.4051207
Moved 406.5279 439 460.0355 0.2743055 0.4229573
Moved 406.5577 441.5 462.5 0.2829862 0.4342831
Moved 406.5869 443.4486 464.4486 0.2897522 0.4432382
Stationary 406.6161 443.4486 464.4486 0.2897522 0.4432382
Moved 406.6442 444.3221 466.3221 0.2927852 0.451848
Moved 406.6732 445 466.614 0.295139 0.4531894
Stationary 406.7026 445 467 0.295139 0.4549633
Stationary 406.7314 445 467 0.295139 0.4549633
Stationary 406.7597 445 467 0.295139 0.4549633
Moved 406.8078 445 449.7273 0.295139 0.375585
Moved 406.8367 432.8794 427.052 0.2530536 0.2713787
Moved 406.8659 426.8471 407.3885 0.2321081 0.1810134
Moved 406.8974 419.6546 387.8607 0.2071341 0.09127169
Moved 406.928 415.0788 370.315 0.1912457 0.01063894
Moved 406.9653 410.1665 354.8325 0.1741892 -0.06051219
Moved 406.9972 405.599 342.1981 0.1583299 -0.118575
Moved 407.0283 402.7959 335.3876 0.1485968 -0.1498729
Moved 407.0593 399.8575 325.5723 0.1383939 -0.1949801
Moved 407.1014 395.5607 312.6821 0.1234746 -0.2542183
Moved 407.1558 392.1606 302.3211 0.1116686 -0.3018332
Moved 407.1869 391 298.2921 0.1076388 -0.320349
Moved 407.2183 390 294.4191 0.1041667 -0.3381477
Moved 407.2502 389 291.9188 0.1006945 -0.3496381
Moved 407.2823 388.0495 289.0495 0.09739414 -0.362824
Moved 407.3127 388 287.6202 0.09722218 -0.3693926
Moved 407.3452 386.6593 285.6592 0.09256691 -0.3784041
Moved 407.3762 387 284.6791 0.09375007 -0.3829083
Moved 407.4072 387 282.9513 0.09375007 -0.3908489
Stationary 407.4415 387 282.9513 0.09375007 -0.3908489
Ended 407.4937 387 282 0.09375007 -0.3952206
PhraseEnd 408.4258
