the five boxing wizards jump quickly
Basic
0.6 0.6
432 172.8
Began 1812.967 373 313 0.0300926 0.4224537
Stationary 1813.048 373 313 0.0300926 0.4224537
Moved 1813.122 385.0265 292.9603 0.05793164 0.3064834
Moved 1813.194 396.8225 279.1776 0.08523722 0.2267221
Moved 1813.268 402.1173 273.8827 0.09749373 0.1960804
Moved 1813.344 411.7248 264.2752 0.1197333 0.1404815
Moved 1813.422 423.1726 249.8274 0.1462328 0.05687149
Moved 1813.496 428 241.6061 0.1574074 0.009294439
Moved 1813.568 432.2283 236.7717 0.1671951 -0.01868213
Moved 1813.641 432 233.9871 0.1666667 -0.03479711
Moved 1813.715 397.1139 233 0.08591174 -0.04050926
Moved 1813.794 333.7105 249.1448 -0.06085525 0.05292116
Moved 1813.884 307.4318 258.8561 -0.1216856 0.109121
Moved 1813.955 291.9492 267.0254 -0.1575249 0.1563969
Moved 1814.026 283.1064 272.8936 -0.1779945 0.1903566
Moved 1814.097 279.7083 275.2917 -0.1858604 0.2042347
Moved 1814.168 275.9733 277 -0.1945063 0.2141204
Moved 1814.241 267.4508 282 -0.2142343 0.2430556
Moved 1814.314 264 286 -0.2222222 0.2662037
Ended 1814.384 264 287.1271 -0.2222222 0.2727267
Began 1814.713 306 162 -0.125 -0.4513887
Stationary 1814.81 306 162 -0.125 -0.4513887
Moved 1814.882 350.6403 188.3557 -0.02166599 -0.2988673
Moved 1814.956 399.6973 209.8486 0.09189177 -0.1744871
Moved 1815.033 431.4426 224.2213 0.1653763 -0.09131184
Moved 1815.108 456.8398 242.8932 0.2241661 0.01674299
Moved 1815.186 480.9865 260.4933 0.2800614 0.1185954
Moved 1815.261 503.8144 286.6288 0.3329037 0.2698427
Moved 1815.339 510.7492 295 0.3489565 0.318287
Moved 1815.413 512 298.0502 0.3518519 0.3359388
Moved 1815.489 513 299 0.3541666 0.3414354
Stationary 1815.572 513 299 0.3541666 0.3414354
Moved 1815.645 501.5882 299 0.3277504 0.3414354
Moved 1815.722 485.5294 285.8431 0.2905773 0.265296
Moved 1815.796 457.4779 270.239 0.2256433 0.1749941
Moved 1815.867 430.8389 253.6292 0.163979 0.0788724
Moved 1815.939 402.8713 232.8712 0.09923904 -0.04125454
Moved 1816.046 376 210 0.03703703 -0.1736111
Moved 1816.119 359 194 -0.002314796 -0.2662037
Moved 1816.19 347.3288 183.6644 -0.0293314 -0.3260159
Moved 1816.266 342.9392 177.9392 -0.03949265 -0.3591479
Moved 1816.338 339.6255 174.6255 -0.04716317 -0.3783249
Moved 1816.419 337.9204 174 -0.05111023 -0.3819443
Moved 1816.49 333.5 174 -0.06134262 -0.3819443
Moved 1816.562 313.9336 197.0664 -0.1066353 -0.2484581
Moved 1816.634 296.6586 215.4552 -0.1466236 -0.1420417
Moved 1816.707 276.1569 238.8431 -0.1940814 -0.006694617
Moved 1816.82 263.0223 255.9777 -0.2244854 0.09246332
Moved 1816.898 255.7891 268.2109 -0.241229 0.1632577
Moved 1816.972 253.3791 275.6208 -0.2468075 0.2061392
Moved 1817.051 252 283.8668 -0.25 0.2538587
Moved 1817.126 251 288.5 -0.2523148 0.2806711
Ended 1817.197 251 288 -0.2523148 0.2777778
Began 1817.514 350 136 -0.02314816 -0.6018517
Stationary 1817.582 350 136 -0.02314816 -0.6018517
Moved 1817.654 361.3256 148.3256 0.003068447 -0.5305232
Moved 1817.735 382.8319 168.8319 0.05285154 -0.4118524
Moved 1817.81 413.581 195.5811 0.1240301 -0.2570541
Moved 1817.884 439.8764 221.8517 0.184899 -0.105025
Moved 1817.969 466.1695 249.1696 0.2457628 0.05306456
Moved 1818.048 492.8175 279.8631 0.3074478 0.2306892
Moved 1818.123 504.8123 293.8123 0.3352135 0.3114137
Moved 1818.194 509.087 297.087 0.3451088 0.3303646
Moved 1818.278 511 300.5 0.349537 0.3501157
Moved 1818.35 511 300 0.349537 0.3472222
Moved 1818.422 490.4042 288.7021 0.3018616 0.281841
Moved 1818.496 444.7625 268.4697 0.1962094 0.164755
Moved 1818.57 404.0678 253.0406 0.1020089 0.07546672
Moved 1818.641 371.5913 239.2957 0.02683163 -0.004075898
Moved 1818.716 348.7153 229.2384 -0.02612204 -0.06227776
Moved 1818.787 327.45 218.2999 -0.07534732 -0.125579
Moved 1818.858 315.5739 211.787 -0.1028381 -0.1632698
Moved 1818.928 303.6183 204.6183 -0.1305132 -0.2047551
Moved 1819.034 292.9143 197.9143 -0.155291 -0.2435513
Moved 1819.109 284.0632 193.5316 -0.1757796 -0.2689143
Moved 1819.179 273.6651 186.6652 -0.1998493 -0.3086507
Moved 1819.255 264.5078 182 -0.2210467 -0.335648
Moved 1819.329 258 178 -0.2361111 -0.3587963
Moved 1819.403 255.8407 178 -0.2411096 -0.3587963
Moved 1819.48 268.904 195.452 -0.2108703 -0.2578006
Moved 1819.555 304.1698 219.7799 -0.1292366 -0.1170144
Moved 1819.631 345 246 -0.03472224 0.03472222
Moved 1819.702 380.0594 262.3729 0.0464338 0.1294729
Moved 1819.811 407.2173 273.4058 0.1092993 0.1933204
Moved 1819.889 418.2334 277 0.1347995 0.2141204
Moved 1819.962 431.0686 283.0686 0.1645106 0.2492396
Moved 1820.035 447.6033 291.4022 0.2027853 0.2974664
Moved 1820.106 461.8405 298.6135 0.2357419 0.3391985
Moved 1820.177 473.8507 306.4254 0.2635432 0.3844062
Moved 1820.246 477 309.1371 0.2708333 0.4000994
Moved 1820.314 478 309 0.2731481 0.3993057
Moved 1820.382 478 296.5 0.2731481 0.3269678
Moved 1820.449 459.8636 258.1589 0.2311657 0.1050861
Moved 1820.553 440.4139 223.6208 0.1861434 -0.09478676
Moved 1820.628 428.3578 202.7157 0.1582357 -0.2157657
Moved 1820.702 421.1922 189.3844 0.1416486 -0.2929144
Moved 1820.777 414.379 179.7579 0.1258772 -0.3486231
Moved 1820.85 407.5149 172.5149 0.1099882 -0.3905388
Moved 1820.921 399.5631 169.7815 0.09158124 -0.4063569
Moved 1820.992 380.8573 170 0.04828075 -0.4050924
Moved 1821.064 357.5877 192.5592 -0.005584011 -0.2745416
Moved 1821.14 342.9821 206.0178 -0.03939316 -0.1966561
Moved 1821.213 336.5744 213.4257 -0.05422597 -0.1537865
Ended 1821.323 332 219.0408 -0.06481484 -0.1212918
Began 1821.651 234 260 -0.2916667 0.1157407
Stationary 1821.73 234 260 -0.2916667 0.1157407
Moved 1821.807 247.0043 260 -0.2615642 0.1157407
Moved 1821.885 272.9481 269.7274 -0.201509 0.1720333
Moved 1821.967 304.6762 270 -0.1280642 0.1736111
Moved 1822.041 330.3837 273 -0.06855617 0.1909722
Moved 1822.122 363.9493 279.7374 0.009141961 0.2299616
Moved 1822.201 387.5 286.5 0.06365737 0.2690974
Moved 1822.277 417.8935 300.4467 0.1340126 0.3498074
Moved 1822.349 437.5865 308.1466 0.1795983 0.3943669
Moved 1822.423 460.898 317.5987 0.2335603 0.4490665
Moved 1822.499 473.1237 322.1238 0.2618605 0.4752535
Moved 1822.572 478.9077 324 0.2752494 0.4861113
Moved 1822.666 481 324 0.2800926 0.4861113
Stationary 1822.736 481 324 0.2800926 0.4861113
Moved 1822.806 445.0047 298.1456 0.1967703 0.3364906
Moved 1822.879 389.2638 272.7055 0.06774018 0.189268
Moved 1822.948 350.8401 257.0743 -0.02120351 0.09881002
Moved 1823.018 317.4437 241.5828 -0.09850999 0.009159513
Moved 1823.089 296.5052 232.2526 -0.1469788 -0.04483453
Moved 1823.162 273.9995 220.6664 -0.1990752 -0.1118842
Moved 1823.238 258 211.5 -0.2361111 -0.1649304
Moved 1823.312 246.5 203.5 -0.2627315 -0.2112269
Moved 1823.425 232.6384 195.6384 -0.2948186 -0.2567221
Moved 1823.504 226 190.7871 -0.3101852 -0.2847967
Moved 1823.578 220.6261 190 -0.3226249 -0.2893519
Moved 1823.653 218.8277 189 -0.3267877 -0.2951387
Moved 1823.741 214.9877 189 -0.3356767 -0.2951387
Moved 1823.813 207.7215 208.5571 -0.3524967 -0.1819611
Moved 1823.888 203.3438 216.6561 -0.36263 -0.1350919
Moved 1823.965 200 223.3943 -0.3703704 -0.09609788
Moved 1824.039 197 229.6926 -0.3773148 -0.05964933
Moved 1824.113 196 233.5227 -0.3796296 -0.03748417
Moved 1824.225 196 243.1522 -0.3796296 0.0182422
Moved 1824.296 213.0003 254.6669 -0.340277 0.08487772
Moved 1824.371 233.5227 269.3485 -0.2927715 0.1698411
Moved 1824.449 255.9508 280.9672 -0.2408546 0.2370788
Moved 1824.529 273.3042 289.1521 -0.2006847 0.284445
Moved 1824.601 282.0183 293 -0.1805131 0.306713
Moved 1824.673 287.8503 296 -0.1670133 0.3240741
Moved 1824.742 290.075 297.075 -0.1618635 0.3302951
Moved 1824.812 292.3829 297 -0.156521 0.3298613
Moved 1824.882 294.7924 285.4152 -0.1509435 0.2628192
Moved 1824.988 298 270.6539 -0.1435185 0.1773951
Moved 1825.069 299 261.3619 -0.1412037 0.1236223
Moved 1825.139 299 254.5 -0.1412037 0.08391222
Moved 1825.209 299 248.0718 -0.1412037 0.04671185
Moved 1825.284 284.8547 241.9274 -0.1739475 0.01115375
Moved 1825.357 273.1271 237.1271 -0.2010946 -0.01662572
Moved 1825.43 260.5715 235 -0.2301585 -0.02893519
Moved 1825.501 253.552 235 -0.2464073 -0.02893519
Moved 1825.574 246.7351 235 -0.2621872 -0.02893519
Moved 1825.653 240.5 235 -0.2766204 -0.02893519
Ended 1825.763 237 235 -0.2847222 -0.02893519
Began 1826.081 365 206 0.01157403 -0.1967593
Stationary 1826.161 365 206 0.01157403 -0.1967593
Moved 1826.235 365 220.2557 0.01157403 -0.1142606
Moved 1826.309 378.4307 243.8613 0.04266362 0.02234565
Moved 1826.385 384.1705 261.5114 0.05595019 0.124487
Moved 1826.46 388 279.2116 0.06481478 0.2269192
Moved 1826.536 392 297.5537 0.07407407 0.3330656
Moved 1826.61 395 309.0986 0.08101851 0.399876
Moved 1826.689 396 315.269 0.08333336 0.4355848
Moved 1826.764 397 316 0.0856481 0.4398148
Moved 1826.854 401.8032 317 0.09676664 0.4456021
Moved 1826.93 426.1161 271.6516 0.1530467 0.1831687
Moved 1827.002 438.8824 237.4706 0.182598 -0.01463784
Moved 1827.075 450.4528 215.0945 0.2093814 -0.144129
Moved 1827.149 459.6705 193.6589 0.2307189 -0.2681773
Moved 1827.219 463.2998 188 0.2391199 -0.3009259
Moved 1827.29 466.098 185 0.2455972 -0.318287
Moved 1827.359 478.3081 201.7892 0.2738614 -0.2211274
Moved 1827.432 505.3358 244.0038 0.3364255 0.02317023
Moved 1827.505 527.9033 279.3308 0.3886651 0.2276091
Moved 1827.615 543.1995 302.1995 0.4240729 0.359951
Moved 1827.697 548 309.3722 0.4351853 0.4014595
Moved 1827.77 551.2487 312.2487 0.4427054 0.4181062
Moved 1827.842 552.1631 314.1631 0.4448219 0.4291847
Stationary 1827.914 552.1631 314.1631 0.4448219 0.4291847
Moved 1827.985 537.4718 314 0.4108144 0.4282409
Moved 1828.056 531.8539 314 0.39781 0.4282409
Moved 1828.128 528.9746 314 0.3911449 0.4282409
Ended 1828.203 529 314 0.3912036 0.4282409
Began 1828.889 251 294 -0.2523148 0.3125
Stationary 1828.97 251 294 -0.2523148 0.3125
Moved 1829.07 262.9638 294 -0.2246207 0.3125
Moved 1829.156 296.5 294 -0.1469907 0.3125
Moved 1829.23 314.8042 294 -0.1046199 0.3125
Moved 1829.307 340.6344 294 -0.04482776 0.3125
Moved 1829.392 381.2938 294 0.04929116 0.3125
Moved 1829.465 399.5835 302 0.09162853 0.3587963
Moved 1829.537 415.7258 305 0.1289949 0.3761576
Moved 1829.61 423.1882 306 0.1462691 0.3819445
Moved 1829.687 428.5 306 0.1585648 0.3819445
Moved 1829.758 430.2848 306 0.1626963 0.3819445
Moved 1829.832 432.556 306 0.1679538 0.3819445
Moved 1829.919 435.3729 306 0.1744743 0.3819445
Moved 1830.026 440.5 306 0.1863426 0.3819445
Moved 1830.103 447.5 306 0.2025463 0.3819445
Moved 1830.175 454.0851 306 0.2177897 0.3819445
Moved 1830.248 458.3278 306 0.2276107 0.3819445
Moved 1830.334 464 306 0.2407408 0.3819445
Moved 1830.409 467.162 306 0.2480603 0.3819445
Moved 1830.483 468.0608 306 0.2501407 0.3819445
Moved 1830.562 469 297.9974 0.2523148 0.335633
Moved 1830.636 463.826 291.5217 0.2403378 0.2981582
Moved 1830.711 416.8496 260.5664 0.1315962 0.1190187
Moved 1830.821 341.7661 215.7064 -0.04220799 -0.140588
Moved 1830.895 325.895 206.895 -0.07894685 -0.1915798
Moved 1830.97 312.7642 199.7642 -0.1093421 -0.2328461
Moved 1831.046 302.9027 194.9514 -0.1321696 -0.260698
Moved 1831.126 296.0822 191 -0.1479578 -0.2835648
Moved 1831.211 289.9592 188 -0.1621315 -0.3009259
Moved 1831.288 301.111 188 -0.136317 -0.3009259
Moved 1831.36 394.2669 216.2815 0.07932156 -0.1372597
Moved 1831.438 434.9248 228.985 0.1734371 -0.0637443
Moved 1831.51 450.4231 234.7115 0.2093127 -0.03060447
Moved 1831.617 467.7762 240 0.249482 0
Moved 1831.693 478.2661 245.2661 0.273764 0.03047519
Moved 1831.766 490.4138 250 0.3018839 0.05787037
Moved 1831.839 499.2237 254.2238 0.3222772 0.0823134
Moved 1831.912 503 256.0195 0.3310186 0.09270545
Moved 1831.988 505.1002 256 0.3358801 0.0925926
Moved 1832.067 521.9594 256 0.3749059 0.0925926
Moved 1832.146 538.6133 244.1934 0.4134568 0.02426713
Moved 1832.221 545.5 241 0.4293981 0.005787037
Moved 1832.299 547.1006 238.8994 0.4331032 -0.006368956
Moved 1832.411 512.3669 237 0.3527013 -0.01736093
Moved 1832.487 465.7759 247.6355 0.2448517 0.04418691
Moved 1832.557 438.5207 260.1598 0.1817608 0.1166656
Moved 1832.629 418.3601 270.8799 0.1350928 0.1787034
Moved 1832.708 401.608 281.696 0.09631485 0.2412962
Moved 1832.782 392.4464 288.5536 0.07510732 0.2809818
Moved 1832.852 386 292.7189 0.06018519 0.3050864
Moved 1832.929 382.4489 295 0.05196511 0.318287
Moved 1833 381 297.3734 0.04861106 0.3320223
Ended 1833.081 380 297 0.04629632 0.3298613
PhraseEnd 1833.992
