a problem with the engine
Basic
0.8 0.8
575.9999 435.2
Began 836.8224 105 352 -0.4427084 -0.03676471
Stationary 836.8804 105 352 -0.4427084 -0.03676471
Ended 836.9356 105 352 -0.4427084 -0.03676471
Began 837.7189 626 532 0.4618056 0.3768383
Stationary 837.7792 626 532 0.4618056 0.3768383
Moved 837.8401 616.7623 524.8151 0.4457679 0.360329
Moved 837.894 604.912 517.2747 0.4251945 0.3430025
Moved 837.9471 552.5118 507.1675 0.3342219 0.3197782
Moved 837.9999 448.6279 515.9454 0.1538678 0.339948
Moved 838.0541 379.5 528 0.03385417 0.3676471
Moved 838.108 348.7481 530.6504 -0.01953453 0.3737372
Moved 838.164 326.8401 533 -0.05756934 0.3791361
Moved 838.2192 314.3553 534 -0.07924419 0.3814339
Moved 838.2809 307.8368 535 -0.09056118 0.3837316
Moved 838.3322 305.9574 535 -0.09382398 0.3837316
Moved 838.3811 305 536 -0.09548612 0.3860294
Moved 838.4304 381.6151 536 0.03752626 0.3860294
Moved 838.4805 462.9814 520.5018 0.1787871 0.3504179
Moved 838.53 497.7774 510.5835 0.2391969 0.3276275
Moved 838.58 521.8275 502.4691 0.2809504 0.3089822
Moved 838.6309 535.8507 498.2874 0.3052964 0.2993736
Moved 838.6817 547.4531 494.5469 0.3254394 0.2907787
Moved 838.733 552.3457 493.6543 0.3339336 0.2887277
Moved 838.8164 556.1823 492.8177 0.3405942 0.2868055
Moved 838.8681 557 491.9915 0.3420139 0.284907
Moved 838.9175 557 490.9205 0.3420139 0.282446
Moved 838.9678 557 489.778 0.3420139 0.2798209
Moved 839.0213 546.1992 477.1086 0.3232625 0.2507093
Moved 839.0729 461.3104 369.0455 0.1758862 0.002402418
Moved 839.1268 397.8888 283.8332 0.06577916 -0.1933979
Moved 839.1807 382.1161 259.6042 0.03839597 -0.2490713
Moved 839.2346 371.6308 239.8923 0.02019234 -0.2943651
Moved 839.2872 366.725 232.7251 0.01167543 -0.3108339
Moved 839.3708 359.0472 219.0472 -0.001654103 -0.3422627
Moved 839.4209 357 214.0839 -0.005208328 -0.3536676
Moved 839.4703 354.7841 211 -0.009055474 -0.3607537
Stationary 839.5193 355 211 -0.00868056 -0.3607537
Moved 839.5697 406.2408 253.9036 0.08027926 -0.2621701
Moved 839.621 489.9335 312.7283 0.225579 -0.1270029
Moved 839.6741 527.855 337.7125 0.2914149 -0.06959439
Moved 839.7269 553.5663 357.5663 0.3360526 -0.02397446
Moved 839.7814 561 363.8232 0.3489583 -0.00959733
Moved 839.8375 564 368.1951 0.3541667 0.0004482971
Moved 839.9181 437.8161 410.3965 0.1350974 0.0974185
Moved 839.9704 345.704 429.6213 -0.02481941 0.1415932
Moved 840.0241 311.361 438.213 -0.08444269 0.1613351
Moved 840.0784 289.5717 450.9521 -0.1222713 0.190607
Moved 840.1298 278.4535 458.5464 -0.1415737 0.2080571
Moved 840.2125 267.7885 466.6058 -0.1600894 0.2265757
Moved 840.2686 263 471.3299 -0.1684028 0.2374308
Moved 840.3428 262 472.5 -0.1701389 0.2401195
Moved 840.4277 330.1619 409.8516 -0.05180221 0.09616631
Moved 840.4819 406.0942 326.6982 0.08002467 -0.09490294
Moved 840.5642 460.3109 261.5854 0.1741508 -0.2445187
Moved 840.6223 486.6784 231.3217 0.2199277 -0.3140587
Moved 840.681 503.6496 213.3503 0.2493917 -0.3553531
Moved 840.7336 508.6273 208.3727 0.2580335 -0.3667907
Ended 840.7826 510 206 0.2604167 -0.3722427
Began 841.2537 169 430 -0.3315972 0.1424633
Stationary 841.3134 169 430 -0.3315972 0.1424633
Stationary 841.3675 169 430 -0.3315972 0.1424633
Moved 841.434 214.0275 454.3014 -0.2534246 0.1983028
Moved 841.4872 255.4636 471.2965 -0.1814868 0.2373541
Moved 841.5494 304.8709 485.5345 -0.09571023 0.2700703
Moved 841.6067 345.628 491.6628 -0.02495136 0.2841516
Moved 841.6617 388.6526 497.9305 0.04974402 0.2985536
Moved 841.7192 437.3019 502.3302 0.1342047 0.3086632
Moved 841.7786 461.2516 504 0.175784 0.3125001
Moved 841.8338 475.4269 505.4756 0.200394 0.3158908
Moved 841.8906 484.5526 505 0.2162372 0.3147978
Moved 841.9693 494.188 505 0.2329653 0.3147978
Moved 842.0436 498.3185 505 0.2401363 0.3147978
Moved 842.1031 483.0357 505 0.2136037 0.3147978
Moved 842.1835 374.6639 519 0.02545811 0.346967
Moved 842.2476 333.3804 520 -0.04621458 0.3492647
Moved 842.3036 321.7645 520 -0.0663811 0.3492647
Moved 842.3876 308.6321 520 -0.08918037 0.3492647
Moved 842.439 306.7319 520 -0.0924793 0.3492647
Moved 842.4906 305.9573 520 -0.09382412 0.3492647
Moved 842.5508 305 505.0333 -0.09548612 0.3148744
Moved 842.6108 344.1115 457.2439 -0.02758417 0.2050641
Moved 842.6664 371 419.5 0.01909725 0.1183364
Moved 842.7166 384 400.5 0.04166671 0.07467835
Moved 842.7678 394.6323 388.3677 0.06012544 0.0468009
Moved 842.822 402.1827 378.8173 0.07323384 0.02485598
Moved 842.8849 406.5 373.5 0.08072921 0.01263787
Ended 842.974 410 373 0.08680553 0.01148897
Began 843.2507 271 521 -0.1545139 0.3515625
Moved 843.3113 281.332 521 -0.1365764 0.3515625
Moved 843.3649 318.5885 492.3234 -0.07189502 0.2856697
Moved 843.4163 360.5625 464.1979 0.0009766222 0.221043
Moved 843.4677 390.3961 442.7359 0.05277112 0.1717277
Moved 843.5197 414.2883 425.7117 0.09425052 0.1326097
Moved 843.5724 437.4006 401.5994 0.1343761 0.07720461
Moved 843.6215 445.7585 392.483 0.1488863 0.05625701
Moved 843.6743 451.0565 388 0.1580843 0.04595592
Moved 843.7244 452 382.5775 0.1597222 0.03349613
Moved 843.7748 444.9331 381 0.1474532 0.02987133
Moved 843.8291 404.8736 389.3544 0.07790558 0.04906795
Moved 843.8826 345.3773 409.681 -0.02538659 0.09577433
Moved 843.9341 316.1002 424.0856 -0.07621501 0.1288732
Moved 843.9937 283.4696 448.4243 -0.1328652 0.1847985
Moved 844.0507 267 465.5 -0.1614583 0.224035
Moved 844.1306 250.674 480.9891 -0.1898022 0.2596257
Moved 844.1818 245.3443 487.6557 -0.1990551 0.2749442
Moved 844.2319 240.6153 493.3847 -0.2072652 0.2881083
Moved 844.2811 239 495 -0.2100695 0.2918199
Moved 844.3297 237.379 497 -0.2128837 0.2964155
Moved 844.3783 237 499.4872 -0.2135416 0.3021305
Ended 844.4241 237 499 -0.2135416 0.3010111
Began 844.9487 268 501 -0.1597222 0.3056066
Stationary 845.0057 268 501 -0.1597222 0.3056066
Moved 845.0583 286.6662 474.8579 -0.1273156 0.2455375
Moved 845.11 326.5 414 -0.05815972 0.1056986
Moved 845.1642 355.8892 370.6663 -0.007136874 0.006126516
Moved 845.2175 384.8298 331.9628 0.04310727 -0.08280607
Moved 845.2695 403.5214 305.4643 0.07555805 -0.1436942
Moved 845.3262 422.5891 278.5137 0.1086616 -0.2056212
Moved 845.3801 438.601 253.7979 0.1364601 -0.2624131
Moved 845.4344 450.5653 229.3041 0.1572315 -0.3186947
Moved 845.515 458.2939 210.1182 0.1706491 -0.3627799
Moved 845.5695 459 205.9366 0.171875 -0.3723882
Moved 845.6221 428.3976 214.4016 0.1187457 -0.3529375
Moved 845.676 374.8989 238.8641 0.02586611 -0.2967277
Moved 845.7284 316.8788 261.2773 -0.07486311 -0.2452267
Moved 845.7817 285.2241 277.4434 -0.1298193 -0.2080803
Moved 845.8592 256.1375 299.8625 -0.1803168 -0.156566
Moved 845.9102 248 310.3352 -0.1944444 -0.1325018
Moved 845.9604 246 315.601 -0.1979167 -0.1204022
Moved 846.0106 246 321.8987 -0.1979167 -0.1059312
Moved 846.0604 246 330.6105 -0.1979167 -0.08591344
Moved 846.1116 271.6377 350.4252 -0.1534067 -0.04038327
Moved 846.1613 300.3968 366.6984 -0.1034778 -0.002990751
Moved 846.2124 337.622 390.0814 -0.03885065 0.05073842
Moved 846.2654 374.5322 412.7661 0.02522953 0.1028633
Moved 846.319 397.8929 426.3143 0.06578624 0.1339942
Moved 846.4039 438.3873 457.5405 0.1360891 0.2057457
Moved 846.4602 452.4424 467.2949 0.1604902 0.2281593
Moved 846.5171 463.3573 474.3573 0.1794398 0.2443872
Moved 846.5729 471.4608 479 0.1935084 0.2550552
Moved 846.6239 473.0985 481.0986 0.1963516 0.2598772
Moved 846.6771 475.0322 481 0.1997087 0.2596507
Stationary 846.73 475 481 0.1996528 0.2596507
Moved 846.7816 450.7692 369.6043 0.1575855 0.003686372
Moved 846.8336 439.2979 301.979 0.13767 -0.1517027
Moved 846.8823 436.0848 264.8478 0.1320917 -0.2370225
Moved 846.9597 436 234.7947 0.1319444 -0.3060784
Moved 847.0101 436 225.9333 0.1319444 -0.3264399
Moved 847.0607 436 217.7095 0.1319444 -0.3453367
Moved 847.1102 436 217 0.1319444 -0.3469669
Moved 847.1628 413.8719 238.1464 0.09352767 -0.2983769
Moved 847.2166 363.4594 303.779 0.006005839 -0.1475667
Moved 847.2709 329.0225 363.2439 -0.05378042 -0.01092855
Moved 847.3286 295.4003 430.1994 -0.1121523 0.1429214
Moved 847.3826 277.4209 463.7635 -0.1433665 0.2200448
Moved 847.437 263.3522 492.4717 -0.1677912 0.2860104
Moved 847.5197 255.3521 506.6479 -0.1816805 0.3185845
Moved 847.5745 250.6239 514.3762 -0.1898892 0.3363423
Moved 847.627 249 518.2294 -0.1927084 0.3451964
Moved 847.6813 247 522.0234 -0.1961806 0.3539141
Ended 847.7303 246 523 -0.1979167 0.3561581
PhraseEnd 849.0099
