time to go shopping
Basic
0.4 0.4
288 115.2
Began 787.194 355 290 -0.01736112 0.4340278
Stationary 787.2441 355 290 -0.01736112 0.4340278
Stationary 787.2794 355 290 -0.01736112 0.4340278
Stationary 787.3093 355 290 -0.01736112 0.4340278
Stationary 787.3387 355 290 -0.01736112 0.4340278
Stationary 787.3682 355 290 -0.01736112 0.4340278
Stationary 787.3997 355 290 -0.01736112 0.4340278
Stationary 787.4294 355 290 -0.01736112 0.4340278
Stationary 787.459 355 290 -0.01736112 0.4340278
Stationary 787.4879 355 290 -0.01736112 0.4340278
Stationary 787.5165 355 290 -0.01736112 0.4340278
Moved 787.5476 365.5 290 0.01909718 0.4340278
Moved 787.5898 374.2922 290 0.04962578 0.4340278
Moved 787.6304 386.8622 290 0.09327143 0.4340278
Moved 787.6636 399.5 290 0.1371528 0.4340278
Moved 787.698 417.4646 290 0.1995298 0.4340278
Moved 787.7301 426.0751 290 0.2294274 0.4340278
Moved 787.763 431.4269 290 0.24801 0.4340278
Moved 787.7958 435.0848 290 0.2607113 0.4340278
Moved 787.8373 439.391 290 0.275663 0.4340278
Moved 787.8848 441.5 290 0.2829862 0.4340278
Moved 787.919 442 290 0.2847222 0.4340278
Moved 787.9717 444.2852 290 0.2926567 0.4340278
Moved 788.0067 445.0305 290 0.2952449 0.4340278
Stationary 788.0399 445 290 0.295139 0.4340278
Moved 788.0724 446.2788 290 0.2995794 0.4340278
Stationary 788.1049 446 290 0.2986111 0.4340278
Moved 788.1357 446 280.7296 0.2986111 0.3535554
Moved 788.1661 446 281.9574 0.2986111 0.3642136
Moved 788.1979 446 278.9518 0.2986111 0.3381237
Moved 788.2289 446 277.0605 0.2986111 0.3217062
Moved 788.2604 446 269.7458 0.2986111 0.2582108
Moved 788.3123 430.4324 240.8649 0.2445571 0.007507537
Moved 788.3459 425.8535 228.7069 0.2286579 -0.09803057
Moved 788.3786 422.0614 219.1841 0.2154909 -0.1806937
Moved 788.4114 420 212.7539 0.2083333 -0.2365113
Moved 788.444 417.6183 207.2366 0.2000636 -0.2844048
Moved 788.4907 416.3114 201.3114 0.1955257 -0.3358383
Moved 788.5226 414.5 197 0.1892361 -0.3732637
Moved 788.5533 413.9048 193.9049 0.1871696 -0.400131
Moved 788.5833 413 190.0332 0.1840278 -0.4337396
Moved 788.6138 412.1605 188.1605 0.1811129 -0.4499955
Moved 788.6623 411 185.2262 0.1770833 -0.4754671
Moved 788.6932 410.3503 184 0.1748273 -0.4861109
Moved 788.7253 406 184 0.1597223 -0.4861109
Moved 788.7566 394.7462 191.3553 0.1206464 -0.4222624
Moved 788.7965 372.1344 205.4924 0.04213333 -0.2995449
Moved 788.8295 357.5467 216.2111 -0.008518398 -0.2065012
Moved 788.863 344.8749 228.1251 -0.0525178 -0.1030805
Moved 788.8983 322.6777 248.3223 -0.1295913 0.07224189
Moved 788.9308 311.2444 256.8167 -0.1692902 0.1459776
Moved 788.9633 304.1358 262.2428 -0.1939729 0.1930801
Moved 789.0162 296.4116 269.7942 -0.2207931 0.2586304
Moved 789.0478 291.6403 273.6799 -0.2373601 0.29236
Moved 789.0804 288.5 275 -0.2482639 0.3038195
Moved 789.1123 284.5 279.5 -0.2621528 0.3428822
Moved 789.1447 283 281.3892 -0.2673611 0.3592809
Moved 789.1749 279.7377 283 -0.2786885 0.3732639
Moved 789.2048 278.5 284 -0.2829861 0.3819447
Moved 789.2357 277.5 285 -0.2864583 0.390625
Moved 789.2729 276.5 286 -0.2899306 0.3993056
Moved 789.3055 277 287.015 -0.2881944 0.4081165
Moved 789.3539 275.5145 287 -0.2933525 0.4079864
Moved 789.3834 276 288 -0.2916667 0.4166667
Ended 789.4148 276 288 -0.2916667 0.4166667
Began 789.8556 331 307 -0.1006945 0.5815973
Stationary 789.897 331 307 -0.1006945 0.5815973
Stationary 789.9283 331 307 -0.1006945 0.5815973
Stationary 789.9611 331 307 -0.1006945 0.5815973
Stationary 789.9922 331 307 -0.1006945 0.5815973
Moved 790.0243 357 307 -0.01041666 0.5815973
Moved 790.0557 366.5381 307 0.02270192 0.5815973
Moved 790.0873 373.8705 307 0.04816145 0.5815973
Moved 790.1195 380.6517 307 0.07170737 0.5815973
Moved 790.1509 387.3934 300 0.09511606 0.5208334
Moved 790.1824 393 300 0.1145834 0.5208334
Moved 790.2225 401 299 0.1423611 0.5121531
Moved 790.2548 410.6626 299 0.1759116 0.5121531
Moved 790.2859 418.817 299 0.2042259 0.5121531
Moved 790.3179 425.35 299 0.2269098 0.5121531
Moved 790.3487 430.3082 298 0.2441256 0.5034723
Moved 790.3804 436 298 0.2638889 0.5034723
Moved 790.4114 439.0491 297 0.2744761 0.494792
Moved 790.4442 442.937 297 0.2879758 0.494792
Moved 790.4771 445.8081 296 0.2979449 0.4861112
Moved 790.5083 448.6785 294.3215 0.3079115 0.4715411
Moved 790.5602 452 293 0.3194444 0.4600695
Moved 790.5926 453.9338 293 0.326159 0.4600695
Moved 790.6237 454 292 0.326389 0.4513892
Moved 790.655 455 292 0.329861 0.4513892
Moved 790.6855 456 290.7581 0.3333333 0.4406082
Moved 790.7152 457 291 0.3368056 0.4427084
Stationary 790.7456 457 291 0.3368056 0.4427084
Moved 790.7751 458 290 0.3402779 0.4340278
Moved 790.8044 458.9608 289.0392 0.3436138 0.4256879
Ended 790.8343 459 289 0.34375 0.4253475
Began 791.2559 326 252 -0.1180556 0.1041667
Stationary 791.3015 326 252 -0.1180556 0.1041667
Stationary 791.3328 326 252 -0.1180556 0.1041667
Stationary 791.3622 326 252 -0.1180556 0.1041667
Stationary 791.3962 326 252 -0.1180556 0.1041667
Stationary 791.4257 326 252 -0.1180556 0.1041667
Stationary 791.4557 326 252 -0.1180556 0.1041667
Stationary 791.4854 326 252 -0.1180556 0.1041667
Stationary 791.5143 326 252 -0.1180556 0.1041667
Stationary 791.5433 326 252 -0.1180556 0.1041667
Moved 791.5725 335.9912 252 -0.08336373 0.1041667
Moved 791.6047 339.7231 252 -0.07040606 0.1041667
Moved 791.6344 344.4568 252 -0.05396962 0.1041667
Moved 791.6656 347.6025 256.2178 -0.04304677 0.1407801
Moved 791.7 353.2106 259 -0.02357416 0.1649308
Moved 791.7335 358.9429 260.4714 -0.00367038 0.1777034
Moved 791.7861 366 261.5 0.02083331 0.1866322
Moved 791.8209 378.0268 262 0.06259307 0.1909725
Moved 791.8533 389.1268 264.6254 0.1011348 0.2137619
Moved 791.8846 402.4439 267.4888 0.1473746 0.2386181
Moved 791.9153 411.9204 269.9801 0.1802792 0.260244
Moved 791.9452 418.7041 271 0.2038336 0.2690972
Moved 791.9784 424.4502 272 0.2237855 0.2777781
Moved 792.01 427.2012 273 0.2333374 0.2864584
Moved 792.0419 430.1387 273 0.2435372 0.2864584
Moved 792.0733 433.0047 273 0.2534887 0.2864584
Moved 792.1299 436.156 274 0.2644305 0.2951392
Moved 792.1649 438.2687 274 0.2717663 0.2951392
Moved 792.2057 442.564 274 0.2866805 0.2951392
Moved 792.2379 444.1204 274 0.2920848 0.2951392
Moved 792.2728 446 274 0.2986111 0.2951392
Moved 792.3072 448.8706 274 0.3085785 0.2951392
Moved 792.3399 450.3635 274 0.3137622 0.2951392
Moved 792.3743 453.6882 274 0.3253064 0.2951392
Moved 792.4139 455.5 274 0.3315972 0.2951392
Moved 792.4465 456.4221 274 0.334799 0.2951392
Moved 792.4962 457.2216 274 0.3375749 0.2951392
Moved 792.5363 458.237 274 0.3411007 0.2951392
Moved 792.5743 459.0463 274 0.3439108 0.2951392
Stationary 792.6157 459 274 0.34375 0.2951392
Moved 792.6467 460 274 0.3472223 0.2951392
Stationary 792.6826 460 274 0.3472223 0.2951392
Moved 792.7144 461.1799 274 0.351319 0.2951392
Stationary 792.7466 461 274 0.3506945 0.2951392
Ended 792.7762 461 274 0.3506945 0.2951392
Began 793.2407 290 287 -0.2430555 0.4079864
Stationary 793.2868 290 287 -0.2430555 0.4079864
Stationary 793.32 290 287 -0.2430555 0.4079864
Moved 793.3525 317.4875 287 -0.1476129 0.4079864
Moved 793.3845 340.6041 282.3959 -0.06734699 0.3680203
Moved 793.4151 355.089 277.4778 -0.01705214 0.325328
Moved 793.4456 364.1892 275.6036 0.01454592 0.3090588
Moved 793.4771 370.6987 274.1005 0.03714815 0.296011
Moved 793.5081 376.5486 273.2256 0.05746052 0.2884171
Moved 793.5405 381.2982 273 0.07395223 0.2864584
Moved 793.5762 385.6198 272 0.08895756 0.2777781
Moved 793.6118 388.5 270.5 0.09895831 0.264757
Moved 793.6522 394.7961 270.2039 0.12082 0.2621866
Moved 793.6832 399.4699 270 0.1370484 0.2604167
Moved 793.7167 404.373 269 0.1540731 0.2517361
Moved 793.7465 407.0522 268 0.1633757 0.2430556
Moved 793.7761 409.921 267.079 0.1733369 0.2350606
Moved 793.8049 411.0297 267 0.1771866 0.2343753
Moved 793.8348 412.3745 267 0.181856 0.2343753
Moved 793.8643 413.1742 267 0.1846327 0.2343753
Moved 793.8948 415.3332 267 0.1921292 0.2343753
Moved 793.9251 416.0599 267 0.1946524 0.2343753
Moved 793.9792 418.9367 267 0.2046412 0.2343753
Moved 794.0109 420.3729 267 0.2096281 0.2343753
Moved 794.0421 425.5703 267 0.2276747 0.2343753
Moved 794.0727 434.6445 267 0.2591822 0.2343753
Moved 794.1033 442.0964 267 0.2850571 0.2343753
Moved 794.1356 446.8679 274 0.3016247 0.2951392
Moved 794.1664 450.4419 275 0.3140343 0.3038195
Moved 794.1976 454.3138 276 0.3274786 0.3124998
Moved 794.23 457.1827 277 0.3374401 0.3211806
Moved 794.2609 458.1936 277 0.34095 0.3211806
Moved 794.3115 461.3734 277 0.3519911 0.3211806
Moved 794.3471 463.001 278 0.3576423 0.3298611
Stationary 794.3812 463.001 278 0.3576423 0.3298611
Moved 794.413 464.249 278 0.3619756 0.3298611
Moved 794.446 465.249 278 0.3654479 0.3298611
Moved 794.4824 466.172 278 0.3686528 0.3298611
Moved 794.514 467.2275 279 0.3723179 0.338542
Stationary 794.5432 467.2275 279 0.3723179 0.338542
Stationary 794.5729 467.2275 279 0.3723179 0.338542
Moved 794.6033 468.1173 279 0.3754072 0.338542
Moved 794.6555 478.0145 279 0.4097725 0.338542
Moved 794.6893 486.2484 279 0.4383627 0.338542
Moved 794.7227 496.2552 279 0.4731085 0.338542
Moved 794.7567 501.282 279 0.4905626 0.338542
Moved 794.7899 505.1668 279 0.5040514 0.338542
Moved 794.8241 507.0473 279 0.5105809 0.338542
Moved 794.8539 508 279 0.513889 0.338542
Moved 794.8835 509 279 0.5173612 0.338542
Moved 794.9132 510.172 279 0.5214307 0.338542
Moved 794.9437 511.2584 279 0.5252029 0.338542
Stationary 794.9932 511 279 0.5243056 0.338542
Moved 795.0229 512.5 279 0.529514 0.338542
Stationary 795.0524 512.5 279 0.529514 0.338542
Moved 795.0818 512 271.2888 0.5277778 0.2716041
Stationary 795.1107 512 271.2888 0.5277778 0.2716041
Stationary 795.1394 512 271.2888 0.5277778 0.2716041
Stationary 795.1685 512 270.9183 0.5277778 0.2683878
Stationary 795.1995 512 271 0.5277778 0.2690972
Moved 795.2332 512 269.6613 0.5277778 0.257477
Stationary 795.2653 512 270 0.5277778 0.2604167
Moved 795.3149 472.873 262.3746 0.3919199 0.194224
Moved 795.3459 458.244 259.784 0.3411248 0.1717364
Moved 795.3776 443.9299 257.9825 0.2914232 0.1560979
Moved 795.408 434.3415 257 0.2581303 0.1475695
Moved 795.4396 428.2403 256 0.2369456 0.1388889
Moved 795.471 424.671 255 0.224552 0.1302086
Moved 795.5054 421.8028 255 0.214593 0.1302086
Moved 795.5403 419.9672 255 0.2082193 0.1302086
Moved 795.5725 418.5 253.5 0.203125 0.1171875
Moved 795.6088 416.751 254 0.1970522 0.1215281
Moved 795.6636 415.751 254 0.1935799 0.1215281
Moved 795.6971 414.8367 254 0.1904051 0.1215281
Moved 795.729 414 249.959 0.1875 0.08644979
Moved 795.7619 412.114 240.4562 0.1809515 0.003959603
Moved 795.7949 412 231.6792 0.1805556 -0.07222918
Moved 795.8298 409.6941 220.0823 0.1725489 -0.1728967
Moved 795.8622 409 212.4779 0.1701389 -0.2389071
Moved 795.8939 406.9518 204.8552 0.1630269 -0.3050759
Moved 795.9269 406 199.87 0.1597223 -0.3483505
Moved 795.9597 404.1299 192.2598 0.1532286 -0.4144121
Moved 796.0091 402.6266 188.2532 0.1480089 -0.4491912
Moved 796.0422 402.2624 187 0.1467444 -0.4600692
Moved 796.0768 402 185 0.1458333 -0.4774306
Moved 796.1074 401 183.522 0.1423611 -0.4902607
Moved 796.1404 399.9827 184 0.1388288 -0.4861109
Moved 796.1714 398.1149 184 0.1323435 -0.4861109
Moved 796.2014 394.2404 184 0.1188901 -0.4861109
Moved 796.2344 389 184 0.1006945 -0.4861109
Moved 796.2662 384.7369 196.2632 0.08589193 -0.3796596
Moved 796.2983 377.5587 203.4413 0.06096766 -0.31735
Moved 796.3496 371.6819 211.6364 0.040562 -0.2462122
Moved 796.3901 366.2749 217.4501 0.02178803 -0.1957459
Moved 796.425 364.4056 220.5945 0.01529708 -0.1684504
Moved 796.4594 361.9159 224.0841 0.006652474 -0.1381588
Moved 796.4932 359.015 228.97 -0.003420115 -0.09574679
Moved 796.5256 357.1397 231 -0.009931476 -0.07812501
Moved 796.5599 355.1055 234 -0.01699492 -0.05208307
Moved 796.5912 355 235.2937 -0.01736112 -0.04085329
Moved 796.6227 353.3983 236.6017 -0.02292261 -0.02949927
Moved 796.6547 353 238.2379 -0.02430558 -0.01529588
Stationary 796.7045 353 238 -0.02430558 -0.01736111
Ended 796.7354 353 239.5 -0.02430558 -0.004340278
PhraseEnd 797.8817
