an offer you cannot refuse
Basic
0.6 0.6
432 172.8
Began 369.3338 223 264 -0.3171296 0.1388891
Stationary 369.3774 223 264 -0.3171296 0.1388891
Stationary 369.4076 223 264 -0.3171296 0.1388891
Stationary 369.4375 223 264 -0.3171296 0.1388891
Stationary 369.467 223 264 -0.3171296 0.1388891
Stationary 369.4973 223 264 -0.3171296 0.1388891
Moved 369.5281 236.6004 264 -0.2856472 0.1388891
Moved 369.5601 242.1217 256.5741 -0.2728665 0.09591492
Moved 369.6034 256.4602 252.1079 -0.2396754 0.0700691
Moved 369.6336 270.2804 246.6879 -0.2076843 0.03870276
Moved 369.6689 295.5 238 -0.1493056 -0.01157407
Moved 369.6979 304.681 233.4946 -0.1280533 -0.03764665
Moved 369.7276 320.9986 225.2008 -0.09028102 -0.08564349
Moved 369.7567 335.8076 218.277 -0.0560008 -0.1257119
Moved 369.7899 349.6375 210.6174 -0.02398724 -0.1700378
Moved 369.8203 364.5845 202.2078 0.01061231 -0.2187051
Moved 369.8498 380.101 194.9495 0.04653017 -0.2607091
Moved 369.882 393.4619 188.769 0.07745812 -0.2964755
Moved 369.9135 401.9818 184.6788 0.09718001 -0.3201455
Moved 369.9433 409.9132 180.3912 0.1155398 -0.3449579
Moved 369.9961 421.841 174.1589 0.1431506 -0.3810247
Moved 370.0309 426.3637 173 0.1536198 -0.3877313
Moved 370.0627 431.0335 172 0.1644294 -0.3935184
Ended 370.0942 437 172 0.1782407 -0.3935184
Began 370.3343 526 298 0.3842592 0.3356482
Stationary 370.3775 526 298 0.3842592 0.3356482
Stationary 370.4075 526 298 0.3842592 0.3356482
Moved 370.4393 511 298 0.349537 0.3356482
Moved 370.4728 506.4933 288.6622 0.3391048 0.28161
Moved 370.5086 499.1263 286.0632 0.3220516 0.2665691
Moved 370.541 490.8984 283.2995 0.3030057 0.2505758
Moved 370.5728 484.7112 280.9037 0.2886833 0.2367115
Moved 370.6053 476.3063 278.1021 0.2692275 0.2204983
Moved 370.6463 456.6923 271.912 0.2238247 0.1846762
Moved 370.6818 441.5 268.5 0.1886574 0.1649306
Moved 370.7212 403.0499 259.6777 0.09965261 0.1138758
Moved 370.7564 376.5822 252.1455 0.0383846 0.0702865
Moved 370.7994 347.4619 243.4232 -0.02902329 0.01981029
Moved 370.8319 329.9915 238.9983 -0.069464 -0.005796751
Moved 370.8654 320.7313 238 -0.09089971 -0.01157407
Moved 370.8961 313.5222 238 -0.1075876 -0.01157407
Moved 370.9277 309.2084 238 -0.1175731 -0.01157407
Moved 370.9594 302.6873 238 -0.1326684 -0.01157407
Moved 370.9904 293.3762 249.2477 -0.1542218 0.05351667
Moved 371.0214 278.1286 256.5229 -0.1895172 0.09561858
Moved 371.054 255.9712 272.023 -0.2408073 0.1853184
Moved 371.0841 245.7054 280.2946 -0.2645709 0.2331865
Moved 371.1353 238.3223 289.3554 -0.2816613 0.2856216
Moved 371.1661 238 294.6702 -0.2824074 0.3163787
Moved 371.1955 238 300.1702 -0.2824074 0.348207
Moved 371.2259 238 305.6981 -0.2824074 0.3801976
Moved 371.2562 247.9801 309.4951 -0.2593053 0.4021705
Moved 371.2859 258.5316 312.0886 -0.2348805 0.4171796
Moved 371.3169 269.4136 312 -0.2096907 0.4166669
Moved 371.3481 277.8342 312 -0.1901986 0.4166669
Moved 371.3791 283.1065 312 -0.1779943 0.4166669
Moved 371.4106 287.6243 312 -0.1675363 0.4166669
Ended 371.4591 296.5 312 -0.1469907 0.4166669
Began 371.7887 341 245 -0.04398147 0.02893519
Stationary 371.8215 341 245 -0.04398147 0.02893519
Stationary 371.8524 341 245 -0.04398147 0.02893519
Stationary 371.8823 341 245 -0.04398147 0.02893519
Moved 371.9132 360.7964 245 0.001843572 0.02893519
Moved 371.9445 372.8325 245 0.02970487 0.02893519
Moved 371.9834 387.5659 252 0.06380985 0.06944445
Moved 372.0168 395.9164 253.2291 0.08313974 0.07655762
Moved 372.0517 406.2628 254 0.1070899 0.0810187
Moved 372.0862 425.9968 257 0.1527703 0.09837963
Moved 372.1205 440.7553 261.4388 0.1869335 0.1240674
Moved 372.1617 468.6548 272.3274 0.2515156 0.1870798
Moved 372.1947 481 278 0.2800926 0.2199074
Moved 372.2277 487.6047 281.3024 0.2953811 0.2390185
Moved 372.2625 490.7702 284.7701 0.3027087 0.2590865
Moved 372.2955 493.5 286.5 0.3090277 0.2690974
Moved 372.329 493 287.3596 0.3078704 0.2740719
Moved 372.3618 493 290.1221 0.3078704 0.2900583
Moved 372.3949 483.3463 293.7691 0.2855238 0.3111638
Moved 372.4295 474.4075 296.6481 0.2648322 0.327825
Moved 372.4615 464.3557 298 0.2415641 0.3356482
Moved 372.5166 439 301 0.1828703 0.3530091
Moved 372.5484 429.6251 301 0.1611692 0.3530091
Moved 372.5806 422.4792 301 0.1446279 0.3530091
Moved 372.6122 414.5 301 0.1261574 0.3530091
Moved 372.6423 409.685 301 0.1150115 0.3530091
Ended 372.6759 409 301 0.113426 0.3530091
Began 373.0164 325 177 -0.08101851 -0.3645834
Stationary 373.0556 325 177 -0.08101851 -0.3645834
Stationary 373.0858 325 177 -0.08101851 -0.3645834
Stationary 373.1156 325 177 -0.08101851 -0.3645834
Moved 373.1461 314.2975 177 -0.1057929 -0.3645834
Moved 373.1785 296.2722 177 -0.147518 -0.3645834
Moved 373.2108 280.7601 186.4133 -0.1834258 -0.3101081
Moved 373.2444 263.8116 191.911 -0.2226584 -0.2782926
Moved 373.2776 244.5497 195.8429 -0.267246 -0.2555388
Moved 373.3114 228.5678 201.0593 -0.3042413 -0.225351
Moved 373.3452 216.2531 208.3102 -0.3327475 -0.1833902
Moved 373.3764 207.2578 215.7422 -0.3535699 -0.1403807
Moved 373.4084 196.9554 228.0669 -0.377418 -0.06905714
Moved 373.4394 195 235.3441 -0.3819444 -0.0269436
Moved 373.4697 195 244 -0.3819444 0.02314815
Moved 373.5154 218.6282 254.8141 -0.3272495 0.08572967
Moved 373.546 252.9067 262.4376 -0.2479012 0.129847
Moved 373.5774 297.7393 263 -0.1441221 0.1331019
Moved 373.6075 307.4832 263 -0.1215668 0.1331019
Moved 373.6398 342.4465 239.7449 -0.04063318 -0.001476429
Moved 373.6734 359.9547 225.8711 -0.0001049538 -0.0817645
Moved 373.7107 375 215 0.03472219 -0.1446759
Moved 373.7445 390.1161 199.9033 0.06971309 -0.2320408
Moved 373.7904 410.7372 184.4103 0.1174471 -0.3216996
Moved 373.824 428.0361 175.976 0.1574911 -0.3705094
Moved 373.8758 439.2723 173 0.1835006 -0.3877313
Moved 373.9073 445.8354 172 0.1986931 -0.3935184
Moved 373.9392 458 172 0.2268519 -0.3935184
Moved 373.9736 473.6533 199.8711 0.2630863 -0.2322275
Moved 374.0072 484.4996 221.8741 0.2881936 -0.1048948
Moved 374.0403 498.0327 252.0981 0.3195201 0.07001259
Moved 374.0703 502.8413 267.1033 0.3306512 0.1568478
Moved 374.1004 504.1858 277.5574 0.3337635 0.2173464
Moved 374.1303 504 282.683 0.3333333 0.2470082
Moved 374.1601 504 289.9773 0.3333333 0.2892205
Moved 374.2091 490.2195 299.4683 0.3014341 0.3441451
Moved 374.2424 464.2098 305.2983 0.2412264 0.3778841
Moved 374.2753 443.5393 306.0658 0.193378 0.3823252
Moved 374.3076 423.2015 306 0.1462999 0.3819445
Moved 374.3411 404.5586 306 0.1031448 0.3819445
Moved 374.3737 386.9885 306 0.06247341 0.3819445
Moved 374.4064 377 306 0.03935188 0.3819445
Moved 374.4393 365.5408 306 0.01282593 0.3819445
Moved 374.4736 357.8449 306 -0.004988561 0.3819445
Moved 374.5088 350.7301 306 -0.02145802 0.3819445
Moved 374.5634 340.3098 306 -0.04557927 0.3819445
Moved 374.5978 333.6613 306 -0.06096924 0.3819445
Ended 374.633 330.5 306 -0.06828706 0.3819445
Began 375.0909 321 298 -0.09027779 0.3356482
Stationary 375.1331 321 298 -0.09027779 0.3356482
Stationary 375.1648 321 298 -0.09027779 0.3356482
Moved 375.1972 307.0778 298 -0.122505 0.3356482
Moved 375.2306 302.0725 287.7539 -0.1340913 0.2763536
Moved 375.2639 297.5376 290 -0.144589 0.2893519
Moved 375.2965 291.0528 290 -0.1596001 0.2893519
Moved 375.3353 283.4185 290 -0.1772721 0.2893519
Moved 375.3682 280.445 290 -0.1841552 0.2893519
Moved 375.4061 277.6779 290 -0.1905605 0.2893519
Moved 375.447 273.8703 298.1296 -0.1993743 0.3363986
Moved 375.4797 271.0759 298.9241 -0.2058428 0.3409958
Moved 375.5208 266.9409 300.0591 -0.2154147 0.3475645
Moved 375.5546 263.5 301.5 -0.2233796 0.355903
Moved 375.5894 255.2744 301 -0.2424204 0.3530091
Moved 375.6219 251.9972 302 -0.2500066 0.3587963
Moved 375.6708 250 304.1232 -0.2546296 0.3710835
Stationary 375.7033 250 304.1232 -0.2546296 0.3710835
Moved 375.7366 262.7796 304 -0.2250473 0.3703706
Moved 375.7908 280.5 289.5 -0.1840278 0.2864584
Moved 375.8279 301.6148 278.6926 -0.135151 0.2239157
Moved 375.8682 316.0859 270.7485 -0.101653 0.1779426
Moved 375.9021 331.6903 260.4822 -0.06553169 0.1185317
Moved 375.9339 340.9843 253.0156 -0.04401778 0.07532208
Moved 375.9649 347.5051 244.495 -0.02892345 0.02601288
Moved 375.9959 351.5159 238.9681 -0.01963904 -0.005971415
Moved 376.0309 353.9886 235.0228 -0.0139153 -0.02880308
Moved 376.0661 356.7489 233 -0.007525633 -0.04050926
Moved 376.1034 362.6815 232 0.006207129 -0.0462963
Moved 376.1695 391.4372 250.2623 0.07277121 0.05938866
Moved 376.2017 407.078 263.2317 0.1089769 0.1344426
Moved 376.2318 419.4515 275.0644 0.1376193 0.2029189
Moved 376.2627 427.052 284.0693 0.1552131 0.2550309
Moved 376.2979 430.7753 288.5506 0.1638317 0.2809641
Moved 376.3305 431 290.1609 0.1643519 0.2902833
Moved 376.3622 431 291.3591 0.1643519 0.2972169
Moved 376.3947 395.6257 291 0.0824669 0.2951389
Moved 376.4329 364.3261 278.3315 0.01001418 0.2218259
Moved 376.4649 328.5531 270.4009 -0.07279376 0.1759314
Moved 376.519 268.613 253.6049 -0.2115439 0.07873182
Moved 376.5492 251.6103 246.8701 -0.2509021 0.0397578
Moved 376.5801 235.8417 241.3833 -0.2874035 0.008005213
Moved 376.6101 228.4621 240 -0.304486 0
Moved 376.6408 222 240 -0.3194444 0
Moved 376.6707 220.5 240 -0.3229167 0
Moved 376.7013 220 240 -0.3240741 0
Moved 376.7403 220 251.4183 -0.3240741 0.06607834
Moved 376.775 220 258.715 -0.3240741 0.1083046
Moved 376.8094 251.9871 285.6137 -0.2500299 0.2639684
Moved 376.8622 280.8204 305.6563 -0.1832861 0.3799557
Moved 376.9052 292.6233 314.3116 -0.1559647 0.4300443
Moved 376.9371 295.8167 317.8168 -0.1485724 0.4503286
Moved 376.9695 299.059 319 -0.1410672 0.4571759
Ended 377.0013 300 319 -0.1388889 0.4571759
PhraseEnd 377.8324
the power of denial
Basic
0.6 0.6
432 326.4
Began 964.3631 340 414 -0.04629632 0.1409314
Stationary 964.4288 340 414 -0.04629632 0.1409314
Stationary 964.4896 340 414 -0.04629632 0.1409314
Stationary 964.5517 340 414 -0.04629632 0.1409314
Moved 964.6132 323.1852 414 -0.08521954 0.1409314
Moved 964.6767 316.5814 422.4186 -0.1005061 0.1667238
Moved 964.74 316 424 -0.1018519 0.1715687
Moved 964.808 334.389 425 -0.05928477 0.1746324
Moved 964.8718 371.7761 400.5885 0.02725949 0.09984227
Moved 964.9384 395.8284 383.3787 0.08293609 0.04711619
Moved 965.0023 410.5584 364.6624 0.1170333 -0.01022545
Moved 965.0634 414 354.9929 0.125 -0.03985022
Moved 965.1267 401.8713 354 0.0969243 -0.04289207
Moved 965.1877 356.1749 386.0969 -0.008854419 0.05544396
Moved 965.2521 312.6394 420.9071 -0.1096311 0.1620928
Moved 965.3418 284.5324 453.4675 -0.1746934 0.2618491
Moved 965.4005 274.441 467.559 -0.1980532 0.3050214
Moved 965.4598 272.8849 471.1151 -0.2016554 0.3159164
Ended 965.5231 273 472 -0.2013889 0.3186275
Began 965.7926 560 376 0.462963 0.02450971
Stationary 965.8635 560 376 0.462963 0.02450971
Moved 965.9243 531.2846 380.3446 0.3964922 0.03782057
Moved 965.9899 494.4764 395.0748 0.311288 0.08294971
Moved 966.0545 451.5562 408.9164 0.2119357 0.1253567
Moved 966.1163 407.3422 419.6645 0.1095883 0.1582859
Moved 966.1774 377.8783 430.0609 0.04138489 0.1901374
Moved 966.2444 346.5 439 -0.03125002 0.2175246
Moved 966.3198 299.4695 450.1516 -0.140117 0.25169
Moved 966.3842 258.4646 457.6339 -0.2350357 0.2746136
Moved 966.4498 243.7474 460 -0.2691033 0.2818628
Moved 966.5095 224.2702 463.2883 -0.3141893 0.2919374
Moved 966.5695 205.3885 465 -0.357897 0.2971814
Moved 966.6316 197.9612 467 -0.3750899 0.3033088
Moved 966.7175 196 471.5 -0.3796296 0.3170956
Moved 966.7786 228.5907 481.1182 -0.3041882 0.3465631
Moved 966.8391 256.0453 484 -0.240636 0.3553922
Moved 966.9037 275.5916 484 -0.1953898 0.3553922
Moved 966.9663 285.9989 484 -0.1712989 0.3553922
Moved 967.0288 295 484 -0.150463 0.3553922
Ended 967.0902 297 484 -0.1458333 0.3553922
Began 967.3494 483 407 0.2847222 0.1194853
Stationary 967.4118 483 407 0.2847222 0.1194853
Moved 967.4711 469.5 407 0.2534722 0.1194853
Moved 967.5342 456.2586 407 0.2228209 0.1194853
Moved 967.595 420.9947 388.623 0.1411914 0.06318317
Moved 967.658 364.5559 360.9396 0.01054605 -0.0216313
Moved 967.7405 313.7744 338.3871 -0.1070038 -0.09072566
Moved 967.8033 304.8635 337 -0.1276307 -0.0949754
Moved 967.8669 304 337 -0.1296296 -0.0949754
Ended 967.9257 304 337 -0.1296296 -0.0949754
Began 968.218 283 338 -0.1782407 -0.09191177
Stationary 968.2883 283 338 -0.1782407 -0.09191177
Moved 968.3713 253.7081 373.5839 -0.2460461 0.01710751
Moved 968.4324 251 417.2921 -0.2523148 0.1510175
Moved 968.4944 266.4841 442.9788 -0.2164721 0.2297143
Moved 968.5554 282.3792 457.5861 -0.1796778 0.2744673
Moved 968.6155 316.8286 465 -0.09993374 0.2971814
Moved 968.6763 347.3159 444.6841 -0.02936145 0.2349392
Moved 968.7385 372.9074 377.4628 0.02987832 0.02899161
Moved 968.7985 386.3559 302.7457 0.06100913 -0.1999211
Moved 968.8613 395.2912 255.772 0.08169264 -0.3438359
Moved 968.9232 399.8518 244.1482 0.09224951 -0.379448
Moved 969.007 421.672 277.0784 0.1427593 -0.2785586
Moved 969.0709 445.7822 360.8386 0.19857 -0.02194068
Moved 969.1362 454 444.1616 0.2175926 0.2333382
Moved 969.197 441.7945 477.2568 0.1893392 0.334733
Moved 969.2599 398.9691 493.2526 0.09020627 0.3837395
Moved 969.3228 317.9281 475.9009 -0.09738859 0.3305789
Moved 969.3994 229.953 432.6874 -0.3010347 0.1981846
Moved 969.4661 199.5952 412.5952 -0.3713075 0.1366273
Moved 969.53 188.9912 401.9912 -0.3958537 0.1041397
Moved 969.5968 187 386 -0.4004629 0.05514706
Moved 969.6927 285.8063 344.2129 -0.1717447 -0.07287727
Moved 969.7531 358.0987 344 -0.004401157 -0.07352941
Moved 969.8226 422.5 362 0.144676 -0.01838226
Moved 969.8862 464.6311 368 0.2422017 0
Moved 969.9475 482.8326 370 0.2843348 0.006127451
Ended 970.011 494.1615 370 0.310559 0.006127451
PhraseEnd 970.8667
