yes you are very smart
Basic
0.6 0.6
432 172.8
Began 303.7192 394 311 0.07870366 0.4108796
Stationary 303.7572 394 311 0.07870366 0.4108796
Stationary 303.7928 394 311 0.07870366 0.4108796
Stationary 303.8203 394 311 0.07870366 0.4108796
Stationary 303.8446 394 311 0.07870366 0.4108796
Moved 303.8703 383.7594 311 0.0549985 0.4108796
Moved 303.8967 382.0049 311 0.05093734 0.4108796
Moved 303.924 379.2196 311 0.0444898 0.4108796
Moved 303.9506 376.8344 311 0.03896842 0.4108796
Moved 303.983 374.0055 311 0.03242006 0.4108796
Moved 304.0094 370.4886 311 0.02427906 0.4108796
Moved 304.0367 368.8788 311 0.02055287 0.4108796
Moved 304.065 361.3931 306.4379 0.00322481 0.3844787
Moved 304.0918 345.0147 301.7164 -0.03468826 0.3571549
Moved 304.1217 318.5378 299.9538 -0.09597734 0.3469549
Moved 304.1488 295.3335 300 -0.149691 0.3472222
Moved 304.1756 285.7954 300 -0.1717699 0.3472222
Moved 304.2119 258.0339 296.0048 -0.2360325 0.324102
Moved 304.2396 244.9842 294 -0.2662401 0.3125
Moved 304.2805 235 292.5 -0.2893518 0.3038196
Moved 304.3109 232.1866 292 -0.2958643 0.3009261
Moved 304.3381 229.3379 292 -0.3024586 0.3009261
Moved 304.3652 227.5733 289.5734 -0.3065432 0.2868831
Moved 304.3929 226 279.2431 -0.3101852 0.2271013
Moved 304.4198 224.7862 276.3587 -0.3129949 0.2104093
Moved 304.4469 225 265.9413 -0.3125 0.1501237
Moved 304.4742 225 258.4271 -0.3125 0.1066381
Moved 304.5005 225 254.5 -0.3125 0.08391222
Moved 304.5259 225 253.5 -0.3125 0.07812501
Ended 304.571 235.5 254 -0.2881945 0.0810187
Began 304.7846 350 304 -0.02314816 0.3703706
Stationary 304.837 350 304 -0.02314816 0.3703706
Stationary 304.8634 350 304 -0.02314816 0.3703706
Stationary 304.8889 350 304 -0.02314816 0.3703706
Stationary 304.9145 350 304 -0.02314816 0.3703706
Moved 304.9406 371.2012 304 0.02592862 0.3703706
Moved 304.9713 387.8209 304 0.06440014 0.3703706
Moved 304.9985 404.9953 304 0.1041557 0.3703706
Moved 305.0256 422.1095 304 0.143772 0.3703706
Moved 305.0543 441.4605 304 0.1885661 0.3703706
Moved 305.0802 448.7687 304 0.2054832 0.3703706
Moved 305.1073 463.6257 304 0.2398744 0.3703706
Moved 305.1351 476.3243 304 0.2692693 0.3703706
Moved 305.1627 493.5874 304 0.3092302 0.3703706
Moved 305.1907 500.4866 304 0.3252006 0.3703706
Moved 305.2228 508.499 304 0.3437477 0.3703706
Moved 305.2523 513.5694 304 0.3554847 0.3703706
Moved 305.2951 516.4849 304 0.3622336 0.3703706
Moved 305.3224 517.6265 304 0.3648761 0.3703706
Moved 305.3487 518.5 304 0.3668982 0.3703706
Stationary 305.3735 518.5 304 0.3668982 0.3703706
Moved 305.3994 518 295.7547 0.3657407 0.3226547
Moved 305.427 500.2247 289.0963 0.3245942 0.2841222
Moved 305.4548 469.364 284.2803 0.2531574 0.2562519
Moved 305.4814 457.0254 284 0.2245959 0.2546298
Moved 305.5095 431 284 0.1643519 0.2546298
Moved 305.5348 417.9076 284 0.1340454 0.2546298
Moved 305.5758 407.9125 284 0.1109086 0.2546298
Moved 305.6022 401.0478 292.4761 0.09501804 0.3036813
Moved 305.6289 396.7734 296.2266 0.08512358 0.3253854
Ended 305.655 397 302 0.0856481 0.3587963
Began 305.9272 211 227 -0.3449074 -0.07523149
Stationary 305.9565 211 227 -0.3449074 -0.07523149
Stationary 305.9813 211 227 -0.3449074 -0.07523149
Stationary 306.0139 211 227 -0.3449074 -0.07523149
Stationary 306.0411 211 227 -0.3449074 -0.07523149
Stationary 306.0663 211 227 -0.3449074 -0.07523149
Moved 306.0939 230.2751 238.5651 -0.300289 -0.008304032
Moved 306.1228 246.3655 249.4946 -0.2630427 0.05494595
Moved 306.1505 270.4502 264.3001 -0.2072912 0.1406257
Moved 306.1776 278.7842 268.8705 -0.1879996 0.1670746
Moved 306.21 314.3744 287.9858 -0.1056149 0.2776953
Moved 306.2358 324.8898 293.9371 -0.08127351 0.3121358
Moved 306.2658 345.4403 302.4801 -0.03370305 0.3615745
Moved 306.2961 357.736 307.368 -0.005240689 0.389861
Moved 306.3219 360.9456 308 0.002188881 0.3935185
Moved 306.3471 362.3604 308 0.005463958 0.3935185
Stationary 306.3724 362.3604 308 0.005463958 0.3935185
Stationary 306.3969 362 308 0.004629592 0.3935185
Stationary 306.4212 362 308 0.004629592 0.3935185
Moved 306.4456 347.4583 308 -0.02903183 0.3935185
Moved 306.4866 324.3405 300 -0.08254508 0.3472222
Moved 306.5118 318.6382 300 -0.09574503 0.3472222
Moved 306.5392 301.4398 300 -0.1355559 0.3472222
Moved 306.5666 286.2627 300 -0.1706881 0.3472222
Moved 306.5914 278.6893 300 -0.1882193 0.3472222
Moved 306.6159 264.682 300 -0.2206434 0.3472222
Moved 306.641 258.213 306.2543 -0.235618 0.3834161
Moved 306.6659 256.7205 307 -0.2390729 0.3877315
Moved 306.691 255 312.1249 -0.2430556 0.4173894
Ended 306.7161 255 317.6301 -0.2430556 0.4492483
Began 306.9561 342 173 -0.04166668 -0.3877313
Stationary 306.9872 342 173 -0.04166668 -0.3877313
Stationary 307.0133 342 173 -0.04166668 -0.3877313
Stationary 307.0388 342 173 -0.04166668 -0.3877313
Stationary 307.0648 342 173 -0.04166668 -0.3877313
Moved 307.0922 326.0334 195.4415 -0.07862642 -0.2578615
Moved 307.121 316.2086 210.3191 -0.1013691 -0.1717645
Moved 307.1504 306.9203 228.1395 -0.1228697 -0.068637
Moved 307.1797 297 244.5 -0.1458333 0.02604167
Moved 307.2071 290.8315 254.8358 -0.1601122 0.08585542
Moved 307.237 279.5764 268.0295 -0.1861657 0.1622078
Moved 307.2654 271.9254 277.0746 -0.2038765 0.2145525
Moved 307.3029 265.7796 286.2204 -0.2181028 0.2674792
Moved 307.3336 262.0905 292.819 -0.2266424 0.3056657
Moved 307.3611 262 295.5713 -0.2268519 0.3215931
Moved 307.3888 261 301.1453 -0.2291666 0.3538503
Moved 307.4376 274.1606 308.7602 -0.1987022 0.3979178
Moved 307.4648 298.4438 312.6443 -0.1424913 0.4203956
Moved 307.4907 318.9018 313 -0.09513483 0.4224537
Moved 307.5169 328.5148 313 -0.07288242 0.4224537
Moved 307.5434 344.093 313 -0.03682171 0.4224537
Moved 307.5722 357.9059 306 -0.004847497 0.3819445
Moved 307.5995 366.4523 304 0.01493593 0.3703706
Moved 307.6281 371.9589 303 0.02768258 0.3645834
Moved 307.6541 373.6659 303 0.03163407 0.3645834
Moved 307.6805 381.3267 302 0.04936725 0.3587963
Ended 307.7227 386 302 0.06018519 0.3587963
Began 307.9996 239 230 -0.2800926 -0.05787019
Stationary 308.0355 239 230 -0.2800926 -0.05787019
Stationary 308.0607 239 230 -0.2800926 -0.05787019
Stationary 308.0858 239 230 -0.2800926 -0.05787019
Stationary 308.1147 239 230 -0.2800926 -0.05787019
Moved 308.1428 248.0008 230 -0.2592574 -0.05787019
Moved 308.1707 258.0872 230 -0.2359091 -0.05787019
Moved 308.1985 268.1488 230 -0.2126185 -0.05787019
Moved 308.2257 283.6432 230 -0.176752 -0.05787019
Moved 308.2518 299.702 230 -0.1395788 -0.05787019
Moved 308.2775 325.6863 230 -0.07942989 -0.05787019
Moved 308.3077 349.869 223.2926 -0.0234515 -0.09668615
Moved 308.3359 370 215.5 0.02314816 -0.1417824
Moved 308.3855 402.4698 203.6989 0.09830972 -0.2100761
Moved 308.4156 416.7944 193.2056 0.1314686 -0.2708011
Moved 308.443 428.8269 188.0865 0.1593214 -0.3004251
Moved 308.47 431.9924 186.005 0.1666491 -0.3124709
Moved 308.4986 438.5174 181.4825 0.1817533 -0.3386427
Moved 308.5247 441.5194 178.4806 0.1887024 -0.3560151
Moved 308.5517 444.2845 176.7156 0.1951029 -0.3662291
Moved 308.5768 444 175.5 0.1944444 -0.3732639
Moved 308.6021 444 173.8683 0.1944444 -0.3827065
Stationary 308.6273 444 174 0.1944444 -0.3819443
Moved 308.6787 397.5055 184.4121 0.08681834 -0.321689
Moved 308.7065 368.7288 195.412 0.02020558 -0.2580325
Moved 308.7343 336.0587 204.9805 -0.05541971 -0.2026593
Moved 308.7627 319.1846 208.2391 -0.09448016 -0.1838013
Moved 308.7954 277.5 217 -0.1909722 -0.1331017
Moved 308.8227 265.1168 219.5767 -0.219637 -0.1181906
Moved 308.8515 240.5 226 -0.2766204 -0.0810187
Moved 308.8794 217.9067 231.598 -0.3289196 -0.04862256
Moved 308.9074 205.8203 235.0449 -0.3568974 -0.02867505
Moved 308.9357 197.5663 237.4779 -0.3760039 -0.01459546
Moved 308.9801 192 241.5865 -0.3888888 0.009181412
Moved 309.007 191.0171 242.9829 -0.3911641 0.01726221
Moved 309.0339 191 245.5 -0.3912037 0.03182871
Moved 309.0648 201.4343 251.4781 -0.3670502 0.06642447
Moved 309.0929 219.5352 260.7676 -0.3251501 0.1201829
Moved 309.1207 240.8103 269.7241 -0.2759021 0.1720146
Moved 309.1476 252.5068 273.1267 -0.2488269 0.1917057
Moved 309.1742 273 280.5 -0.2013889 0.234375
Moved 309.2007 289.6861 285.5621 -0.1627636 0.2636694
Moved 309.2267 299.1404 289.0468 -0.1408788 0.2838354
Moved 309.2703 305.5 290 -0.1261574 0.2893519
Moved 309.2962 308.2362 292 -0.1198237 0.3009261
Moved 309.3213 311.5 293 -0.1122685 0.306713
Moved 309.3468 312.1855 293 -0.1106816 0.306713
Moved 309.3732 313.3586 293 -0.1079662 0.306713
Moved 309.4101 317.606 293 -0.09813422 0.306713
Moved 309.4372 328.446 293 -0.07304161 0.306713
Moved 309.4665 343.2157 293 -0.03885249 0.306713
Moved 309.4948 356.5 293 -0.008101861 0.306713
Moved 309.5226 375.8664 284.7334 0.03672778 0.2588738
Ended 309.5711 401 285 0.09490739 0.2604167
PhraseEnd 310.2162
the force is with you
Basic
0.6 0.6
432 326.4
Began 902.343 413 475 0.1226852 0.3278186
Stationary 902.4068 413 475 0.1226852 0.3278186
Stationary 902.4633 413 475 0.1226852 0.3278186
Stationary 902.5189 413 475 0.1226852 0.3278186
Stationary 902.5752 413 475 0.1226852 0.3278186
Stationary 902.6289 413 475 0.1226852 0.3278186
Moved 902.6873 413 460.2334 0.1226852 0.2825778
Moved 902.7458 438.7347 414.0407 0.1822563 0.1410562
Moved 902.8038 449.6286 386.7429 0.2074735 0.05742303
Moved 902.8674 450 377.0625 0.2083333 0.02776501
Moved 902.9278 408.666 387.334 0.1126528 0.05923407
Moved 902.9982 369.3493 411.322 0.02164185 0.1327266
Moved 903.0665 319.7998 453.0001 -0.0930559 0.260417
Moved 903.1268 290.3793 475.8965 -0.1611589 0.3305654
Moved 903.1902 270.1548 491.8969 -0.2079751 0.379586
Moved 903.2527 266 498.4564 -0.2175926 0.3996825
Ended 903.309 266 498 -0.2175926 0.3982843
Began 903.4976 326 363 -0.07870371 -0.01531863
Stationary 903.5653 326 363 -0.07870371 -0.01531863
Stationary 903.6232 326 363 -0.07870371 -0.01531863
Moved 903.6817 364.8473 386.0296 0.01122067 0.05523771
Moved 903.741 412.0687 412.8412 0.1205293 0.1373811
Moved 903.8011 455.3442 440.6744 0.2207043 0.2226545
Moved 903.8616 486.0972 464.5729 0.2918916 0.2958728
Moved 903.9357 496.046 474.046 0.3149213 0.3248959
Moved 903.994 496 477.5605 0.3148148 0.3356635
Moved 904.0543 421.4755 487.5874 0.1423044 0.366383
Moved 904.1204 348.0308 498.9978 -0.02770657 0.4013413
Moved 904.1909 306 500 -0.125 0.4044118
Moved 904.2542 299.9663 500 -0.1389669 0.4044118
Moved 904.3134 296 448.3539 -0.1481481 0.2461825
Moved 904.371 296 364.3422 -0.1481481 -0.01120633
Moved 904.4279 296 325.5 -0.1481481 -0.1302083
Moved 904.4854 293.9861 285.9163 -0.1528101 -0.2514818
Moved 904.5757 292 272.0388 -0.1574074 -0.2939988
Moved 904.6332 288.5 272 -0.1655093 -0.2941176
Moved 904.6907 271.944 339.224 -0.2038333 -0.08816177
Moved 904.7513 255.1973 412.6088 -0.2425988 0.136669
Moved 904.8079 248.0349 439.9128 -0.2591785 0.2203212
Moved 904.8687 243.5 455 -0.2696759 0.2665441
Ended 904.9316 244 457 -0.2685185 0.2726716
Began 905.2642 461 451 0.2337964 0.2542892
Stationary 905.3301 461 451 0.2337964 0.2542892
Moved 905.385 419.2437 435.0812 0.1371381 0.2055186
Moved 905.4417 376.3588 422.3076 0.03786752 0.1663837
Moved 905.499 319.835 407.6117 -0.09297451 0.1213594
Moved 905.5562 261.3222 395.405 -0.2284207 0.08396131
Moved 905.6143 229.1745 386.2698 -0.3028367 0.05597381
Moved 905.6732 215.7577 380.3788 -0.3338941 0.03792539
Ended 905.7342 212 379 -0.3425926 0.03370108
Began 905.9863 235 496 -0.2893518 0.3921568
Stationary 906.0612 235 496 -0.2893518 0.3921568
Moved 906.12 263.5692 496 -0.2232195 0.3921568
Moved 906.1913 351.2603 496 -0.02023076 0.3921568
Moved 906.2621 429.3266 496 0.1604783 0.3921568
Moved 906.3232 470.2159 496 0.2551294 0.3921568
Moved 906.3846 485.3724 496 0.2902138 0.3921568
Moved 906.4452 472.6021 481.5102 0.2606529 0.3477641
Moved 906.5063 399.6826 458.7805 0.09185781 0.2781264
Moved 906.5679 346.7194 457 -0.03074224 0.2726716
Moved 906.6302 325.5168 457 -0.07982224 0.2726716
Moved 906.6915 323 457 -0.08564815 0.2726716
Moved 906.7488 338.3795 442.5446 -0.05004734 0.2283841
Moved 906.825 377.8057 386.7868 0.04121681 0.05755761
Moved 906.8834 390.2511 361.6234 0.07002562 -0.01953611
Moved 906.9435 394.359 354.641 0.07953475 -0.04092834
Ended 907.0093 396.5 354 0.08449078 -0.04289207
Began 907.2624 375 461 0.03472219 0.2849264
Stationary 907.3402 375 461 0.03472219 0.2849264
Stationary 907.4025 375 461 0.03472219 0.2849264
Moved 907.4611 397.4023 474.8008 0.08657952 0.3272083
Moved 907.52 429.4261 485.0852 0.1607086 0.358717
Moved 907.5807 465.5455 489 0.2443184 0.3707108
Moved 907.6402 487.1197 489 0.2942586 0.3707108
Moved 907.6979 503.8854 489 0.3330679 0.3707108
Moved 907.7524 508.5 478.5 0.34375 0.3385417
Moved 907.8079 508 476.4793 0.3425926 0.3323509
Moved 907.8674 467.548 458.516 0.2489538 0.2773162
Moved 907.9218 414.8998 455 0.1270829 0.2665441
Moved 907.9841 396.5882 466.2059 0.08469492 0.3008759
Moved 908.0463 391.2699 471.7302 0.07238398 0.3178008
Ended 908.1053 391 473 0.07175922 0.3216912
PhraseEnd 908.7162
