love means many things
Basic
0.8 0.8
575.9999 230.4
Began 147.2617 578 234 0.3784722 -0.02604154
Stationary 147.2795 578 234 0.3784722 -0.02604154
Stationary 147.295 578 234 0.3784722 -0.02604154
Stationary 147.3098 578 234 0.3784722 -0.02604154
Stationary 147.3251 578 234 0.3784722 -0.02604154
Stationary 147.3413 578 234 0.3784722 -0.02604154
Stationary 147.3568 578 234 0.3784722 -0.02604154
Moved 147.3723 578 247.9603 0.3784722 0.03455003
Moved 147.3898 568.2248 253.5504 0.3615014 0.0588127
Moved 147.4062 566.847 257.459 0.3591094 0.07577698
Moved 147.4227 565.4528 260.0944 0.3566889 0.08721538
Moved 147.4393 563.1512 263.7731 0.3526931 0.1031819
Moved 147.4561 560.3781 267.9329 0.3478786 0.1212364
Moved 147.4775 556.9191 273.7745 0.3418735 0.1465909
Moved 147.4947 554.3919 277.4121 0.337486 0.1623791
Moved 147.51 551.7579 283.6052 0.3329131 0.1892585
Moved 147.5254 547.5 287.5 0.3255208 0.2061632
Moved 147.5408 545.2297 292.5405 0.3215794 0.2280404
Moved 147.5562 541.2036 298.0619 0.3145896 0.2520047
Moved 147.572 536.0316 304.2806 0.3056105 0.2789957
Moved 147.5953 525.3367 317.0792 0.2870429 0.334545
Moved 147.6129 521.4072 324.7874 0.2802209 0.368001
Moved 147.6292 518.3191 327.6809 0.2748595 0.3805595
Moved 147.6535 513.6785 333.3215 0.266803 0.4050411
Moved 147.6704 510.9341 335.033 0.2620383 0.4124695
Moved 147.6873 508.1268 336.4366 0.2571645 0.418562
Moved 147.7035 503.5641 337 0.2492431 0.4210071
Moved 147.7204 496.6917 337 0.237312 0.4210071
Moved 147.7376 484.7274 337 0.2165405 0.4210071
Moved 147.7535 463.3383 319.203 0.1794068 0.3437631
Moved 147.7702 442.54 305.6934 0.1432987 0.2851275
Moved 147.7867 426.1685 294.779 0.1148758 0.2377559
Moved 147.8027 407.651 281.8353 0.08272737 0.1815767
Moved 147.8277 382.5 265 0.0390625 0.108507
Moved 147.8437 376.4598 261.2299 0.02857603 0.09214389
Moved 147.8616 370.0752 257.0564 0.01749158 0.07402951
Moved 147.8769 364.6145 254.3073 0.008011311 0.06209758
Moved 147.8927 361.5265 251.5265 0.002650172 0.05002817
Moved 147.9086 358.7684 249.8842 -0.002138242 0.04289998
Moved 147.9247 354.5 245.5 -0.009548627 0.02387153
Moved 147.9404 351.2318 244.2318 -0.01522254 0.01836724
Moved 147.9562 349.0841 242.0841 -0.01895115 0.009045734
Moved 147.9725 344.9939 239.3292 -0.02605222 -0.002911224
Moved 147.9961 339.7829 234.7828 -0.0350992 -0.02264394
Moved 148.0119 338.0142 233.5071 -0.03816981 -0.02818108
Moved 148.0295 335.2455 232.1228 -0.04297655 -0.03418923
Moved 148.0451 333.7438 230.7438 -0.04558362 -0.04017446
Moved 148.0602 331 229.5 -0.05034723 -0.04557279
Moved 148.081 327.9486 226.6323 -0.05564485 -0.05801943
Moved 148.0955 320.6052 220.671 -0.06839371 -0.08389315
Moved 148.1106 313.2112 214.2112 -0.08123059 -0.1119305
Moved 148.1254 307.6648 208.6648 -0.09085979 -0.1360035
Moved 148.1414 303.363 204.3629 -0.09832819 -0.1546749
Moved 148.1658 299.0369 198.0369 -0.1058388 -0.1821315
Moved 148.1826 297.9468 196.9468 -0.1077313 -0.1868628
Moved 148.1984 296.5421 192.6262 -0.1101701 -0.2056154
Moved 148.2147 295.1632 192.1632 -0.1125638 -0.207625
Moved 148.2315 294.5 191.5 -0.1137153 -0.2105034
Moved 148.2478 294.3894 191 -0.1139072 -0.2126736
Moved 148.2637 294 189.9998 -0.1145833 -0.2170148
Stationary 148.2885 294 189.9998 -0.1145833 -0.2170148
Moved 148.3049 292.7841 190 -0.1166944 -0.2170139
Stationary 148.3214 292.7841 190 -0.1166944 -0.2170139
Stationary 148.3435 292.7841 190 -0.1166944 -0.2170139
Moved 148.358 291.8205 190 -0.1183673 -0.2170139
Moved 148.3732 290.8272 190 -0.1200917 -0.2170139
Moved 148.3887 286.8053 195.8524 -0.1270741 -0.1916128
Moved 148.407 276.469 211.7434 -0.1450191 -0.1226415
Moved 148.4238 265 229 -0.1649306 -0.04774293
Moved 148.4396 258.5994 236.3008 -0.1760428 -0.01605564
Moved 148.4571 251.5717 245.9996 -0.1882436 0.02604021
Moved 148.4733 242.9899 254.6785 -0.2031426 0.06370863
Moved 148.4902 234.6889 264.3629 -0.2175539 0.1057418
Moved 148.5132 226.3294 274.1157 -0.2320671 0.1480717
Moved 148.5278 223 278.5 -0.2378472 0.1671007
Moved 148.543 218.328 282.6721 -0.2459584 0.1852086
Moved 148.5629 213.354 289.292 -0.2545937 0.213941
Moved 148.5798 211.9929 291.0071 -0.2569568 0.2213849
Moved 148.5976 210.5941 293.8117 -0.2593851 0.2335579
Moved 148.6149 210 295.5731 -0.2604167 0.2412025
Moved 148.632 210 299.5105 -0.2604167 0.2582921
Moved 148.6489 210 302.5068 -0.2604167 0.2712968
Ended 148.6652 210 302.5068 -0.2604167 0.2712968
Began 148.9078 456 211 0.1666667 -0.1258681
Stationary 148.9274 456 211 0.1666667 -0.1258681
Stationary 148.9422 456 211 0.1666667 -0.1258681
Stationary 148.9577 456 211 0.1666667 -0.1258681
Stationary 148.9763 456 211 0.1666667 -0.1258681
Moved 148.9919 436.5 221.5 0.1328125 -0.08029501
Moved 149.0125 432.3018 225.7485 0.125524 -0.06185532
Moved 149.0288 425.83 231.1417 0.1142882 -0.03844725
Moved 149.0445 414.6111 240.9652 0.09481103 0.00418928
Moved 149.0607 404.434 246.9757 0.07714242 0.03027651
Moved 149.0771 393.5527 253.9045 0.05825125 0.06034958
Moved 149.0928 381.5 259 0.03732637 0.08246542
Moved 149.1087 372.4105 263.824 0.02154604 0.1034029
Moved 149.1244 361.3191 269.3405 0.002290085 0.1273457
Moved 149.1401 350.5 272.5 -0.01649305 0.141059
Moved 149.1623 326.6154 279.3077 -0.05795945 0.1706063
Moved 149.1784 313 283.5 -0.08159724 0.1888021
Moved 149.1937 299.3112 286.9308 -0.1053625 0.2036929
Moved 149.2094 285.6554 291.0034 -0.1290706 0.221369
Moved 149.2253 273.6204 292.7089 -0.1499645 0.2287711
Moved 149.2408 263.4964 294.072 -0.167541 0.2346874
Moved 149.2564 256.5135 294 -0.179664 0.234375
Moved 149.2718 245 295.5 -0.1996528 0.2408854
Moved 149.2865 237.6137 296 -0.2124762 0.2430556
Moved 149.3021 230.7658 296 -0.2243648 0.2430556
Moved 149.3319 220.0268 296 -0.243009 0.2430556
Moved 149.3512 215.867 296 -0.2502308 0.2430556
Moved 149.3667 214 296 -0.2534722 0.2430556
Moved 149.3829 209.5649 296 -0.2611721 0.2430556
Moved 149.3996 206.6064 296 -0.2663084 0.2430556
Moved 149.4151 201 296 -0.2760417 0.2430556
Moved 149.4367 196.1638 286.0818 -0.2844379 0.200008
Moved 149.452 190.6189 281.9641 -0.2940645 0.1821359
Moved 149.4676 185.0963 277.8223 -0.3036523 0.1641591
Moved 149.483 179.5662 273.6747 -0.3132531 0.1461576
Moved 149.5064 171 266.5 -0.328125 0.1150175
Moved 149.5221 165.3536 260.442 -0.3379278 0.08872391
Moved 149.5376 161.1392 257.4261 -0.3452445 0.07563446
Moved 149.5529 159.3377 254.3378 -0.348372 0.06223004
Moved 149.5685 157.9624 251.9248 -0.3507598 0.0517571
Moved 149.587 158 247.7953 -0.3506944 0.03383385
Moved 149.6026 158 241.5 -0.3506944 0.00651055
Moved 149.6207 170.4429 230.001 -0.3290922 -0.04339841
Moved 149.6373 187.1161 216.4032 -0.3001457 -0.1024167
Moved 149.6516 212.2137 202.5718 -0.2565735 -0.1624488
Moved 149.6759 275.2013 177.9329 -0.14722 -0.2693886
Moved 149.6917 297.0844 172.6729 -0.1092285 -0.2922187
Moved 149.7066 318.2666 167.4333 -0.07245377 -0.3149594
Moved 149.7235 334.5775 165.6779 -0.04413631 -0.3225786
Moved 149.7407 359 161.5 -0.001736097 -0.3407117
Moved 149.7575 382.5692 160.0615 0.03918268 -0.3469551
Moved 149.7731 400.6767 160 0.07061929 -0.3472221
Moved 149.7889 414.3235 160 0.09431168 -0.3472221
Moved 149.8049 424.764 160 0.1124375 -0.3472221
Moved 149.824 434.3914 160 0.1291517 -0.3472221
Moved 149.8463 443.6583 159 0.1452401 -0.3515624
Moved 149.8619 446.5031 159 0.150179 -0.3515624
Moved 149.877 448.6364 158 0.1538826 -0.3559029
Moved 149.8926 450.0153 158 0.1562765 -0.3559029
Moved 149.9079 451.3981 158 0.1586773 -0.3559029
Moved 149.9235 451 157 0.1579861 -0.360243
Stationary 149.9392 451 157 0.1579861 -0.360243
Stationary 149.9536 451 157 0.1579861 -0.360243
Moved 149.968 446.5365 157 0.150237 -0.360243
Moved 149.9837 435.7674 157 0.1315407 -0.360243
Moved 150.0057 424.7213 166.8688 0.1123635 -0.3174099
Moved 150.0219 410.1112 171.9443 0.08699864 -0.2953802
Moved 150.0427 379 186 0.03298611 -0.234375
Moved 150.0617 361.6786 192.2455 0.00291422 -0.2072679
Moved 150.0813 341.1957 198.9388 -0.03264628 -0.1782168
Moved 150.0975 319.1577 207.1909 -0.0709068 -0.1424004
Moved 150.114 285.8622 217.2306 -0.1287114 -0.09882543
Moved 150.1291 269.3152 222.2876 -0.1574389 -0.07687675
Moved 150.1466 249.7606 229.1718 -0.1913878 -0.0469976
Moved 150.1618 236.7915 233.4028 -0.2139037 -0.02863354
Moved 150.1858 228.5557 235.3611 -0.228202 -0.02013405
Moved 150.2013 217.79 238.642 -0.2468923 -0.005894238
Moved 150.2174 208.7996 240.0287 -0.2625006 0.0001245075
Moved 150.2329 201.9116 241.4177 -0.274459 0.006153319
Moved 150.25 195.0702 242 -0.2863365 0.008680689
Moved 150.2664 188.1688 243.1663 -0.298318 0.01374258
Moved 150.2825 183 244.5 -0.3072917 0.01953125
Moved 150.2992 179.5966 245 -0.3132004 0.02170139
Moved 150.3147 175.757 246.0811 -0.3198664 0.02639347
Moved 150.3312 173.269 246 -0.3241857 0.02604167
Moved 150.3554 168.8589 247 -0.3318422 0.03038208
Moved 150.3795 167 248.9674 -0.3350694 0.03892104
Ended 150.3942 167 249 -0.3350694 0.03906263
Began 150.7121 489 210 0.2239584 -0.1302083
Stationary 150.7328 489 210 0.2239584 -0.1302083
Stationary 150.7494 489 210 0.2239584 -0.1302083
Stationary 150.7694 489 210 0.2239584 -0.1302083
Stationary 150.786 489 210 0.2239584 -0.1302083
Stationary 150.8021 489 210 0.2239584 -0.1302083
Moved 150.8176 471.2018 210 0.1930587 -0.1302083
Moved 150.8353 458.8738 210 0.1716559 -0.1302083
Moved 150.8526 442.4563 210 0.1431534 -0.1302083
Moved 150.8697 424.0078 219.3323 0.1111247 -0.08970367
Moved 150.8873 407.3904 222.1108 0.08227505 -0.07764393
Moved 150.9052 367.3621 230.2922 0.01278132 -0.04213426
Moved 150.9226 339.8426 235.8314 -0.03499545 -0.01809279
Moved 150.9403 308 242.5 -0.09027779 0.01085083
Moved 150.9568 264.4745 245.9308 -0.1658428 0.02574126
Moved 150.9736 222.4406 249.0386 -0.2388184 0.03923006
Moved 150.9893 198.0817 251.7687 -0.2811081 0.05107946
Moved 151.0141 167.4558 255.1544 -0.3342781 0.0657744
Moved 151.0306 155.2334 255.5381 -0.3554976 0.06743975
Moved 151.0477 145.602 256 -0.3722188 0.06944445
Moved 151.0659 138.9722 257.0046 -0.3837288 0.07380486
Moved 151.082 129.3011 257 -0.4005189 0.07378473
Moved 151.0983 121.2224 257 -0.4145444 0.07378473
Moved 151.114 115.4908 257 -0.4244952 0.07378473
Moved 151.1302 113.0057 257 -0.4288096 0.07378473
Moved 151.1459 111.1234 257 -0.4320774 0.07378473
Moved 151.1614 109.7371 257 -0.4344842 0.07378473
Moved 151.1971 110 258.0808 -0.4340278 0.07847574
Stationary 151.2167 110 258 -0.4340278 0.07812501
Moved 151.2353 131.616 258 -0.3964999 0.07812501
Moved 151.2525 149.9827 249.3939 -0.3646134 0.04077236
Moved 151.2685 187.0303 238.7915 -0.3002947 -0.005245209
Moved 151.2846 220.0642 228.3119 -0.2429442 -0.05072965
Moved 151.3011 241.9396 222.0172 -0.2049659 -0.0780503
Moved 151.3173 275.3089 210.8971 -0.1470332 -0.1263147
Moved 151.3326 299.8597 203.4613 -0.1044102 -0.1585881
Moved 151.3488 324.5118 192.8837 -0.06161139 -0.2044979
Moved 151.374 358.0613 181.2816 -0.0033658 -0.2548541
Moved 151.3983 384 172.5 0.04166671 -0.2929686
Moved 151.4158 395.5838 169.8054 0.06177746 -0.304664
Moved 151.4317 405.8435 167.8795 0.07958941 -0.3130228
Moved 151.4485 415.5 165 0.0963542 -0.3255209
Moved 151.4668 424.2903 163.1183 0.1116151 -0.3336879
Moved 151.4834 431.2957 161.7408 0.1237773 -0.3396665
Moved 151.5001 436.5778 160.3556 0.1329475 -0.3456787
Moved 151.516 442.0993 160 0.1425335 -0.3472221
Moved 151.5317 447.2714 157.8915 0.1515129 -0.3563738
Moved 151.5598 458.5185 155.1605 0.171039 -0.3682268
Moved 151.5779 462.6679 155 0.1782429 -0.3689236
Moved 151.5943 464.6058 154.3942 0.1816073 -0.3715531
Moved 151.6098 466.9779 154 0.1857256 -0.3732637
Stationary 151.6254 467 154 0.1857639 -0.3732637
Moved 151.6412 468 154 0.1875 -0.3732637
Stationary 151.657 468 154 0.1875 -0.3732637
Moved 151.6712 468 164.9337 0.1875 -0.3258084
Moved 151.6868 450.575 180.6305 0.1572483 -0.2576801
Moved 151.7027 435.1005 201.8577 0.1303828 -0.1655482
Moved 151.7266 406.2613 241.9849 0.0803148 0.008614859
Moved 151.7453 393.8005 259.7326 0.05868145 0.08564486
Moved 151.7605 388.1386 268.2921 0.04885174 0.1227958
Moved 151.7772 380.0969 279.0644 0.0348904 0.1695505
Moved 151.7922 374.1612 286.7985 0.02458543 0.2031186
Moved 151.8076 368.6439 293.6952 0.01500674 0.2330521
Moved 151.8228 364.8531 298.8625 0.008425489 0.2554798
Moved 151.8379 360.706 304.392 0.001225695 0.2794792
Moved 151.8533 358.0376 307.9624 -0.003407001 0.2949759
Moved 151.8689 356.3626 310.2747 -0.006314852 0.305012
Moved 151.8959 353.7227 315.5546 -0.01089808 0.3279278
Moved 151.9117 354 317.3318 -0.01041666 0.3356417
Ended 151.9279 354 319.052 -0.01041666 0.3431078
Began 152.2655 289 319 -0.1232639 0.342882
Stationary 152.2891 289 319 -0.1232639 0.342882
Stationary 152.3037 289 319 -0.1232639 0.342882
Stationary 152.3188 289 319 -0.1232639 0.342882
Stationary 152.3344 289 319 -0.1232639 0.342882
Stationary 152.3496 289 319 -0.1232639 0.342882
Stationary 152.3647 289 319 -0.1232639 0.342882
Stationary 152.3811 289 319 -0.1232639 0.342882
Moved 152.3985 305.1553 312.1263 -0.09521656 0.3130481
Moved 152.4155 313.4192 307.2904 -0.08086954 0.2920591
Moved 152.4331 321.1336 301.4931 -0.06747638 0.2668972
Moved 152.4545 328.0336 296.9799 -0.05549729 0.2473084
Moved 152.4724 333.5804 292.8147 -0.04586738 0.2292306
Moved 152.4885 341.8784 287.8973 -0.03146112 0.2078874
Moved 152.5098 354.0245 279.1804 -0.01037411 0.1700539
Moved 152.5319 360.3775 276.2169 0.0006553531 0.1571915
Moved 152.548 366.8302 272.1019 0.0118579 0.1393313
Moved 152.5635 373.7291 266.6167 0.02383523 0.115524
Moved 152.5796 383.3226 260.3979 0.04049055 0.08853237
Moved 152.5954 390.5546 254.5563 0.0530462 0.06317828
Moved 152.611 400.4014 249.0563 0.07014141 0.03930675
Moved 152.6267 404.2088 246.6747 0.07675141 0.02896998
Moved 152.642 410.8297 243.0851 0.0882461 0.01339025
Moved 152.6572 416.3475 241.6631 0.09782553 0.007218388
Moved 152.6718 421.1651 240 0.1061893 0
Moved 152.6942 432.4363 240 0.1257575 0
Moved 152.7092 442.093 249.5747 0.1425225 0.04155689
Moved 152.7243 452.4541 258.5632 0.1605105 0.0805696
Moved 152.7394 473.9724 282.5939 0.1978687 0.1848692
Moved 152.7543 480.5282 291.2339 0.2092504 0.2223695
Moved 152.7691 486.2878 298.3597 0.2192497 0.2532977
Stationary 152.784 486.2878 298.3597 0.2192497 0.2532977
Moved 152.8084 492.8412 307.6824 0.2306271 0.2937603
Moved 152.8236 495.4691 310.4691 0.2351893 0.3058557
Moved 152.8387 496.5 311.5 0.2369792 0.31033
Moved 152.8611 497.5 313.5 0.2387153 0.3190103
Stationary 152.8762 497.5 313.5 0.2387153 0.3190103
Moved 152.8899 498.211 313 0.2399496 0.3168403
Stationary 152.9052 498 313 0.2395833 0.3168403
Stationary 152.9202 498 313 0.2395833 0.3168403
Moved 152.9352 492.4364 292.9855 0.2299242 0.2299717
Moved 152.9506 479.4358 267.8715 0.2073538 0.1209702
Moved 152.9664 470.8624 251.7421 0.1924694 0.05096383
Moved 152.9816 462.5277 236.4675 0.1779996 -0.01533204
Moved 152.9971 457.6414 224.4966 0.1695163 -0.06728914
Moved 153.0242 448.5 204 0.1536458 -0.1562499
Moved 153.0403 443.1753 194.3506 0.1444016 -0.1981311
Moved 153.0561 439.0247 186.0493 0.1371956 -0.234161
Moved 153.0751 437 180.5 0.1336806 -0.2582465
Moved 153.0912 435.4894 176.9789 0.131058 -0.2735293
Moved 153.1071 433.8611 173.7223 0.1282311 -0.2876636
Moved 153.1231 431.0941 169.0941 0.1234272 -0.3077511
Moved 153.1389 428.4428 167.7214 0.1188243 -0.3137089
Moved 153.1543 425.6608 165.3304 0.1139944 -0.3240865
Moved 153.1698 421.8488 165 0.1073764 -0.3255209
Moved 153.1929 417.5742 163.8936 0.0999552 -0.330323
Moved 153.2092 410.5 164 0.0876736 -0.3298611
Moved 153.2251 403.4006 164 0.07534832 -0.3298611
Moved 153.2406 395.3201 164 0.06131962 -0.3298611
Moved 153.2561 385.1979 176.4301 0.04374639 -0.2759111
Moved 153.2722 375.5246 184.4075 0.0269524 -0.2412871
Moved 153.2878 367.2924 191.2563 0.0126604 -0.211561
Moved 153.3038 362.5 195 0.004340262 -0.1953125
Moved 153.3193 357.3168 199.6832 -0.004658327 -0.174986
Moved 153.3394 347.6786 207.3214 -0.0213914 -0.1418342
Moved 153.3628 344.9066 210.0934 -0.0262038 -0.1298029
Moved 153.3796 340.7104 212.8597 -0.03348887 -0.1177963
Moved 153.3956 335.7522 215.6239 -0.0420969 -0.105799
Moved 153.4131 331.4019 218.3988 -0.04964951 -0.0937552
Moved 153.4291 328.509 219.1637 -0.05467191 -0.09043522
Moved 153.4463 316.9833 222.0042 -0.07468172 -0.07810686
Moved 153.4632 308.7868 223.3689 -0.08891181 -0.07218348
Stationary 153.4928 308.7868 223.3689 -0.08891181 -0.07218348
Moved 153.5149 274.2571 224 -0.1488591 -0.06944432
Moved 153.5322 265.198 224 -0.1645869 -0.06944432
Moved 153.5594 244.4324 224 -0.2006383 -0.06944432
Moved 153.5752 233.8011 224 -0.2190954 -0.06944432
Moved 153.5907 224.0789 224 -0.235974 -0.06944432
Moved 153.6054 217.5 224 -0.2473958 -0.06944432
Moved 153.6243 208.7781 224 -0.262538 -0.06944432
Moved 153.6393 199.0983 224 -0.2793432 -0.06944432
Moved 153.654 192.3534 224 -0.2910531 -0.06944432
Moved 153.6693 183.5093 224 -0.3064075 -0.06944432
Moved 153.6842 176.6032 224 -0.3183972 -0.06944432
Moved 153.6981 171.1223 224 -0.3279127 -0.06944432
Moved 153.72 168.3123 224 -0.3327911 -0.06944432
Moved 153.7358 165.5287 225.2356 -0.3376238 -0.06408162
Moved 153.7504 165 232.1555 -0.3385417 -0.0340471
Ended 153.7655 165 238.5 -0.3385417 -0.00651055
PhraseEnd 154.7022
do not say anything
Basic
0.8 0.8
575.9999 435.2
Began 751.5533 320 288 -0.06944445 -0.1838235
Stationary 751.608 320 288 -0.06944445 -0.1838235
Stationary 751.6575 320 288 -0.06944445 -0.1838235
Stationary 751.7078 320 288 -0.06944445 -0.1838235
Stationary 751.7573 320 288 -0.06944445 -0.1838235
Moved 751.8074 320 298.6931 -0.06944445 -0.159253
Moved 751.858 320 304.2177 -0.06944445 -0.1465587
Moved 751.9169 328 311.7957 -0.05555556 -0.1291458
Moved 751.9683 328 322.2299 -0.05555556 -0.1051702
Moved 752.0285 321 345.8175 -0.06770834 -0.05097081
Moved 752.0798 320 372.3603 -0.06944445 0.01001912
Moved 752.1307 349.532 410.6079 -0.01817368 0.09790425
Moved 752.1814 398.2041 447.2183 0.06632664 0.1820272
Moved 752.2325 439.4068 472.2712 0.137859 0.2395938
Moved 752.281 477.465 493.8139 0.2039324 0.2890944
Moved 752.3306 512.4235 512.3694 0.2646242 0.3317311
Moved 752.3895 526.5 519.5 0.2890625 0.3481158
Moved 752.4404 533.0395 522 0.3004158 0.3538603
Ended 752.4916 535.7182 523.3591 0.3050663 0.3569832
Began 752.8575 404 276 0.07638887 -0.2113971
Stationary 752.9161 404 276 0.07638887 -0.2113971
Moved 752.9657 422.635 311.5431 0.1087414 -0.1297264
Moved 753.0187 442.2031 342.8843 0.1427138 -0.05771063
Moved 753.0703 472.8382 387.5735 0.1958997 0.04497581
Moved 753.1217 499.3621 427.1405 0.2419481 0.1358927
Moved 753.1715 523.8971 463.5295 0.2845436 0.2195071
Moved 753.2229 540.9561 494.9122 0.3141599 0.2916182
Moved 753.2725 543 501.6266 0.3177083 0.3070466
Moved 753.3248 543 505.3399 0.3177083 0.3155788
Moved 753.38 527.1109 508.9778 0.2901231 0.3239381
Moved 753.4395 488.7619 509 0.223545 0.323989
Moved 753.4911 456.4502 498.7167 0.1674483 0.30036
Moved 753.5458 422.5552 497 0.1086027 0.2964155
Moved 753.5966 403.3372 497 0.07523827 0.2964155
Moved 753.6489 390.5968 497 0.05311936 0.2964155
Moved 753.6998 384.022 497 0.04170485 0.2964155
Ended 753.7496 384 504 0.04166671 0.3125001
Began 754.5213 253 388 -0.1857639 0.04595592
Stationary 754.5917 253 388 -0.1857639 0.04595592
Moved 754.6447 235.4091 388 -0.2163036 0.04595592
Moved 754.6985 218.6414 388 -0.2454143 0.04595592
Moved 754.7514 194.6811 388 -0.287012 0.04595592
Moved 754.8052 177.1169 397.6277 -0.3175054 0.06807833
Moved 754.8578 165.7514 400 -0.3372372 0.07352945
Moved 754.9094 160.086 401 -0.3470729 0.07582718
Moved 754.9608 155.588 401 -0.3548819 0.07582718
Moved 755.0128 156 403.2462 -0.3541667 0.08098862
Moved 755.0696 221.692 438.846 -0.2401181 0.1627896
Moved 755.1206 286.2971 470.3188 -0.1279563 0.2351076
Moved 755.171 326.1705 491.0853 -0.05873177 0.2828247
Moved 755.2201 338 496 -0.03819443 0.2941177
Moved 755.2702 343.9789 499 -0.02781432 0.3010111
Moved 755.3225 347.1024 500 -0.02239164 0.3033088
Moved 755.3721 349.9115 501 -0.01751471 0.3056066
Moved 755.4528 355.8008 502 -0.007290356 0.3079045
Moved 755.5066 358.5 502 -0.002604164 0.3079045
Moved 755.5601 364.1313 504.1313 0.00717245 0.3128017
Moved 755.616 368.6407 504 0.01500115 0.3125001
Ended 755.6647 368.6407 504 0.01500115 0.3125001
Began 755.8887 175 413 -0.3211806 0.1034007
Stationary 755.9503 175 413 -0.3211806 0.1034007
Moved 756.001 186.3503 413 -0.3014751 0.1034007
Moved 756.0525 224.2803 386.1464 -0.2356244 0.04169682
Moved 756.1087 256.8232 364.8826 -0.1791264 -0.007163077
Moved 756.1747 292.4743 339.5184 -0.1172322 -0.06544492
Moved 756.2264 338.0612 313.9617 -0.03808815 -0.1241688
Moved 756.2783 362.8984 295.7344 0.005031899 -0.1660514
Moved 756.3308 388.3395 273.9954 0.04920058 -0.2160033
Moved 756.382 396.2678 263.5983 0.06296501 -0.2398937
Moved 756.4319 404.5451 255.4548 0.07733524 -0.2586057
Moved 756.481 410.1879 247.8121 0.08713171 -0.276167
Moved 756.5338 420.6305 238.3695 0.1052614 -0.2978642
Moved 756.5977 427.6553 233.1724 0.1174571 -0.3098062
Moved 756.6821 432 303.5309 0.125 -0.1481366
Moved 756.7452 414.4765 384.1412 0.09457723 0.0370891
Moved 756.8038 406.2097 436.7416 0.08022518 0.1579541
Moved 756.8554 399.1876 479.833 0.06803409 0.2569692
Moved 756.9063 391.2702 501.9191 0.05428858 0.3077186
Moved 756.9595 385.0825 511.9175 0.04354596 0.3306929
Moved 757.0106 380.9446 515.0554 0.03636211 0.3379031
Moved 757.0833 364.9823 515 0.008649752 0.3377758
Moved 757.1346 351.596 515 -0.01459032 0.3377758
Moved 757.1832 346.3794 515 -0.02364684 0.3377758
Moved 757.2565 355.5 491.5 -0.007812493 0.2837776
Moved 757.3144 387.4244 443.2059 0.04761175 0.1728076
Moved 757.3693 404.6403 415.8992 0.07750057 0.1100626
Moved 757.42 412.0222 403.9556 0.09031639 0.08261853
Moved 757.4686 415.1687 403 0.09577908 0.0804228
Moved 757.5207 427.7157 416.4313 0.1175619 0.1112853
Moved 757.577 468.8584 470.3406 0.1889902 0.2351578
Moved 757.6268 494.7757 502.0294 0.2339857 0.307972
Moved 757.6857 517.5295 524.5295 0.2734887 0.3596726
Moved 757.7407 525 530.5 0.2864583 0.3733916
Moved 757.8191 509.5207 481.4318 0.2595845 0.2606429
Moved 757.8705 472.6281 374.6985 0.195535 0.01539195
Moved 757.9227 452.4008 307.7371 0.1604182 -0.1384718
Moved 757.9741 442.9254 261.5522 0.1439677 -0.2445951
Moved 758.0269 442 248.5983 0.1423611 -0.2743607
Moved 758.085 442 241.7125 0.1423611 -0.2901827
Moved 758.1365 440.7379 241 0.14017 -0.2918199
Moved 758.1879 422.9723 267.6388 0.1093269 -0.2306094
Moved 758.237 399.7897 307.4205 0.0690794 -0.1391991
Moved 758.2856 383.926 345.1727 0.0415381 -0.05245237
Moved 758.3605 378 371.1947 0.03124997 0.007340769
Moved 758.4153 377 374.7363 0.02951391 0.01547856
Ended 758.4633 377 375 0.02951391 0.01608456
PhraseEnd 759.3402
