if at first you do not succeed
Basic
0.4 0.4
288 115.2
Began 445.727 449 311 0.3090277 0.6163195
Stationary 445.7806 449 311 0.3090277 0.6163195
Stationary 445.8179 449 311 0.3090277 0.6163195
Stationary 445.8537 449 311 0.3090277 0.6163195
Stationary 445.8885 449 311 0.3090277 0.6163195
Stationary 445.9241 449 311 0.3090277 0.6163195
Stationary 445.9586 449 311 0.3090277 0.6163195
Moved 445.9951 439.9159 311 0.2774857 0.6163195
Moved 446.0328 432.5636 301.5636 0.2519569 0.5344063
Moved 446.071 423.0739 295.037 0.2190067 0.4777519
Moved 446.1098 402.9569 279.7655 0.1491559 0.3451869
Moved 446.148 389.1246 270.2748 0.101127 0.2628019
Moved 446.1974 373 255.5 0.0451389 0.1345486
Moved 446.2355 362 247 0.006944388 0.06076416
Moved 446.2709 355.4535 243.7268 -0.01578652 0.03235102
Moved 446.31 345.6972 237.899 -0.04966237 -0.01823743
Moved 446.3519 337.4755 232.7377 -0.07821016 -0.06304106
Moved 446.3898 333.9692 230.9692 -0.09038471 -0.07839204
Moved 446.4295 328.3082 228.1542 -0.1100409 -0.1028281
Moved 446.4719 326.3943 227 -0.1166864 -0.1128472
Moved 446.5103 326 227 -0.1180556 -0.1128472
Ended 446.5479 326 234.8507 -0.1180556 -0.04469872
Began 446.8178 203 232 -0.5451389 -0.06944445
Stationary 446.8621 203 232 -0.5451389 -0.06944445
Stationary 446.8961 203 232 -0.5451389 -0.06944445
Stationary 446.9294 203 232 -0.5451389 -0.06944445
Moved 446.9652 217.4652 232 -0.4949126 -0.06944445
Moved 447.0028 234.9865 246.9933 -0.4340747 0.06070562
Moved 447.0427 243.5037 250.2518 -0.4045011 0.08899186
Moved 447.084 257.2603 253.0651 -0.3567349 0.113412
Moved 447.1274 278.2429 260.4143 -0.2838787 0.1772078
Moved 447.1649 292.9817 265.2432 -0.2327024 0.2191247
Moved 447.2027 321.7148 272.6328 -0.1329347 0.2832712
Moved 447.241 336.3007 277.1504 -0.08228914 0.322486
Moved 447.2779 347.8706 281.2902 -0.04211583 0.3584218
Moved 447.3136 351.1429 282.1429 -0.03075369 0.3658242
Moved 447.3499 353.8958 282 -0.02119512 0.3645834
Moved 447.3876 356.5 282 -0.01215279 0.3645834
Ended 447.4427 356.5 282 -0.01215279 0.3645834
Began 447.8368 329 231 -0.1076389 -0.07812501
Stationary 447.8853 329 231 -0.1076389 -0.07812501
Stationary 447.9282 329 231 -0.1076389 -0.07812501
Moved 447.9715 345.5 231 -0.05034723 -0.07812501
Moved 448.0136 355.9784 243.9891 -0.01396388 0.03462792
Moved 448.0525 367.2647 248.3162 0.02522469 0.07218891
Moved 448.0927 385.738 256.2952 0.08936793 0.1414511
Moved 448.1317 399.6685 262.8674 0.1377378 0.1985015
Moved 448.1687 414.5123 268.8375 0.1892789 0.2503255
Moved 448.2072 422.5 272.5 0.217014 0.2821181
Moved 448.2534 426.6936 275 0.2315749 0.3038195
Moved 448.2985 427 276 0.2326389 0.3124998
Moved 448.3346 427 277.2884 0.2326389 0.323684
Moved 448.3725 389.6088 281.4239 0.1028082 0.3595824
Moved 448.4122 371.8821 281.874 0.0412573 0.3634895
Moved 448.4502 346.2228 284.9554 -0.0478375 0.3902383
Moved 448.4934 329.4702 286.1324 -0.1060064 0.4004553
Moved 448.5331 322.8598 286 -0.128959 0.3993056
Moved 448.5752 314.2917 286 -0.1587092 0.3993056
Moved 448.6096 309.0546 286 -0.1768936 0.3993056
Moved 448.6653 293.1075 272.405 -0.2322657 0.2812934
Moved 448.7006 279.9874 257.5849 -0.2778216 0.1526467
Moved 448.7384 265.5 242.5 -0.328125 0.02170166
Moved 448.774 262.0121 237.024 -0.3402359 -0.02583292
Moved 448.8118 259.2512 234.2512 -0.3498223 -0.0499026
Moved 448.8493 259 233 -0.3506944 -0.0607639
Stationary 448.8932 259 233 -0.3506944 -0.0607639
Moved 448.9292 268.8622 233 -0.3164507 -0.0607639
Moved 448.9657 279.068 243.4271 -0.281014 0.02974934
Moved 449.0017 312.0697 260.0261 -0.1664247 0.1738379
Moved 449.0568 333.6213 270.3107 -0.09159267 0.2631137
Moved 449.0911 340.9742 273 -0.06606169 0.2864584
Moved 449.1252 344.7325 274.7324 -0.0530123 0.301497
Moved 449.1593 347.4854 276.4854 -0.04345343 0.3167137
Moved 449.1973 349.2536 276 -0.037314 0.3124998
Ended 449.2313 350.5 276 -0.03298611 0.3124998
Began 449.6002 360 269 0 0.2517361
Stationary 449.638 360 269 0 0.2517361
Stationary 449.6736 360 269 0 0.2517361
Stationary 449.7213 360 269 0 0.2517361
Stationary 449.758 360 269 0 0.2517361
Moved 449.7984 376.5 269 0.05729169 0.2517361
Moved 449.8364 380.9757 269 0.07283226 0.2517361
Moved 449.8954 393 277 0.1145834 0.3211806
Moved 449.9513 405.5 278 0.1579861 0.3298611
Moved 449.9986 436.0393 282.8079 0.2640254 0.371596
Moved 450.038 445.5 284.5 0.296875 0.386285
Moved 450.0803 452.3903 285.3903 0.3207996 0.3940132
Moved 450.117 455.1502 285 0.3303828 0.390625
Moved 450.2011 459.2144 285 0.3444943 0.390625
Moved 450.2516 460.2398 285 0.3480551 0.390625
Moved 450.2874 461 285 0.3506945 0.390625
Stationary 450.3202 461 285 0.3506945 0.390625
Stationary 450.3528 461 285 0.3506945 0.390625
Stationary 450.3862 461 285 0.3506945 0.390625
Moved 450.4188 444.0688 285 0.2919057 0.390625
Moved 450.4517 432 285 0.2500001 0.390625
Moved 450.4846 420.782 285 0.2110486 0.390625
Moved 450.5175 413.8103 285 0.1868415 0.390625
Moved 450.5758 405.7605 285 0.1588908 0.390625
Moved 450.6169 398.2292 275.3022 0.1327403 0.3064429
Ended 450.6566 397 278 0.1284722 0.3298611
Began 451.0359 300 232 -0.2083334 -0.06944445
Stationary 451.0935 300 232 -0.2083334 -0.06944445
Stationary 451.1307 300 232 -0.2083334 -0.06944445
Moved 451.1679 307.7042 232 -0.1815827 -0.06944445
Moved 451.2106 322.1992 242.0996 -0.1312529 0.01822578
Moved 451.2479 339.6959 246.3392 -0.0705003 0.05502807
Moved 451.2924 356.5 251.5 -0.01215279 0.09982666
Moved 451.3331 375.5 255.5 0.05381942 0.1345486
Moved 451.3703 398 260.5 0.1319444 0.1779514
Moved 451.4075 414.1581 264.0316 0.1880489 0.2086078
Moved 451.4464 429.4168 268.139 0.2410308 0.244262
Moved 451.4844 434.7888 269.8944 0.2596832 0.2595001
Moved 451.5296 442.3274 272 0.285859 0.2777781
Moved 451.5757 450.5805 275 0.3145157 0.3038195
Moved 451.6143 455 276 0.329861 0.3124998
Ended 451.661 461 279 0.3506945 0.338542
Began 451.9407 389 196 0.1006945 -0.3819445
Stationary 451.9934 389 196 0.1006945 -0.3819445
Stationary 452.0292 389 196 0.1006945 -0.3819445
Stationary 452.0649 389 196 0.1006945 -0.3819445
Stationary 452.1023 389 196 0.1006945 -0.3819445
Moved 452.1393 399.6602 209.3204 0.1377089 -0.2663154
Moved 452.1791 404.2062 213.2062 0.1534937 -0.232585
Moved 452.222 418.0737 228.0737 0.2016447 -0.1035267
Moved 452.266 435.6622 245.6622 0.262716 0.04915132
Moved 452.3037 447.2652 258.9713 0.3030041 0.164681
Moved 452.3445 463.9649 277.9532 0.3609891 0.3294548
Moved 452.3946 469.1249 285.1249 0.378906 0.3917096
Moved 452.4436 470 288.9152 0.3819445 0.4246114
Moved 452.4843 470 291 0.3819445 0.4427084
Moved 452.5182 470 292.4279 0.3819445 0.4551035
Moved 452.5524 442.582 293 0.2867429 0.4600695
Moved 452.6043 402.0081 282.4462 0.1458614 0.3684569
Moved 452.639 385.957 279.851 0.09012863 0.345929
Moved 452.6786 369.9771 278 0.03464282 0.3298611
Moved 452.7261 364.519 278 0.01569078 0.3298611
Moved 452.7623 363.5 278 0.01215279 0.3298611
Moved 452.8011 362 278 0.006944388 0.3298611
Ended 452.837 362 287 0.006944388 0.4079864
Began 453.2339 247 232 -0.3923612 -0.06944445
Stationary 453.2823 247 232 -0.3923612 -0.06944445
Moved 453.3181 260.0038 232 -0.3472092 -0.06944445
Moved 453.3557 279.9323 246.4662 -0.2780129 0.0561301
Moved 453.3968 299.4663 253.7712 -0.2101866 0.119542
Moved 453.4358 327.3813 261.2302 -0.1132594 0.1842902
Moved 453.479 350.385 269.5386 -0.03338546 0.2564115
Moved 453.5145 367.5 274.5 0.02604172 0.2994795
Moved 453.5549 383.8897 279.7224 0.08295029 0.3448126
Moved 453.5974 390.3114 282.1557 0.105248 0.3659349
Moved 453.6347 396.3084 284 0.1260708 0.3819447
Moved 453.6703 397.5 284 0.1302083 0.3819447
Moved 453.7051 398.1482 284 0.132459 0.3819447
Moved 453.7447 391.1551 273.262 0.1081774 0.2887329
Moved 453.7815 372.3233 253.8772 0.04278914 0.1204618
Moved 453.8197 355.8955 235.6194 -0.0142517 -0.03802618
Moved 453.8625 341.7196 219.7196 -0.06347351 -0.1760449
Moved 453.9064 336.5879 211.5879 -0.08129217 -0.2466327
Moved 453.9473 332.0144 205.0144 -0.09717219 -0.3036942
Moved 454.0082 328 198.5 -0.1111111 -0.3602431
Moved 454.0454 324.8599 198 -0.1220144 -0.3645834
Moved 454.0813 321.9373 198 -0.1321622 -0.3645834
Moved 454.1172 315.5072 207.1404 -0.154489 -0.2852398
Moved 454.1541 303.1245 230.7511 -0.1974846 -0.08028534
Moved 454.1921 297.2103 242.5793 -0.2180197 0.02239042
Moved 454.2301 292.4654 257.6037 -0.234495 0.1528099
Moved 454.2667 288.9992 265.0024 -0.2465306 0.2170351
Moved 454.3141 284.8497 273.3007 -0.2609386 0.2890685
Moved 454.3507 284 275.9124 -0.2638889 0.3117395
Moved 454.4108 283 278 -0.2673611 0.3298611
Stationary 454.4507 283 278 -0.2673611 0.3298611
Moved 454.4889 283 269.9561 -0.2673611 0.260036
Moved 454.5271 293.796 261.408 -0.229875 0.1858333
Moved 454.57 296.5 257 -0.2204861 0.1475695
Moved 454.6089 298 254.5 -0.2152778 0.1258683
Ended 454.6457 303 255 -0.1979167 0.1302086
PhraseEnd 455.2847
the quick brown fox jumps over the lazy dog
Basic
0.4 0.4
288 217.6
Began 1055.888 375 444 0.05208329 0.3492649
Stationary 1055.968 375 444 0.05208329 0.3492649
Stationary 1056.033 375 444 0.05208329 0.3492649
Stationary 1056.099 375 444 0.05208329 0.3492649
Moved 1056.17 394.8532 422.1469 0.121018 0.2488366
Moved 1056.239 422.8151 392.9133 0.2181079 0.1144912
Moved 1056.308 431 368.551 0.2465278 0.002532286
Moved 1056.378 432 349.314 0.2500001 -0.08587333
Moved 1056.447 412.1825 338.0609 0.1811892 -0.137588
Moved 1056.517 371.1092 339.8908 0.0385736 -0.1291783
Moved 1056.593 326.2575 362.3712 -0.1171614 -0.02586758
Moved 1056.661 303.0963 378.9037 -0.1975822 0.050109
Moved 1056.745 283.9638 400.0362 -0.2640145 0.1472252
Moved 1056.809 279 408.812 -0.2812501 0.1875554
Moved 1056.873 275.8703 414.1298 -0.2921172 0.2119934
Moved 1056.941 276 417.1976 -0.2916667 0.2260919
Ended 1057.009 276 418 -0.2916667 0.2297794
Began 1057.31 218 410 -0.4930556 0.1930147
Stationary 1057.398 218 410 -0.4930556 0.1930147
Moved 1057.466 284.8886 423.9841 -0.2608034 0.2572798
Moved 1057.533 322.941 425 -0.128677 0.2619486
Moved 1057.607 354.2884 425 -0.01983188 0.2619486
Moved 1057.676 367.6967 415.5356 0.02672449 0.218454
Moved 1057.744 374.115 402.655 0.04901037 0.1592603
Moved 1057.812 374 393.6798 0.04861116 0.1180139
Moved 1057.879 374 389.5 0.04861116 0.09880515
Moved 1057.946 374 369.2214 0.04861116 0.005613075
Moved 1058.022 341.9709 316.9637 -0.0626009 -0.2345418
Moved 1058.086 328 289 -0.1111111 -0.3630514
Moved 1058.152 323.3078 273.6157 -0.1274034 -0.4337516
Moved 1058.22 323 268 -0.1284722 -0.4595589
Moved 1058.297 362.0205 292.6378 0.007015616 -0.3463334
Moved 1058.364 400.0331 327.033 0.1390037 -0.1882675
Moved 1058.43 427.2144 358.0572 0.2333832 -0.0456932
Moved 1058.499 446.2308 383.641 0.2994125 0.07187957
Moved 1058.563 454.7108 401.4216 0.328857 0.1535921
Ended 1058.637 458 406 0.3402779 0.1746323
Began 1059.177 382 275 0.07638887 -0.4273897
Stationary 1059.256 382 275 0.07638887 -0.4273897
Stationary 1059.321 382 275 0.07638887 -0.4273897
Moved 1059.389 362.8409 304.7386 0.009864271 -0.2907231
Moved 1059.458 337.7108 346.6628 -0.07739321 -0.09805694
Moved 1059.531 321.9426 384.1722 -0.1321438 0.07432069
Moved 1059.603 319 406.5 -0.1423611 0.1769302
Moved 1059.684 339.874 429.437 -0.06988183 0.2823394
Moved 1059.752 386.7399 438.774 0.0928469 0.3252482
Moved 1059.818 450.0257 442 0.3125893 0.3400736
Moved 1059.889 463.5926 443 0.3596966 0.3446691
Moved 1059.953 464 444.3157 0.3611112 0.3507155
Moved 1060.035 354.1097 455.21 -0.02045237 0.4007815
Moved 1060.105 312.2991 459 -0.1656282 0.4181986
Moved 1060.173 288.5222 459 -0.2481867 0.4181986
Moved 1060.241 284.5947 459 -0.261824 0.4181986
Moved 1060.307 284 440.6251 -0.2638889 0.3337552
Moved 1060.376 313.959 391.5717 -0.1598645 0.108326
Moved 1060.448 341.7945 350.6877 -0.06321363 -0.07956
Moved 1060.514 366.1379 315.2932 0.02131224 -0.242219
Moved 1060.578 378.4548 295.8179 0.06407902 -0.3317194
Moved 1060.646 387.4948 283.5052 0.09546816 -0.3883034
Ended 1060.766 396 277 0.125 -0.4181986
Began 1060.975 330 374 -0.1041666 0.02757367
Stationary 1061.051 330 374 -0.1041666 0.02757367
Moved 1061.151 348.9819 390.3212 -0.03825739 0.1025793
Moved 1061.219 376.3306 403.5322 0.05670339 0.1632915
Moved 1061.288 405.73 411.5767 0.1587847 0.2002603
Moved 1061.359 446.1982 424.7327 0.2992995 0.2607204
Moved 1061.429 465.7875 429 0.3673178 0.280331
Moved 1061.495 472 430 0.3888889 0.2849265
Moved 1061.566 456.9345 410.5768 0.3365782 0.1956657
Moved 1061.636 388.5 355 0.09895831 -0.05974251
Moved 1061.715 341.4059 323.6605 -0.06456301 -0.203766
Moved 1061.79 313.9375 305.625 -0.1599394 -0.2866499
Moved 1061.872 300.9055 296.4528 -0.2051892 -0.3288017
Moved 1061.935 295.274 292.274 -0.224743 -0.3480056
Moved 1062.008 288.5 286.5 -0.2482639 -0.3745403
Moved 1062.078 282.8238 283 -0.2679729 -0.390625
Moved 1062.146 281 282 -0.2743056 -0.3952206
Ended 1062.211 281 281 -0.2743056 -0.3998162
Began 1062.466 427 359 0.2326389 -0.04136016
Stationary 1062.55 427 359 0.2326389 -0.04136016
Moved 1062.626 427 365.1288 0.2326389 -0.01319479
Moved 1062.694 435.6411 397.1722 0.2626425 0.1340633
Moved 1062.77 436 429.5915 0.2638889 0.2830492
Moved 1062.84 436 440.3928 0.2638889 0.3326873
Moved 1062.911 424.7086 448.2914 0.2246825 0.3689864
Moved 1062.981 419.5503 448 0.2067718 0.3676471
Moved 1063.047 407.9537 394.4448 0.166506 0.1215295
Moved 1063.115 407 335 0.1631944 -0.1516544
Moved 1063.18 417.4746 298.5762 0.1995645 -0.3190429
Moved 1063.249 430.2858 278.7142 0.244048 -0.4103208
Moved 1063.336 452.1577 291.5471 0.3199922 -0.3513463
Moved 1063.403 476.6234 348.8702 0.4049424 -0.08791251
Moved 1063.468 480 385.3927 0.4166667 0.07992969
Moved 1063.533 468.0331 410.4793 0.3751149 0.1952174
Moved 1063.599 445.0076 435.1955 0.2951652 0.3088029
Moved 1063.667 404.5974 440 0.1548523 0.3308824
Moved 1063.736 360.2592 424.6296 0.0009000302 0.2602463
Moved 1063.81 314.4158 399.7079 -0.1582783 0.1457167
Moved 1063.878 293.2392 385.4928 -0.2318083 0.0803897
Moved 1063.942 281.4594 374.4594 -0.2727103 0.0296848
Ended 1064.041 272 361 -0.3055556 -0.03216912
Began 1064.262 439 432 0.2743055 0.2941177
Stationary 1064.328 439 432 0.2743055 0.2941177
Moved 1064.392 407.8411 402.8411 0.1661149 0.1601153
Moved 1064.458 377.3147 372.0518 0.06012053 0.01862021
Moved 1064.531 352.132 340.8427 -0.02731927 -0.1248037
Moved 1064.601 340.2119 321.3179 -0.06870851 -0.2145314
Moved 1064.668 333.6055 311.6055 -0.09164765 -0.2591661
Moved 1064.738 330 305.0779 -0.1041666 -0.2891642
Moved 1064.807 325.5987 303 -0.1194491 -0.2987133
Moved 1064.894 296.0849 325.5959 -0.2219273 -0.1948719
Moved 1064.975 261.4324 379.2433 -0.3422487 0.05166994
Moved 1065.042 251.6102 399.1694 -0.3763534 0.1432417
Moved 1065.113 251 407.9323 -0.3784722 0.1835121
Moved 1065.185 265.1373 417.5344 -0.3293843 0.2276396
Moved 1065.251 285.1068 423 -0.2600458 0.2527574
Moved 1065.319 299.4745 425.2372 -0.210158 0.2630388
Moved 1065.39 313.6726 425 -0.160859 0.2619486
Ended 1065.46 322 425 -0.1319444 0.2619486
Began 1065.833 332 427 -0.09722225 0.2711398
Stationary 1065.914 332 427 -0.09722225 0.2711398
Stationary 1065.976 332 427 -0.09722225 0.2711398
Moved 1066.044 357.4483 399.5516 -0.008859932 0.1449983
Moved 1066.115 368.9984 385.0032 0.03124446 0.07813987
Moved 1066.185 385.8135 360.582 0.08963019 -0.03408979
Moved 1066.255 394.1263 347.7474 0.118494 -0.09307245
Moved 1066.321 396 344 0.125 -0.1102941
Moved 1066.393 361.6461 364.7737 0.005715639 -0.01482683
Moved 1066.46 317.6744 397.6047 -0.146964 0.136051
Moved 1066.524 298.1895 417.8105 -0.2146196 0.2289085
Moved 1066.591 289.5525 428.8951 -0.2446095 0.2798488
Moved 1066.654 286.5454 433.4546 -0.2550507 0.3008024
Ended 1066.717 287 433 -0.2534723 0.2987132
Began 1066.947 495 363 0.46875 -0.02297794
Moved 1067.037 471.8042 363 0.3882091 -0.02297794
Moved 1067.106 395.7093 363 0.1239905 -0.02297794
Moved 1067.171 347.5 363 -0.04340276 -0.02297794
Moved 1067.236 307.4981 373.9288 -0.1822983 0.02724648
Moved 1067.302 282.7162 376.0709 -0.2683464 0.03709064
Moved 1067.368 264.0117 376 -0.3332925 0.03676457
Moved 1067.433 257.8137 376 -0.3548138 0.03676457
Moved 1067.501 251.3368 352.684 -0.3773028 -0.07038594
Moved 1067.569 251 309.903 -0.3784722 -0.2669901
Moved 1067.635 264 293 -0.3333333 -0.3446691
Moved 1067.721 279.5991 297.1476 -0.2791697 -0.3256084
Moved 1067.793 301.3538 345.7076 -0.2036326 -0.1024465
Moved 1067.87 318 386 -0.1458333 0.08272059
Moved 1067.94 335.549 421.0979 -0.08489952 0.2440162
Moved 1068.014 344.7357 435.7357 -0.05300112 0.3112854
Ended 1068.083 348.5 440.5 -0.03993057 0.3331802
Began 1068.446 308 362 -0.1805556 -0.02757339
Stationary 1068.522 308 362 -0.1805556 -0.02757339
Moved 1068.613 328.3459 378.0767 -0.10991 0.04630832
Moved 1068.683 359.5 398 -0.001736134 0.1378677
Moved 1068.75 402.3965 418.7988 0.1472101 0.2334505
Moved 1068.816 433.9962 429.5992 0.256931 0.2830847
Moved 1068.882 455.3545 437.1182 0.3310921 0.3176386
Moved 1068.948 462.2853 438 0.3551573 0.3216912
Moved 1069.025 451.0332 427.2299 0.3160875 0.2721961
Moved 1069.095 405.6344 393.1674 0.1584528 0.1156592
Moved 1069.164 366.2896 366.6317 0.02183899 -0.00628808
Moved 1069.232 354.1702 360 -0.02024241 -0.03676471
Ended 1069.313 349 357 -0.03819443 -0.05055147
PhraseEnd 1069.893
