my favorite place to visit
Basic
0.8 0.8
575.9999 230.4
Began 182.7871 506 158 0.2534723 -0.3559029
Stationary 182.8069 506 158 0.2534723 -0.3559029
Stationary 182.8264 506 158 0.2534723 -0.3559029
Stationary 182.8466 506 158 0.2534723 -0.3559029
Stationary 182.8742 506 158 0.2534723 -0.3559029
Stationary 182.8909 506 158 0.2534723 -0.3559029
Stationary 182.9128 506 158 0.2534723 -0.3559029
Stationary 182.9291 506 158 0.2534723 -0.3559029
Stationary 182.9469 506 158 0.2534723 -0.3559029
Stationary 182.9661 506 158 0.2534723 -0.3559029
Moved 182.9824 494.82 166.944 0.2340625 -0.3170835
Moved 183 493 170.5 0.2309028 -0.3016495
Moved 183.0207 483.0137 179.9863 0.2135654 -0.2604759
Moved 183.0394 476.1248 186.8752 0.2016056 -0.2305762
Moved 183.0564 466.6911 195.3088 0.1852277 -0.1939721
Moved 183.0748 458.1203 202.733 0.1703478 -0.1617489
Moved 183.0931 445.5 214 0.1484375 -0.1128471
Moved 183.111 422.0407 236.9594 0.1077095 -0.01319726
Moved 183.1309 410.5 250 0.0876736 0.04340278
Moved 183.1584 388.2056 272.7944 0.04896813 0.1423367
Moved 183.1756 378.5798 283.9088 0.0322567 0.1905763
Moved 183.1929 370.6637 291.3364 0.01851328 0.2228141
Moved 183.2105 365.0388 298.2014 0.008748026 0.2526103
Moved 183.2299 361.5 301.5 0.002604201 0.2669272
Moved 183.2476 358.9695 304.0305 -0.001789034 0.27791
Moved 183.2662 354.0187 308.9813 -0.01038417 0.2993981
Moved 183.2841 350.2364 310.7635 -0.01695067 0.3071335
Moved 183.3028 347.483 313.517 -0.02173088 0.3190841
Moved 183.3232 346.3572 314.6428 -0.02368547 0.3239707
Moved 183.3493 344.9731 316.0269 -0.02608843 0.329978
Moved 183.3693 344 317.606 -0.02777778 0.3368317
Ended 183.3868 344 320 -0.02777778 0.3472222
Began 183.6131 309 243 -0.08854166 0.01302083
Stationary 183.6368 309 243 -0.08854166 0.01302083
Stationary 183.6537 309 243 -0.08854166 0.01302083
Stationary 183.6723 309 243 -0.08854166 0.01302083
Stationary 183.6912 309 243 -0.08854166 0.01302083
Stationary 183.7124 309 243 -0.08854166 0.01302083
Moved 183.7315 297.4725 243 -0.1085547 0.01302083
Moved 183.748 291.1374 243 -0.1195532 0.01302083
Moved 183.7646 282.0829 243 -0.1352727 0.01302083
Moved 183.7814 272.4407 243 -0.1520127 0.01302083
Moved 183.7992 262.8375 243 -0.1686849 0.01302083
Moved 183.8167 251.2204 243 -0.1888536 0.01302083
Moved 183.834 239.5029 243 -0.2091963 0.01302083
Moved 183.8526 219.293 253.9656 -0.244283 0.06061449
Moved 183.8768 206.8595 255.7544 -0.265869 0.06837846
Moved 183.8948 195.158 257.2047 -0.286184 0.0746731
Moved 183.9138 173.7837 261.027 -0.3232922 0.0912632
Moved 183.9316 164.1163 261 -0.3400759 0.09114584
Moved 183.9483 157.8277 261 -0.3509936 0.09114584
Moved 183.9663 154.3712 261 -0.3569944 0.09114584
Moved 183.9837 151.5556 261 -0.3618826 0.09114584
Moved 184.0013 151 261.6049 -0.3628472 0.09377136
Moved 184.0186 150.0171 262 -0.3645537 0.09548625
Moved 184.0375 160.5568 255.2135 -0.3462556 0.06603083
Moved 184.066 180.9751 241.6832 -0.3108071 0.007305676
Moved 184.086 228.5123 213.5345 -0.2282773 -0.1148674
Moved 184.1072 257.7032 196.1781 -0.1775986 -0.1901992
Moved 184.1258 279.7917 183.7422 -0.1392504 -0.2441746
Moved 184.1434 310.2939 163.2236 -0.08629523 -0.3332306
Moved 184.1609 322.5 153.5 -0.06510419 -0.375434
Moved 184.1775 333.2494 148.429 -0.04644204 -0.3974438
Moved 184.1956 339.7718 145.1141 -0.03511839 -0.4118309
Moved 184.2125 347.9745 141.0127 -0.02087764 -0.4296325
Moved 184.2295 352.8529 139.2867 -0.01240809 -0.4371234
Moved 184.2618 361.4605 137.5132 0.002535656 -0.4448211
Moved 184.2798 369.186 138 0.01594789 -0.4427084
Moved 184.3024 389.5 154.5 0.05121529 -0.3710938
Moved 184.3205 410.6484 167.3883 0.08793123 -0.3151548
Moved 184.3385 433.5567 186.4772 0.1277026 -0.232304
Moved 184.3566 454.2785 204.4414 0.1636779 -0.1543342
Moved 184.3753 481.3024 231.3024 0.2105944 -0.03775001
Moved 184.3935 490.5 240.5 0.2265625 0.002170139
Moved 184.4108 496.761 246.761 0.2374322 0.02934456
Moved 184.429 500.0226 251.0302 0.2430948 0.04787406
Moved 184.4568 511.0714 262.0714 0.2622768 0.0957962
Moved 184.4747 516.5856 267.5856 0.2718501 0.1197295
Moved 184.4922 522 274.5 0.2812501 0.1497397
Moved 184.5101 528.6728 280.6728 0.2928347 0.1765312
Moved 184.5274 534.1947 287.4934 0.3024214 0.2061346
Moved 184.5461 540.4549 293.4549 0.3132898 0.2320091
Moved 184.564 542.1124 295.1124 0.3161673 0.239203
Moved 184.5814 543.4951 296.4951 0.3185679 0.2452047
Moved 184.5994 543 297.5 0.3177083 0.249566
Moved 184.6169 543 298.1282 0.3177083 0.2522928
Stationary 184.644 543 298 0.3177083 0.2517361
Stationary 184.6615 543 298 0.3177083 0.2517361
Moved 184.6786 519.0782 298 0.2761774 0.2517361
Moved 184.6954 505.6882 299.7589 0.252931 0.25937
Moved 184.7133 451.5482 305.6464 0.1589379 0.2849235
Moved 184.7304 418.4452 307.0241 0.1014674 0.2909034
Moved 184.7632 363 307 0.005208328 0.2907986
Moved 184.7816 330.7611 293.7836 -0.05076204 0.2334357
Moved 184.7998 305.106 291.7837 -0.09530206 0.2247555
Moved 184.8177 287.929 290.4108 -0.1251232 0.2187968
Moved 184.8458 264.662 289 -0.1655174 0.2126738
Moved 184.8639 254.9594 289 -0.1823622 0.2126738
Moved 184.881 247.5016 289 -0.1953097 0.2126738
Moved 184.9008 239.5342 289 -0.209142 0.2126738
Moved 184.9186 236.2942 289 -0.214767 0.2126738
Stationary 184.9364 236 289 -0.2152778 0.2126738
Moved 184.9541 235 296.6137 -0.2170139 0.2457193
Moved 184.9723 235 297.5 -0.2170139 0.249566
Moved 184.9961 250 301 -0.1909722 0.2647568
Moved 185.0146 273.7854 304.4924 -0.1496781 0.2799151
Moved 185.0431 332.6509 308.5935 -0.0474811 0.2977149
Moved 185.0636 360.4897 309.9731 0.0008501113 0.3037029
Moved 185.0834 403.0578 310 0.07475309 0.3038195
Moved 185.1014 420.4118 310 0.1048816 0.3038195
Moved 185.119 432.4181 310 0.1257259 0.3038195
Moved 185.137 446 310 0.1493056 0.3038195
Moved 185.1643 468.6895 310 0.1886971 0.3038195
Moved 185.1829 478.7921 310 0.2062362 0.3038195
Moved 185.2014 486.3235 310 0.2193117 0.3038195
Moved 185.2191 493.1965 310 0.2312439 0.3038195
Moved 185.2472 498.8094 310 0.2409884 0.3038195
Moved 185.2652 500.2809 310 0.2435433 0.3038195
Moved 185.2829 501 305.3671 0.2447917 0.2837115
Moved 185.3009 501 300.5777 0.2447917 0.2629241
Moved 185.3183 501 296.5721 0.2447917 0.2455386
Moved 185.3361 480.6985 288.8348 0.209546 0.2119565
Moved 185.3539 464.943 282.8536 0.1821928 0.1859967
Moved 185.3715 420.695 272.1544 0.1053733 0.1395593
Moved 185.3889 392.6277 268.9793 0.05664535 0.1257783
Moved 185.4074 361.8649 268 0.00323765 0.1215278
Moved 185.434 347.0344 268 -0.02250969 0.1215278
Moved 185.4514 335.5 268 -0.04253473 0.1215278
Moved 185.4697 309.4263 268 -0.08780163 0.1215278
Moved 185.4876 294.2178 278.7507 -0.1142052 0.1681888
Moved 185.5049 282.5068 278.7215 -0.1345368 0.1680622
Moved 185.5221 271.1508 280.1061 -0.1542522 0.1740717
Moved 185.5397 260.0988 280 -0.1734396 0.1736113
Moved 185.5574 251.7732 281.8712 -0.1878938 0.1817325
Moved 185.5794 237.8093 284.2382 -0.2121366 0.1920061
Moved 185.597 228.5827 286.6835 -0.228155 0.2026193
Moved 185.6238 218.7115 289.4295 -0.2452925 0.2145378
Moved 185.641 217.2008 290.7992 -0.2479153 0.2204826
Moved 185.6582 215.8155 292.1845 -0.2503204 0.2264954
Moved 185.6746 216 296.6669 -0.25 0.24595
Moved 185.6911 216 299.5 -0.25 0.2582467
Ended 185.7079 216 299.5 -0.25 0.2582467
Began 185.9221 602 288 0.4201389 0.2083334
Stationary 185.9512 602 288 0.4201389 0.2083334
Stationary 185.9687 602 288 0.4201389 0.2083334
Stationary 185.9877 602 288 0.4201389 0.2083334
Stationary 186.0047 602 288 0.4201389 0.2083334
Stationary 186.0215 602 288 0.4201389 0.2083334
Stationary 186.0395 602 288 0.4201389 0.2083334
Stationary 186.0569 602 288 0.4201389 0.2083334
Stationary 186.0749 602 288 0.4201389 0.2083334
Stationary 186.0936 602 288 0.4201389 0.2083334
Stationary 186.1112 602 288 0.4201389 0.2083334
Stationary 186.1329 602 288 0.4201389 0.2083334
Moved 186.1513 594.2908 278.2908 0.4067549 0.1661927
Moved 186.1702 591.9868 275.9868 0.4027548 0.1561925
Moved 186.1887 590.6103 273.2205 0.4003651 0.1441864
Moved 186.2128 580.3388 260.1735 0.3825326 0.08755843
Moved 186.2314 572 250.5 0.3680556 0.04557292
Moved 186.2542 538.6279 230.5017 0.3101178 -0.04122522
Moved 186.2747 530.5564 228.0226 0.2961048 -0.05198532
Moved 186.2931 515.9423 223.5549 0.2707332 -0.07137617
Moved 186.3165 490.6898 222 0.2268919 -0.07812487
Moved 186.3438 478.2508 222 0.2052965 -0.07812487
Moved 186.3627 442.4039 233.266 0.1430624 -0.02922747
Moved 186.38 426.4234 237.087 0.1153184 -0.01264321
Moved 186.3967 405.6976 240.1628 0.07933609 0.0007069111
Moved 186.4145 386.4995 241.4644 0.04600607 0.00635571
Moved 186.4346 370.8435 244.6927 0.01882561 0.02036784
Moved 186.4545 338.7758 248.6021 -0.03684748 0.03733529
Moved 186.4731 322.1816 249.9849 -0.06565686 0.04333708
Moved 186.4925 306.8987 251.3728 -0.0921898 0.04936112
Moved 186.5111 297.8333 252.3167 -0.1079283 0.05345782
Moved 186.5405 268.2127 254 -0.1593529 0.06076403
Moved 186.5595 259.6842 255.5526 -0.1741594 0.06750266
Moved 186.5797 234.1417 257.3215 -0.2185041 0.0751804
Moved 186.6182 212.3851 258.8461 -0.2562759 0.08179745
Moved 186.6356 200.397 260.1781 -0.2770885 0.0875787
Moved 186.6615 183.2929 260.9414 -0.3067832 0.09089153
Moved 186.6792 176.3842 261 -0.3187774 0.09114584
Moved 186.6973 171.8788 262 -0.3265993 0.09548625
Moved 186.7149 163.438 263.0803 -0.3412535 0.1001748
Moved 186.7338 152.9025 264.5244 -0.3595442 0.1064425
Moved 186.7608 149.1903 265 -0.3659891 0.108507
Moved 186.7781 147.7187 265 -0.368544 0.108507
Moved 186.799 145.5 266 -0.3723958 0.1128472
Moved 186.8275 146 267 -0.3715278 0.1171876
Stationary 186.8492 146 267 -0.3715278 0.1171876
Moved 186.8675 159.3233 267 -0.348397 0.1171876
Moved 186.8869 193.7082 252.1459 -0.2887011 0.05271661
Moved 186.9058 208.7326 243.964 -0.2626171 0.01720495
Moved 186.9248 226.1192 236.2175 -0.2324319 -0.01641697
Moved 186.9439 242.1085 227.3954 -0.2046727 -0.05470753
Moved 186.9758 270.0634 212.6927 -0.15614 -0.1185209
Moved 186.9937 283.4477 205.3069 -0.1329034 -0.1505776
Moved 187.0115 301.4612 193.2311 -0.1016299 -0.20299
Moved 187.0301 308.3441 187.7247 -0.0896803 -0.2268892
Moved 187.0502 313.8296 183.6278 -0.08015696 -0.2446709
Moved 187.0686 316.664 181.3359 -0.07523604 -0.2546182
Moved 187.091 320.2574 178.7426 -0.06899755 -0.2658744
Moved 187.1096 321.5 177.5 -0.06684028 -0.2712674
Moved 187.128 322.0109 178 -0.06595333 -0.2690972
Stationary 187.1459 322.0109 178 -0.06595333 -0.2690972
Moved 187.1735 312.6842 193.1514 -0.08214548 -0.2033361
Moved 187.1919 306.5 204 -0.09288196 -0.1562499
Moved 187.2105 293.9356 229.1448 -0.1146951 -0.04711456
Moved 187.232 287.7997 241.2009 -0.1253478 0.005212493
Moved 187.2505 282.0657 253.8687 -0.1353027 0.06019368
Moved 187.2688 276.33 265.34 -0.1452604 0.1099825
Moved 187.2868 271.8903 274.7742 -0.1529682 0.1509296
Moved 187.3067 265.0259 286.9655 -0.1648856 0.2038431
Moved 187.3277 263.6184 291.1447 -0.1673291 0.2219823
Moved 187.347 260.4973 296.2542 -0.1727478 0.2441588
Moved 187.3782 255 307.5 -0.1822917 0.2929688
Moved 187.3978 251.7108 315.8676 -0.1880021 0.3292865
Moved 187.4175 250.5 318 -0.1901042 0.3385417
Moved 187.4369 249.3151 319.6849 -0.1921613 0.3458548
Moved 187.4583 249 323.4182 -0.1927084 0.3620581
Moved 187.4773 249 328.2077 -0.1927084 0.382846
Ended 187.497 249 331 -0.1927084 0.3949653
Began 187.7215 381 315 0.0364583 0.3255209
Stationary 187.7499 381 315 0.0364583 0.3255209
Stationary 187.7673 381 315 0.0364583 0.3255209
Stationary 187.7849 381 315 0.0364583 0.3255209
Stationary 187.8044 381 315 0.0364583 0.3255209
Stationary 187.8225 381 315 0.0364583 0.3255209
Moved 187.8405 396 315 0.06250002 0.3255209
Moved 187.8751 414.5817 315 0.09475984 0.3255209
Moved 187.8946 422.8161 315 0.1090557 0.3255209
Moved 187.9129 429.835 315 0.1212414 0.3255209
Moved 187.9312 437.5941 315 0.1347121 0.3255209
Moved 187.9504 449.6813 315 0.1556967 0.3255209
Moved 187.9694 456.8428 315 0.16813 0.3255209
Moved 187.99 463.7488 321.6483 0.1801194 0.3543765
Moved 188.009 470.6641 322 0.1921251 0.3559029
Moved 188.0283 488.7059 324.1008 0.2234478 0.365021
Moved 188.0487 495.3921 325.4784 0.2350557 0.371
Moved 188.0677 502 325 0.2465278 0.3689236
Moved 188.0958 520.3535 326 0.2783915 0.3732638
Moved 188.1176 528.0471 326 0.2917485 0.3732638
Moved 188.1375 538.9625 326 0.3106988 0.3732638
Moved 188.158 545.5074 326 0.3220614 0.3732638
Moved 188.1766 551.0143 326 0.331622 0.3732638
Moved 188.1968 558.3945 326 0.3444348 0.3732638
Moved 188.215 561.1649 326 0.3492447 0.3732638
Moved 188.2321 563.9351 326 0.3540541 0.3732638
Moved 188.2497 565.8481 326 0.3573753 0.3732638
Moved 188.2729 570.2179 326 0.3649616 0.3732638
Moved 188.3006 573.9661 326 0.371469 0.3732638
Ended 188.3184 577 326 0.3767361 0.3732638
Began 188.6015 359 189 -0.001736097 -0.2213541
Stationary 188.6315 359 189 -0.001736097 -0.2213541
Stationary 188.6518 359 189 -0.001736097 -0.2213541
Stationary 188.6796 359 189 -0.001736097 -0.2213541
Stationary 188.7005 359 189 -0.001736097 -0.2213541
Stationary 188.7183 359 189 -0.001736097 -0.2213541
Stationary 188.735 359 189 -0.001736097 -0.2213541
Stationary 188.7525 359 189 -0.001736097 -0.2213541
Stationary 188.7692 359 189 -0.001736097 -0.2213541
Stationary 188.7876 359 189 -0.001736097 -0.2213541
Moved 188.8091 359 196.5983 -0.001736097 -0.1883755
Moved 188.8317 368.4087 200.2043 0.01459844 -0.1727241
Moved 188.8505 371.3103 202.6552 0.01963593 -0.162087
Moved 188.87 374.0886 205.0886 0.02445936 -0.1515251
Moved 188.9017 381.2408 210.4305 0.03687635 -0.1283397
Moved 188.9256 398.2179 226.6382 0.06635055 -0.057994
Moved 188.945 410.0789 237.3445 0.08694254 -0.01152568
Moved 188.9656 446.5024 266.6559 0.1501778 0.115694
Moved 188.9833 467.32 283.7029 0.1863195 0.1896827
Moved 189.0024 481.9819 294.3873 0.2117741 0.2360561
Moved 189.0205 495 303.5 0.234375 0.2756077
Moved 189.0502 511.696 314.0176 0.2633611 0.3212569
Moved 189.068 516.4945 315.5978 0.2716918 0.3281156
Moved 189.0858 519.5577 318.7789 0.27701 0.3419223
Moved 189.1047 522.5 321.5 0.282118 0.3537328
Moved 189.1228 522 322.9233 0.2812501 0.3599105
Moved 189.1404 522 324.3113 0.2812501 0.3659345
Moved 189.1585 508.5028 325.6871 0.2578174 0.3719061
Moved 189.1772 498.0863 326 0.2397331 0.3732638
Moved 189.1964 479.5335 326 0.2075235 0.3732638
Moved 189.2183 433.0264 312.3799 0.126782 0.3141492
Moved 189.2471 385.2419 304.7488 0.04382268 0.281028
Moved 189.2656 367.7633 302.9803 0.01347803 0.273352
Moved 189.2872 348.4214 301.6016 -0.02010167 0.2673679
Moved 189.3072 315.8424 292.6141 -0.07666253 0.22836
Moved 189.3255 298.1085 288.3328 -0.1074505 0.2097777
Moved 189.3433 281.1808 281.9926 -0.1368389 0.1822596
Moved 189.362 266.1868 276.0747 -0.1628702 0.1565744
Moved 189.3826 239.509 267.7527 -0.2091859 0.1204544
Moved 189.401 231.0635 265.3038 -0.2238481 0.1098257
Moved 189.42 221.7698 262.6485 -0.239983 0.09830091
Moved 189.448 211.1867 261 -0.2583565 0.09114584
Moved 189.4686 208.3589 261 -0.2632659 0.09114584
Moved 189.4941 204.9195 261 -0.269237 0.09114584
Moved 189.5115 203.5364 261 -0.2716382 0.09114584
Stationary 189.531 203.5364 261 -0.2716382 0.09114584
Moved 189.5512 201.6904 261 -0.2748431 0.09114584
Stationary 189.5689 201.6904 261 -0.2748431 0.09114584
Stationary 189.5857 201.6904 261 -0.2748431 0.09114584
Moved 189.6075 200.8895 261 -0.2762336 0.09114584
Stationary 189.6262 200.8895 261 -0.2762336 0.09114584
Moved 189.655 201 269.9286 -0.2760417 0.1298988
Moved 189.6751 240.5967 269 -0.2072974 0.1258681
Moved 189.6946 265.6739 270.4263 -0.1637606 0.1320587
Moved 189.7145 300.2255 272.8011 -0.1037752 0.142366
Moved 189.7329 332.2225 276.5508 -0.04822489 0.1586407
Moved 189.7535 383.342 284.3878 0.0405243 0.1926551
Moved 189.7745 406.6724 289.9181 0.08102849 0.2166584
Moved 189.7945 424.8156 295.4818 0.1125271 0.2408064
Moved 189.8133 453.1119 302.2471 0.1616527 0.2701697
Moved 189.8316 465.5 305 0.1831597 0.2821182
Moved 189.8608 479.766 308.9532 0.2079272 0.299276
Moved 189.8804 488.0778 310.3463 0.2223573 0.3053226
Moved 189.9001 493.8614 311.7153 0.2323983 0.3112645
Moved 189.9288 501.9507 313.4753 0.2464421 0.3189034
Moved 189.9528 505.2433 313 0.2521585 0.3168403
Stationary 189.9713 505.2433 313 0.2521585 0.3168403
Stationary 189.9889 505 313 0.2517361 0.3168403
Stationary 190.0077 505 313 0.2517361 0.3168403
Moved 190.0261 492.778 313 0.2305174 0.3168403
Moved 190.045 468.1707 313 0.1877964 0.3168403
Moved 190.0747 438.5398 313 0.1363537 0.3168403
Moved 190.094 423.4284 313 0.1101187 0.3168403
Moved 190.1123 405.2922 313 0.07863231 0.3168403
Moved 190.1305 387.2055 313.8162 0.04723176 0.320383
Moved 190.1491 373.0135 314 0.022593 0.3211807
Moved 190.1691 346.2849 314 -0.02381086 0.3211807
Moved 190.1887 333.7788 314 -0.04552286 0.3211807
Moved 190.2073 323.5 314 -0.06336804 0.3211807
Moved 190.2261 316.4735 308.4734 -0.07556688 0.2971938
Moved 190.2484 304.3633 305.4545 -0.09659142 0.2840907
Moved 190.2782 297.3782 305 -0.1087184 0.2821182
Moved 190.3054 294.9249 305 -0.1129776 0.2821182
Stationary 190.3242 295 305 -0.1128472 0.2821182
Ended 190.3411 295 305 -0.1128472 0.2821182
PhraseEnd 190.9546
the five boxing wizards jump quickly
Basic
0.8 0.8
575.9999 435.2
Began 784.3721 360 467 0 0.2274816
Stationary 784.4261 360 467 0 0.2274816
Stationary 784.4777 360 467 0 0.2274816
Stationary 784.5356 360 467 0 0.2274816
Stationary 784.5865 360 467 0 0.2274816
Stationary 784.6368 360 467 0 0.2274816
Moved 784.6885 360 451.1733 0 0.1911152
Moved 784.7423 386.2741 421.5889 0.04561469 0.1231362
Moved 784.8058 414.1446 380.2831 0.094001 0.02822407
Moved 784.8586 422 368.2494 0.1076389 0.0005731162
Moved 784.9116 423 365.6399 0.109375 -0.005423042
Moved 784.9614 410.9988 366 0.08853957 -0.004595589
Moved 785.0113 359.6378 416.8373 -0.0006287917 0.112218
Moved 785.0672 316.5107 450.7139 -0.07550228 0.1900596
Moved 785.1182 270.3772 473.7336 -0.1555951 0.2429541
Moved 785.1716 248.1255 484.4373 -0.1942267 0.2675489
Moved 785.2249 233.2827 492.8586 -0.2199953 0.2868995
Moved 785.2753 228.0237 496.9763 -0.2291256 0.2963611
Ended 785.3497 228 500 -0.2291667 0.3033088
Began 785.6122 332 315 -0.04861113 -0.1217831
Stationary 785.6829 332 315 -0.04861113 -0.1217831
Stationary 785.7339 332 315 -0.04861113 -0.1217831
Moved 785.7943 343.5 324.5 -0.02864584 -0.09995398
Moved 785.8558 353.4918 332.2377 -0.01129903 -0.08217448
Moved 785.9055 374.171 352.2894 0.02460234 -0.03609966
Moved 785.9561 421.8735 392.5435 0.1074192 0.05639582
Moved 786.0071 492.0265 440.351 0.2292127 0.1662478
Moved 786.0574 515.8309 456.0985 0.2705397 0.2024323
Moved 786.1079 526.2967 464.1483 0.2887096 0.2209291
Moved 786.1593 530.2737 467 0.295614 0.2274816
Stationary 786.2082 530 467 0.2951389 0.2274816
Moved 786.2562 523.6518 461.9214 0.2841177 0.2158122
Moved 786.3101 490.4024 429.4023 0.2263931 0.14109
Moved 786.3612 429.3278 346.5327 0.1203608 -0.0493274
Moved 786.4434 395.2871 280.5742 0.06126233 -0.2008866
Moved 786.4963 385.5735 256.4336 0.04439838 -0.2563566
Moved 786.5501 377.0934 238.2803 0.02967611 -0.2980693
Moved 786.6039 371.9569 230.9569 0.02075844 -0.3148968
Moved 786.6561 365.5743 228 0.009677559 -0.3216912
Moved 786.7069 355.905 228 -0.007109382 -0.3216912
Moved 786.7581 343.04 239.9199 -0.02944436 -0.2943016
Moved 786.8175 315.6214 269.4058 -0.0770462 -0.2265493
Moved 786.8827 288.5097 326.7258 -0.1241151 -0.09483969
Moved 786.9342 270.2962 403.5745 -0.1557357 0.08174294
Moved 787.013 255.0882 465.6912 -0.1821385 0.2244743
Moved 787.067 246.8164 489.4591 -0.1964994 0.2790881
Moved 787.1182 242 506.5402 -0.2048611 0.3183369
Moved 787.1694 240 513.4149 -0.2083333 0.3341336
Ended 787.2194 240 517.5 -0.2083333 0.3435203
Began 787.4719 370 294 0.01736112 -0.1700368
Stationary 787.5331 370 294 0.01736112 -0.1700368
Stationary 787.59 370 294 0.01736112 -0.1700368
Moved 787.6418 382.2047 304.9843 0.03854983 -0.1447972
Moved 787.6931 396.2962 314.7222 0.06301434 -0.1224214
Moved 787.7457 421.8277 333.0621 0.1073398 -0.08028003
Moved 787.7985 441.5146 353.4175 0.1415184 -0.03350763
Moved 787.854 473.7435 399.2393 0.1974714 0.07178146
Moved 787.9149 509.8881 447.5361 0.2602224 0.1827577
Moved 787.9681 530.334 472.8008 0.2957188 0.2408108
Moved 788.0223 543.9939 489.9939 0.3194339 0.2803169
Moved 788.0786 547 494.7825 0.3246528 0.2913202
Moved 788.1439 529.9467 496 0.2950463 0.2941177
Moved 788.1982 492 487.5 0.2291667 0.2745864
Moved 788.2505 446.7537 481.0186 0.150614 0.2596935
Moved 788.3049 387.79 457.1391 0.04824661 0.2048233
Moved 788.3585 339.2043 406.26 -0.03610362 0.08791363
Moved 788.413 292.8167 331.6334 -0.1166377 -0.08356299
Moved 788.4641 278.0378 301.0756 -0.1422955 -0.1537786
Moved 788.514 264.8251 280.8251 -0.1652341 -0.2003099
Moved 788.5631 252.7511 266.1266 -0.186196 -0.234084
Moved 788.6148 244.2568 256.5135 -0.2009431 -0.2561729
Moved 788.6982 238 249 -0.2118056 -0.2734374
Stationary 788.752 238 249 -0.2118056 -0.2734374
Moved 788.803 301.1272 308.3948 -0.1022097 -0.1369606
Moved 788.8566 370.8742 368.2285 0.0188788 0.000525152
Moved 788.9173 441.4896 423.6172 0.1414751 0.127797
Moved 788.9698 468.1381 441.2828 0.1877397 0.1683889
Moved 789.0208 494.6268 461.9701 0.2337272 0.215924
Moved 789.0711 506.5968 471.5969 0.2545084 0.2380443
Moved 789.1339 508 473 0.2569445 0.2412684
Moved 789.1834 492.9293 444.0116 0.2307801 0.1746591
Moved 789.2639 431.8582 297.9551 0.1247537 -0.1609488
Moved 789.3139 415.0726 239.5084 0.09561218 -0.2952472
Moved 789.3638 409.9503 215.8011 0.08671924 -0.3497216
Moved 789.4166 407.8091 207.8091 0.08300193 -0.3680858
Moved 789.4702 405.6301 206 0.07921889 -0.3722427
Moved 789.5232 392.5 231 0.05642362 -0.3147978
Moved 789.5748 366.7601 306.1993 0.0117363 -0.1420051
Moved 789.6357 354.4829 369.8442 -0.009578318 0.004237751
Moved 789.6915 350.9251 393.3743 -0.01575496 0.05830503
Moved 789.7416 350 406.5898 -0.01736112 0.08867142
Ended 789.8178 350 409.0095 -0.01736112 0.09423137
Began 790.2856 227 500 -0.2309028 0.3033088
Stationary 790.3483 227 500 -0.2309028 0.3033088
Stationary 790.3988 227 500 -0.2309028 0.3033088
Moved 790.4514 284.357 516.7261 -0.1313247 0.3417421
Moved 790.5035 350.2291 525.0255 -0.01696337 0.3608122
Moved 790.5551 408.7094 527.8091 0.08456492 0.3672085
Moved 790.6069 467.2976 528 0.1862806 0.3676471
Moved 790.6583 493.9027 528 0.2324701 0.3676471
Moved 790.7103 502.3186 518.7696 0.247081 0.3464376
Moved 790.7616 504 514 0.25 0.3354781
Moved 790.813 476.8146 492.7591 0.2028031 0.2866708
Moved 790.8636 435 473 0.1302084 0.2412684
Moved 790.9291 323.4103 422.3773 -0.06352376 0.1249479
Moved 790.9888 260.5 372 -0.1727431 0.009191248
Moved 791.042 230.0885 334.1327 -0.2255409 -0.07782011
Moved 791.0984 207.5535 297.1069 -0.2646641 -0.1628977
Moved 791.1522 199.1093 271.2732 -0.2793242 -0.2222583
Moved 791.2045 194.8946 252.7892 -0.2866413 -0.2647307
Moved 791.2579 194 250 -0.2881945 -0.2711397
Moved 791.3114 190.5 269.5 -0.2942708 -0.2263328
Moved 791.3672 184.8618 312.8294 -0.3040595 -0.1267707
Moved 791.4213 178.9066 363.8408 -0.3143983 -0.00955708
Moved 791.5042 174 401.4705 -0.3229167 0.07690837
Moved 791.5544 174 412 -0.3229167 0.101103
Moved 791.6057 185.9019 426.9346 -0.3022536 0.1354196
Moved 791.6597 209.5948 445.3718 -0.2611202 0.1777845
Moved 791.7158 248.7475 472.2482 -0.1931466 0.239541
Moved 791.7693 271.5259 488.1444 -0.1536009 0.2760672
Moved 791.826 279.5 494 -0.1397569 0.2895221
Moved 791.8817 279 494 -0.140625 0.2895221
Moved 791.9333 254.4314 427.5099 -0.1832788 0.1367417
Moved 791.9828 244.9782 382.7598 -0.1996907 0.03391505
Moved 792.074 242 342.1122 -0.2048611 -0.05948481
Moved 792.1292 242 337.9379 -0.2048611 -0.0690766
Moved 792.1768 240.7147 338 -0.2070926 -0.06893383
Moved 792.2298 227.9692 338 -0.2292202 -0.06893383
Moved 792.2805 198.6994 359.5751 -0.2800357 -0.01935861
Moved 792.3303 185.5757 363 -0.30282 -0.01148897
Moved 792.3779 179.7518 364 -0.3129309 -0.009191107
Ended 792.4258 179 364 -0.3142361 -0.009191107
Began 792.7454 432 308 0.125 -0.1378677
Stationary 792.808 432 308 0.125 -0.1378677
Moved 792.8625 432 333.6316 0.125 -0.07897146
Moved 792.9153 432 374.8856 0.125 0.0158216
Moved 792.9714 445.4828 413.1896 0.1484076 0.1038365
Moved 793.0372 456.3438 460.5469 0.1672634 0.2126539
Moved 793.0892 459.3122 489.1857 0.1724171 0.2784598
Moved 793.1392 459 507.534 0.171875 0.3206204
Moved 793.1888 459 515.5 0.171875 0.3389246
Moved 793.2434 459 515 0.171875 0.3377758
Moved 793.2971 445 422.4839 0.1475695 0.1251928
Moved 793.3522 444 352.9583 0.1458333 -0.0345627
Moved 793.4063 456.7227 283.7477 0.1679214 -0.1935943
Moved 793.4597 466.3408 246.6368 0.1846194 -0.2788675
Moved 793.5136 473.6859 227.3141 0.1973712 -0.3232673
Moved 793.5878 476 223 0.2013889 -0.3331802
Moved 793.637 486.5449 246.8622 0.2196959 -0.2783498
Moved 793.686 518.5041 334.4688 0.2751807 -0.07704777
Moved 793.7342 541.7914 399.0161 0.3156102 0.07126848
Moved 793.7861 570.0019 463.205 0.3645867 0.2187614
Moved 793.8372 580.6752 496.7267 0.3831168 0.2957875
Moved 793.8881 583 513.6288 0.3871528 0.3346251
Moved 793.9414 584.0551 524.1102 0.3889847 0.3587092
Ended 793.9919 585.5 526.5 0.3914931 0.3642004
Began 794.2938 143 469 -0.3767361 0.2320773
Stationary 794.3569 143 469 -0.3767361 0.2320773
Moved 794.4081 166.5 469 -0.3359375 0.2320773
Moved 794.465 223.4017 484.8671 -0.2371498 0.2685365
Moved 794.5187 269.8248 492.1375 -0.1565542 0.2852423
Moved 794.5709 348.9244 506.4905 -0.01922846 0.3182228
Moved 794.6262 409.0661 515.1374 0.08518428 0.3380916
Moved 794.6754 453.5166 519.2097 0.1623552 0.3474488
Moved 794.7283 488.8754 520 0.223742 0.3492647
Moved 794.7808 501.5 520 0.2456597 0.3492647
Moved 794.8366 510.0255 520 0.2604611 0.3492647
Moved 794.8897 496.9814 490.2456 0.237815 0.2808953
Moved 794.9428 368.416 346.0339 0.01461104 -0.05047343
Moved 794.9948 329.6364 305.6365 -0.0527145 -0.1432985
Moved 795.0491 293.0867 261.63 -0.116169 -0.2444164
Moved 795.116 281.1274 244.2549 -0.1369316 -0.2843408
Moved 795.1692 279 240.6423 -0.140625 -0.2926418
Stationary 795.2576 279 241 -0.140625 -0.2918199
Moved 795.3075 295.3073 251.0504 -0.1123136 -0.2687261
Moved 795.3566 342.5769 274.9077 -0.03024843 -0.2139071
Moved 795.4062 400.5384 307.2692 0.07037909 -0.1395469
Moved 795.4587 443.6053 334.0702 0.1451481 -0.07796365
Moved 795.5099 481.7029 358.2217 0.2112897 -0.02246857
Moved 795.561 495.5 368.5 0.2352431 0.001148897
Moved 795.6141 508.1385 376.0692 0.2571848 0.01854139
Moved 795.6685 515.212 380.212 0.2694652 0.02806061
Moved 795.7177 520.9828 382.9914 0.279484 0.03444721
Moved 795.7925 544.7333 388 0.3207175 0.04595592
Moved 795.8417 556.4637 388 0.3410828 0.04595592
Moved 795.8912 564.2547 379.2171 0.3546088 0.02577459
Moved 795.9409 566 376.947 0.3576389 0.02055828
Moved 795.9962 567 375 0.359375 0.01608456
Moved 796.0454 549.6533 386.5645 0.3292592 0.04265729
Moved 796.0952 518.4666 404.8334 0.2751155 0.08463552
Moved 796.1509 485.3541 422.176 0.2176287 0.1244853
Moved 796.2015 437.6191 457.5578 0.1347554 0.2057854
Moved 796.2509 416.0784 473.353 0.09735831 0.2420795
Moved 796.3361 394.7905 489.2095 0.06040015 0.2785145
Ended 796.3878 393 493.3673 0.05729169 0.2880683
PhraseEnd 797.0503
