all work and no play
Basic
0.4 0.4
288 115.2
Began 483.3789 222 215 -0.4791667 -0.2170139
Stationary 483.4426 222 215 -0.4791667 -0.2170139
Stationary 483.4804 222 215 -0.4791667 -0.2170139
Moved 483.5177 236.9399 215 -0.4272922 -0.2170139
Moved 483.5552 250.7491 215 -0.3793433 -0.2170139
Moved 483.5941 273.4568 215 -0.3004974 -0.2170139
Moved 483.6365 298.9159 215 -0.2120976 -0.2170139
Moved 483.676 317.8278 215 -0.1464314 -0.2170139
Moved 483.7181 343.5 215 -0.05729169 -0.2170139
Moved 483.7598 366.9545 215 0.02414763 -0.2170139
Moved 483.8082 396.231 224.0577 0.125802 -0.1383877
Moved 483.8532 423.1817 231.7273 0.2193809 -0.07181142
Moved 483.8943 437.6138 235.1228 0.2694923 -0.04233678
Moved 483.9354 451.7735 240.2578 0.3186579 0.002237691
Moved 483.978 461.1172 243 0.3511013 0.02604167
Moved 484.0184 464.825 244 0.3639758 0.03472222
Moved 484.0579 469.9631 245 0.3818165 0.04340278
Moved 484.097 472.812 246 0.3917083 0.05208334
Ended 484.1599 475.3708 247.1854 0.400593 0.06237375
Began 484.3935 262 272 -0.3402778 0.2777781
Stationary 484.4661 262 272 -0.3402778 0.2777781
Stationary 484.5058 262 272 -0.3402778 0.2777781
Moved 484.5504 286.1617 272 -0.2563831 0.2777781
Moved 484.594 313.2316 272 -0.1623904 0.2777781
Moved 484.6341 324.7781 272 -0.1222984 0.2777781
Moved 484.6751 346.101 272 -0.04826047 0.2777781
Moved 484.7174 371.2322 279 0.03900081 0.338542
Moved 484.7581 391.4798 280 0.1093048 0.3472225
Moved 484.7982 410.2273 280 0.1744004 0.3472225
Moved 484.8463 431.3986 280 0.2479117 0.3472225
Moved 484.902 449.5645 280 0.3109879 0.3472225
Moved 484.9437 459.8272 280 0.3466223 0.3472225
Moved 484.981 462.2962 280 0.3551951 0.3472225
Moved 485.0175 463 280 0.3576389 0.3472225
Moved 485.0548 450.4402 280 0.3140286 0.3472225
Moved 485.0926 425.3203 271.2109 0.2268064 0.2709286
Moved 485.131 384.1843 271 0.08397342 0.2690972
Moved 485.1688 354.0375 271 -0.020703 0.2690972
Moved 485.2095 329.4634 279.3073 -0.10603 0.3412093
Moved 485.2528 319.4417 281 -0.1408274 0.3559028
Moved 485.3201 317 283.8134 -0.1493056 0.3803245
Moved 485.3618 317 284 -0.1493056 0.3819447
Moved 485.4025 327.239 284 -0.1137536 0.3819447
Moved 485.4421 345.3416 273.3292 -0.05089737 0.2893165
Moved 485.4959 374.938 259.031 0.05186811 0.1651997
Moved 485.5386 387.7099 252.2581 0.09621487 0.1064068
Moved 485.5823 402.7492 244.417 0.1484346 0.03834222
Moved 485.6252 414.4449 238.5551 0.1890449 -0.01254267
Moved 485.6689 420.8093 235.5953 0.2111433 -0.03823493
Moved 485.7128 424 235 0.2222222 -0.04340278
Ended 485.775 431.5 234 0.2482639 -0.05208307
Began 486.0559 266 261 -0.326389 0.1822917
Stationary 486.104 266 261 -0.326389 0.1822917
Stationary 486.1441 266 261 -0.326389 0.1822917
Moved 486.183 277.5856 261 -0.2861611 0.1822917
Moved 486.2236 292 251.5 -0.2361111 0.09982666
Moved 486.2659 309.5727 245.7136 -0.1750947 0.04959743
Moved 486.3067 320.3528 242.9294 -0.1376641 0.02542946
Moved 486.3495 342.0289 236.5885 -0.06239966 -0.02961344
Moved 486.3936 360.7532 232.6494 0.002615154 -0.06380691
Moved 486.4349 377.7857 226.8036 0.06175607 -0.1145522
Moved 486.4775 384.8689 223.0437 0.0863503 -0.1471898
Moved 486.5207 394.6737 216.3263 0.120395 -0.2055009
Moved 486.5627 401.9238 208.1523 0.1455688 -0.2764554
Moved 486.6024 406.3606 202.6394 0.1609744 -0.3243107
Moved 486.6437 409 197.6578 0.1701389 -0.3675533
Moved 486.6847 411.2234 194.7766 0.1778589 -0.3925639
Moved 486.7452 412 193 0.1805556 -0.4079861
Moved 486.7855 407.4871 193 0.1648858 -0.4079861
Moved 486.8251 385.8129 202.3958 0.08962795 -0.3264258
Moved 486.8644 371.2575 209.3712 0.03908873 -0.2658749
Moved 486.9054 351.6766 222.7941 -0.02890081 -0.1493568
Moved 486.955 333.3755 235.2184 -0.09244613 -0.04150709
Moved 486.9965 322.221 242.5193 -0.1311772 0.02186908
Moved 487.037 317.611 247.389 -0.1471841 0.06414096
Moved 487.0764 316 249.152 -0.1527778 0.07944452
Ended 487.1195 315 252.5 -0.15625 0.108507
Began 487.4043 365 188 0.01736105 -0.451389
Stationary 487.4421 365 188 0.01736105 -0.451389
Stationary 487.4838 365 188 0.01736105 -0.451389
Stationary 487.5267 365 188 0.01736105 -0.451389
Stationary 487.5648 365 188 0.01736105 -0.451389
Stationary 487.6019 365 188 0.01736105 -0.451389
Moved 487.6421 376.2291 199.1146 0.05635113 -0.3549078
Moved 487.6828 386.9083 208.6056 0.09343163 -0.2725209
Moved 487.7228 394.1792 216.1792 0.1186778 -0.2067778
Moved 487.7636 404.576 227.576 0.1547778 -0.1078465
Moved 487.8042 416.9978 239.9985 0.197909 -1.245075E-05
Moved 487.8451 422.5191 246.519 0.2170803 0.05658892
Moved 487.8846 428.605 252.605 0.2382119 0.1094182
Moved 487.928 434.7409 257.741 0.2595172 0.1540017
Moved 487.9746 439.5 261.5 0.2760417 0.1866322
Moved 488.0187 442.688 264 0.2871111 0.2083336
Moved 488.0608 445.4536 266.4536 0.2967137 0.2296316
Ended 488.1242 451 270 0.3159723 0.2604167
Began 488.8246 523 304 0.5659722 0.5555559
Stationary 488.8742 523 304 0.5659722 0.5555559
Stationary 488.9115 523 304 0.5659722 0.5555559
Stationary 488.9508 523 304 0.5659722 0.5555559
Stationary 488.9939 523 304 0.5659722 0.5555559
Moved 489.0352 516 291.5541 0.5416666 0.4475181
Moved 489.0721 514.1311 289.1311 0.5351775 0.4264853
Moved 489.1122 511.0162 284.0162 0.5243619 0.3820849
Moved 489.1497 507.5532 279.5532 0.5123376 0.343344
Moved 489.1884 501.5516 273.701 0.4914986 0.2925439
Moved 489.2271 486.0145 259.0145 0.4375503 0.1650561
Moved 489.2653 476.7465 249.7465 0.4053699 0.0846047
Moved 489.3033 465.302 241.1007 0.3656319 0.009554758
Moved 489.3411 457.0192 236.3397 0.3368724 -0.03177325
Moved 489.382 445.6023 231.2008 0.2972304 -0.0763819
Moved 489.4206 430.0533 224.8213 0.2432408 -0.1317597
Moved 489.4625 415.3063 220.3225 0.1920359 -0.1708116
Moved 489.5264 377.0139 214.3357 0.0590761 -0.2227802
Moved 489.5663 349.7933 213 -0.03543988 -0.234375
Moved 489.6068 328.837 213 -0.1082049 -0.234375
Moved 489.6521 304.8412 213 -0.1915234 -0.234375
Moved 489.6919 289.0382 213 -0.2463953 -0.234375
Moved 489.7315 271 221 -0.3090279 -0.1649306
Moved 489.7711 256.0337 223.9952 -0.3609941 -0.1389302
Moved 489.812 242.7168 227.1416 -0.4072332 -0.1116181
Moved 489.8525 239 231.2898 -0.4201389 -0.07560942
Moved 489.8927 238 234.722 -0.4236111 -0.04581531
Moved 489.956 247.9112 247.9556 -0.3891972 0.06905875
Moved 489.9944 279.2939 263.1336 -0.2802294 0.2008128
Moved 490.0419 314.1603 271.1658 -0.1591657 0.2705362
Moved 490.0873 334.2494 274 -0.08941181 0.2951392
Moved 490.1318 343.2668 276.1334 -0.05810142 0.3136585
Moved 490.1733 348.1874 276 -0.04101597 0.3124998
Ended 490.2183 350 276 -0.03472224 0.3124998
PhraseEnd 490.8478
question that must be answered
Basic
0.4 0.4
288 217.6
Began 1101.886 224 471 -0.4722222 0.4733456
Stationary 1101.967 224 471 -0.4722222 0.4733456
Stationary 1102.04 224 471 -0.4722222 0.4733456
Stationary 1102.106 224 471 -0.4722222 0.4733456
Stationary 1102.186 224 471 -0.4722222 0.4733456
Moved 1102.253 248.7503 471 -0.3862836 0.4733456
Moved 1102.322 273.5274 471 -0.3002521 0.4733456
Moved 1102.394 321.6809 455.5197 -0.1330524 0.4022046
Moved 1102.462 358.5 448 -0.005208328 0.3676471
Moved 1102.534 390.7335 447 0.1067136 0.3630516
Moved 1102.605 392 444.0767 0.1111111 0.349617
Moved 1102.673 364.795 433.118 0.01664907 0.2992555
Moved 1102.742 342.0581 426 -0.06229825 0.2665441
Moved 1102.832 312.5 422 -0.1649305 0.2481619
Moved 1102.905 303 421 -0.1979167 0.2435661
Moved 1102.98 295.994 421 -0.2222432 0.2435661
Moved 1103.054 290.3869 416.1606 -0.2417123 0.2213266
Moved 1103.129 279.5036 385.0146 -0.2795013 0.07819197
Moved 1103.2 277 370.3127 -0.2881944 0.01062828
Moved 1103.277 291.9703 368 -0.2362141 0
Moved 1103.348 337.6494 409.6494 -0.0776063 0.1914036
Moved 1103.419 363.8179 434.1134 0.01325652 0.3038299
Moved 1103.487 393.3858 450.4619 0.115923 0.3789611
Moved 1103.593 439.5849 449.7737 0.2763364 0.3757982
Moved 1103.668 457.2676 434.7324 0.3377348 0.3066745
Moved 1103.735 462 420.9717 0.3541667 0.2434361
Moved 1103.805 450.947 379.4032 0.3157881 0.05240441
Moved 1103.89 431.6941 331.3881 0.2489378 -0.1682531
Moved 1103.961 415.4977 301.9955 0.1927005 -0.3033296
Moved 1104.031 408.1503 286.3006 0.1671885 -0.3754568
Ended 1104.099 407 284 0.1631944 -0.3860293
Began 1104.405 340 441 -0.06944448 0.3354779
Stationary 1104.481 340 441 -0.06944448 0.3354779
Moved 1104.558 368.1686 403.0393 0.02836317 0.1610263
Moved 1104.627 386.636 378.0461 0.092486 0.04616766
Moved 1104.698 397.8925 359.215 0.1315713 -0.04037226
Moved 1104.769 399 351.91 0.1354167 -0.07394286
Moved 1104.84 360.5565 344 0.001932532 -0.1102941
Moved 1104.912 307.8889 354.5185 -0.1809413 -0.06195532
Moved 1104.982 281.6799 359 -0.2719447 -0.04136016
Moved 1105.056 269.5 364.5 -0.3142361 -0.01608456
Moved 1105.123 281.9728 381.0761 -0.2709278 0.06009257
Moved 1105.193 318.7631 408.4022 -0.1431839 0.1856719
Moved 1105.26 346.4903 425.7452 -0.04690871 0.2653731
Ended 1105.343 360 433 0 0.2987132
Began 1105.602 435 305 0.2604167 -0.2895219
Stationary 1105.685 435 305 0.2604167 -0.2895219
Moved 1105.751 412.5245 350.1094 0.1823768 -0.08221767
Moved 1105.818 395.8947 406.4739 0.1246344 0.1768104
Moved 1105.885 389.7615 433.9539 0.1033385 0.3030972
Moved 1105.962 383.1576 448.6848 0.0804083 0.3707942
Moved 1106.042 368.098 452 0.02811804 0.3860295
Moved 1106.136 308.0798 404.7332 -0.1802785 0.1688106
Moved 1106.218 281.8686 377.8685 -0.2712897 0.04535184
Moved 1106.293 275 369.9086 -0.2951389 0.008770999
Stationary 1106.37 275 370 -0.2951389 0.009191178
Moved 1106.438 303.1456 402.3093 -0.1974111 0.1576713
Moved 1106.508 345.2323 443.2323 -0.05127676 0.3457368
Moved 1106.58 355.5522 450.2761 -0.01544379 0.378107
Ended 1106.647 358.0343 452 -0.006825477 0.3860295
Began 1106.856 379 302 0.06597222 -0.3033088
Stationary 1106.925 379 302 0.06597222 -0.3033088
Moved 1106.995 362.0199 335.9601 0.007013679 -0.147242
Moved 1107.064 336.5244 372.2657 -0.08151233 0.01960362
Moved 1107.152 303.6581 414.1773 -0.1956315 0.212212
Moved 1107.223 282.9312 440.0917 -0.2676 0.331304
Moved 1107.296 273.0925 452.9075 -0.3017621 0.3901999
Ended 1107.375 273 454.2784 -0.3020833 0.3965003
Began 1107.602 226 400 -0.4652778 0.1470589
Moved 1107.679 243.1375 400 -0.4057724 0.1470589
Moved 1107.747 285.7559 375.6221 -0.2577922 0.0350279
Moved 1107.815 341 351.5 -0.06597222 -0.07582707
Moved 1107.883 367.704 338.0986 0.02674997 -0.1374142
Moved 1107.953 383.9828 330.5085 0.08327381 -0.1722953
Moved 1108.025 389.009 328 0.1007256 -0.1838235
Moved 1108.097 392 325.4341 0.1111111 -0.1956154
Moved 1108.165 392 325 0.1111111 -0.1976103
Moved 1108.233 351.4785 347.7607 -0.02958849 -0.0930113
Moved 1108.3 308.1473 368.4901 -0.1800441 0.002252214
Moved 1108.383 281.4694 382.7653 -0.2726758 0.06785534
Moved 1108.456 276 395.8625 -0.2916667 0.1280447
Moved 1108.53 276 418.4953 -0.2916667 0.2320556
Moved 1108.602 276 441.5477 -0.2916667 0.3379948
Moved 1108.669 276 448.9533 -0.2916667 0.3720282
Moved 1108.768 308.4701 456 -0.1789233 0.4044117
Moved 1108.837 324.5976 456 -0.1229249 0.4044117
Moved 1108.904 330 447 -0.1041666 0.3630516
Moved 1108.979 319.3748 443 -0.1410595 0.3446691
Moved 1109.047 293.7037 440 -0.2301956 0.3308824
Moved 1109.121 284.988 440 -0.2604582 0.3308824
Moved 1109.197 284 435.9815 -0.2638889 0.3124152
Moved 1109.269 292.0679 402.5248 -0.2358755 0.158662
Moved 1109.342 298.644 359.7798 -0.2130416 -0.03777631
Ended 1109.412 302.1619 344.6761 -0.2008267 -0.1071868
PhraseEnd 1110.111
